4 0.425 0.674074074074074 0.4265625 0.6685185185185185 0.42291666666666666 0.6574074074074074 0.42291666666666666 0.6305555555555555 0.4171875 0.6212962962962963 0.4140625 0.6268518518518519 0.41458333333333336 0.675 0.425 0.674074074074074
4 0.15208333333333332 0.8453703703703703 0.15416666666666667 0.8490740740740741 0.15833333333333333 0.8435185185185186 0.16302083333333334 0.8444444444444444 0.16510416666666666 0.85 0.16979166666666667 0.8490740740740741 0.1734375 0.8 0.165625 0.7675925925925926 0.16145833333333334 0.7675925925925926 0.15416666666666667 0.7898148148148149 0.15572916666666667 0.8148148148148148 0.15208333333333332 0.8453703703703703
5 0.30520833333333336 0.7277777777777777 0.3151041666666667 0.7314814814814815 0.31666666666666665 0.7287037037037037 0.3151041666666667 0.7064814814814815 0.3177083333333333 0.6861111111111111 0.3104166666666667 0.6685185185185185 0.30833333333333335 0.6731481481481482 0.30625 0.6981481481481482 0.30833333333333335 0.7148148148148148 0.30520833333333336 0.7277777777777777
4 0.7984375 0.8277777777777777 0.8005208333333333 0.8212962962962963 0.8104166666666667 0.8287037037037037 0.8119791666666667 0.825925925925926 0.8104166666666667 0.8074074074074075 0.8119791666666667 0.762962962962963 0.8067708333333333 0.7472222222222222 0.8026041666666667 0.7462962962962963 0.7979166666666667 0.7648148148148148 0.79375 0.825 0.7984375 0.8277777777777777
5 0.8552083333333333 0.774074074074074 0.8567708333333334 0.7703703703703704 0.8541666666666666 0.7611111111111111 0.8536458333333333 0.7314814814814815 0.8494791666666667 0.7101851851851851 0.8447916666666667 0.7129629629629629 0.8432291666666667 0.7388888888888889 0.8421875 0.7712962962962963 0.8552083333333333 0.774074074074074
5 0.63125 0.7148148148148148 0.6348958333333333 0.7101851851851851 0.6333333333333333 0.6694444444444444 0.6296875 0.6592592592592592 0.6265625 0.6583333333333333 0.6244791666666667 0.6620370370370371 0.625 0.7129629629629629 0.63125 0.7148148148148148
4 0.7604166666666666 0.6833333333333333 0.7635416666666667 0.6768518518518518 0.7645833333333333 0.6370370370370371 0.7598958333333333 0.6222222222222222 0.7552083333333334 0.6231481481481481 0.7552083333333334 0.6814814814814815 0.7604166666666666 0.6833333333333333
5 0.346875 0.6268518518518519 0.35 0.649074074074074 0.3609375 0.6518518518518519 0.3572916666666667 0.6148148148148148 0.3536458333333333 0.6046296296296296 0.3489583333333333 0.6027777777777777 0.3463541666666667 0.6064814814814815 0.34427083333333336 0.6222222222222222 0.346875 0.6268518518518519
4 0.2921875 0.6194444444444445 0.2989583333333333 0.6222222222222222 0.2989583333333333 0.5824074074074074 0.296875 0.575925925925926 0.29375 0.5740740740740741 0.28958333333333336 0.5833333333333334 0.2890625 0.5953703703703703 0.2921875 0.6194444444444445
5 0.7557291666666667 0.6277777777777778 0.759375 0.6287037037037037 0.7614583333333333 0.6185185185185185 0.7604166666666666 0.5925925925925926 0.759375 0.5879629629629629 0.7552083333333334 0.5879629629629629 0.753125 0.5916666666666667 0.7536458333333333 0.6194444444444445 0.7557291666666667 0.6277777777777778
4 0.7286458333333333 0.6194444444444445 0.73125 0.6157407407407407 0.7338541666666667 0.5879629629629629 0.7302083333333333 0.5712962962962963 0.7239583333333334 0.5722222222222222 0.7223958333333333 0.6185185185185185 0.7286458333333333 0.6194444444444445
5 0.5015625 0.6453703703703704 0.5015625 0.612037037037037 0.4942708333333333 0.5972222222222222 0.49270833333333336 0.6046296296296296 0.49166666666666664 0.6435185185185185 0.5015625 0.6453703703703704
3 0.2515625 0.5981481481481481 0.2515625 0.575 0.24895833333333334 0.5601851851851852 0.246875 0.5592592592592592 0.24322916666666666 0.5675925925925925 0.24322916666666666 0.5935185185185186 0.2515625 0.5981481481481481
5 0.5182291666666666 0.6287037037037037 0.5130208333333334 0.5925925925925926 0.509375 0.5898148148148148 0.5067708333333333 0.5981481481481481 0.5067708333333333 0.6268518518518519 0.5182291666666666 0.6287037037037037
4 0.53125 0.5981481481481481 0.5317708333333333 0.6101851851851852 0.5333333333333333 0.6148148148148148 0.5364583333333334 0.6148148148148148 0.5385416666666667 0.5787037037037037 0.5328125 0.5666666666666667 0.5291666666666667 0.5740740740740741 0.5286458333333334 0.5916666666666667 0.53125 0.5981481481481481
5 0.7723958333333333 0.6611111111111111 0.7755208333333333 0.6620370370370371 0.7796875 0.6546296296296297 0.7864583333333334 0.65 0.784375 0.6268518518518519 0.7755208333333333 0.612037037037037 0.7723958333333333 0.6157407407407407 0.771875 0.6324074074074074 0.7734375 0.6453703703703704 0.7723958333333333 0.6611111111111111
3 0.9234375 0.9629629629629629 0.921875 0.9694444444444444 0.915625 0.9777777777777777 0.9125 0.9935185185185185 0.915625 0.9990740740740741 0.9208333333333333 0.9898148148148148 0.9255208333333333 0.9944444444444445 0.9255208333333333 0.9990740740740741 0.9302083333333333 0.9990740740740741 0.9307291666666667 0.9962962962962963 0.94375 0.9990740740740741 0.9442708333333333 0.9805555555555555 0.9489583333333333 0.962037037037037 0.946875 0.9296296296296296 0.9364583333333333 0.9064814814814814 0.9338541666666667 0.9083333333333333 0.9322916666666666 0.9185185185185185 0.9276041666666667 0.9287037037037037 0.9270833333333334 0.9444444444444444 0.9234375 0.9629629629629629
3 0.6109375 0.6759259259259259 0.6197916666666666 0.6694444444444444 0.6166666666666667 0.6564814814814814 0.6192708333333333 0.6296296296296297 0.6151041666666667 0.6138888888888889 0.6109375 0.6166666666666667 0.609375 0.6324074074074074 0.6083333333333333 0.674074074074074 0.6109375 0.6759259259259259
5 0.7807291666666667 0.6611111111111111 0.7854166666666667 0.6851851851851852 0.7869791666666667 0.6888888888888889 0.7911458333333333 0.6888888888888889 0.790625 0.6527777777777778 0.7838541666666666 0.6305555555555555 0.7770833333333333 0.6314814814814815 0.7739583333333333 0.6444444444444445 0.7734375 0.6611111111111111 0.7807291666666667 0.6611111111111111
5 0.1734375 0.6620370370370371 0.18177083333333333 0.6314814814814815 0.1828125 0.6166666666666667 0.18125 0.6074074074074074 0.17708333333333334 0.6064814814814815 0.16979166666666667 0.625 0.16927083333333334 0.6592592592592592 0.1734375 0.6620370370370371
0 0.28541666666666665 0.6231481481481481 0.2833333333333333 0.6166666666666667 0.2791666666666667 0.6194444444444445 0.2796875 0.625 0.28541666666666665 0.6231481481481481
4 0.615625 0.7481481481481481 0.61875 0.7407407407407407 0.6177083333333333 0.6962962962962963 0.6151041666666667 0.6861111111111111 0.6119791666666666 0.6833333333333333 0.6078125 0.6944444444444444 0.6072916666666667 0.7453703703703703 0.615625 0.7481481481481481