4 0.23697916666666666 0.9296296296296296 0.228125 0.950925925925926 0.22916666666666666 0.9546296296296296 0.23229166666666667 0.9592592592592593 0.23645833333333333 0.9583333333333334 0.2359375 0.9490740740740741 0.24010416666666667 0.9388888888888889 0.24375 0.937037037037037 0.24635416666666668 0.9435185185185185 0.246875 0.9564814814814815 0.25364583333333335 0.9564814814814815 0.2552083333333333 0.9546296296296296 0.2515625 0.9444444444444444 0.25104166666666666 0.9058638888888889 0.25625 0.8981481481481481 0.2635416666666667 0.8953703703703704 0.25364583333333335 0.887962962962963 0.253125 0.8555555555555555 0.24739583333333334 0.8564814814814815 0.2328125 0.8935185185185185 0.23385416666666667 0.8981481481481481 0.23802083333333332 0.9009259259259259 0.23958333333333334 0.9171296296296296 0.23697916666666666 0.9296296296296296
5 0.4515625 0.8574074074074074 0.4557291666666667 0.8435185185185186 0.46041666666666664 0.8407407407407408 0.4640625 0.8490740740740741 0.4625 0.8546296296296296 0.4666666666666667 0.8564814814814815 0.46979166666666666 0.8518518518518519 0.46510416666666665 0.825 0.465625 0.8 0.4588541666666667 0.775 0.4546875 0.775 0.45364583333333336 0.7805555555555556 0.45416666666666666 0.812037037037037 0.44479166666666664 0.8537037037037037 0.446875 0.8574074074074074 0.4515625 0.8574074074074074
3 0.3697916666666667 0.7981481481481482 0.3765625 0.7916666666666666 0.3765625 0.7851851851851852 0.371875 0.7703703703703704 0.375 0.7555555555555555 0.37552083333333336 0.7287037037037037 0.37135416666666665 0.7166666666666667 0.36875 0.7148148148148148 0.36614583333333334 0.7203703703703703 0.3645833333333333 0.7694444444444445 0.3671875 0.7842592592592592 0.36614583333333334 0.7953703703703704 0.3697916666666667 0.7981481481481482
4 0.6177083333333333 0.7935185185185185 0.6223958333333334 0.7972222222222223 0.6213541666666667 0.825925925925926 0.6244791666666667 0.8425925925925926 0.6234375 0.8490740740740741 0.6260416666666667 0.8546296296296296 0.6302083333333334 0.8546296296296296 0.6333333333333333 0.8435185185185186 0.6369791666666667 0.7981481481481482 0.6317708333333333 0.7759259259259259 0.6265625 0.774074074074074 0.6229166666666667 0.7842592592592592 0.6088541666666667 0.7916666666666666 0.6109375 0.7953703703703704 0.6177083333333333 0.7935185185185185
4 0.8859375 0.8055555555555556 0.884375 0.825925925925926 0.8875 0.8287037037037037 0.8916666666666667 0.825925925925926 0.8932291666666666 0.7981481481481482 0.8963541666666667 0.7888888888888889 0.9005208333333333 0.787962962962963 0.8979166666666667 0.7611111111111111 0.8921875 0.7425925925925926 0.8880208333333334 0.7407407407407407 0.8864583333333333 0.7435185185185185 0.875 0.7759259259259259 0.875 0.7824074074074074 0.8796875 0.7824074074074074 0.8833333333333333 0.7907407407407407 0.8859375 0.8055555555555556
5 0.42916666666666664 0.625 0.4234375 0.6166666666666667 0.42083333333333334 0.6259259259259259 0.4197916666666667 0.6657407407407407 0.42291666666666666 0.6685185185185185 0.4317708333333333 0.6666666666666666 0.42916666666666664 0.625
4 0.14322916666666666 0.7157407407407408 0.1453125 0.7129629629629629 0.14635416666666667 0.6944444444444444 0.15 0.6814814814814815 0.14895833333333333 0.6694444444444444 0.14270833333333333 0.6509259259259259 0.1359375 0.6611111111111111 0.13489583333333333 0.6814814814814815 0.1375 0.6962962962962963 0.1375 0.7129629629629629 0.14322916666666666 0.7157407407407408
3 0.3203125 0.5648148148148148 0.31666666666666665 0.5574074074074075 0.31302083333333336 0.5592592592592592 0.3104166666666667 0.5666666666666667 0.3104166666666667 0.6027777777777777 0.315625 0.6055555555555555 0.3182291666666667 0.6027777777777777 0.3203125 0.5648148148148148
0 0.46458333333333335 0.9083333333333333 0.4609375 0.8981481481481481 0.45729166666666665 0.899074074074074 0.4515625 0.9074074074074074 0.4510416666666667 0.9148148148148149 0.4552083333333333 0.9231481481481482 0.4588541666666667 0.9231481481481482 0.46458333333333335 0.9083333333333333
5 0.1546875 0.7222222222222222 0.16354166666666667 0.7157407407407408 0.16302083333333334 0.7037037037037037 0.165625 0.6944444444444444 0.1640625 0.6777777777777778 0.1578125 0.6611111111111111 0.153125 0.6703703703703704 0.14947916666666666 0.6851851851851852 0.15416666666666667 0.6925925925925925 0.15104166666666666 0.7203703703703703 0.1546875 0.7222222222222222
5 0.6145833333333334 0.9657407407407408 0.6109375 0.9777777777777777 0.6182291666666667 0.9777777777777777 0.6197916666666666 0.9685185185185186 0.6260416666666667 0.9740740740740741 0.6265625 0.9777777777777777 0.6317708333333333 0.9777777777777777 0.6333333333333333 0.9731481481481481 0.6296875 0.9490740740740741 0.6302083333333334 0.9 0.6276041666666666 0.8833333333333333 0.6223958333333334 0.8805555555555555 0.6197916666666666 0.887962962962963 0.61875 0.9027777777777778 0.6098958333333333 0.9092592592592592 0.6098958333333333 0.9138888888888889 0.6151041666666667 0.9175925925925926 0.6182291666666667 0.9277777777777778 0.6145833333333334 0.9657407407407408
4 0.5270833333333333 0.9490740740740741 0.5296875 0.9462962962962963 0.5317708333333333 0.9231481481481482 0.5359375 0.912962962962963 0.5416666666666666 0.9203703703703704 0.5447916666666667 0.9435185185185185 0.55 0.9444444444444444 0.5505208333333333 0.9314814814814815 0.5447916666666667 0.9120370370370371 0.54375 0.8953703703703704 0.5458333333333333 0.8703703703703703 0.5401041666666667 0.8462962962962963 0.5359375 0.8453703703703703 0.5291666666666667 0.8611111111111112 0.5260416666666666 0.8925925925925926 0.5270833333333333 0.9138888888888889 0.525 0.9361111111111111 0.521875 0.9472222222222222 0.5270833333333333 0.9490740740740741
4 0.3958333333333333 0.7712962962962963 0.396875 0.7481481481481481 0.3953125 0.6990740740740741 0.390625 0.7 0.3875 0.7185185185185186 0.3885416666666667 0.7462962962962963 0.3848958333333333 0.7666666666666667 0.3927083333333333 0.7731481481481481 0.3958333333333333 0.7712962962962963
5 0.6546875 0.7212962962962963 0.6505208333333333 0.7083333333333334 0.6463541666666667 0.7046296296296296 0.64375 0.7157407407407408 0.6390625 0.7759259259259259 0.6416666666666667 0.7805555555555556 0.6541666666666667 0.7796296296296297 0.6546875 0.7212962962962963
5 0.4552083333333333 0.975925925925926 0.4578125 0.9712962962962963 0.4666666666666667 0.9740740740740741 0.46875 0.9453703703703704 0.47239583333333335 0.9287037037037037 0.471875 0.8953703703703704 0.4671875 0.8740740740740741 0.46197916666666666 0.8768518518518519 0.4557291666666667 0.8944444444444445 0.45364583333333336 0.9111111111111111 0.4557291666666667 0.9287037037037037 0.45364583333333336 0.9592592592592593 0.4505208333333333 0.975 0.4552083333333333 0.975925925925926
4 0.3265625 0.8666666666666667 0.32916666666666666 0.8694444444444445 0.3380208333333333 0.8675925925925926 0.340625 0.8611111111111112 0.3359375 0.8444444444444444 0.34010416666666665 0.8268518518518518 0.3385416666666667 0.8 0.3338541666666667 0.7842592592592592 0.33125 0.7833333333333333 0.32916666666666666 0.7842592592592592 0.3260416666666667 0.7962962962962963 0.3203125 0.825925925925926 0.3234375 0.8277777777777777 0.32760416666666664 0.8546296296296296 0.3265625 0.8666666666666667
4 0.6036458333333333 0.6666666666666666 0.6067708333333334 0.6583333333333333 0.6119791666666666 0.6601851851851852 0.6135416666666667 0.6574074074074074 0.6130208333333333 0.6537037037037037 0.60625 0.6481481481481481 0.6046875 0.6240740740740741 0.5989583333333334 0.6148148148148148 0.5973958333333333 0.6175925925925926 0.5973958333333333 0.6518518518518519 0.5989583333333334 0.6657407407407407 0.6036458333333333 0.6666666666666666
5 0.42864583333333334 0.7203703703703703 0.43125 0.7314814814814815 0.434375 0.7305555555555555 0.4354166666666667 0.7268518518518519 0.42916666666666664 0.6768518518518518 0.42552083333333335 0.6685185185185185 0.421875 0.6694444444444444 0.415625 0.7314814814814815 0.42239583333333336 0.7324074074074074 0.425 0.7203703703703703 0.42864583333333334 0.7203703703703703
5 0.7895833333333333 0.7574074074074074 0.790625 0.7611111111111111 0.8026041666666667 0.7574074074074074 0.8036458333333333 0.7527777777777778 0.8010416666666667 0.7453703703703703 0.803125 0.7324074074074074 0.8010416666666667 0.6972222222222222 0.7989583333333333 0.6916666666666667 0.7942708333333334 0.6953703703703704 0.7916666666666666 0.7148148148148148 0.7890625 0.7203703703703703 0.7927083333333333 0.7425925925925926 0.7895833333333333 0.7574074074074074
5 0.9390625 0.8416666666666667 0.9416666666666667 0.8648148148148148 0.9510416666666667 0.8675925925925926 0.9526041666666667 0.8648148148148148 0.9510416666666667 0.8361111111111111 0.9536458333333333 0.8175925925925925 0.9536458333333333 0.7981481481481482 0.9489583333333333 0.7787037037037037 0.9453125 0.7787037037037037 0.94375 0.7824074074074074 0.94375 0.7976851851851852 0.9390625 0.8212962962962963 0.940625 0.8305555555555556 0.9390625 0.8416666666666667
3 0.11770833333333333 0.6064814814814815 0.11979166666666667 0.5814814814814815 0.11875 0.5675925925925925 0.1109375 0.5666666666666667 0.1078125 0.5796296296296296 0.1078125 0.5953703703703703 0.11302083333333333 0.6101851851851852 0.115625 0.6111111111111112 0.11770833333333333 0.6064814814814815
4 0.07760416666666667 0.762962962962963 0.08333333333333333 0.7638888888888888 0.08645833333333333 0.7407407407407407 0.08697916666666666 0.7083333333333334 0.08385416666666666 0.6925925925925925 0.0796875 0.6898148148148148 0.071875 0.712037037037037 0.07135416666666666 0.7240740740740741 0.075 0.7333333333333333 0.075 0.7583333333333333 0.07760416666666667 0.762962962962963