5 0.8307291666666666 0.774074074074074 0.8317708333333333 0.7842592592592592 0.821875 0.8148148148148148 0.8265625 0.8138888888888889 0.8348958333333333 0.7972222222222223 0.8411458333333334 0.7925925925925926 0.8494791666666667 0.8027777777777778 0.8609375 0.8064814814814815 0.8609375 0.8027777777777778 0.8526041666666667 0.7944444444444444 0.8328125 0.7546296296296297 0.828125 0.7527777777777778 0.8265625 0.7555555555555555 0.8265625 0.7638888888888888 0.8307291666666666 0.774074074074074
4 0.31614583333333335 0.7527777777777778 0.3234375 0.7564814814814815 0.3296875 0.7481481481481481 0.3328125 0.7379629629629629 0.3333333333333333 0.7194444444444444 0.3359375 0.7083333333333334 0.3338541666666667 0.6925925925925925 0.3296875 0.6925925925925925 0.3104166666666667 0.7527777777777778 0.3104166666666667 0.7583333333333333 0.31614583333333335 0.7527777777777778
3 0.6864583333333333 0.6462962962962963 0.6885416666666667 0.6546296296296297 0.6921875 0.6546296296296297 0.7015625 0.6027777777777777 0.696875 0.5888888888888889 0.6932291666666667 0.5898148148148148 0.6869791666666667 0.6027777777777777 0.6885416666666667 0.6222222222222222 0.6864583333333333 0.6462962962962963
5 0.8942708333333333 0.7055555555555556 0.8942708333333333 0.712037037037037 0.896875 0.7129629629629629 0.909375 0.6972222222222222 0.9119791666666667 0.7148148148148148 0.915625 0.7175925925925926 0.9151041666666667 0.6611111111111111 0.9109375 0.6518518518518519 0.9072916666666667 0.6509259259259259 0.9010416666666666 0.6703703703703704 0.9015625 0.6861111111111111 0.8942708333333333 0.7055555555555556
4 0.85625 0.675 0.8614583333333333 0.6851851851851852 0.8703125 0.6546296296296297 0.8713541666666667 0.6407407407407407 0.8708333333333333 0.6296296296296297 0.8651041666666667 0.6175925925925926 0.8588541666666667 0.6185185185185185 0.85625 0.6425925925925926 0.8578125 0.6601851851851852 0.85625 0.675
4 0.7166666666666667 0.8009259259259259 0.7208333333333333 0.8138888888888889 0.7223958333333333 0.8305555555555556 0.7260416666666667 0.8333333333333334 0.7317708333333334 0.8240740740740741 0.7276041666666667 0.8074074074074075 0.7348958333333333 0.7861111111111111 0.7348958333333333 0.7777777777777778 0.7239583333333334 0.75 0.7197916666666667 0.7481481481481481 0.7177083333333333 0.7518518518518519 0.7203125 0.7824074074074074 0.7166666666666667 0.8009259259259259
4 0.15364583333333334 0.8203703703703704 0.15208333333333332 0.8842592592592593 0.15364583333333334 0.887962962962963 0.165625 0.8898148148148148 0.17291666666666666 0.8351851851851851 0.16979166666666667 0.7870370370370371 0.1640625 0.7842592592592592 0.15416666666666667 0.8027777777777778 0.15208333333333332 0.8101851851851852 0.15364583333333334 0.8203703703703704
5 0.421875 0.8518518518518519 0.4234375 0.8546296296296296 0.42916666666666664 0.8527777777777777 0.43385416666666665 0.8277777777777777 0.43802083333333336 0.8296296296296296 0.4401041666666667 0.8490740740740741 0.44375 0.85 0.4453125 0.8453703703703703 0.4427083333333333 0.8212962962962963 0.44895833333333335 0.8055555555555556 0.45 0.7907407407407407 0.4390625 0.7611111111111111 0.4354166666666667 0.7611111111111111 0.434375 0.7648148148148148 0.4317708333333333 0.7972222222222223 0.421875 0.8518518518518519
4 0.803125 0.6305555555555555 0.80625 0.6324074074074074 0.8078125 0.6277777777777778 0.8145833333333333 0.6240740740740741 0.8171875 0.6351851851851852 0.8208333333333333 0.6342592592592593 0.8208333333333333 0.5888888888888889 0.8177083333333334 0.5796296296296296 0.8098958333333334 0.5925925925925926 0.8067708333333333 0.6185185185185185 0.803125 0.6305555555555555
5 0.3578125 0.7416666666666667 0.35989583333333336 0.7398148148148148 0.3625 0.7185185185185186 0.3703125 0.6916666666666667 0.3651041666666667 0.6731481481481482 0.36302083333333335 0.6722222222222223 0.35989583333333336 0.674074074074074 0.3546875 0.6898148148148148 0.34739583333333335 0.7361111111111112 0.3578125 0.7416666666666667
4 0.5635416666666667 0.6425925925925926 0.5645833333333333 0.6657407407407407 0.56875 0.6685185185185185 0.5713541666666667 0.6648148148148149 0.5734375 0.6194444444444445 0.5682291666666667 0.6037037037037037 0.5630208333333333 0.6101851851851852 0.5598958333333334 0.6342592592592593 0.5635416666666667 0.6425925925925926
5 0.65 0.6981481481481482 0.665625 0.6972222222222222 0.6677083333333333 0.637962962962963 0.665625 0.6342592592592593 0.6578125 0.6351851851851852 0.6526041666666667 0.6527777777777778 0.6526041666666667 0.6833333333333333 0.65 0.6981481481481482
5 0.20104166666666667 0.7435185185185185 0.20572916666666666 0.7462962962962963 0.20885416666666667 0.7444444444444445 0.20885416666666667 0.6722222222222223 0.2046875 0.6712962962962963 0.19895833333333332 0.6888888888888889 0.2 0.737037037037037 0.20104166666666667 0.7435185185185185
4 0.0953125 0.7037037037037037 0.1 0.7101851851851851 0.10625 0.6861111111111111 0.10416666666666667 0.637962962962963 0.09895833333333333 0.6361111111111111 0.09270833333333334 0.6518518518518519 0.0921875 0.6685185185185185 0.0953125 0.7037037037037037
5 0.8583333333333333 0.6203703703703703 0.8635416666666667 0.6157407407407407 0.8677083333333333 0.5833333333333334 0.8625 0.5712962962962963 0.8604166666666667 0.5712962962962963 0.85625 0.5824074074074074 0.8567708333333334 0.6194444444444445 0.8583333333333333 0.6203703703703703
5 0.6635416666666667 0.6361111111111111 0.6671875 0.6407407407407407 0.6708333333333333 0.6305555555555555 0.6739583333333333 0.5898148148148148 0.6713541666666667 0.5805555555555556 0.66875 0.5787037037037037 0.6619791666666667 0.5944444444444444 0.6619791666666667 0.6268518518518519 0.6635416666666667 0.6361111111111111
3 0.6817708333333333 0.5416666666666666 0.6859375 0.5444444444444444 0.6895833333333333 0.5111111111111111 0.6854166666666667 0.5 0.6802083333333333 0.5027777777777778 0.6786458333333333 0.5194444444444445 0.6817708333333333 0.5416666666666666
4 0.084375 0.6435185185185185 0.0875 0.6388888888888888 0.0921875 0.6148148148148148 0.09322916666666667 0.5888888888888889 0.09166666666666666 0.5851851851851851 0.084375 0.5935185185185186 0.078125 0.6194444444444445 0.071875 0.6333333333333333 0.07239583333333334 0.6435185185185185 0.084375 0.6435185185185185
3 0.2708333333333333 0.525 0.2713541666666667 0.5333333333333333 0.275 0.5333333333333333 0.27760416666666665 0.5268518518518519 0.28072916666666664 0.4935185185185185 0.278125 0.487962962962963 0.27447916666666666 0.48703703703703705 0.2708333333333333 0.49166666666666664 0.26875 0.5009259259259259 0.2682291666666667 0.5203703703703704 0.2708333333333333 0.525
4 0.7822916666666667 0.5555555555555556 0.7869791666666667 0.5583333333333333 0.790625 0.5361111111111111 0.790625 0.5212962962962963 0.7885416666666667 0.5138888888888888 0.7854166666666667 0.5120370370370371 0.7817708333333333 0.5157407407407407 0.7796875 0.524074074074074 0.7791666666666667 0.5361111111111111 0.7822916666666667 0.5555555555555556
0 0.3453125 0.7657407407407407 0.35 0.7666666666666667 0.35260416666666666 0.7620370370370371 0.35208333333333336 0.7555555555555555 0.3494791666666667 0.7527777777777778 0.34375 0.7555555555555555 0.34322916666666664 0.7611111111111111 0.3453125 0.7657407407407407
4 0.4822916666666667 0.562962962962963 0.4864583333333333 0.5611111111111111 0.48802083333333335 0.525 0.4859375 0.5175925925925926 0.4822916666666667 0.5148148148148148 0.4786458333333333 0.525 0.4796875 0.5601851851851852 0.4822916666666667 0.562962962962963
5 0.5661458333333333 0.6083333333333333 0.5713541666666667 0.600925925925926 0.575 0.575925925925926 0.5734375 0.5666666666666667 0.5692708333333333 0.5601851851851852 0.5625 0.5722222222222222 0.5630208333333333 0.6055555555555555 0.5661458333333333 0.6083333333333333
5 0.8817708333333333 0.6777777777777778 0.884375 0.6805555555555556 0.8890625 0.6685185185185185 0.9 0.6787037037037037 0.8994791666666667 0.6564814814814814 0.9046875 0.65 0.9041666666666667 0.6425925925925926 0.8963541666666667 0.6212962962962963 0.8921875 0.6222222222222222 0.8859375 0.637962962962963 0.8859375 0.6564814814814814 0.8817708333333333 0.6777777777777778