4 0.41041666666666665 0.8648148148148148 0.40625 0.8777777777777778 0.4015625 0.8842592592592593 0.4010416666666667 0.887962962962963 0.4036458333333333 0.8907407407407407 0.41041666666666665 0.8870370370370371 0.4171875 0.8638888888888889 0.4270833333333333 0.8657407407407407 0.43125 0.8731481481481481 0.43385416666666665 0.8694444444444445 0.43333333333333335 0.862037037037037 0.43072916666666666 0.8583333333333333 0.4322916666666667 0.8305555555555556 0.42604166666666665 0.8064814814814815 0.4265625 0.7981481481481482 0.4239583333333333 0.7944444444444444 0.42135416666666664 0.7962962962962963 0.4114583333333333 0.8203703703703704 0.41302083333333334 0.8333333333333334 0.41041666666666665 0.8648148148148148
4 0.07447916666666667 0.8768518518518519 0.08072916666666667 0.8787037037037037 0.0875 0.8537037037037037 0.090625 0.85 0.0953125 0.8546296296296296 0.09947916666666666 0.8833333333333333 0.103125 0.8833333333333333 0.1 0.8404324074074074 0.10520833333333333 0.8324074074074074 0.109375 0.8351851851851851 0.11302083333333333 0.8324074074074074 0.0921875 0.7981481481481482 0.084375 0.812037037037037 0.08020833333333334 0.8324074074074074 0.08072916666666667 0.8472222222222222 0.07447916666666667 0.8768518518518519
4 0.06354166666666666 0.7453703703703703 0.059895833333333336 0.7712962962962963 0.0640625 0.7712962962962963 0.06875 0.7574074074074074 0.07552083333333333 0.7712962962962963 0.078125 0.7703703703703704 0.078125 0.7509259259259259 0.07135416666666666 0.7222222222222222 0.0703125 0.700925925925926 0.06822916666666666 0.6972222222222222 0.06458333333333334 0.700925925925926 0.059375 0.7185185185185186 0.059375 0.7296296296296296 0.06354166666666666 0.7453703703703703
4 0.6322916666666667 0.7787037037037037 0.6348958333333333 0.7824074074074074 0.6385416666666667 0.7805555555555556 0.6432291666666666 0.7601851851851852 0.646875 0.7583333333333333 0.65 0.7712962962962963 0.65 0.7814814814814814 0.6541666666666667 0.7814814814814814 0.6552083333333333 0.7666666666666667 0.6489583333333333 0.725 0.6427083333333333 0.7074074074074074 0.6380208333333334 0.7101851851851851 0.6369791666666667 0.7564814814814815 0.6322916666666667 0.7787037037037037
5 0.4875 0.7148148148148148 0.4890625 0.7027777777777777 0.4979166666666667 0.7083333333333334 0.49322916666666666 0.6620370370370371 0.4901041666666667 0.6527777777777778 0.4864583333333333 0.6546296296296297 0.48333333333333334 0.6888888888888889 0.4822916666666667 0.7175925925925926 0.4875 0.7148148148148148
5 0.8880208333333334 0.775 0.8911458333333333 0.7712962962962963 0.8895833333333333 0.7638888888888888 0.8916666666666667 0.7555555555555555 0.8958333333333334 0.7574074074074074 0.903125 0.7712962962962963 0.9052083333333333 0.7712962962962963 0.9067708333333333 0.7657407407407407 0.8984375 0.75 0.8932291666666666 0.7148148148148148 0.8890625 0.7018518518518518 0.8848958333333333 0.7074074074074074 0.8859375 0.7277777777777777 0.884375 0.7314814814814815 0.884375 0.774074074074074 0.8880208333333334 0.775
0 0.34739583333333335 0.9518518518518518 0.3515625 0.9472222222222222 0.3494791666666667 0.9342592592592592 0.34479166666666666 0.9333333333333333 0.3421875 0.937037037037037 0.34322916666666664 0.950925925925926 0.34739583333333335 0.9518518518518518
5 0.32916666666666666 0.8638888888888889 0.3338541666666667 0.8648148148148148 0.34479166666666666 0.8583333333333333 0.3453125 0.850925925925926 0.33958333333333335 0.8435185185185186 0.3421875 0.8064814814814815 0.3380208333333333 0.7842592592592592 0.3328125 0.7851851851851852 0.32864583333333336 0.8157407407407408 0.3260416666666667 0.8444444444444444 0.32916666666666666 0.8638888888888889
5 0.325 0.8925925925925926 0.3260416666666667 0.9277777777777778 0.321875 0.9546296296296296 0.32708333333333334 0.9583333333333334 0.334375 0.9546296296296296 0.33541666666666664 0.9351851851851852 0.3390625 0.925 0.33541666666666664 0.9046296296296297 0.33541666666666664 0.8962962962962963 0.34010416666666665 0.8888888888888888 0.3375 0.887962962962963 0.33541666666666664 0.875 0.33697916666666666 0.8564814814814815 0.3296875 0.8537037037037037 0.3223958333333333 0.8805555555555555 0.3223958333333333 0.887962962962963 0.325 0.8925925925925926
5 0.15572916666666667 0.7268518518518519 0.15416666666666667 0.7518518518518519 0.1578125 0.7546296296296297 0.16197916666666667 0.7518518518518519 0.1609375 0.7462962962962963 0.16354166666666667 0.7342592592592593 0.1703125 0.7425925925925926 0.1734375 0.7546296296296297 0.17708333333333334 0.7537037037037037 0.178125 0.7435185185185185 0.16875 0.7287037037037037 0.16354166666666667 0.6972222222222222 0.15572916666666667 0.6851851851851852 0.15260416666666668 0.6851851851851852 0.15260416666666668 0.7138888888888889 0.15572916666666667 0.7268518518518519
4 0.5505208333333333 0.7018518518518518 0.5536458333333333 0.7055555555555556 0.5567708333333333 0.700925925925926 0.5552083333333333 0.6814814814814815 0.5572916666666666 0.6620370370370371 0.5526041666666667 0.65 0.5489583333333333 0.6472222222222223 0.5453125 0.6564814814814814 0.54375 0.6694444444444444 0.5505208333333333 0.7018518518518518
4 0.2994791666666667 0.737037037037037 0.3 0.7509259259259259 0.2989583333333333 0.7712962962962963 0.3026041666666667 0.774074074074074 0.3109375 0.7518518518518519 0.3109375 0.7268518518518519 0.30885416666666665 0.7111111111111111 0.30416666666666664 0.7037037037037037 0.30104166666666665 0.7037037037037037 0.29739583333333336 0.7157407407407408 0.296875 0.7277777777777777 0.2994791666666667 0.737037037037037
4 0.3875 0.7148148148148148 0.3885416666666667 0.7175925925925926 0.4005208333333333 0.7194444444444444 0.40260416666666665 0.7074074074074074 0.40260416666666665 0.6768518518518518 0.3984375 0.6583333333333333 0.3958333333333333 0.6574074074074074 0.3921875 0.6675925925925926 0.390625 0.7037037037037037 0.3875 0.7148148148148148
5 0.49583333333333335 0.7305555555555555 0.49270833333333336 0.7518518518518519 0.49270833333333336 0.7722222222222223 0.4901041666666667 0.7796296296296297 0.49583333333333335 0.7796296296296297 0.49895833333333334 0.7657407407407407 0.5052083333333334 0.7722222222222223 0.5057291666666667 0.7787037037037037 0.509375 0.7796296296296297 0.5098958333333333 0.7712962962962963 0.5052083333333334 0.7472222222222222 0.5057291666666667 0.7277777777777777 0.4979166666666667 0.7037037037037037 0.49322916666666666 0.700925925925926 0.49583333333333335 0.7138888888888889 0.49583333333333335 0.7305555555555555
5 0.7916666666666666 0.9194444444444444 0.7947916666666667 0.9231481481481482 0.8010416666666667 0.9203703703703704 0.8015625 0.8981481481481481 0.80625 0.8925925925925926 0.8171875 0.9101851851851852 0.8182291666666667 0.9194444444444444 0.8223958333333333 0.9212962962962963 0.8239583333333333 0.9111111111111111 0.8140625 0.8907407407407407 0.8026041666666667 0.8351851851851851 0.7979166666666667 0.8333333333333334 0.7963541666666667 0.8379629629629629 0.7973958333333333 0.8675925925925926 0.7916666666666666 0.9194444444444444
5 0.35260416666666666 0.6037037037037037 0.3546875 0.6148148148148148 0.3578125 0.6194444444444445 0.3619791666666667 0.6074074074074074 0.3614583333333333 0.575 0.3572916666666667 0.5722222222222222 0.353125 0.575925925925926 0.3515625 0.5879629629629629 0.35260416666666666 0.6037037037037037
3 0.2713541666666667 0.5990740740740741 0.2765625 0.5953703703703703 0.28125 0.5657407407407408 0.2791666666666667 0.5546296296296296 0.27447916666666666 0.5555555555555556 0.26979166666666665 0.5638888888888889 0.26927083333333335 0.5953703703703703 0.2713541666666667 0.5990740740740741
5 0.7697916666666667 0.6555555555555556 0.7677083333333333 0.6768518518518518 0.771875 0.6787037037037037 0.7796875 0.6694444444444444 0.7796875 0.6388888888888888 0.7723958333333333 0.6222222222222222 0.7677083333333333 0.6324074074074074 0.7671875 0.6416666666666667 0.7697916666666667 0.6555555555555556
4 0.14166666666666666 0.7074074074074074 0.14479166666666668 0.7083333333333334 0.14739583333333334 0.7018518518518518 0.1484375 0.6583333333333333 0.1421875 0.6435185185185185 0.13854166666666667 0.6472222222222223 0.13645833333333332 0.6555555555555556 0.13541666666666666 0.687037037037037 0.14166666666666666 0.7074074074074074
4 0.36614583333333334 0.6435185185185185 0.3697916666666667 0.6444444444444445 0.371875 0.637962962962963 0.36822916666666666 0.6 0.3651041666666667 0.5935185185185186 0.3614583333333333 0.5925925925925926 0.35989583333333336 0.5972222222222222 0.36041666666666666 0.6296296296296297 0.36614583333333334 0.6435185185185185
3 0.30885416666666665 0.7518518518518519 0.31354166666666666 0.7638888888888888 0.315625 0.7814814814814814 0.31875 0.7824074074074074 0.3203125 0.7796296296296297 0.31927083333333334 0.75 0.32395833333333335 0.7157407407407408 0.315625 0.7 0.31145833333333334 0.7018518518518518 0.30833333333333335 0.7129629629629629 0.30885416666666665 0.7518518518518519
3 0.5911458333333334 0.5953703703703703 0.6015625 0.5972222222222222 0.6036458333333333 0.575925925925926 0.6026041666666667 0.5592592592592592 0.5994791666666667 0.5537037037037037 0.5916666666666667 0.5546296296296296 0.590625 0.5592592592592592 0.5895833333333333 0.587037037037037 0.5911458333333334 0.5953703703703703