4 0.38385416666666666 0.9027777777777778 0.3880208333333333 0.9027777777777778 0.390625 0.8925925925925926 0.39791666666666664 0.8953703703703704 0.4005208333333333 0.9 0.4046875 0.8981481481481481 0.4078125 0.8444444444444444 0.40989583333333335 0.8388888888888889 0.4078125 0.8092592592592592 0.40208333333333335 0.8083333333333333 0.39166666666666666 0.8287037037037037 0.3932291666666667 0.8398148148148148 0.3921875 0.8685185185185185 0.38177083333333334 0.8944444444444445 0.38385416666666666 0.9027777777777778
4 0.11458333333333333 0.8486111111111111 0.1203125 0.8379629629629629 0.1140625 0.8240740740740741 0.11458333333333333 0.7981481481481482 0.11041666666666666 0.7972222222222223 0.1078125 0.8009259259259259 0.1015625 0.8222222222222222 0.10260416666666666 0.8583333333333333 0.09947916666666666 0.887962962962963 0.1140625 0.8916666666666667 0.11458333333333333 0.8486111111111111
5 0.8765625 0.9185185185185185 0.8796875 0.9120370370370371 0.8807291666666667 0.8842592592592593 0.8859375 0.8731481481481481 0.8859375 0.8657407407407407 0.875 0.8305555555555556 0.8708333333333333 0.8314814814814815 0.8671875 0.8481481481481481 0.8651041666666667 0.8740740740740741 0.8692708333333333 0.8851851851851852 0.8708333333333333 0.9157407407407407 0.8765625 0.9185185185185185
5 0.5880208333333333 0.8574074074074074 0.5911458333333334 0.8583333333333333 0.5947916666666667 0.8657407407407407 0.6010416666666667 0.8657407407407407 0.5958333333333333 0.8296296296296296 0.5958333333333333 0.799074074074074 0.5927083333333333 0.787962962962963 0.590625 0.787962962962963 0.5838541666666667 0.8009259259259259 0.5807291666666666 0.812962962962963 0.5828125 0.8324074074074074 0.5776041666666667 0.8694444444444445 0.5807291666666666 0.8722222222222222 0.5880208333333333 0.8574074074074074
4 0.47239583333333335 0.8324074074074074 0.4744791666666667 0.837037037037037 0.4901041666666667 0.8185185185185185 0.4921875 0.8222222222222222 0.49166666666666664 0.837037037037037 0.4973958333333333 0.8407407407407408 0.49895833333333334 0.8361111111111111 0.49635416666666665 0.8101851851851852 0.5010416666666667 0.8018518518518518 0.50625 0.8046296296296296 0.4984375 0.7675925925925926 0.4942708333333333 0.7666666666666667 0.48333333333333334 0.7870370370370371 0.4822916666666667 0.8018518518518518 0.484375 0.8083333333333333 0.47291666666666665 0.8277777777777777 0.47239583333333335 0.8324074074074074
5 0.13697916666666668 0.7527777777777778 0.14010416666666667 0.7157407407407408 0.13802083333333334 0.700925925925926 0.13854166666666667 0.6842592592592592 0.1328125 0.6842592592592592 0.1265625 0.7 0.12864583333333332 0.7333333333333333 0.12604166666666666 0.7527777777777778 0.134375 0.7564814814814815 0.13697916666666668 0.7527777777777778
5 0.140625 0.9388888888888889 0.13958333333333334 0.9305555555555556 0.1453125 0.9175925925925926 0.1515625 0.9203703703703704 0.15416666666666667 0.9305555555555556 0.1578125 0.9314814814814815 0.15833333333333333 0.9203703703703704 0.15104166666666666 0.9138888888888889 0.15052083333333333 0.8888888888888888 0.15364583333333334 0.8759259259259259 0.14739583333333334 0.8490740740740741 0.14583333333333334 0.8462962962962963 0.1421875 0.8481481481481481 0.14114583333333333 0.8574074074074074 0.13645833333333332 0.8638888888888889 0.13229166666666667 0.8796296296296297 0.13645833333333332 0.887962962962963 0.13385416666666666 0.9388888888888889 0.140625 0.9388888888888889
4 0.21041666666666667 0.6574074074074074 0.21302083333333333 0.6537037037037037 0.20885416666666667 0.6305555555555555 0.20520833333333333 0.6305555555555555 0.20104166666666667 0.6444444444444445 0.19791666666666666 0.6851851851851852 0.21354166666666666 0.6851851851851852 0.21041666666666667 0.662962962962963 0.21041666666666667 0.6574074074074074
4 0.5364583333333334 0.7925925925925926 0.5354166666666667 0.7611111111111111 0.5369791666666667 0.7462962962962963 0.5348958333333333 0.7342592592592593 0.5328125 0.7333333333333333 0.5260416666666666 0.7481481481481481 0.521875 0.7814814814814814 0.5213541666666667 0.8166666666666667 0.5302083333333333 0.8101851851851852 0.5328125 0.812037037037037 0.5364583333333334 0.7925925925925926
4 0.09427083333333333 0.7509259259259259 0.0953125 0.7055555555555556 0.09375 0.7018518518518518 0.09010416666666667 0.7027777777777777 0.08333333333333333 0.7268518518518519 0.08385416666666666 0.7555555555555555 0.08125 0.7722222222222223 0.08541666666666667 0.7768518518518519 0.09427083333333333 0.7509259259259259
5 0.7583333333333333 0.6675925925925926 0.7583333333333333 0.6537037037037037 0.7552083333333334 0.6435185185185185 0.7520833333333333 0.6462962962962963 0.7489583333333333 0.6731481481481482 0.7494791666666667 0.6990740740740741 0.7515625 0.7037037037037037 0.7546875 0.7027777777777777 0.7583333333333333 0.6675925925925926
4 0.5140625 0.7240740740740741 0.5140625 0.6842592592592592 0.509375 0.6731481481481482 0.5052083333333334 0.6805555555555556 0.5036458333333333 0.6981481481481482 0.5020833333333333 0.7296296296296296 0.5057291666666667 0.7361111111111112 0.5125 0.7324074074074074 0.5140625 0.7240740740740741
3 0.3140625 0.6055555555555555 0.315625 0.6027777777777777 0.3145833333333333 0.5898148148148148 0.3177083333333333 0.5805555555555556 0.3145833333333333 0.5601851851851852 0.3078125 0.5611111111111111 0.30416666666666664 0.5740740740740741 0.30416666666666664 0.5833333333333334 0.3072916666666667 0.5916666666666667 0.30625 0.6027777777777777 0.3140625 0.6055555555555555
5 0.2359375 0.6925925925925925 0.2296875 0.637962962962963 0.22604166666666667 0.6407407407407407 0.22239583333333332 0.6564814814814814 0.21927083333333333 0.6925925925925925 0.22708333333333333 0.6916666666666667 0.23229166666666667 0.6953703703703704 0.2359375 0.6925925925925925
4 0.140625 0.6759259259259259 0.13645833333333332 0.6481481481481481 0.134375 0.6462962962962963 0.12864583333333332 0.6620370370370371 0.12916666666666668 0.6865740740740741 0.1265625 0.7046296296296296 0.13697916666666668 0.6990740740740741 0.140625 0.6759259259259259
3 0.9671875 0.9990740740740741 0.971875 0.9990740740740741 0.978125 0.9851851851851852 0.9880208333333333 0.9907407407407407 0.9895833333333334 0.9990740740740741 0.9947916666666666 0.9990740740740741 0.9927083333333333 0.9805555555555555 0.99375 0.9444444444444444 0.9822916666666667 0.9157407407407407 0.9770833333333333 0.9194444444444444 0.9671875 0.9712962962962963 0.9583333333333334 0.9777777777777777 0.9546875 0.9842592592592593 0.9546875 0.9935185185185185 0.9625 0.9925925925925926 0.9666666666666667 0.9953703703703703 0.9671875 0.9990740740740741
5 0.3927083333333333 0.5935185185185186 0.3880208333333333 0.5851851851851851 0.3848958333333333 0.5944444444444444 0.3854166666666667 0.6268518518518519 0.3885416666666667 0.6296296296296297 0.390625 0.625 0.3927083333333333 0.5935185185185186
5 0.8713541666666667 0.7787037037037037 0.8744791666666667 0.7490740740740741 0.8807291666666667 0.7407407407407407 0.8807291666666667 0.7361111111111112 0.8760416666666667 0.7305555555555555 0.8723958333333334 0.712037037037037 0.86875 0.7101851851851851 0.8671875 0.7129629629629629 0.8635416666666667 0.7398148148148148 0.8630208333333333 0.775 0.8651041666666667 0.7814814814814814 0.86875 0.7824074074074074 0.8713541666666667 0.7787037037037037
3 0.6395833333333333 0.5722222222222222 0.6385416666666667 0.5638888888888889 0.6359375 0.5601851851851852 0.6307291666666667 0.5638888888888889 0.6302083333333334 0.5916666666666667 0.6322916666666667 0.612037037037037 0.6354166666666666 0.6148148148148148 0.6395833333333333 0.5722222222222222
4 0.3541666666666667 0.7407407407407407 0.3625 0.7481481481481481 0.3645833333333333 0.7462962962962963 0.365625 0.7342592592592593 0.365625 0.6851851851851852 0.3609375 0.6842592592592592 0.35520833333333335 0.700925925925926 0.3546875 0.7175925925925926 0.3494791666666667 0.7407407407407407 0.353125 0.7435185185185185 0.3541666666666667 0.7407407407407407
3 0.39010416666666664 0.787962962962963 0.3958333333333333 0.8009259259259259 0.39947916666666666 0.8009259259259259 0.4005208333333333 0.7203703703703703 0.3953125 0.7212962962962963 0.39010416666666664 0.7416666666666667 0.3890625 0.775 0.3807291666666667 0.7944444444444444 0.3848958333333333 0.8018518518518518 0.39010416666666664 0.787962962962963
4 0.36875 0.6601851851851852 0.37135416666666665 0.6388888888888888 0.37135416666666665 0.6222222222222222 0.36875 0.6111111111111112 0.3651041666666667 0.6111111111111112 0.36041666666666666 0.625 0.35989583333333336 0.6388888888888888 0.3625 0.6601851851851852 0.3651041666666667 0.6648148148148149 0.36875 0.6601851851851852
0 0.5916666666666667 0.8379629629629629 0.5875 0.837037037037037 0.584375 0.8453703703703703 0.584375 0.8601851851851852 0.5921875 0.8611111111111112 0.59375 0.8583333333333333 0.5916666666666667 0.8379629629629629
5 0.4630208333333333 0.7888888888888889 0.46875 0.7898148148148149 0.4708333333333333 0.7935185185185185 0.47239583333333335 0.7907407407407407 0.4734375 0.7240740740740741 0.4703125 0.7175925925925926 0.4671875 0.7203703703703703 0.4661458333333333 0.7268518518518519 0.4588541666666667 0.7314814814814815 0.46041666666666664 0.7731481481481481 0.45677083333333335 0.7870370370370371 0.4588541666666667 0.7916666666666666 0.4630208333333333 0.7888888888888889
5 0.4661458333333333 0.7194444444444444 0.4703125 0.7185185185185186 0.471875 0.687037037037037 0.4666666666666667 0.6666666666666666 0.4625 0.6694444444444444 0.4583333333333333 0.6944444444444444 0.4578125 0.7277777777777777 0.45989583333333334 0.7314814814814815 0.46458333333333335 0.7268518518518519 0.4661458333333333 0.7194444444444444