2 0.7447916666666666 0.575925925925926 0.7458333333333333 0.6074074074074074 0.75 0.6324074074074074 0.7479166666666667 0.6518518518518519 0.753125 0.6527777777777778 0.7630208333333334 0.6425925925925926 0.759375 0.6212962962962963 0.7588541666666667 0.6027777777777777 0.765625 0.5555555555555556 0.7541666666666667 0.5194444444444445 0.7494791666666667 0.5203703703703704 0.7453125 0.5435185185185185 0.7479166666666667 0.5648148148148148 0.7447916666666666 0.575925925925926
5 0.46510416666666665 0.5740740740740741 0.46875 0.5842592592592593 0.46875 0.612037037037037 0.4661458333333333 0.6268518518518519 0.4744791666666667 0.6268518518518519 0.47552083333333334 0.5981481481481481 0.478125 0.5898148148148148 0.48333333333333334 0.5925925925925926 0.4875 0.6222222222222222 0.4901041666666667 0.625 0.49166666666666664 0.6027777777777777 0.4869791666666667 0.5731481481481482 0.48802083333333335 0.55 0.47552083333333334 0.5148148148148148 0.4703125 0.5194444444444445 0.46875 0.5601851851851852 0.46510416666666665 0.5740740740740741
4 0.5880208333333333 0.700925925925926 0.5901041666666667 0.6944444444444444 0.5984375 0.6944444444444444 0.5994791666666667 0.7018518518518518 0.6057291666666667 0.700925925925926 0.6052083333333333 0.6527777777777778 0.6119791666666666 0.625 0.6098958333333333 0.5990740740740741 0.6072916666666667 0.5953703703703703 0.5942708333333333 0.6083333333333333 0.5838541666666667 0.6305555555555555 0.5848958333333333 0.6981481481481482 0.5880208333333333 0.700925925925926
5 0.12604166666666666 0.5627314814814814 0.12604166666666666 0.5842592592592593 0.12395833333333334 0.5990740740740741 0.1265625 0.6037037037037037 0.1296875 0.6027777777777777 0.13072916666666667 0.5962962962962963 0.14270833333333333 0.6027777777777777 0.14427083333333332 0.5981481481481481 0.14166666666666666 0.5888888888888889 0.14166666666666666 0.5703703703703704 0.14479166666666668 0.5518518518518518 0.14947916666666666 0.5444444444444444 0.14791666666666667 0.5333333333333333 0.134375 0.49444444444444446 0.13020833333333334 0.49722222222222223 0.13020833333333334 0.5046296296296297 0.125 0.5166666666666667 0.12291666666666666 0.5509259259259259 0.12604166666666666 0.5627314814814814
4 0.5234375 0.575 0.5213541666666667 0.600925925925926 0.5213541666666667 0.6472222222222223 0.5244791666666667 0.6509259259259259 0.5260416666666666 0.649074074074074 0.528125 0.6152777777777778 0.5333333333333333 0.6074074074074074 0.540625 0.6462962962962963 0.5447916666666667 0.6472222222222223 0.5395833333333333 0.5879629629629629 0.5401041666666667 0.5611111111111111 0.5442708333333334 0.5481481481481482 0.5401041666666667 0.5388888888888889 0.5354166666666667 0.5351851851851852 0.5338541666666666 0.525 0.5296875 0.5203703703703704 0.5265625 0.524074074074074 0.5265625 0.5361111111111111 0.5213541666666667 0.5435185185185185 0.5208333333333334 0.5611111111111111 0.5234375 0.575
5 0.6270833333333333 0.6240740740740741 0.6270833333333333 0.6611111111111111 0.6234375 0.6925925925925925 0.6385416666666667 0.6972222222222222 0.6421875 0.6712962962962963 0.6427083333333333 0.5990740740740741 0.6354166666666666 0.5666666666666667 0.6296875 0.562962962962963 0.6255208333333333 0.5685185185185185 0.6234375 0.5796296296296296 0.6270833333333333 0.6240740740740741
4 0.8770833333333333 0.7592592592592593 0.8807291666666667 0.7611111111111111 0.8838541666666667 0.7555555555555555 0.8916666666666667 0.7555555555555555 0.8916666666666667 0.7592592592592593 0.9 0.7638888888888888 0.9140625 0.7611111111111111 0.9135416666666667 0.6925925925925925 0.9114583333333334 0.6851851851851852 0.9104166666666667 0.6444444444444445 0.9083333333333333 0.6361111111111111 0.9046875 0.6333333333333333 0.9036458333333334 0.6185185185185185 0.9015625 0.6148148148148148 0.8963541666666667 0.6148148148148148 0.8921875 0.6203703703703703 0.8911458333333333 0.6333333333333333 0.8848958333333333 0.6453703703703704 0.8828125 0.6574074074074074 0.8833333333333333 0.6944444444444444 0.8770833333333333 0.7592592592592593
5 0.38645833333333335 0.5453703703703704 0.3885416666666667 0.5527777777777778 0.39114583333333336 0.55 0.4005208333333333 0.5574074074074075 0.40260416666666665 0.55 0.4005208333333333 0.48703703703703705 0.39375 0.4666666666666667 0.3885416666666667 0.46574074074074073 0.38697916666666665 0.46944444444444444 0.3848958333333333 0.4861111111111111 0.38645833333333335 0.5453703703703704
4 0.8098958333333334 0.675 0.8078125 0.712037037037037 0.8140625 0.7129629629629629 0.81875 0.6759259259259259 0.8260416666666667 0.6712962962962963 0.8411458333333334 0.7092592592592593 0.8479166666666667 0.712037037037037 0.8552083333333333 0.7101851851851851 0.85625 0.7064814814814815 0.8515625 0.7 0.8385416666666666 0.6481481481481481 0.8421875 0.6351851851851852 0.8411458333333334 0.6185185185185185 0.8317708333333333 0.5879629629629629 0.8291666666666667 0.587037037037037 0.8239583333333333 0.6 0.8166666666666667 0.6083333333333333 0.8140625 0.6231481481481481 0.8182291666666667 0.65 0.8098958333333334 0.675
4 0.25677083333333334 0.42685185185185187 0.253125 0.4351851851851852 0.253125 0.4685185185185185 0.25416666666666665 0.48148148148148145 0.2604166666666667 0.4962962962962963 0.25885416666666666 0.512962962962963 0.2640625 0.5166666666666667 0.26666666666666666 0.512962962962963 0.26979166666666665 0.44351851851851853 0.2682291666666667 0.4351851851851852 0.2630208333333333 0.42685185185185187 0.2625 0.41944444444444445 0.25833333333333336 0.41759259259259257 0.2557291666666667 0.4083333333333333 0.2520833333333333 0.41944444444444445 0.25677083333333334 0.42685185185185187
3 0.3953125 0.6296296296296297 0.39479166666666665 0.6620370370370371 0.39791666666666664 0.6657407407407407 0.4078125 0.6657407407407407 0.4083333333333333 0.6620370370370371 0.403125 0.65 0.40208333333333335 0.6175925925925926 0.3953125 0.5861111111111111 0.3984375 0.575925925925926 0.4046875 0.575925925925926 0.4078125 0.5814814814814815 0.4119791666666667 0.5824074074074074 0.4083333333333333 0.5740740740740741 0.4088541666666667 0.5638888888888889 0.4010416666666667 0.5592592592592592 0.396875 0.5388888888888889 0.39479166666666665 0.5370370370370371 0.3885416666666667 0.5370370370370371 0.384375 0.562962962962963 0.38385416666666666 0.5972222222222222 0.3953125 0.6296296296296297
5 0.8078125 0.6398148148148148 0.809375 0.6481481481481481 0.8041666666666667 0.6722222222222223 0.8046875 0.6842592592592592 0.8078125 0.6953703703703704 0.8057291666666667 0.7101851851851851 0.8104166666666667 0.7138888888888889 0.8130208333333333 0.712037037037037 0.8140625 0.6814814814814815 0.8125 0.6731481481481482 0.8151041666666666 0.6694444444444444 0.8197916666666667 0.6481481481481481 0.8166666666666667 0.625 0.8182291666666667 0.600925925925926 0.8140625 0.5879629629629629 0.8078125 0.5925925925925926 0.8041666666666667 0.6138888888888889 0.8041666666666667 0.6351851851851852 0.8078125 0.6398148148148148
0 0.23072916666666668 0.5296296296296297 0.23645833333333333 0.5287037037037037 0.2375 0.5222222222222223 0.23489583333333333 0.5148148148148148 0.23177083333333334 0.512962962962963 0.22916666666666666 0.5175925925925926 0.22864583333333333 0.525 0.23072916666666668 0.5296296296296297
5 0.5432291666666667 0.5481481481481482 0.5411458333333333 0.5527777777777778 0.540625 0.5768518518518518 0.5453125 0.6231481481481481 0.5447916666666667 0.6425925925925926 0.546875 0.6472222222222223 0.5567708333333333 0.6472222222222223 0.559375 0.6407407407407407 0.5526041666666667 0.6037037037037037 0.5552083333333333 0.5916666666666667 0.5526041666666667 0.5481481481481482 0.5473958333333333 0.5222222222222223 0.5442708333333334 0.5194444444444445 0.5401041666666667 0.524074074074074 0.5395833333333333 0.5324074074074074 0.5432291666666667 0.5481481481481482
5 0.3984375 0.5416666666666666 0.4005208333333333 0.5527777777777778 0.40572916666666664 0.562037037037037 0.4088541666666667 0.562962962962963 0.4109375 0.5527777777777778 0.4114583333333333 0.4888888888888889 0.40625 0.4583333333333333 0.40260416666666665 0.4564814814814815 0.4 0.46111111111111114 0.39739583333333334 0.47962962962962963 0.3984375 0.5416666666666666
5 0.6223958333333334 0.5805555555555556 0.625 0.5833333333333334 0.6239583333333333 0.5907407407407408 0.6265625 0.5944444444444444 0.6364583333333333 0.5925925925925926 0.6380208333333334 0.5879629629629629 0.6380208333333334 0.5462962962962963 0.6302083333333334 0.5203703703703704 0.6265625 0.5185185185185185 0.6239583333333333 0.5231481481481481 0.621875 0.5444444444444444 0.6223958333333334 0.5805555555555556
2 0.9822916666666667 0.7231481481481481 0.9833333333333333 0.7462962962962963 0.98125 0.7611111111111111 0.9895833333333334 0.762962962962963 0.990625 0.7564814814814815 0.9994791666666667 0.762962962962963 0.9994791666666667 0.6425925925925926 0.9932291666666667 0.6370370370370371 0.9921875 0.6222222222222222 0.9895833333333334 0.6194444444444445 0.9848958333333333 0.6212962962962963 0.9786458333333333 0.6537037037037037 0.9786458333333333 0.7055555555555556 0.9822916666666667 0.7231481481481481
4 0.6057291666666667 0.5472222222222223 0.596875 0.5555555555555556 0.5979166666666667 0.5583333333333333 0.6046875 0.5555555555555556 0.6088541666666667 0.5722222222222222 0.60625 0.587037037037037 0.6104166666666667 0.5935185185185186 0.6166666666666667 0.587037037037037 0.6203125 0.575 0.6213541666666667 0.5638888888888889 0.6192708333333333 0.5537037037037037 0.6239583333333333 0.537962962962963 0.6223958333333334 0.5148148148148148 0.6182291666666667 0.5120370370370371 0.6140625 0.5157407407407407 0.6125 0.5296296296296297 0.6057291666666667 0.5472222222222223