4 0.9151041666666667 0.8222222222222222 0.91875 0.8 0.925 0.7962962962962963 0.9291666666666667 0.8037037037037037 0.9317708333333333 0.825925925925926 0.9380208333333333 0.8277777777777777 0.9390625 0.8240740740740741 0.9302083333333333 0.775 0.9307291666666667 0.7583333333333333 0.9348958333333334 0.7462962962962963 0.9270833333333334 0.7398148148148148 0.9234375 0.7324074074074074 0.9197916666666667 0.7361111111111112 0.9192708333333334 0.7435185185185185 0.9140625 0.7574074074074074 0.915625 0.7768518518518519 0.9098958333333333 0.8240740740740741 0.9130208333333333 0.825925925925926 0.9151041666666667 0.8222222222222222
4 0.265625 0.7935185185185185 0.27239583333333334 0.7907407407407407 0.2734375 0.7842592592592592 0.2677083333333333 0.7574074074074074 0.2635416666666667 0.7527777777777778 0.2609375 0.7398148148148148 0.25677083333333334 0.7425925925925926 0.2557291666666667 0.7509259259259259 0.2515625 0.7583333333333333 0.24947916666666667 0.774074074074074 0.2546875 0.837037037037037 0.2635416666666667 0.8351851851851851 0.26614583333333336 0.8305555555555556 0.265625 0.7935185185185185
5 0.496875 0.7472222222222222 0.4979166666666667 0.7398148148148148 0.490625 0.6824074074074075 0.4864583333333333 0.6685185185185185 0.4817708333333333 0.6703703703703704 0.48125 0.75 0.4859375 0.7518518518518519 0.4895833333333333 0.7472222222222222 0.496875 0.7472222222222222
4 0.43385416666666665 0.6152777777777778 0.43333333333333335 0.5907407407407408 0.4276041666666667 0.5805555555555556 0.4239583333333333 0.6037037037037037 0.42291666666666666 0.6388888888888888 0.4359375 0.637962962962963 0.4375 0.6305555555555555 0.43385416666666665 0.6152777777777778
4 0.7390625 0.6759259259259259 0.7395833333333334 0.6351851851851852 0.7322916666666667 0.6203703703703703 0.7291666666666666 0.6231481481481481 0.7270833333333333 0.6342592592592593 0.7255208333333333 0.6564814814814814 0.7307291666666667 0.6842592592592592 0.7359375 0.687037037037037 0.7390625 0.6759259259259259
4 0.2677083333333333 0.5925925925925926 0.2635416666666667 0.5592592592592592 0.2598958333333333 0.5518518518518518 0.2557291666666667 0.5527777777777778 0.253125 0.5583333333333333 0.2526041666666667 0.5731481481481482 0.2557291666666667 0.600925925925926 0.2671875 0.6027777777777777 0.2677083333333333 0.5925925925925926
3 0.6625 0.5953703703703703 0.665625 0.5898148148148148 0.6666666666666666 0.5796296296296296 0.6661458333333333 0.5675925925925925 0.6619791666666667 0.5564814814814815 0.6578125 0.5574074074074075 0.653125 0.575 0.6552083333333333 0.5925925925925926 0.6526041666666667 0.6157407407407407 0.6619791666666667 0.6185185185185185 0.6625 0.5953703703703703
0 0.240625 0.600925925925926 0.240625 0.6092592592592593 0.24635416666666668 0.6064814814814815 0.24479166666666666 0.6 0.240625 0.600925925925926
4 0 0.6981481481481482 0.009375 0.6972222222222222 0.0125 0.6935185185185185 0.011979166666666667 0.6222222222222222 0.005729166666666666 0.6222222222222222 0 0.6314814814814815 0 0.6981481481481482
5 0.6010416666666667 0.6240740740740741 0.5963541666666666 0.6046296296296296 0.5932291666666667 0.6055555555555555 0.5916666666666667 0.6111111111111112 0.590625 0.6694444444444444 0.5958333333333333 0.6703703703703704 0.6 0.6657407407407407 0.6010416666666667 0.6240740740740741
5 0.4609375 0.5444444444444444 0.45729166666666665 0.5453703703703704 0.453125 0.562037037037037 0.4505208333333333 0.5953703703703703 0.4625 0.5962962962962963 0.4625 0.5518518518518518 0.4609375 0.5444444444444444
5 0.3328125 0.6453703703703704 0.3296875 0.6351851851851852 0.32864583333333336 0.5953703703703703 0.3260416666666667 0.5907407407407408 0.3234375 0.5935185185185186 0.3223958333333333 0.6342592592592593 0.3255208333333333 0.649074074074074 0.3307291666666667 0.65 0.3328125 0.6453703703703704
4 0.8604166666666667 0.5703703703703704 0.8578125 0.5601851851851852 0.853125 0.5574074074074075 0.8494791666666667 0.5722222222222222 0.8489583333333334 0.6157407407407407 0.8572916666666667 0.6194444444444445 0.859375 0.6092592592592593 0.8604166666666667 0.5703703703703704
4 0.4979166666666667 0.5953703703703703 0.5 0.5907407407407408 0.5015625 0.5564814814814815 0.496875 0.5425925925925926 0.49375 0.5425925925925926 0.49166666666666664 0.549074074074074 0.4901041666666667 0.5564814814814815 0.4921875 0.5694444444444444 0.49114583333333334 0.5814814814814815 0.4979166666666667 0.5953703703703703
4 0.8333333333333334 0.5509259259259259 0.83125 0.5185185185185185 0.8260416666666667 0.5074074074074074 0.8229166666666666 0.5138888888888888 0.8223958333333333 0.5527777777777778 0.8244791666666667 0.5555555555555556 0.8317708333333333 0.5546296296296296 0.8333333333333334 0.5509259259259259
5 0.9598958333333333 0.7472222222222222 0.959375 0.725925925925926 0.9645833333333333 0.6972222222222222 0.9572916666666667 0.6768518518518518 0.9526041666666667 0.6768518518518518 0.9510416666666667 0.6851851851851852 0.9489583333333333 0.7064814814814815 0.9526041666666667 0.7472222222222222 0.9583333333333334 0.75 0.9598958333333333 0.7472222222222222
4 0.5760416666666667 0.5472222222222223 0.5786458333333333 0.5222222222222223 0.5765625 0.5074074074074074 0.5713541666666667 0.5037037037037037 0.5666666666666667 0.512962962962963 0.5677083333333334 0.5277777777777778 0.5651041666666666 0.5444444444444444 0.5682291666666667 0.5481481481481482 0.5760416666666667 0.5472222222222223
5 0.8739583333333333 0.5814814814814815 0.8692708333333333 0.5583333333333333 0.8651041666666667 0.562037037037037 0.8619791666666666 0.5888888888888889 0.8619791666666666 0.6175925925925926 0.8651041666666667 0.6222222222222222 0.8723958333333334 0.6203703703703703 0.8739583333333333 0.5814814814814815
3 0.2869791666666667 0.5277777777777778 0.28854166666666664 0.5259259259259259 0.28958333333333336 0.49722222222222223 0.2833333333333333 0.487962962962963 0.2791666666666667 0.4935185185185185 0.278125 0.49907407407407406 0.28020833333333334 0.5111111111111111 0.2786458333333333 0.5203703703703704 0.2869791666666667 0.5277777777777778
5 0.8713541666666667 0.5555555555555556 0.8651041666666667 0.5435185185185185 0.8625 0.5472222222222223 0.8635416666666667 0.587037037037037 0.8692708333333333 0.5916666666666667 0.8729166666666667 0.5824074074074074 0.8713541666666667 0.5555555555555556
5 0.5947916666666667 0.5574074074074075 0.5942708333333333 0.5416666666666666 0.5916666666666667 0.5277777777777778 0.5875 0.5287037037037037 0.5864583333333333 0.562037037037037 0.5880208333333333 0.575925925925926 0.5921875 0.5777777777777777 0.5947916666666667 0.5574074074074075
5 0.48541666666666666 0.6018518518518519 0.4864583333333333 0.5824074074074074 0.48489583333333336 0.5675925925925925 0.4822916666666667 0.5592592592592592 0.478125 0.5601851851851852 0.47760416666666666 0.6185185185185185 0.4869791666666667 0.6185185185185185 0.4895833333333333 0.6138888888888889 0.48541666666666666 0.6018518518518519
4 0.8744791666666667 0.6453703703703704 0.8739583333333333 0.6231481481481481 0.8692708333333333 0.6092592592592593 0.865625 0.6101851851851852 0.8630208333333333 0.6157407407407407 0.8640625 0.6731481481481482 0.8692708333333333 0.6759259259259259 0.871875 0.6722222222222223 0.8744791666666667 0.6453703703703704
3 0.753125 0.4981481481481482 0.7458333333333333 0.49907407407407406 0.74375 0.5092592592592593 0.7458333333333333 0.5416666666666666 0.746875 0.5444444444444444 0.7536458333333333 0.5444444444444444 0.753125 0.4981481481481482