4 0.19947916666666668 0.8574074074074074 0.20520833333333333 0.85 0.21145833333333333 0.8601851851851852 0.21458333333333332 0.8851851851851852 0.21979166666666666 0.8851851851851852 0.2140625 0.8388888888888889 0.21510416666666668 0.812037037037037 0.20885416666666667 0.7870370370370371 0.2046875 0.787962962962963 0.19479166666666667 0.8175925925925925 0.1953125 0.8444444444444444 0.19010416666666666 0.8805555555555555 0.19427083333333334 0.8824074074074074 0.19947916666666668 0.8574074074074074
4 0.821875 0.775 0.828125 0.7694444444444445 0.834375 0.7694444444444445 0.8390625 0.7759259259259259 0.84375 0.7907407407407407 0.8489583333333334 0.7907407407407407 0.8494791666666667 0.7870370370370371 0.8401041666666667 0.7620370370370371 0.8411458333333334 0.7416666666666667 0.8380208333333333 0.7212962962962963 0.8333333333333334 0.7203703703703703 0.821875 0.7398148148148148 0.8192708333333333 0.7657407407407407 0.8104166666666667 0.7870370370370371 0.8151041666666666 0.7898148148148149 0.821875 0.775
5 0.3458333333333333 0.6324074074074074 0.3416666666666667 0.6342592592592593 0.3375 0.65 0.3411458333333333 0.6972222222222222 0.3489583333333333 0.7 0.35052083333333334 0.649074074074074 0.3458333333333333 0.6324074074074074
4 0.06927083333333334 0.7351851851851852 0.075 0.7361111111111112 0.075 0.7111111111111111 0.07760416666666667 0.6888888888888889 0.07604166666666666 0.6851851851851852 0.07552083333333333 0.6574074074074074 0.0734375 0.6546296296296297 0.06927083333333334 0.6574074074074074 0.06510416666666667 0.6712962962962963 0.06197916666666667 0.6972222222222222 0.065625 0.7111111111111111 0.06041666666666667 0.7203703703703703 0.0609375 0.7231481481481481 0.06927083333333334 0.7351851851851852
4 0.7416666666666667 0.637962962962963 0.7401041666666667 0.6277777777777778 0.7317708333333334 0.6166666666666667 0.728125 0.6222222222222222 0.7260416666666667 0.6333333333333333 0.725 0.6435185185185185 0.7317708333333334 0.6703703703703704 0.7359375 0.6712962962962963 0.7416666666666667 0.637962962962963
5 0.8682291666666667 0.7898148148148149 0.8723958333333334 0.7861111111111111 0.8697916666666666 0.7759259259259259 0.8744791666666667 0.762962962962963 0.875 0.7546296296296297 0.8739583333333333 0.7435185185185185 0.8682291666666667 0.7240740740740741 0.8645833333333334 0.7231481481481481 0.8625 0.7277777777777777 0.8635416666666667 0.7490740740740741 0.853125 0.7787037037037037 0.853125 0.7833333333333333 0.8578125 0.7833333333333333 0.8614583333333333 0.7768518518518519 0.8682291666666667 0.7898148148148149
5 0.5442708333333334 0.6398148148148148 0.5458333333333333 0.637962962962963 0.5473958333333333 0.5805555555555556 0.5447916666666667 0.5777777777777777 0.5380208333333333 0.5925925925925926 0.5302083333333333 0.6342592592592593 0.5328125 0.6407407407407407 0.5416666666666666 0.6361111111111111 0.5442708333333334 0.6398148148148148
0 0.09270833333333334 0.7268518518518519 0.0921875 0.7361111111111112 0.1 0.7351851851851852 0.0984375 0.7268518518518519 0.09270833333333334 0.7268518518518519
5 0.471875 0.6175925925925926 0.47239583333333335 0.5879629629629629 0.46770833333333334 0.575 0.46510416666666665 0.5768518518518518 0.4625 0.587037037037037 0.46458333333333335 0.6111111111111112 0.4630208333333333 0.6314814814814815 0.46927083333333336 0.6333333333333333 0.471875 0.6175925925925926
5 0.8729166666666667 0.6916666666666667 0.884375 0.6787037037037037 0.8880208333333334 0.6907407407407408 0.8921875 0.6925925925925925 0.8953125 0.6620370370370371 0.89375 0.6481481481481481 0.8895833333333333 0.6361111111111111 0.8848958333333333 0.637962962962963 0.8822916666666667 0.6453703703703704 0.8776041666666666 0.6685185185185185 0.8677083333333333 0.6888888888888889 0.8692708333333333 0.6916666666666667 0.8729166666666667 0.6916666666666667
5 0.6473958333333333 0.6703703703703704 0.6489583333333333 0.6370370370370371 0.6463541666666667 0.625 0.6421875 0.6231481481481481 0.6401041666666667 0.6268518518518519 0.6385416666666667 0.6888888888888889 0.6479166666666667 0.6907407407407408 0.6515625 0.6851851851851852 0.6473958333333333 0.6703703703703704
3 0.64375 0.5796296296296296 0.6385416666666667 0.5638888888888889 0.6317708333333333 0.5731481481481482 0.6307291666666667 0.6268518518518519 0.634375 0.6287037037037037 0.6380208333333334 0.6222222222222222 0.64375 0.5796296296296296
5 0.4192708333333333 0.7194444444444444 0.41354166666666664 0.7037037037037037 0.40989583333333335 0.7046296296296296 0.40729166666666666 0.7194444444444444 0.4041666666666667 0.7972222222222223 0.4161458333333333 0.7944444444444444 0.4192708333333333 0.7518518518518519 0.4192708333333333 0.7194444444444444
4 0.1703125 0.6259259259259259 0.17447916666666666 0.6305555555555555 0.17604166666666668 0.6268518518518519 0.17552083333333332 0.5777777777777777 0.16979166666666667 0.5666666666666667 0.1640625 0.5814814814814815 0.16197916666666667 0.5953703703703703 0.16354166666666667 0.6027777777777777 0.16197916666666667 0.6277777777777778 0.1703125 0.6259259259259259
4 0.4869791666666667 0.6324074074074074 0.4901041666666667 0.6425925925925926 0.4942708333333333 0.6435185185185185 0.49583333333333335 0.6416666666666667 0.49322916666666666 0.6129629629629629 0.49635416666666665 0.5879629629629629 0.4921875 0.5888888888888889 0.48489583333333336 0.6018518518518519 0.4828125 0.625 0.4791666666666667 0.6268518518518519 0.478125 0.6333333333333333 0.4869791666666667 0.6324074074074074
4 0.8651041666666667 0.6333333333333333 0.8692708333333333 0.6342592592592593 0.8703125 0.6046296296296296 0.8744791666666667 0.5879629629629629 0.86875 0.5694444444444444 0.8619791666666666 0.5796296296296296 0.8604166666666667 0.5851851851851851 0.8625 0.6111111111111112 0.8614583333333333 0.6259259259259259 0.8651041666666667 0.6333333333333333
3 0.31354166666666666 0.4888888888888889 0.3098958333333333 0.4842592592592593 0.30364583333333334 0.4925925925925926 0.30520833333333336 0.5287037037037037 0.3140625 0.5296296296296297 0.315625 0.5055555555555555 0.31354166666666666 0.4888888888888889
4 0.5078125 0.6138888888888889 0.5098958333333333 0.5796296296296296 0.5041666666666667 0.5666666666666667 0.5015625 0.5685185185185185 0.4984375 0.5805555555555556 0.4973958333333333 0.5907407407407408 0.5010416666666667 0.6194444444444445 0.5057291666666667 0.6212962962962963 0.5078125 0.6138888888888889
4 0.5078125 0.5194444444444445 0.5057291666666667 0.5148148148148148 0.5 0.5175925925925926 0.5005208333333333 0.5481481481481482 0.5057291666666667 0.5509259259259259 0.5072916666666667 0.5481481481481482 0.5078125 0.5194444444444445
5 0.584375 0.5388888888888889 0.5791666666666667 0.5407407407407407 0.5770833333333333 0.5527777777777778 0.5786458333333333 0.587037037037037 0.5838541666666667 0.5898148148148148 0.5890625 0.5537037037037037 0.584375 0.5388888888888889
4 0.8291666666666667 0.549074074074074 0.8286458333333333 0.5222222222222223 0.821875 0.5120370370370371 0.8182291666666667 0.512962962962963 0.8171875 0.5203703703703704 0.8161458333333333 0.5527777777777778 0.8177083333333334 0.5564814814814815 0.8265625 0.5574074074074075 0.8291666666666667 0.549074074074074
3 0.7239583333333334 0.5046296296296297 0.7208333333333333 0.4981481481481482 0.715625 0.5018518518518519 0.7145833333333333 0.5203703703703704 0.7171875 0.5407407407407407 0.7208333333333333 0.5444444444444444 0.7239583333333334 0.5046296296296297
5 0.9010416666666666 0.6185185185185185 0.9052083333333333 0.5981481481481481 0.9 0.5833333333333334 0.8963541666666667 0.5833333333333334 0.8921875 0.5990740740740741 0.89375 0.6138888888888889 0.8916666666666667 0.6351851851851852 0.9005208333333333 0.6416666666666667 0.9010416666666666 0.6185185185185185
5 0.871875 0.5481481481481482 0.8671875 0.55 0.8651041666666667 0.5638888888888889 0.865625 0.5768518518518518 0.8723958333333334 0.5796296296296296 0.8739583333333333 0.5583333333333333 0.871875 0.5481481481481482