5 0.7760416666666666 0.8666666666666667 0.7786458333333334 0.8648148148148148 0.7802083333333333 0.8046296296296296 0.7723958333333333 0.7842592592592592 0.76875 0.7870370370370371 0.7651041666666667 0.8009259259259259 0.7640625 0.812962962962963 0.7666666666666667 0.8222222222222222 0.7671875 0.8648148148148148 0.7760416666666666 0.8666666666666667
4 0.19010416666666666 0.7888888888888889 0.19375 0.7851851851851852 0.19583333333333333 0.8027777777777778 0.20104166666666667 0.8046296296296296 0.20208333333333334 0.8009259259259259 0.19479166666666667 0.7277777777777777 0.18958333333333333 0.7268518518518519 0.18489583333333334 0.7407407407407407 0.18385416666666668 0.8018518518518518 0.18541666666666667 0.8046296296296296 0.18802083333333333 0.8027777777777778 0.19010416666666666 0.7888888888888889
5 0.23489583333333333 0.8981481481481481 0.24010416666666667 0.9027777777777778 0.24166666666666667 0.9 0.24166666666666667 0.8574074074074074 0.24322916666666666 0.850925925925926 0.24635416666666668 0.8490740740740741 0.2359375 0.8148148148148148 0.23125 0.8166666666666667 0.22447916666666667 0.8453703703703703 0.22395833333333334 0.862037037037037 0.23020833333333332 0.8629629629629629 0.23385416666666667 0.8777777777777778 0.23489583333333333 0.8981481481481481
4 0.6307291666666667 0.8046296296296296 0.6338541666666667 0.8018518518518518 0.6317708333333333 0.7453703703703703 0.6265625 0.7296296296296296 0.6229166666666667 0.7268518518518519 0.6171875 0.7425925925925926 0.61875 0.8055555555555556 0.6229166666666667 0.8092592592592592 0.6286458333333333 0.8018518518518518 0.6307291666666667 0.8046296296296296
3 0.37447916666666664 0.7611111111111111 0.3770833333333333 0.7037037037037037 0.36875 0.687962962962963 0.36302083333333335 0.7064814814814815 0.3614583333333333 0.7314814814814815 0.36614583333333334 0.762962962962963 0.3729166666666667 0.7638888888888888 0.37447916666666664 0.7611111111111111
4 0.6145833333333334 0.7222222222222222 0.615625 0.6981481481481482 0.6203125 0.6805555555555556 0.6182291666666667 0.6666666666666666 0.6125 0.6537037037037037 0.6098958333333333 0.6537037037037037 0.6067708333333334 0.662962962962963 0.6046875 0.6796296296296296 0.6057291666666667 0.6916666666666667 0.6036458333333333 0.7185185185185186 0.6098958333333333 0.7231481481481481 0.6145833333333334 0.7222222222222222
5 0.18125 0.712037037037037 0.184375 0.6972222222222222 0.18854166666666666 0.6981481481481482 0.19166666666666668 0.712037037037037 0.1953125 0.712037037037037 0.19739583333333333 0.7083333333333334 0.19427083333333334 0.700925925925926 0.19166666666666668 0.6833333333333333 0.190625 0.649074074074074 0.1890625 0.6453703703703704 0.18489583333333334 0.6472222222222223 0.1828125 0.6796296296296296 0.1765625 0.7083333333333334 0.17760416666666667 0.712037037037037 0.18125 0.712037037037037
5 0.9708333333333333 0.7666666666666667 0.9744791666666667 0.762962962962963 0.9744791666666667 0.712037037037037 0.9697916666666667 0.6944444444444444 0.9666666666666667 0.6916666666666667 0.9651041666666667 0.6944444444444444 0.9640625 0.7314814814814815 0.9671875 0.7509259259259259 0.9666666666666667 0.7638888888888888 0.9708333333333333 0.7666666666666667
4 0.4708333333333333 0.700925925925926 0.475 0.7018518518518518 0.475 0.6805555555555556 0.4786458333333333 0.662962962962963 0.47552083333333334 0.6462962962962963 0.4708333333333333 0.6453703703703704 0.4666666666666667 0.6592592592592592 0.4661458333333333 0.6759259259259259 0.46979166666666666 0.6833333333333333 0.46927083333333336 0.6962962962962963 0.4708333333333333 0.700925925925926
4 0.246875 0.7361111111111112 0.246875 0.7037037037037037 0.2520833333333333 0.6935185185185185 0.2515625 0.6768518518518518 0.24895833333333334 0.6657407407407407 0.24375 0.6685185185185185 0.23802083333333332 0.6814814814814815 0.23697916666666666 0.7046296296296296 0.24114583333333334 0.7351851851851852 0.24427083333333333 0.7379629629629629 0.246875 0.7361111111111112
5 0.5026041666666666 0.7046296296296296 0.5015625 0.6537037037037037 0.4984375 0.6472222222222223 0.49322916666666666 0.6583333333333333 0.49166666666666664 0.6787037037037037 0.4921875 0.7037037037037037 0.4947916666666667 0.7055555555555556 0.4979166666666667 0.7018518518518518 0.5026041666666666 0.7046296296296296
4 0.503125 0.6407407407407407 0.5005208333333333 0.6027777777777777 0.49375 0.5944444444444444 0.490625 0.6064814814814815 0.49166666666666664 0.6203703703703703 0.4895833333333333 0.6425925925925926 0.5015625 0.6453703703703704 0.503125 0.6407407407407407
4 0.3104166666666667 0.6898148148148148 0.3125 0.6953703703703704 0.309375 0.7185185185185186 0.31302083333333336 0.7203703703703703 0.31927083333333334 0.7166666666666667 0.3223958333333333 0.7194444444444444 0.32447916666666665 0.7157407407407408 0.32135416666666666 0.6620370370370371 0.3171875 0.6583333333333333 0.3125 0.6685185185185185 0.3109375 0.6805555555555556 0.30625 0.687962962962963 0.3067708333333333 0.6907407407407408 0.3104166666666667 0.6898148148148148
5 0.221875 0.6638888888888889 0.2234375 0.6601851851851852 0.21875 0.6148148148148148 0.21354166666666666 0.6148148148148148 0.21197916666666666 0.6222222222222222 0.20989583333333334 0.6648148148148149 0.21302083333333333 0.6666666666666666 0.21822916666666667 0.6601851851851852 0.221875 0.6638888888888889
4 0.23385416666666667 0.6083333333333333 0.23020833333333332 0.6092592592592593 0.2265625 0.6240740740740741 0.22708333333333333 0.6611111111111111 0.23489583333333333 0.662962962962963 0.23541666666666666 0.6138888888888889 0.23385416666666667 0.6083333333333333
4 0.3458333333333333 0.6722222222222223 0.34375 0.6851851851851852 0.3453125 0.6888888888888889 0.3541666666666667 0.6925925925925925 0.35572916666666665 0.6888888888888889 0.3567708333333333 0.6537037037037037 0.3515625 0.6342592592592593 0.34791666666666665 0.6314814814814815 0.34479166666666666 0.6370370370370371 0.34270833333333334 0.6527777777777778 0.34010416666666665 0.6574074074074074 0.34010416666666665 0.6620370370370371 0.3458333333333333 0.6722222222222223
0 0.88125 0.6907407407407408 0.8770833333333333 0.6916666666666667 0.8760416666666667 0.6972222222222222 0.878125 0.7 0.8829666666666667 0.6974212962962963 0.88125 0.6907407407407408
5 0.7552083333333334 0.6555555555555556 0.7567708333333333 0.6166666666666667 0.7546875 0.6064814814814815 0.7505208333333333 0.6046296296296296 0.7463541666666667 0.6185185185185185 0.746875 0.6444444444444445 0.7447916666666666 0.6537037037037037 0.746875 0.6574074074074074 0.7552083333333334 0.6555555555555556
3 0.21510416666666668 0.5611111111111111 0.209375 0.5777777777777777 0.20989583333333334 0.6064814814814815 0.2203125 0.6064814814814815 0.21979166666666666 0.562037037037037 0.21510416666666668 0.5611111111111111
5 0.35208333333333336 0.6333333333333333 0.3494791666666667 0.6194444444444445 0.35 0.6064814814814815 0.34479166666666666 0.6074074074074074 0.34322916666666664 0.6370370370370371 0.3458333333333333 0.6444444444444445 0.35104166666666664 0.6388888888888888 0.35208333333333336 0.6333333333333333
5 0.31927083333333334 0.6462962962962963 0.315625 0.6333333333333333 0.3125 0.6342592592592593 0.30833333333333335 0.6518518518518519 0.30625 0.6907407407407408 0.31145833333333334 0.6861111111111111 0.3177083333333333 0.6620370370370371 0.31927083333333334 0.6462962962962963
5 0.2953125 0.5805555555555556 0.290625 0.5796296296296296 0.28802083333333334 0.5879629629629629 0.2875 0.6194444444444445 0.2947916666666667 0.6203703703703703 0.296875 0.5916666666666667 0.2953125 0.5805555555555556
3 0.3125 0.5638888888888889 0.30625 0.5518518518518518 0.3026041666666667 0.5638888888888889 0.303125 0.6027777777777777 0.3067708333333333 0.6055555555555555 0.31302083333333336 0.575925925925926 0.3125 0.5638888888888889
4 0.2552083333333333 0.6574074074074074 0.2526041666666667 0.6342592592592593 0.24791666666666667 0.6342592592592593 0.24427083333333333 0.6462962962962963 0.24322916666666666 0.675 0.246875 0.6888888888888889 0.2515625 0.6944444444444444 0.2552083333333333 0.6574074074074074
2 0.8979166666666667 0.6981481481481482 0.9052083333333333 0.700925925925926 0.90625 0.6944444444444444 0.9036458333333334 0.6814814814814815 0.9015625 0.6416666666666667 0.8963541666666667 0.637962962962963 0.8953125 0.6407407407407407 0.8927083333333333 0.6768518518518518 0.8859375 0.6972222222222222 0.890625 0.7018518518518518 0.8979166666666667 0.6981481481481482