4 0.5192708333333333 0.6546296296296297 0.521875 0.6203703703703703 0.5177083333333333 0.6092592592592593 0.5125 0.6185185185185185 0.509375 0.65 0.509375 0.6592592592592592 0.5192708333333333 0.6546296296296297
3 0.32864583333333336 0.6305555555555555 0.3255208333333333 0.6481481481481481 0.33489583333333334 0.6509259259259259 0.33697916666666666 0.6111111111111112 0.3338541666666667 0.5953703703703703 0.3302083333333333 0.5962962962962963 0.3255208333333333 0.6083333333333333 0.3234375 0.6231481481481481 0.32864583333333336 0.6305555555555555
5 0.18854166666666666 0.6648148148148149 0.18802083333333333 0.6731481481481482 0.18958333333333333 0.6759259259259259 0.2046875 0.674074074074074 0.203125 0.6657407407407407 0.20520833333333333 0.6462962962962963 0.20364583333333333 0.6194444444444445 0.2 0.6166666666666667 0.19427083333333334 0.6268518518518519 0.19322916666666667 0.6546296296296297 0.18854166666666666 0.6648148148148149
3 0.9348958333333334 0.9916666666666667 0.9427083333333334 0.9898148148148148 0.94375 0.9990740740740741 0.9484375 0.9990740740740741 0.9510416666666667 0.9435185185185185 0.95 0.9351851851851852 0.9447916666666667 0.9259259259259259 0.9432291666666667 0.912962962962963 0.9375 0.9157407407407407 0.9369791666666667 0.924074074074074 0.9328125 0.9305555555555556 0.9296875 0.9435185185185185 0.9291666666666667 0.9814814814814815 0.9348958333333334 0.9916666666666667
4 0.1578125 0.6148148148148148 0.165625 0.6138888888888889 0.1671875 0.6111111111111112 0.16614583333333333 0.5842592592592593 0.16302083333333334 0.5648148148148148 0.15833333333333333 0.5712962962962963 0.15625 0.5851851851851851 0.15572916666666667 0.6111111111111112 0.1578125 0.6148148148148148
4 0.21354166666666666 0.6342592592592593 0.21666666666666667 0.6407407407407407 0.22083333333333333 0.6407407407407407 0.2234375 0.637962962962963 0.22708333333333333 0.5916666666666667 0.225 0.587037037037037 0.22083333333333333 0.5879629629629629 0.215625 0.5990740740740741 0.21614583333333334 0.6175925925925926 0.21354166666666666 0.6342592592592593
5 0.8140625 0.6944444444444444 0.8182291666666667 0.6925925925925925 0.8197916666666667 0.687962962962963 0.8234375 0.687962962962963 0.8260416666666667 0.6944444444444444 0.8291666666666667 0.6935185185185185 0.828125 0.6722222222222223 0.8302083333333333 0.6601851851851852 0.8234375 0.637962962962963 0.81875 0.6407407407407407 0.8145833333333333 0.6574074074074074 0.8161458333333333 0.6777777777777778 0.8140625 0.6944444444444444
5 0.4041666666666667 0.6259259259259259 0.4078125 0.6240740740740741 0.4109375 0.6074074074074074 0.41041666666666665 0.5861111111111111 0.4078125 0.575925925925926 0.40208333333333335 0.5888888888888889 0.40208333333333335 0.6231481481481481 0.4041666666666667 0.6259259259259259
4 0.06822916666666666 0.6925925925925925 0.0734375 0.6888888888888889 0.07604166666666666 0.6712962962962963 0.0765625 0.6314814814814815 0.071875 0.6305555555555555 0.06666666666666667 0.6481481481481481 0.06666666666666667 0.6898148148148148 0.06822916666666666 0.6925925925925925
5 0.6046875 0.6851851851851852 0.6109375 0.6851851851851852 0.6161458333333333 0.6509259259259259 0.6114583333333333 0.6305555555555555 0.6067708333333334 0.6314814814814815 0.6041666666666666 0.6462962962962963 0.6036458333333333 0.6824074074074075 0.6046875 0.6851851851851852
4 0.36875 0.6796296296296296 0.3729166666666667 0.6796296296296296 0.37552083333333336 0.675 0.3729166666666667 0.662962962962963 0.378125 0.6453703703703704 0.378125 0.6361111111111111 0.3723958333333333 0.6240740740740741 0.36875 0.6240740740740741 0.3651041666666667 0.6342592592592593 0.36614583333333334 0.674074074074074 0.36875 0.6796296296296296
5 0.10104166666666667 0.6722222222222223 0.09947916666666666 0.6935185185185185 0.1109375 0.6944444444444444 0.1109375 0.6416666666666667 0.10677083333333333 0.6388888888888888 0.10208333333333333 0.6444444444444445 0.09895833333333333 0.6620370370370371 0.10104166666666667 0.6722222222222223
4 0.0984375 0.6657407407407407 0.103125 0.6712962962962963 0.11041666666666666 0.6712962962962963 0.11197916666666667 0.6675925925925926 0.1109375 0.6388888888888888 0.11302083333333333 0.6305555555555555 0.1171875 0.6268518518518519 0.10677083333333333 0.6157407407407407 0.103125 0.6203703703703703 0.10104166666666667 0.6296296296296297 0.1015625 0.65 0.0984375 0.6657407407407407
5 0.3765625 0.6462962962962963 0.3807291666666667 0.649074074074074 0.384375 0.6194444444444445 0.38125 0.5962962962962963 0.3765625 0.5953703703703703 0.37447916666666664 0.6064814814814815 0.3734375 0.625 0.3765625 0.6462962962962963
5 0.23229166666666667 0.6111111111111112 0.23541666666666666 0.6101851851851852 0.23802083333333332 0.5777777777777777 0.23229166666666667 0.575925925925926 0.22864583333333333 0.5657407407407408 0.22604166666666667 0.5740740740740741 0.22447916666666667 0.5925925925925926 0.23229166666666667 0.6111111111111112
5 0.7213541666666666 0.6583333333333333 0.7239583333333334 0.6546296296296297 0.725 0.6175925925925926 0.7234375 0.6064814814814815 0.7192708333333333 0.6074074074074074 0.7171875 0.6259259259259259 0.7177083333333333 0.6509259259259259 0.7213541666666666 0.6583333333333333
5 0.7322916666666667 0.7657407407407407 0.7359375 0.7657407407407407 0.7421875 0.7601851851851852 0.74375 0.7166666666666667 0.7395833333333334 0.700925925925926 0.7364583333333333 0.7027777777777777 0.73125 0.7157407407407408 0.7307291666666667 0.7537037037037037 0.7322916666666667 0.7657407407407407
4 0.2677083333333333 0.5944444444444444 0.27239583333333334 0.5685185185185185 0.2708333333333333 0.5583333333333333 0.26666666666666666 0.5592592592592592 0.2630208333333333 0.5796296296296296 0.2630208333333333 0.5935185185185186 0.2677083333333333 0.5944444444444444
3 0.20260416666666667 0.5824074074074074 0.20520833333333333 0.587037037037037 0.2078125 0.5833333333333334 0.21041666666666667 0.5444444444444444 0.20833333333333334 0.5416666666666666 0.20208333333333334 0.5481481481481482 0.20104166666666667 0.5685185185185185 0.20260416666666667 0.5824074074074074
0 0.2869791666666667 0.5916666666666667 0.28541666666666665 0.5879629629629629 0.28125 0.5888888888888889 0.28229166666666666 0.5962962962962963 0.2869791666666667 0.5916666666666667
4 0.5947916666666667 0.7666666666666667 0.603125 0.7657407407407407 0.6052083333333333 0.7157407407407408 0.6015625 0.6944444444444444 0.596875 0.6935185185185185 0.5911458333333334 0.7064814814814815 0.5916666666666667 0.762962962962963 0.5947916666666667 0.7666666666666667
4 0.17760416666666667 0.6074074074074074 0.1890625 0.6074074074074074 0.19114583333333332 0.6046296296296296 0.19114583333333332 0.5990740740740741 0.1875 0.5925925925925926 0.17447916666666666 0.5981481481481481 0.17395833333333333 0.6037037037037037 0.17760416666666667 0.6074074074074074
4 0.8302083333333333 0.6194444444444445 0.828125 0.6046296296296296 0.8307291666666666 0.5842592592592593 0.8260416666666667 0.5740740740740741 0.8213541666666667 0.5861111111111111 0.821875 0.6194444444444445 0.8302083333333333 0.6194444444444445