4 0.49166666666666664 0.6861111111111111 0.49375 0.7037037037037037 0.4973958333333333 0.7027777777777777 0.5 0.6694444444444444 0.5036458333333333 0.6620370370370371 0.503125 0.6509259259259259 0.4979166666666667 0.6351851851851852 0.4942708333333333 0.6333333333333333 0.4869791666666667 0.6546296296296297 0.4859375 0.6694444444444444 0.49166666666666664 0.6861111111111111
4 0.16822916666666668 0.7287037037037037 0.16666666666666666 0.7472222222222222 0.1734375 0.7546296296296297 0.17708333333333334 0.7527777777777778 0.178125 0.7351851851851852 0.1828125 0.7111111111111111 0.18177083333333333 0.6925925925925925 0.17708333333333334 0.6777777777777778 0.17291666666666666 0.6759259259259259 0.16197916666666667 0.7027777777777777 0.16145833333333334 0.7129629629629629 0.16822916666666668 0.7287037037037037
5 0.8223958333333333 0.8296296296296296 0.8328125 0.8490740740740741 0.8354166666666667 0.8648148148148148 0.8427083333333333 0.8759259259259259 0.846875 0.8768518518518519 0.8411458333333334 0.8101851851851852 0.8328125 0.7962962962962963 0.821875 0.7861111111111111 0.81875 0.7907407407407407 0.8171875 0.8055555555555556 0.8177083333333334 0.8342592592592593 0.8223958333333333 0.8296296296296296
4 0.2921875 0.8629629629629629 0.2875 0.8888888888888888 0.290625 0.8962962962962963 0.2947916666666667 0.8962962962962963 0.29739583333333336 0.8916666666666667 0.2953125 0.8824074074074074 0.2994791666666667 0.8657407407407407 0.3 0.8416666666666667 0.296875 0.7925925925925926 0.2911458333333333 0.7907407407407407 0.2864583333333333 0.8092592592592592 0.2869791666666667 0.8472222222222222 0.2921875 0.8629629629629629
4 0.23489583333333333 0.6638888888888889 0.24583333333333332 0.6638888888888889 0.24791666666666667 0.6425925925925926 0.24322916666666666 0.5990740740740741 0.24010416666666667 0.5972222222222222 0.23645833333333333 0.6092592592592593 0.23333333333333334 0.6611111111111111 0.23489583333333333 0.6638888888888889
5 0.6302083333333334 0.8055555555555556 0.6223958333333334 0.812962962962963 0.6239583333333333 0.8185185185185185 0.6307291666666667 0.8212962962962963 0.6322916666666667 0.825925925925926 0.6307291666666667 0.8657407407407407 0.6369791666666667 0.8638888888888889 0.6447916666666667 0.8870370370370371 0.65 0.887962962962963 0.6447916666666667 0.8666666666666667 0.6432291666666666 0.8435185185185186 0.6473958333333333 0.8138888888888889 0.6385416666666667 0.787962962962963 0.6333333333333333 0.7907407407407407 0.6333333333333333 0.7981481481481482 0.6302083333333334 0.8055555555555556
4 0.8651041666666667 0.6648148148148149 0.8729166666666667 0.6657407407407407 0.875 0.6574074074074074 0.8723958333333334 0.6148148148148148 0.8692708333333333 0.6055555555555555 0.8661458333333333 0.6064814814814815 0.8619791666666666 0.6148148148148148 0.8625 0.6611111111111111 0.8651041666666667 0.6648148148148149
4 0.671875 0.8648148148148148 0.6786458333333333 0.8648148148148148 0.6854166666666667 0.8342592592592593 0.6932291666666667 0.8398148148148148 0.696875 0.8601851851851852 0.703125 0.8611111111111112 0.6859375 0.7824074074074074 0.68125 0.7842592592592592 0.6770833333333334 0.8027777777777778 0.6765625 0.8416666666666667 0.671875 0.8648148148148148
5 0.6770833333333334 0.7287037037037037 0.68125 0.7314814814814815 0.6822916666666666 0.7277777777777777 0.6885416666666667 0.7268518518518519 0.6895833333333333 0.7305555555555555 0.6932291666666667 0.7305555555555555 0.6947916666666667 0.7277777777777777 0.6911458333333333 0.7148148148148148 0.690625 0.6796296296296296 0.6875 0.6611111111111111 0.6822916666666666 0.6601851851851852 0.6770833333333334 0.6731481481481482 0.675 0.6814814814814815 0.6770833333333334 0.7287037037037037
5 0.9005208333333333 0.6435185185185185 0.9078125 0.6481481481481481 0.9109375 0.6240740740740741 0.909375 0.6157407407407407 0.903125 0.6083333333333333 0.8979166666666667 0.6203703703703703 0.8973958333333333 0.6277777777777778 0.9005208333333333 0.6435185185185185
5 0.6572916666666667 0.6657407407407407 0.6578125 0.6694444444444444 0.6625 0.6703703703703704 0.6635416666666667 0.6657407407407407 0.6604166666666667 0.6583333333333333 0.6588541666666666 0.6425925925925926 0.6598958333333333 0.6305555555555555 0.6546875 0.6027777777777777 0.6520833333333333 0.6046296296296296 0.6479166666666667 0.6222222222222222 0.6463541666666667 0.6694444444444444 0.6572916666666667 0.6657407407407407
5 0.28125 0.7601851851851852 0.2869791666666667 0.762962962962963 0.28802083333333334 0.7592592592592593 0.2953125 0.7592592592592593 0.29791666666666666 0.7648148148148148 0.3020833333333333 0.7638888888888888 0.3026041666666667 0.7592592592592593 0.2994791666666667 0.7527777777777778 0.3 0.7157407407407408 0.2953125 0.687962962962963 0.2916666666666667 0.6898148148148148 0.2869791666666667 0.7101851851851851 0.2859375 0.7398148148148148 0.28125 0.7601851851851852
4 0.7520833333333333 0.5685185185185185 0.7625 0.5722222222222222 0.7640625 0.5453703703703704 0.7625 0.5314814814814814 0.759375 0.5259259259259259 0.753125 0.5314814814814814 0.7541666666666667 0.5537037037037037 0.7520833333333333 0.5685185185185185
5 0.9708333333333333 0.7111111111111111 0.9770833333333333 0.7027777777777777 0.9802083333333333 0.7129629629629629 0.9833333333333333 0.7129629629629629 0.9791666666666666 0.6574074074074074 0.9744791666666667 0.6444444444444445 0.9703125 0.6453703703703704 0.9666666666666667 0.6574074074074074 0.9671875 0.7092592592592593 0.9708333333333333 0.7111111111111111
3 0.6182291666666667 0.5481481481481482 0.6265625 0.549074074074074 0.6265625 0.5138888888888888 0.6229166666666667 0.5046296296296297 0.6192708333333333 0.5055555555555555 0.6161458333333333 0.5166666666666667 0.6182291666666667 0.5481481481481482
0 0.7203125 0.9120370370370371 0.7244791666666667 0.912962962962963 0.7286458333333333 0.9074074074074074 0.7244791666666667 0.8953703703703704 0.7177083333333333 0.9009259259259259 0.7177083333333333 0.9083333333333333 0.7203125 0.9120370370370371
4 0.7598958333333333 0.9268518518518518 0.7682291666666666 0.9324074074074075 0.7833333333333333 0.9296296296296296 0.7828125 0.9138888888888889 0.7765625 0.899074074074074 0.7729166666666667 0.8796296296296297 0.7671875 0.8796296296296297 0.7619791666666667 0.8935185185185185 0.75625 0.8935185185185185 0.7567708333333333 0.9166666666666666 0.7598958333333333 0.9268518518518518
4 0.8921875 0.7092592592592593 0.8953125 0.7138888888888889 0.9046875 0.7157407407407408 0.9067708333333333 0.7129629629629629 0.9083333333333333 0.6851851851851852 0.9067708333333333 0.6435185185185185 0.9026041666666667 0.6416666666666667 0.8963541666666667 0.6574074074074074 0.896875 0.6898148148148148 0.8921875 0.7092592592592593
5 0.7916666666666666 0.875 0.784375 0.8842592592592593 0.784375 0.8898148148148148 0.7911458333333333 0.9083333333333333 0.8 0.9055555555555556 0.8098958333333334 0.9185185185185185 0.8104166666666667 0.9231481481481482 0.8140625 0.9212962962962963 0.8145833333333333 0.9148148148148149 0.80625 0.8935185185185185 0.8026041666666667 0.8666666666666667 0.803125 0.850925925925926 0.7984375 0.8277777777777777 0.7947916666666667 0.825 0.7880208333333333 0.8361111111111111 0.7927083333333333 0.8694444444444445 0.7916666666666666 0.875
3 0.3260416666666667 0.5453703703703704 0.33177083333333335 0.5444444444444444 0.334375 0.5407407407407407 0.3359375 0.5166666666666667 0.334375 0.5009259259259259 0.32760416666666664 0.5018518518518519 0.32447916666666665 0.512962962962963 0.32395833333333335 0.5407407407407407 0.3260416666666667 0.5453703703703704
3 0.7822916666666667 0.6768518518518518 0.7802083333333333 0.6981481481481482 0.7869791666666667 0.7037037037037037 0.7911458333333333 0.6851851851851852 0.7921875 0.6462962962962963 0.7869791666666667 0.6296296296296297 0.7791666666666667 0.6416666666666667 0.7765625 0.6546296296296297 0.7822916666666667 0.6768518518518518
5 0.5755208333333334 0.6342592592592593 0.575 0.6435185185185185 0.58125 0.6472222222222223 0.5828125 0.6453703703703704 0.5828125 0.6194444444444445 0.5864583333333333 0.6037037037037037 0.5817708333333333 0.5916666666666667 0.578125 0.5888888888888889 0.5760416666666667 0.5898148148148148 0.5708333333333333 0.6055555555555555 0.5703125 0.6148148148148148 0.5755208333333334 0.6342592592592593