5 0.3151041666666667 0.700925925925926 0.3140625 0.7092592592592593 0.3255208333333333 0.7148148148148148 0.32760416666666664 0.712037037037037 0.32864583333333336 0.6990740740740741 0.32916666666666666 0.6564814814814814 0.3255208333333333 0.6537037037037037 0.321875 0.6657407407407407 0.3182291666666667 0.6972222222222222 0.3151041666666667 0.700925925925926
4 0.23489583333333333 0.7287037037037037 0.2359375 0.7324074074074074 0.24583333333333332 0.725925925925926 0.24739583333333334 0.7314814814814815 0.24947916666666667 0.7314814814814815 0.24895833333333334 0.712037037037037 0.25364583333333335 0.6972222222222222 0.2520833333333333 0.6685185185185185 0.24375 0.6666666666666666 0.2375 0.6833333333333333 0.24010416666666667 0.7046296296296296 0.23489583333333333 0.7287037037037037
4 0.40677083333333336 0.7287037037037037 0.4119791666666667 0.7342592592592593 0.4171875 0.7287037037037037 0.42239583333333336 0.700925925925926 0.4197916666666667 0.675 0.415625 0.6759259259259259 0.4114583333333333 0.6898148148148148 0.4109375 0.7064814814814815 0.40677083333333336 0.7287037037037037
4 0.20260416666666667 0.7777777777777778 0.20052083333333334 0.8018518518518518 0.20572916666666666 0.8046296296296296 0.2078125 0.8018518518518518 0.20989583333333334 0.7645833333333333 0.21510416666666668 0.7518518518518519 0.21145833333333333 0.7472222222222222 0.20520833333333333 0.725 0.20104166666666667 0.7277777777777777 0.19791666666666666 0.7416666666666667 0.19739583333333333 0.7537037037037037 0.20260416666666667 0.7777777777777778
5 0.5270833333333333 0.7037037037037037 0.5270833333333333 0.7083333333333334 0.5296875 0.7092592592592593 0.5322916666666667 0.7037037037037037 0.5411458333333333 0.7148148148148148 0.5421875 0.6731481481481482 0.540625 0.6601851851851852 0.5369791666666667 0.6583333333333333 0.5322916666666667 0.6694444444444444 0.5307291666666667 0.6972222222222222 0.5270833333333333 0.7037037037037037
5 0.23802083333333332 0.7916666666666666 0.23541666666666666 0.8064814814814815 0.2375 0.8101851851851852 0.24375 0.8101851851851852 0.246875 0.8064814814814815 0.2453125 0.7592592592592593 0.24114583333333334 0.7481481481481481 0.24010416666666667 0.7379629629629629 0.2359375 0.7342592592592593 0.23072916666666668 0.7537037037037037 0.23072916666666668 0.7731481481481481 0.23802083333333332 0.7916666666666666
3 0.9109375 0.9990740740740741 0.9166666666666666 0.9990740740740741 0.9223958333333333 0.9833333333333333 0.9255208333333333 0.9861111111111112 0.9270833333333334 0.9990740740740741 0.9322916666666666 0.9990740740740741 0.9338541666666667 0.9398148148148148 0.9260416666666667 0.912962962962963 0.9208333333333333 0.912962962962963 0.91875 0.9231481481481482 0.9140625 0.9314814814814815 0.9098958333333333 0.962037037037037 0.9083333333333333 0.9833333333333333 0.9109375 0.9990740740740741
4 0.5 0.6935185185185185 0.4984375 0.7046296296296296 0.5015625 0.7129629629629629 0.5057291666666667 0.7138888888888889 0.5083333333333333 0.6981481481481482 0.5067708333333333 0.6814814814814815 0.5078125 0.6592592592592592 0.5052083333333334 0.6564814814814814 0.4979166666666667 0.6675925925925926 0.4973958333333333 0.6824074074074075 0.5 0.6935185185185185
5 0.75 0.7842592592592592 0.7494791666666667 0.8064814814814815 0.7520833333333333 0.8092592592592592 0.7546875 0.8009259259259259 0.7635416666666667 0.8092592592592592 0.7609375 0.7851851851851852 0.7619791666666667 0.7675925925925926 0.7557291666666667 0.7416666666666667 0.7515625 0.7435185185185185 0.7442708333333333 0.7675925925925926 0.7442708333333333 0.7731481481481481 0.75 0.7842592592592592
4 0.6109375 0.7361111111111112 0.61875 0.7388888888888889 0.6197916666666666 0.7361111111111112 0.6229166666666667 0.7101851851851851 0.621875 0.6962962962962963 0.6182291666666667 0.687037037037037 0.6125 0.6814814814814815 0.609375 0.6824074074074075 0.6078125 0.687962962962963 0.6057291666666667 0.7231481481481481 0.60625 0.7388888888888889 0.6109375 0.7361111111111112
5 0.25885416666666666 0.6731481481481482 0.26458333333333334 0.675 0.2703125 0.6583333333333333 0.2708333333333333 0.637962962962963 0.2677083333333333 0.6175925925925926 0.26458333333333334 0.6185185185185185 0.2609375 0.6333333333333333 0.26197916666666665 0.6537037037037037 0.25885416666666666 0.6731481481481482
4 0.5979166666666667 0.712037037037037 0.6010416666666667 0.7083333333333334 0.5984375 0.6805555555555556 0.5942708333333333 0.6648148148148149 0.5916666666666667 0.6601851851851852 0.5890625 0.6611111111111111 0.590625 0.712037037037037 0.5979166666666667 0.712037037037037
4 0.6442708333333333 0.6537037037037037 0.6463541666666667 0.6574074074074074 0.65625 0.6583333333333333 0.6583333333333333 0.6537037037037037 0.6583333333333333 0.6259259259259259 0.6541666666666667 0.612037037037037 0.65 0.612037037037037 0.6479166666666667 0.6157407407407407 0.6447916666666667 0.6333333333333333 0.6473958333333333 0.6416666666666667 0.6442708333333333 0.6537037037037037
5 0.475 0.6962962962962963 0.4739583333333333 0.7129629629629629 0.4796875 0.7166666666666667 0.48385416666666664 0.7129629629629629 0.4796875 0.6537037037037037 0.4744791666666667 0.6518518518518519 0.4734375 0.6564814814814814 0.471875 0.6814814814814815 0.475 0.6962962962962963
3 0.33697916666666666 0.6083333333333333 0.33958333333333335 0.6074074074074074 0.3411458333333333 0.575925925925926 0.3338541666666667 0.5583333333333333 0.32916666666666666 0.5574074074074075 0.3265625 0.5638888888888889 0.3296875 0.5990740740740741 0.33697916666666666 0.6083333333333333
0 0.5588541666666667 0.6805555555555556 0.55625 0.6712962962962963 0.5526041666666667 0.6759259259259259 0.5536458333333333 0.6833333333333333 0.5588541666666667 0.6805555555555556
5 0.37135416666666665 0.6666666666666666 0.3729166666666667 0.6703703703703704 0.3765625 0.6694444444444444 0.37395833333333334 0.6194444444444445 0.3703125 0.6222222222222222 0.3645833333333333 0.6416666666666667 0.3609375 0.6685185185185185 0.37135416666666665 0.6666666666666666
4 0.37552083333333336 0.6694444444444444 0.3770833333333333 0.6694444444444444 0.37864583333333335 0.6592592592592592 0.38125 0.6583333333333333 0.38385416666666666 0.6638888888888889 0.3880208333333333 0.662962962962963 0.3828125 0.6138888888888889 0.3802083333333333 0.6111111111111112 0.37395833333333334 0.6231481481481481 0.3729166666666667 0.6592592592592592 0.37552083333333336 0.6694444444444444
3 0.4625 0.7175925925925926 0.46041666666666664 0.7407407407407407 0.4635416666666667 0.7444444444444445 0.4703125 0.7398148148148148 0.4734375 0.7129629629629629 0.46927083333333336 0.6981481481481482 0.46979166666666666 0.6861111111111111 0.4666666666666667 0.6731481481481482 0.459375 0.6888888888888889 0.4588541666666667 0.7 0.4625 0.7175925925925926
5 0.8067708333333333 0.7490740740740741 0.8166666666666667 0.7472222222222222 0.8208333333333333 0.725 0.8244791666666667 0.7175925925925926 0.8239583333333333 0.7046296296296296 0.8182291666666667 0.6888888888888889 0.8140625 0.6888888888888889 0.8130208333333333 0.6925925925925925 0.8057291666666667 0.7444444444444445 0.8067708333333333 0.7490740740740741
4 0.6328125 0.7694444444444445 0.634375 0.7898148148148149 0.6421875 0.7907407407407407 0.640625 0.7305555555555555 0.6364583333333333 0.7166666666666667 0.6333333333333333 0.7148148148148148 0.6270833333333333 0.7314814814814815 0.6270833333333333 0.7425925925925926 0.6328125 0.7694444444444445
4 0.2390625 0.6851851851851852 0.24010416666666667 0.687962962962963 0.246875 0.6851851851851852 0.25 0.6953703703703704 0.2526041666666667 0.6972222222222222 0.2546875 0.6620370370370371 0.2526041666666667 0.6416666666666667 0.2484375 0.6398148148148148 0.24322916666666666 0.6537037037037037 0.24427083333333333 0.6648148148148149 0.2390625 0.6851851851851852
5 0.6234375 0.6990740740740741 0.6276041666666666 0.6925925925925925 0.6276041666666666 0.674074074074074 0.6229166666666667 0.6601851851851852 0.61875 0.6611111111111111 0.6182291666666667 0.6898148148148148 0.6234375 0.6990740740740741
5 0.7479166666666667 0.6759259259259259 0.7520833333333333 0.662962962962963 0.7536458333333333 0.6388888888888888 0.75 0.625 0.7463541666666667 0.6259259259259259 0.74375 0.6398148148148148 0.7421875 0.674074074074074 0.7479166666666667 0.6759259259259259
3 0.6359375 0.6138888888888889 0.6385416666666667 0.6111111111111112 0.6390625 0.6027777777777777 0.6427083333333333 0.5953703703703703 0.6416666666666667 0.575925925925926 0.634375 0.5601851851851852 0.6307291666666667 0.5712962962962963 0.6322916666666667 0.6101851851851852 0.6359375 0.6138888888888889