4 0.6104166666666667 0.7268518518518519 0.6140625 0.7287037037037037 0.6151041666666667 0.7361111111111112 0.61875 0.737037037037037 0.6223958333333334 0.7046296296296296 0.6213541666666667 0.6972222222222222 0.6182291666666667 0.6888888888888889 0.6114583333333333 0.6814814814814815 0.6072916666666667 0.6851851851851852 0.60625 0.7138888888888889 0.6026041666666667 0.737037037037037 0.6067708333333334 0.7379629629629629 0.6104166666666667 0.7268518518518519
3 0.9197916666666667 0.9842592592592593 0.925 0.9833333333333333 0.928125 0.9990740740740741 0.9328125 0.9990740740740741 0.9333333333333333 0.9398148148148148 0.9265625 0.9157407407407407 0.9239583333333333 0.9120370370370371 0.9197916666666667 0.9148148148148149 0.9182291666666667 0.924074074074074 0.9119791666666667 0.937037037037037 0.9067708333333333 0.9814814814814815 0.9098958333333333 0.9990740740740741 0.9161458333333333 0.9990740740740741 0.9197916666666667 0.9842592592592593
4 0.2421875 0.725 0.2484375 0.7268518518518519 0.2520833333333333 0.7324074074074074 0.253125 0.7240740740740741 0.25104166666666666 0.7083333333333334 0.25416666666666665 0.6972222222222222 0.253125 0.6675925925925926 0.24791666666666667 0.6620370370370371 0.23958333333333334 0.6842592592592592 0.2421875 0.7092592592592593 0.2359375 0.7287037037037037 0.23958333333333334 0.7296296296296296 0.2421875 0.725
5 0.759375 0.7944444444444444 0.7619791666666667 0.8064814814814815 0.7645833333333333 0.8074074074074075 0.7635416666666667 0.762962962962963 0.7583333333333333 0.7416666666666667 0.7541666666666667 0.7398148148148148 0.7479166666666667 0.7574074074074074 0.75 0.8064814814814815 0.7526041666666666 0.8074074074074075 0.7541666666666667 0.7972222222222223 0.759375 0.7944444444444444
4 0.50625 0.7138888888888889 0.5119791666666667 0.6944444444444444 0.5098958333333333 0.6574074074074074 0.5052083333333334 0.6601851851851852 0.5010416666666667 0.6685185185185185 0.5 0.6842592592592592 0.5036458333333333 0.6990740740740741 0.5020833333333333 0.712037037037037 0.50625 0.7138888888888889
5 0.27239583333333334 0.6388888888888888 0.2703125 0.6194444444444445 0.26614583333333336 0.6175925925925926 0.26197916666666665 0.6314814814814815 0.2625 0.6574074074074074 0.259375 0.6722222222222223 0.2703125 0.675 0.27239583333333334 0.6388888888888888
3 0.46458333333333335 0.7398148148148148 0.4744791666666667 0.7435185185185185 0.4744791666666667 0.7111111111111111 0.46875 0.6731481481481482 0.465625 0.674074074074074 0.4609375 0.6898148148148148 0.4635416666666667 0.7148148148148148 0.4609375 0.7398148148148148 0.4625 0.7435185185185185 0.46458333333333335 0.7398148148148148
4 0.6333333333333333 0.7861111111111111 0.6348958333333333 0.7898148148148149 0.6427083333333333 0.7888888888888889 0.6442708333333333 0.7824074074074074 0.6411458333333333 0.7305555555555555 0.6359375 0.7129629629629629 0.6307291666666667 0.7166666666666667 0.6276041666666666 0.7287037037037037 0.6276041666666666 0.7407407407407407 0.6328125 0.7675925925925926 0.6333333333333333 0.7861111111111111
4 0.5989583333333334 0.7055555555555556 0.5979166666666667 0.6814814814814815 0.5942708333333333 0.6666666666666666 0.5875 0.6601851851851852 0.5890625 0.7055555555555556 0.590625 0.712037037037037 0.5947916666666667 0.712037037037037 0.5989583333333334 0.7055555555555556
4 0.38385416666666666 0.6148148148148148 0.3807291666666667 0.6101851851851852 0.375 0.6222222222222222 0.37447916666666664 0.6398148148148148 0.37552083333333336 0.6694444444444444 0.3776041666666667 0.6648148148148149 0.3880208333333333 0.6620370370370371 0.38385416666666666 0.6148148148148148
5 0.3770833333333333 0.6592592592592592 0.37447916666666664 0.6194444444444445 0.37135416666666665 0.6203703703703703 0.3651041666666667 0.6435185185185185 0.36666666666666664 0.6537037037037037 0.3625 0.6657407407407407 0.375 0.6694444444444444 0.3770833333333333 0.6592592592592592
0 0.5520833333333334 0.6768518518518518 0.55 0.6796296296296296 0.55 0.6898148148148148 0.5557291666666667 0.687962962962963 0.5546875 0.6787037037037037 0.5520833333333334 0.6768518518518518
5 0.540625 0.6592592592592592 0.5359375 0.6583333333333333 0.53125 0.6694444444444444 0.5333333333333333 0.7046296296296296 0.540625 0.7148148148148148 0.5427083333333333 0.7037037037037037 0.540625 0.6592592592592592
4 0.41770833333333335 0.725 0.42239583333333336 0.6981481481481482 0.4203125 0.6731481481481482 0.4171875 0.674074074074074 0.4114583333333333 0.6888888888888889 0.4119791666666667 0.7138888888888889 0.4083333333333333 0.7277777777777777 0.4125 0.7342592592592593 0.41770833333333335 0.725
4 0.6552083333333333 0.6592592592592592 0.6583333333333333 0.649074074074074 0.6572916666666667 0.6203703703703703 0.6541666666666667 0.612037037037037 0.65 0.612037037037037 0.6463541666666667 0.6231481481481481 0.6453125 0.6351851851851852 0.6473958333333333 0.6444444444444445 0.6458333333333334 0.6527777777777778 0.6552083333333333 0.6592592592592592
5 0.3203125 0.7129629629629629 0.3260416666666667 0.7138888888888889 0.33125 0.6796296296296296 0.33125 0.6564814814814814 0.3260416666666667 0.6537037037037037 0.321875 0.6694444444444444 0.321875 0.6885805555555555 0.3182291666666667 0.700925925925926 0.3182291666666667 0.7092592592592593 0.3203125 0.7129629629629629
3 0.33489583333333334 0.6055555555555555 0.3416666666666667 0.6064814814814815 0.3416666666666667 0.575925925925926 0.334375 0.5648148148148148 0.3338541666666667 0.5592592592592592 0.328125 0.5601851851851852 0.32916666666666666 0.5731481481481482 0.32760416666666664 0.5824074074074074 0.3296875 0.5990740740740741 0.33489583333333334 0.6055555555555555
5 0.8192708333333333 0.7287037037037037 0.8265625 0.7157407407407408 0.8260416666666667 0.7027777777777777 0.8192708333333333 0.687037037037037 0.8151041666666666 0.6888888888888889 0.8119791666666667 0.7129629629629629 0.8104166666666667 0.7453703703703703 0.8140625 0.7481481481481481 0.8177083333333334 0.7435185185185185 0.8192708333333333 0.7287037037037037
5 0.6276041666666666 0.6768518518518518 0.625 0.6620370370370371 0.6229166666666667 0.6583333333333333 0.6192708333333333 0.6611111111111111 0.6182291666666667 0.6907407407407408 0.6229166666666667 0.7083333333333334 0.6260416666666667 0.7046296296296296 0.6276041666666666 0.6768518518518518
4 0.20677083333333332 0.8027777777777778 0.21041666666666667 0.799074074074074 0.2109375 0.7583333333333333 0.21458333333333332 0.75 0.20625 0.7231481481481481 0.203125 0.7240740740740741 0.19791666666666666 0.7425925925925926 0.19739583333333333 0.7509259259259259 0.20364583333333333 0.774074074074074 0.20104166666666667 0.799074074074074 0.20677083333333332 0.8027777777777778
3 0.2390625 0.8101851851851852 0.24791666666666667 0.8083333333333333 0.24739583333333334 0.762962962962963 0.24427083333333333 0.7583333333333333 0.24010416666666667 0.737037037037037 0.23541666666666666 0.7398148148148148 0.23125 0.7555555555555555 0.23177083333333334 0.775 0.2390625 0.787962962962963 0.23645833333333333 0.8064814814814815 0.2390625 0.8101851851851852
5 0.4765625 0.7148148148148148 0.4822916666666667 0.7148148148148148 0.48541666666666666 0.7111111111111111 0.4796875 0.65 0.47604166666666664 0.6509259259259259 0.4734375 0.662962962962963 0.47291666666666665 0.6777777777777778 0.47552083333333334 0.6935185185185185 0.4744791666666667 0.7101851851851851 0.4765625 0.7148148148148148
3 0.6385416666666667 0.6092592592592593 0.6421875 0.5935185185185186 0.6411458333333333 0.5740740740740741 0.6348958333333333 0.5546296296296296 0.6307291666666667 0.5601851851851852 0.6307291666666667 0.6046296296296296 0.6317708333333333 0.6111111111111112 0.6348958333333333 0.6129629629629629 0.6385416666666667 0.6092592592592593
5 0.7541666666666667 0.6518518518518519 0.7546875 0.6342592592592593 0.7515625 0.6231481481481481 0.7463541666666667 0.625 0.7447916666666666 0.6222222222222222 0.7442708333333333 0.6370370370370371 0.74375 0.6731481481481482 0.7479166666666667 0.6768518518518518 0.7505208333333333 0.6731481481481482 0.7541666666666667 0.6518518518518519