5 0.22708333333333333 0.7546296296296297 0.23229166666666667 0.7527777777777778 0.2359375 0.7092592592592593 0.23333333333333334 0.6787037037037037 0.228125 0.6824074074074075 0.22395833333333334 0.6962962962962963 0.22395833333333334 0.725 0.2203125 0.7342592592592593 0.21458333333333332 0.7398148148148148 0.2140625 0.7472222222222222 0.21614583333333334 0.75 0.22239583333333332 0.7481481481481481 0.22708333333333333 0.7546296296296297
4 0.7244791666666667 0.812037037037037 0.7229166666666667 0.8490740740740741 0.7244791666666667 0.8527777777777777 0.7296875 0.8537037037037037 0.7317708333333334 0.8518518518518519 0.734375 0.8194444444444444 0.7416666666666667 0.8037037037037037 0.7447916666666666 0.8027777777777778 0.7479166666666667 0.8074074074074075 0.7489583333333333 0.8018518518518518 0.7291666666666666 0.7592592592592593 0.7229166666666667 0.7620370370370371 0.7229166666666667 0.787962962962963 0.71875 0.8 0.721875 0.8018518518518518 0.7244791666666667 0.812037037037037
4 0.5557291666666667 0.6231481481481481 0.5479166666666667 0.6092592592592593 0.5416666666666666 0.625 0.5421875 0.6722222222222223 0.5453125 0.674074074074074 0.5520833333333334 0.6592592592592592 0.5557291666666667 0.6231481481481481
4 0.8729166666666667 0.6898148148148148 0.884375 0.6935185185185185 0.8859375 0.6888888888888889 0.8833333333333333 0.674074074074074 0.8890625 0.6555555555555556 0.8880208333333334 0.6361111111111111 0.884375 0.625 0.8796875 0.6212962962962963 0.8765625 0.625 0.8723958333333334 0.6416666666666667 0.8708333333333333 0.6546296296296297 0.8739583333333333 0.6694444444444444 0.8708333333333333 0.6861111111111111 0.8729166666666667 0.6898148148148148
4 0.8515625 0.6074074074074074 0.8510416666666667 0.6 0.8463541666666666 0.5861111111111111 0.8395833333333333 0.5990740740740741 0.8401041666666667 0.625 0.8380208333333333 0.637962962962963 0.8453125 0.6416666666666667 0.8515625 0.6074074074074074
5 0.4666666666666667 0.8361111111111111 0.4734375 0.8333333333333334 0.4817708333333333 0.8074074074074075 0.4875 0.8027777777777778 0.49114583333333334 0.8166666666666667 0.4901041666666667 0.8342592592592593 0.49166666666666664 0.8379629629629629 0.49583333333333335 0.8379629629629629 0.4953125 0.8018518518518518 0.4979166666666667 0.7824074074074074 0.4947916666666667 0.7703703703703704 0.4822916666666667 0.7490740740740741 0.4796875 0.7518518518518519 0.47604166666666664 0.7703703703703704 0.4734375 0.7888888888888889 0.4739583333333333 0.8111111111111111 0.46510416666666665 0.8333333333333334 0.4666666666666667 0.8361111111111111
5 0.8875 0.5925925925925926 0.8854166666666666 0.5824074074074074 0.8807291666666667 0.5796296296296296 0.8755208333333333 0.5944444444444444 0.8755208333333333 0.6222222222222222 0.8765625 0.625 0.8828125 0.6240740740740741 0.8875 0.5925925925925926
5 0.946875 0.725925925925926 0.95 0.7037037037037037 0.9552083333333333 0.6851851851851852 0.9546875 0.6694444444444444 0.9505208333333334 0.6583333333333333 0.9463541666666667 0.6546296296296297 0.9390625 0.6768518518518518 0.940625 0.6935185185185185 0.9380208333333333 0.7212962962962963 0.9421875 0.725925925925926 0.946875 0.725925925925926
5 0.6739583333333333 0.5981481481481481 0.6708333333333333 0.5851851851851851 0.6682291666666667 0.5842592592592593 0.6619791666666667 0.5990740740740741 0.6619791666666667 0.6416666666666667 0.6661458333333333 0.6425925925925926 0.671875 0.6342592592592593 0.6739583333333333 0.5981481481481481
4 0.4197916666666667 0.7787037037037037 0.41822916666666665 0.7657407407407407 0.41822916666666665 0.7490740740740741 0.4244791666666667 0.7407407407407407 0.4234375 0.7231481481481481 0.4197916666666667 0.7083333333333334 0.415625 0.7064814814814815 0.4114583333333333 0.7101851851851851 0.40208333333333335 0.7296296296296296 0.4036458333333333 0.7842592592592592 0.41268385416666664 0.7882499999999999 0.4182901041666666 0.7835314814814816 0.4197916666666667 0.7787037037037037
4 0.7848958333333333 0.5601851851851852 0.7901041666666667 0.5370370370370371 0.790625 0.524074074074074 0.7869791666666667 0.5120370370370371 0.78125 0.5157407407407407 0.7791666666666667 0.524074074074074 0.7786458333333334 0.5370370370370371 0.78125 0.5444444444444444 0.78125 0.5564814814814815 0.7848958333333333 0.5601851851851852
3 0.2828125 0.5296296296296297 0.2890625 0.5055555555555555 0.2869791666666667 0.5018518518518519 0.28802083333333334 0.49722222222222223 0.2828125 0.4888888888888889 0.2765625 0.4962962962962963 0.275 0.5018518518518519 0.2765625 0.5314814814814814 0.2791666666666667 0.5342592592592592 0.2828125 0.5296296296296297
5 0.5822916666666667 0.5740740740740741 0.5802083333333333 0.5648148148148148 0.5760416666666667 0.5638888888888889 0.5713541666666667 0.5777777777777777 0.5697916666666667 0.6157407407407407 0.5770833333333333 0.6185185185185185 0.5807291666666666 0.6046296296296296 0.5822916666666667 0.5740740740740741
5 0.4265625 0.7435185185185185 0.4203125 0.7074074074074074 0.41510416666666666 0.7055555555555556 0.409375 0.7129629629629629 0.4078125 0.7203703703703703 0.4109375 0.7231481481481481 0.41510416666666666 0.7481481481481481 0.4265625 0.7435185185185185
5 0.9140625 0.687962962962963 0.9182291666666667 0.675 0.9255208333333333 0.6731481481481482 0.9286458333333333 0.687962962962963 0.9322916666666666 0.6907407407407408 0.9291666666666667 0.6564814814814814 0.9307291666666667 0.6370370370370371 0.9276041666666667 0.6231481481481481 0.9234375 0.6240740740740741 0.9171875 0.6407407407407407 0.9177083333333333 0.6527777777777778 0.9104166666666667 0.6814814814814815 0.9109375 0.6888888888888889 0.9140625 0.687962962962963
4 0.4864583333333333 0.5407407407407407 0.48541666666666666 0.5231481481481481 0.4817708333333333 0.5166666666666667 0.47604166666666664 0.5287037037037037 0.47760416666666666 0.5638888888888889 0.4817708333333333 0.5666666666666667 0.484375 0.5601851851851852 0.4864583333333333 0.5407407407407407
5 0.66875 0.6916666666666667 0.675 0.6898148148148148 0.6770833333333334 0.7037037037037037 0.6817708333333333 0.7046296296296296 0.6796875 0.6518518518518519 0.6739583333333333 0.6388888888888888 0.6677083333333333 0.6407407407407407 0.6651041666666667 0.6453703703703704 0.6666666666666666 0.6537037037037037 0.6635416666666667 0.6990740740740741 0.6661458333333333 0.7018518518518518 0.66875 0.6916666666666667
3 0.6822916666666666 0.5009259259259259 0.6791666666666667 0.5018518518518519 0.6776041666666667 0.5074074074074074 0.6791666666666667 0.5416666666666666 0.6854166666666667 0.5444444444444444 0.6885416666666667 0.5092592592592593 0.6822916666666666 0.5009259259259259
4 0.13072916666666667 0.6444444444444445 0.13385416666666666 0.6416666666666667 0.1375 0.6277777777777778 0.1390625 0.6092592592592593 0.14270833333333333 0.6037037037037037 0.13958333333333334 0.5972222222222222 0.13802083333333334 0.5833333333333334 0.134375 0.5833333333333334 0.12760416666666666 0.5990740740740741 0.12864583333333332 0.612037037037037 0.125 0.6370370370370371 0.12552083333333333 0.6416666666666667 0.13072916666666667 0.6444444444444445
3 0.7104166666666667 0.6546296296296297 0.7125 0.6657407407407407 0.715625 0.6657407407407407 0.7234375 0.6148148148148148 0.7203125 0.6 0.7166666666666667 0.6 0.7109375 0.6111111111111112 0.7088541666666667 0.6222222222222222 0.7119791666666667 0.6370370370370371 0.7067708333333333 0.65 0.7072916666666667 0.6537037037037037 0.7104166666666667 0.6546296296296297
4 0.14583333333333334 0.8518518518518519 0.15260416666666668 0.8546296296296296 0.14739583333333334 0.8787037037037037 0.15 0.8814814814814815 0.15520833333333334 0.8796296296296297 0.16354166666666667 0.8388888888888889 0.15833333333333333 0.8194444444444444 0.1609375 0.7907407407407407 0.1578125 0.7870370370370371 0.1546875 0.7888888888888889 0.1484375 0.8074074074074075 0.14010416666666667 0.8481481481481481 0.12760416666666666 0.8759259259259259 0.13072916666666667 0.8824074074074074 0.14583333333333334 0.8518518518518519
5 0.12239583333333333 0.712037037037037 0.121875 0.6824074074074075 0.12760416666666666 0.6675925925925926 0.1265625 0.6425925925925926 0.12395833333333334 0.6398148148148148 0.11979166666666667 0.6416666666666667 0.10989583333333333 0.6601851851851852 0.11302083333333333 0.6861111111111111 0.109375 0.7074074074074074 0.11979166666666667 0.7166666666666667 0.12239583333333333 0.712037037037037
5 0.8395833333333333 0.7925925925925926 0.8463541666666666 0.8175925925925925 0.8515625 0.8231481481481482 0.8557291666666667 0.8333333333333334 0.8609375 0.8333333333333334 0.8609375 0.8231481481481482 0.8541666666666666 0.8148148148148148 0.8572916666666667 0.799074074074074 0.8541666666666666 0.787962962962963 0.8416666666666667 0.762962962962963 0.8380208333333333 0.7620370370370371 0.8354166666666667 0.7666666666666667 0.8354166666666667 0.7759259259259259 0.8296875 0.7944444444444444 0.8359375 0.7898148148148149 0.8395833333333333 0.7925925925925926
0 0.4224947916666667 0.7881203703703703 0.008781249999999947 0.013287037037036953