5 0.903125 0.6972222222222222 0.903125 0.7185185185185186 0.8963541666666667 0.7425925925925926 0.9015625 0.7435185185185185 0.9078125 0.7333333333333333 0.9104166666666667 0.7435185185185185 0.9140625 0.7444444444444445 0.9161458333333333 0.7398148148148148 0.9130208333333333 0.7324074074074074 0.9125 0.7212962962962963 0.915625 0.6888888888888889 0.9114583333333334 0.674074074074074 0.9078125 0.6731481481481482 0.90625 0.6768518518518518 0.90625 0.6898148148148148 0.903125 0.6972222222222222
4 0.04479166666666667 0.6777777777777778 0.04739583333333333 0.6824074074074075 0.053125 0.6842592592592592 0.058333333333333334 0.6759259259259259 0.057291666666666664 0.6638888888888889 0.059375 0.6537037037037037 0.0625 0.65 0.058333333333333334 0.612037037037037 0.0546875 0.612037037037037 0.04895833333333333 0.6259259259259259 0.046875 0.6416666666666667 0.049479166666666664 0.6620370370370371 0.04479166666666667 0.6777777777777778
4 0.25104166666666666 0.6 0.2635416666666667 0.6018518518518519 0.265625 0.5990740740740741 0.2625 0.5444444444444444 0.259375 0.5435185185185185 0.2552083333333333 0.5564814814814815 0.2552083333333333 0.5722222222222222 0.25104166666666666 0.6
5 0.2989583333333333 0.6416666666666667 0.30833333333333335 0.6416666666666667 0.31145833333333334 0.600925925925926 0.30625 0.5814814814814815 0.3026041666666667 0.5851851851851851 0.2984375 0.6092592592592593 0.29739583333333336 0.6388888888888888 0.2989583333333333 0.6416666666666667
5 0.5880208333333333 0.6666666666666666 0.5916666666666667 0.6648148148148149 0.5921875 0.6236111111111111 0.6 0.6148148148148148 0.5921875 0.6101851851851852 0.5880208333333333 0.6018518518518519 0.5838541666666667 0.6046296296296296 0.5828125 0.6657407407407407 0.5880208333333333 0.6666666666666666
3 0.6598958333333333 0.6111111111111112 0.659375 0.6194444444444445 0.6619791666666667 0.6222222222222222 0.665625 0.6166666666666667 0.6677083333333333 0.575 0.665625 0.5601851851851852 0.6635416666666667 0.5583333333333333 0.6609375 0.5583333333333333 0.6578125 0.5685185185185185 0.6567708333333333 0.6027777777777777 0.6598958333333333 0.6111111111111112
5 0.41354166666666664 0.5888888888888889 0.4197916666666667 0.5916666666666667 0.4234375 0.5879629629629629 0.4265625 0.5722222222222222 0.4270833333333333 0.5527777777777778 0.4234375 0.5388888888888889 0.4197916666666667 0.5388888888888889 0.41822916666666665 0.5435185185185185 0.4166666666666667 0.5722222222222222 0.41354166666666664 0.5888888888888889
4 0.43802083333333336 0.5787037037037037 0.440625 0.5768518518518518 0.43802083333333336 0.5333333333333333 0.43385416666666665 0.5342592592592592 0.42916666666666664 0.5601851851851852 0.42916666666666664 0.5712962962962963 0.43802083333333336 0.5787037037037037
4 0.8307291666666666 0.5601851851851852 0.8359375 0.5611111111111111 0.8380208333333333 0.5564814814814815 0.8390625 0.5231481481481481 0.8338541666666667 0.5083333333333333 0.8291666666666667 0.5157407407407407 0.8291666666666667 0.5564814814814815 0.8307291666666666 0.5601851851851852
4 0.5989583333333334 0.5527777777777778 0.6036458333333333 0.5555555555555556 0.60625 0.5481481481481482 0.6083333333333333 0.5166666666666667 0.6036458333333333 0.5064814814814815 0.6 0.5083333333333333 0.5979166666666667 0.5148148148148148 0.5973958333333333 0.5425925925925926 0.5989583333333334 0.5527777777777778
4 0.24166666666666667 0.7861111111111111 0.240625 0.8175925925925925 0.24427083333333333 0.8203703703703704 0.2515625 0.8148148148148148 0.25416666666666665 0.7898148148148149 0.2578125 0.7759259259259259 0.25677083333333334 0.7453703703703703 0.25104166666666666 0.725925925925926 0.24635416666666668 0.7277777777777777 0.24010416666666667 0.7435185185185185 0.23802083333333332 0.7583333333333333 0.2375 0.7712962962962963 0.24166666666666667 0.7861111111111111
5 0.5729166666666666 0.5768518518518518 0.5770833333333333 0.5611111111111111 0.5791666666666667 0.5398148148148149 0.5729166666666666 0.5296296296296297 0.5692708333333333 0.5388888888888889 0.5692708333333333 0.5722222222222222 0.5729166666666666 0.5768518518518518
3 0.3104166666666667 0.5314814814814814 0.3151041666666667 0.49907407407407406 0.3109375 0.4898148148148148 0.30520833333333336 0.4981481481481482 0.30572916666666666 0.5259259259259259 0.3104166666666667 0.5314814814814814
3 0.7609375 0.5481481481481482 0.7635416666666667 0.5444444444444444 0.7630208333333334 0.5333333333333333 0.7671875 0.5212962962962963 0.7682291666666666 0.5092592592592593 0.7640625 0.49907407407407406 0.7598958333333333 0.49907407407407406 0.7572916666666667 0.5120370370370371 0.7578125 0.5453703703703704 0.7609375 0.5481481481481482
4 0.4479166666666667 0.6157407407407407 0.4473958333333333 0.6296296296296297 0.4510416666666667 0.6324074074074074 0.45416666666666666 0.6259259259259259 0.45416666666666666 0.5833333333333334 0.4510416666666667 0.575 0.446875 0.575 0.44375 0.5990740740740741 0.4479166666666667 0.6157407407407407
5 0.8421875 0.675 0.8453125 0.6694444444444444 0.8494791666666667 0.6296296296296297 0.8421875 0.6101851851851852 0.8375 0.6138888888888889 0.8375 0.6731481481481482 0.8421875 0.675
5 0.4859375 0.700925925925926 0.48802083333333335 0.7064814814814815 0.4890625 0.7333333333333333 0.4864583333333333 0.7435185185185185 0.49114583333333334 0.7453703703703703 0.4984375 0.7416666666666667 0.5 0.7342592592592593 0.4953125 0.7203703703703703 0.4979166666666667 0.6888888888888889 0.4947916666666667 0.662962962962963 0.4901041666666667 0.6601851851851852 0.48854166666666665 0.6657407407407407 0.48854166666666665 0.6888888888888889 0.4859375 0.700925925925926
5 0.4583333333333333 0.6185185185185185 0.4666666666666667 0.6194444444444445 0.46979166666666666 0.5787037037037037 0.4630208333333333 0.5611111111111111 0.459375 0.5648148148148148 0.46041666666666664 0.5842592592592593 0.4583333333333333 0.6185185185185185
0 0.2755208333333333 0.5990740740740741 0.2713541666666667 0.5925925925925926 0.26614583333333336 0.5981481481481481 0.2703125 0.6037037037037037 0.2755208333333333 0.5990740740740741
4 0.828125 0.8092592592592592 0.8333333333333334 0.8157407407407408 0.8380208333333333 0.8166666666666667 0.8536458333333333 0.7583333333333333 0.8541666666666666 0.7462962962962963 0.8484375 0.7277777777777777 0.8442708333333333 0.725 0.8338541666666667 0.7481481481481481 0.8348958333333333 0.7657407407407407 0.828125 0.8092592592592592
5 0.7328125 0.6851851851851852 0.7364583333333333 0.6768518518518518 0.7390625 0.6407407407407407 0.7390625 0.6305555555555555 0.7359375 0.6212962962962963 0.7302083333333333 0.6185185185185185 0.7270833333333333 0.637962962962963 0.7291666666666666 0.6814814814814815 0.7328125 0.6851851851851852