4 0.3953125 0.7157407407407408 0.4 0.7212962962962963 0.40520833333333334 0.7157407407407408 0.40729166666666666 0.6768518518518518 0.40572916666666664 0.662962962962963 0.40260416666666665 0.6620370370370371 0.4005208333333333 0.6657407407407407 0.3963541666666667 0.6949074074074074 0.390625 0.712037037037037 0.39166666666666666 0.7166666666666667 0.3953125 0.7157407407407408
4 0.6286458333333333 0.7777777777777778 0.634375 0.7805555555555556 0.6354166666666666 0.7759259259259259 0.6322916666666667 0.7703703703703704 0.6291666666666667 0.7425925925925926 0.6322916666666667 0.7351851851851852 0.6333333333333333 0.712037037037037 0.6302083333333334 0.7083333333333334 0.625 0.7185185185185186 0.6161458333333333 0.7546296296296297 0.6067708333333334 0.7592592592592593 0.6078125 0.7731481481481481 0.615625 0.762962962962963 0.625 0.7583333333333333 0.6286458333333333 0.7777777777777778
5 0.3151041666666667 0.7 0.32083333333333336 0.6666666666666666 0.32083333333333336 0.6537037037037037 0.3177083333333333 0.6425925925925926 0.3140625 0.6453703703703704 0.3109375 0.6574074074074074 0.31197916666666664 0.6805555555555556 0.30833333333333335 0.6962962962962963 0.3104166666666667 0.7037037037037037 0.3151041666666667 0.7
5 0.7364583333333333 0.6694444444444444 0.7317708333333334 0.6518518518518519 0.7286458333333333 0.6212962962962963 0.7244791666666667 0.6231481481481481 0.7197916666666667 0.6583333333333333 0.7203125 0.6694444444444444 0.728125 0.6648148148148149 0.7322916666666667 0.6703703703703704 0.7364583333333333 0.6694444444444444
4 0.5796875 0.725 0.5822916666666667 0.7185185185185186 0.5921875 0.7111111111111111 0.59375 0.7277777777777777 0.6 0.7324074074074074 0.6020833333333333 0.7277777777777777 0.5979166666666667 0.6990740740740741 0.6057291666666667 0.6768518518518518 0.6026041666666667 0.6722222222222223 0.5958333333333333 0.6768518518518518 0.5901041666666667 0.6861111111111111 0.5854166666666667 0.7055555555555556 0.5786458333333333 0.7111111111111111 0.5760416666666667 0.7212962962962963 0.5796875 0.725
4 0.6265625 0.6564814814814814 0.6317708333333333 0.6453703703703704 0.6338541666666667 0.6268518518518519 0.6328125 0.6092592592592593 0.6307291666666667 0.6074074074074074 0.625 0.6222222222222222 0.625 0.6388888888888888 0.6213541666666667 0.6518518518518519 0.6229166666666667 0.6564814814814814 0.6265625 0.6564814814814814
5 0.6380208333333334 0.6925925925925925 0.6427083333333333 0.6564814814814814 0.6385416666666667 0.6555555555555556 0.6317708333333333 0.6675925925925926 0.6276041666666666 0.6824074074074075 0.6276041666666666 0.6990740740740741 0.6307291666666667 0.7046296296296296 0.6338541666666667 0.6953703703703704 0.6380208333333334 0.6925925925925925
5 0.8270833333333333 0.7157407407407408 0.8322916666666667 0.7240740740740741 0.8317708333333333 0.7324074074074074 0.8359375 0.7314814814814815 0.8421875 0.7064814814814815 0.8453125 0.7055555555555556 0.8494791666666667 0.7138888888888889 0.8536458333333333 0.7157407407407408 0.8541666666666666 0.7101851851851851 0.8484375 0.7 0.8427083333333333 0.674074074074074 0.8390625 0.675 0.8296875 0.6898148148148148 0.8260416666666667 0.6972222222222222 0.8291666666666667 0.6981481481481482 0.8307291666666666 0.7046296296296296 0.8270833333333333 0.7157407407407408
5 0.7354166666666667 0.8027777777777778 0.7421875 0.8 0.74375 0.8074074074074075 0.7484375 0.8083333333333333 0.7515625 0.7935185185185185 0.75 0.7444444444444445 0.746875 0.7435185185185185 0.7401041666666667 0.7583333333333333 0.7390625 0.7842592592592592 0.7322916666666667 0.7944444444444444 0.7328125 0.7981481481481482 0.7354166666666667 0.8027777777777778
5 0.23958333333333334 0.6703703703703704 0.24895833333333334 0.6694444444444444 0.25 0.6342592592592593 0.24791666666666667 0.6231481481481481 0.24375 0.6185185185185185 0.240625 0.6287037037037037 0.23802083333333332 0.6611111111111111 0.234375 0.6657407407407407 0.23541666666666666 0.675 0.23958333333333334 0.6703703703703704
5 0.17239583333333333 0.8046296296296296 0.17083333333333334 0.8101851851851852 0.17395833333333333 0.8175925925925925 0.18072916666666666 0.8175925925925925 0.18177083333333333 0.8064814814814815 0.1859375 0.7962962962962963 0.18541666666666667 0.774074074074074 0.18854166666666666 0.7361111111111112 0.18697916666666667 0.725 0.18177083333333333 0.7287037037037037 0.178125 0.7435185185185185 0.17604166666666668 0.7722222222222223 0.17447916666666666 0.7796296296296297 0.16979166666666667 0.7861111111111111 0.17239583333333333 0.8046296296296296
5 0.4510416666666667 0.7046296296296296 0.4484375 0.6796296296296296 0.4510416666666667 0.6694444444444444 0.446875 0.6453703703703704 0.4427083333333333 0.649074074074074 0.43802083333333336 0.6685185185185185 0.4401041666666667 0.6851851851851852 0.4375 0.6972222222222222 0.4390625 0.7064814814814815 0.4510416666666667 0.7046296296296296
3 0.9583333333333334 0.9879629629629629 0.9765625 0.9851851851851852 0.9807291666666667 0.9990740740740741 0.9854166666666667 0.9990740740740741 0.9854166666666667 0.9064814814814814 0.9807291666666667 0.9064814814814814 0.9708333333333333 0.925 0.9604166666666667 0.9768518518518519 0.9473958333333333 0.9898148148148148 0.9473958333333333 0.9990740740740741 0.9510416666666667 0.9990740740740741 0.9536458333333333 0.9916666666666667 0.9583333333333334 0.9879629629629629
3 0.5630208333333333 0.6101851851851852 0.5661458333333333 0.6064814814814815 0.5677083333333334 0.5796296296296296 0.5645833333333333 0.562037037037037 0.5604166666666667 0.5601851851851852 0.5583333333333333 0.562962962962963 0.5567708333333333 0.5731481481481482 0.5583333333333333 0.6046296296296296 0.5598958333333334 0.6101851851851852 0.5630208333333333 0.6101851851851852
4 0.24583333333333332 0.7148148148148148 0.25052083333333336 0.7240740740740741 0.25052083333333336 0.7287037037037037 0.2552083333333333 0.7296296296296296 0.25416666666666665 0.6990740740740741 0.25833333333333336 0.6925925925925925 0.25885416666666666 0.6694444444444444 0.25104166666666666 0.6675925925925926 0.24583333333333332 0.674074074074074 0.2421875 0.7074074074074074 0.23697916666666666 0.7129629629629629 0.2390625 0.7175925925925926 0.24583333333333332 0.7148148148148148
4 0.4947916666666667 0.700925925925926 0.49635416666666665 0.7046296296296296 0.4953125 0.712037037037037 0.5015625 0.7138888888888889 0.5036458333333333 0.712037037037037 0.5052083333333334 0.6990740740740741 0.5036458333333333 0.6518518518518519 0.5015625 0.6472222222222223 0.4979166666666667 0.649074074074074 0.49270833333333336 0.6601851851851852 0.4921875 0.6777777777777778 0.4859375 0.6972222222222222 0.48802083333333335 0.700925925925926 0.4947916666666667 0.700925925925926
3 0.4354166666666667 0.7398148148148148 0.4390625 0.7185185185185186 0.4401041666666667 0.6851851851851852 0.43802083333333336 0.6712962962962963 0.43333333333333335 0.6703703703703704 0.42864583333333334 0.6833333333333333 0.4296875 0.7129629629629629 0.428125 0.7398148148148148 0.4322916666666667 0.7425925925925926 0.4354166666666667 0.7398148148148148
4 0.5244791666666667 0.6657407407407407 0.525 0.6518518518518519 0.521875 0.6398148148148148 0.5197916666666667 0.6398148148148148 0.5135416666666667 0.6546296296296297 0.5119791666666667 0.687962962962963 0.5135416666666667 0.6962962962962963 0.5177083333333333 0.6925925925925925 0.5244791666666667 0.6657407407407407
3 0.3078125 0.5796296296296296 0.30416666666666664 0.5685185185185185 0.2989583333333333 0.5694444444444444 0.2942708333333333 0.5944444444444444 0.2947916666666667 0.6055555555555555 0.3026041666666667 0.600925925925926 0.3067708333333333 0.6064814814814815 0.3078125 0.5796296296296296
0 0.8552083333333333 0.7111111111111111 0.853125 0.7055555555555556 0.846875 0.700925925925926 0.8453125 0.7027777777777777 0.8494791666666667 0.7148148148148148 0.8541666666666666 0.7166666666666667 0.8552083333333333 0.7111111111111111
4 0.2625 0.6657407407407407 0.26666666666666666 0.6555555555555556 0.265625 0.6425925925925926 0.26145833333333335 0.6425925925925926 0.2515625 0.6666666666666666 0.25416666666666665 0.6824074074074075 0.259375 0.687037037037037 0.26197916666666665 0.6805555555555556 0.2625 0.6657407407407407
5 0.3380208333333333 0.6657407407407407 0.3375 0.6129629629629629 0.3333333333333333 0.6185185185185185 0.32708333333333334 0.6407407407407407 0.328125 0.6537037037037037 0.3260416666666667 0.6675925925925926 0.3307291666666667 0.6694444444444444 0.3380208333333333 0.6657407407407407
4 0.3458333333333333 0.6370370370370371 0.34270833333333334 0.6101851851851852 0.3385416666666667 0.6111111111111112 0.3338541666666667 0.6212962962962963 0.33489583333333334 0.6601851851851852 0.33697916666666666 0.6657407407407407 0.3458333333333333 0.6638888888888889 0.3458333333333333 0.6370370370370371