5 0.3385416666666667 0.7296296296296296 0.34010416666666665 0.7203703703703703 0.33489583333333334 0.7037037037037037 0.3359375 0.6833333333333333 0.3333333333333333 0.6666666666666666 0.32916666666666666 0.6675925925925926 0.3255208333333333 0.6962962962962963 0.325 0.7277777777777777 0.3385416666666667 0.7296296296296296
5 0.8822916666666667 0.775 0.89375 0.7768518518518519 0.8973958333333333 0.7722222222222223 0.896875 0.7268518518518519 0.8947916666666667 0.7111111111111111 0.8921875 0.7092592592592593 0.8890625 0.7148148148148148 0.8885416666666667 0.7425925925925926 0.8822916666666667 0.775
4 0.46510416666666665 0.6796296296296296 0.465625 0.6935185185185185 0.4744791666666667 0.6962962962962963 0.47552083333333334 0.6574074074074074 0.4713541666666667 0.6370370370370371 0.4666666666666667 0.6342592592592593 0.46197916666666666 0.65 0.46145833333333336 0.6675925925925926 0.46510416666666665 0.6796296296296296
5 0.3885416666666667 0.6546296296296297 0.39427083333333335 0.6546296296296297 0.396875 0.6240740740740741 0.3958333333333333 0.6037037037037037 0.3921875 0.6018518518518519 0.3880208333333333 0.6138888888888889 0.38645833333333335 0.6509259259259259 0.3885416666666667 0.6546296296296297
4 0.353125 0.6092592592592593 0.3572916666666667 0.6092592592592593 0.3614583333333333 0.5972222222222222 0.3609375 0.5666666666666667 0.3567708333333333 0.5703703703703704 0.3541666666666667 0.5833333333333334 0.35208333333333336 0.6037037037037037 0.353125 0.6092592592592593
3 0.925 0.9990740740740741 0.9276041666666667 0.9851851851851852 0.9302083333333333 0.9833333333333333 0.9348958333333334 0.987037037037037 0.9359375 0.9990740740740741 0.940625 0.9990740740740741 0.94375 0.9777777777777777 0.9421875 0.937962962962963 0.9328125 0.9120370370370371 0.928125 0.9148148148148149 0.9270833333333334 0.925 0.9223958333333333 0.9324074074074075 0.9182291666666667 0.9611111111111111 0.9177083333333333 0.9990740740740741 0.925 0.9990740740740741
5 0.22552083333333334 0.6898148148148148 0.228125 0.6935185185185185 0.24010416666666667 0.6925925925925925 0.23958333333333334 0.637962962962963 0.23645833333333333 0.6287037037037037 0.23229166666666667 0.6342592592592593 0.2296875 0.674074074074074 0.22552083333333334 0.6898148148148148
5 0.540625 0.6527777777777778 0.5453125 0.6555555555555556 0.5489583333333333 0.6148148148148148 0.5453125 0.6018518518518519 0.540625 0.6064814814814815 0.5390625 0.6148148148148148 0.540625 0.6527777777777778
3 0.5078125 0.65 0.5109375 0.6509259259259259 0.5161458333333333 0.6416666666666667 0.521875 0.6509259259259259 0.5229166666666667 0.6453703703703704 0.5192708333333333 0.624537037037037 0.51875 0.6046296296296296 0.5135416666666667 0.5953703703703703 0.5109375 0.6027777777777777 0.5114583333333333 0.6185185185185185 0.5078125 0.65
4 0.23541666666666666 0.6185185185185185 0.24427083333333333 0.6203703703703703 0.24635416666666668 0.6148148148148148 0.24479166666666666 0.5740740740740741 0.24010416666666667 0.5685185185185185 0.23489583333333333 0.5861111111111111 0.23333333333333334 0.6148148148148148 0.23541666666666666 0.6185185185185185
4 0.5604166666666667 0.700925925925926 0.5645833333333333 0.7027777777777777 0.5671875 0.6944444444444444 0.5682291666666667 0.6574074074074074 0.5645833333333333 0.6444444444444445 0.5604166666666667 0.6518518518518519 0.5588541666666667 0.6861111111111111 0.5604166666666667 0.700925925925926
4 0.8114583333333333 0.8092592592592592 0.8109375 0.8175925925925925 0.8177083333333334 0.8203703703703704 0.8203125 0.8148148148148148 0.8182291666666667 0.7981481481481482 0.8229166666666666 0.7648148148148148 0.8177083333333334 0.7388888888888889 0.8130208333333333 0.7388888888888889 0.8078125 0.7592592592592593 0.8067708333333333 0.775 0.8114583333333333 0.8092592592592592
3 0.2942708333333333 0.5935185185185186 0.29791666666666666 0.5925925925925926 0.2994791666666667 0.5601851851851852 0.2942708333333333 0.5537037037037037 0.29010416666666666 0.562037037037037 0.290625 0.587037037037037 0.2942708333333333 0.5935185185185186
3 0.8296875 0.6185185185185185 0.8338541666666667 0.6194444444444445 0.8401041666666667 0.5962962962962963 0.8401041666666667 0.5685185185185185 0.8375 0.5611111111111111 0.8333333333333334 0.562037037037037 0.8296875 0.5685185185185185 0.8286458333333333 0.6111111111111112 0.8296875 0.6185185185185185
5 0.8744791666666667 0.6990740740740741 0.8848958333333333 0.7037037037037037 0.8869791666666667 0.6990740740740741 0.8875 0.6537037037037037 0.884375 0.6305555555555555 0.8807291666666667 0.6287037037037037 0.8770833333333333 0.6537037037037037 0.878125 0.6685185185185185 0.8744791666666667 0.6990740740740741
4 0.9510416666666667 0.6962962962962963 0.9671875 0.6990740740740741 0.96875 0.6888888888888889 0.965625 0.6805555555555556 0.965625 0.6481481481481481 0.9625 0.637962962962963 0.9583333333333334 0.6388888888888888 0.9572916666666667 0.6555555555555556 0.9541666666666667 0.6620370370370371 0.9552083333333333 0.6712962962962963 0.9510416666666667 0.6962962962962963
0 0.1734375 0.6305555555555555 0.17760416666666667 0.6277777777777778 0.1765625 0.6194444444444445 0.17291666666666666 0.6185185185185185 0.17083333333333334 0.6222222222222222 0.1703125 0.6259259259259259 0.1734375 0.6305555555555555
4 0.2203125 0.7870370370370371 0.22395833333333334 0.7824074074074074 0.22552083333333334 0.7537037037037037 0.225 0.7203703703703703 0.22291666666666668 0.7092592592592593 0.21822916666666667 0.7074074074074074 0.2140625 0.7222222222222222 0.21666666666666667 0.7787037037037037 0.2203125 0.7870370370370371
1 0.1515625 0.6166666666666667 0.14947916666666666 0.6185185185185185 0.14947916666666666 0.6268518518518519 0.1625 0.6296296296296297 0.16510416666666666 0.6268518518518519 0.16197916666666667 0.6101851851851852 0.16197916666666667 0.5805555555555556 0.15833333333333333 0.5787037037037037 0.15416666666666667 0.5879629629629629 0.15364583333333334 0.6050925925925926 0.1515625 0.6166666666666667
5 0.409375 0.6259259259259259 0.41354166666666664 0.6268518518518519 0.41458333333333336 0.5888888888888889 0.4119791666666667 0.5796296296296296 0.4083333333333333 0.5833333333333334 0.40729166666666666 0.6148148148148148 0.409375 0.6259259259259259
4 0.8182291666666667 0.6435185185185185 0.821875 0.6416666666666667 0.8244791666666667 0.6305555555555555 0.8229166666666666 0.5944444444444444 0.8213541666666667 0.5935185185185186 0.8166666666666667 0.6055555555555555 0.8161458333333333 0.6398148148148148 0.8182291666666667 0.6435185185185185
5 0.8635416666666667 0.65 0.8661458333333333 0.65 0.8708333333333333 0.6453703703703704 0.86875 0.6231481481481481 0.865625 0.6037037037037037 0.8609375 0.6055555555555555 0.8619791666666666 0.6453703703703704 0.8635416666666667 0.65
5 0.044270833333333336 0.6916666666666667 0.05260416666666667 0.6898148148148148 0.05416666666666667 0.6805555555555556 0.05 0.6296296296296297 0.04635416666666667 0.6296296296296297 0.042708333333333334 0.6416666666666667 0.0421875 0.6888888888888889 0.044270833333333336 0.6916666666666667
5 0.6213541666666667 0.7055555555555556 0.6234375 0.7018518518518518 0.6260416666666667 0.6592592592592592 0.6229166666666667 0.6462962962962963 0.6182291666666667 0.6453703703703704 0.6166666666666667 0.6537037037037037 0.6177083333333333 0.7046296296296296 0.6213541666666667 0.7055555555555556
4 0.4713541666666667 0.6425925925925926 0.478125 0.6305555555555555 0.471875 0.6083333333333333 0.46979166666666666 0.6074074074074074 0.4661458333333333 0.6129629629629629 0.46510416666666665 0.6416666666666667 0.4713541666666667 0.6425925925925926