4 0.19739583333333333 0.8046296296296296 0.20104166666666667 0.8055555555555556 0.20260416666666667 0.8018518518518518 0.19739583333333333 0.7805555555555556 0.19791666666666666 0.7666666666666667 0.1921875 0.7277777777777777 0.1890625 0.7268518518518519 0.18697916666666667 0.7305555555555555 0.18229166666666666 0.7472222222222222 0.1859375 0.8018518518518518 0.18958333333333333 0.8037037037037037 0.1953125 0.7972222222222223 0.19739583333333333 0.8046296296296296
3 0.36770833333333336 0.7703703703703704 0.3734375 0.7712962962962963 0.3776041666666667 0.7268518518518519 0.3765625 0.7074074074074074 0.36875 0.6935185185185185 0.3625 0.712037037037037 0.3609375 0.7333333333333333 0.3651041666666667 0.7527777777777778 0.3651041666666667 0.7638888888888888 0.36770833333333336 0.7703703703703704
0 0.8526041666666667 0.6898148148148148 0.853125 0.6972222222222222 0.8588541666666667 0.6962962962962963 0.8572916666666667 0.687962962962963 0.8526041666666667 0.6898148148148148
5 0.2171875 0.9185185185185185 0.2203125 0.8731481481481481 0.22395833333333334 0.8685185185185185 0.21354166666666666 0.8240740740740741 0.209375 0.8268518518518518 0.20208333333333334 0.8546296296296296 0.2015625 0.8703703703703703 0.20833333333333334 0.8842592592592593 0.2109375 0.9157407407407407 0.2171875 0.9185185185185185
4 0.6104166666666667 0.6638888888888889 0.6072916666666667 0.6546296296296297 0.6041666666666666 0.6546296296296297 0.5994791666666667 0.6648148148148149 0.6010416666666667 0.7175925925925926 0.6026041666666667 0.7212962962962963 0.6109375 0.7212962962962963 0.6104166666666667 0.6638888888888889
4 0.61875 0.7472222222222222 0.6140625 0.7277777777777777 0.609375 0.725925925925926 0.6036458333333333 0.7444444444444445 0.6036458333333333 0.7796296296296297 0.6005208333333333 0.8055555555555556 0.61875 0.8055555555555556 0.61875 0.7472222222222222
5 0.3802083333333333 0.6574074074074074 0.378125 0.6518518518518519 0.37604166666666666 0.6111111111111112 0.371875 0.6083333333333333 0.3703125 0.6175925925925926 0.3703125 0.6422842592592592 0.36770833333333336 0.6611111111111111 0.3776041666666667 0.6611111111111111 0.3802083333333333 0.6574074074074074
5 0.7630208333333334 0.6185185185185185 0.7604166666666666 0.6064814814814815 0.7557291666666667 0.6046296296296296 0.7526041666666666 0.6175925925925926 0.7526041666666666 0.6537037037037037 0.7614583333333333 0.6555555555555556 0.7635416666666667 0.65 0.7630208333333334 0.6185185185185185
5 0.5072916666666667 0.7083333333333334 0.5072916666666667 0.6620370370370371 0.5036458333333333 0.6518518518518519 0.4984375 0.6583333333333333 0.4979166666666667 0.7046296296296296 0.49947916666666664 0.7101851851851851 0.5036458333333333 0.7111111111111111 0.5072916666666667 0.7083333333333334
5 0.9994791666666667 0.7777777777777778 0.9994791666666667 0.7194444444444444 0.9973958333333334 0.7185185185185186 0.9932291666666667 0.700925925925926 0.9885416666666667 0.7027777777777777 0.9885416666666667 0.7379629629629629 0.9921875 0.7666666666666667 0.9911458333333333 0.775 0.9994791666666667 0.7777777777777778
4 0.4703125 0.5962962962962963 0.4671875 0.5944444444444444 0.4640625 0.6037037037037037 0.4661458333333333 0.6398148148148148 0.47291666666666665 0.6425925925925926 0.47291666666666665 0.6037037037037037 0.4703125 0.5962962962962963
4 0.4859375 0.6712962962962963 0.4890625 0.6574074074074074 0.4822916666666667 0.6481481481481481 0.47760416666666666 0.6601851851851852 0.48020833333333335 0.7046296296296296 0.48385416666666664 0.7083333333333334 0.4859375 0.7055555555555556 0.4859375 0.6712962962962963
2 0.8885416666666667 0.6907407407407408 0.8838541666666667 0.6787037037037037 0.884375 0.6518518518518519 0.8802083333333334 0.6361111111111111 0.8755208333333333 0.637962962962963 0.8744791666666667 0.6648148148148149 0.8755208333333333 0.6861111111111111 0.8739583333333333 0.6972222222222222 0.8880208333333334 0.6981481481481482 0.8885416666666667 0.6907407407407408
3 0.21927083333333333 0.5842592592592593 0.21875 0.562962962962963 0.21458333333333332 0.562037037037037 0.2078125 0.5740740740740741 0.20833333333333334 0.6064814814814815 0.21458333333333332 0.6064814814814815 0.21666666666666667 0.6037037037037037 0.21927083333333333 0.5842592592592593
5 0.27708333333333335 0.5888888888888889 0.2755208333333333 0.575925925925926 0.2713541666666667 0.5740740740740741 0.2671875 0.5842592592592593 0.2677083333333333 0.612037037037037 0.2713541666666667 0.6175925925925926 0.27395833333333336 0.6129629629629629 0.27708333333333335 0.5888888888888889
5 0.21927083333333333 0.7092592592592593 0.21875 0.6907407407407408 0.21354166666666666 0.6518518518518519 0.20885416666666667 0.6527777777777778 0.20729166666666668 0.6666666666666666 0.20885416666666667 0.6907407407407408 0.20625 0.712037037037037 0.2171875 0.7148148148148148 0.21927083333333333 0.7092592592592593
4 0.32916666666666666 0.7083333333333334 0.328125 0.7166666666666667 0.334375 0.7222222222222222 0.33645833333333336 0.7194444444444444 0.3390625 0.6648148148148149 0.3302083333333333 0.649074074074074 0.3255208333333333 0.649074074074074 0.3229166666666667 0.6620370370370371 0.3255208333333333 0.6810185185185185 0.325 0.6944444444444444 0.32916666666666666 0.7083333333333334
4 0.3411458333333333 0.6898148148148148 0.3421875 0.6768518518518518 0.33958333333333335 0.6342592592592593 0.3359375 0.6333333333333333 0.33125 0.6472222222222223 0.3302083333333333 0.6675925925925926 0.33229166666666665 0.6833333333333333 0.33697916666666666 0.6907407407407408 0.3411458333333333 0.6898148148148148
4 0.2328125 0.7361111111111112 0.23697916666666666 0.6768518518518518 0.234375 0.6694444444444444 0.22864583333333333 0.6666666666666666 0.2234375 0.6814814814814815 0.225 0.7138888888888889 0.228125 0.7231481481481481 0.22864583333333333 0.7333333333333333 0.2328125 0.7361111111111112
3 0.30520833333333336 0.6027777777777777 0.3067708333333333 0.5888888888888889 0.3072916666666667 0.5648148148148148 0.30625 0.5592592592592592 0.3026041666666667 0.5564814814814815 0.2984375 0.5601851851851852 0.29739583333333336 0.5787037037037037 0.2994791666666667 0.6018518518518519 0.303125 0.6055555555555555 0.30520833333333336 0.6027777777777777
4 0.7875 0.8648148148148148 0.7869791666666667 0.8578703703703704 0.79375 0.812037037037037 0.7869791666666667 0.7851851851851852 0.7822916666666667 0.7870370370370371 0.7776041666666667 0.8037037037037037 0.7807291666666667 0.8342592592592593 0.7802083333333333 0.8629629629629629 0.7833333333333333 0.8675925925925926 0.7875 0.8648148148148148
5 0.3265625 0.6953703703703704 0.32916666666666666 0.6898148148148148 0.33177083333333335 0.6620370370370371 0.3296875 0.6388888888888888 0.3255208333333333 0.6370370370370371 0.3203125 0.6546296296296297 0.31979166666666664 0.6638888888888889 0.32395833333333335 0.674074074074074 0.32395833333333335 0.6888888888888889 0.3265625 0.6953703703703704