0 0.13333333333333333 0.6925925925925925 0.13125 0.6833333333333333 0.1265625 0.6861111111111111 0.12708333333333333 0.6944444444444444 0.13333333333333333 0.6925925925925925
4 0.2828125 0.8574074074074074 0.2833333333333333 0.9 0.2890625 0.9009259259259259 0.2916666666666667 0.899074074074074 0.29322916666666665 0.8888888888888888 0.2994791666666667 0.8166666666666667 0.2911458333333333 0.7888888888888889 0.2864583333333333 0.7898148148148149 0.2859375 0.7981481481481482 0.2791666666666667 0.8111111111111111 0.2786458333333333 0.8268518518518518 0.2828125 0.8574074074074074
4 0.5848958333333333 0.775 0.5947916666666667 0.7814814814814814 0.5989583333333334 0.7796296296296297 0.5989583333333334 0.7712962962962963 0.5958333333333333 0.7611111111111111 0.6036458333333333 0.7324074074074074 0.6036458333333333 0.7129629629629629 0.5994791666666667 0.6953703703703704 0.5947916666666667 0.6990740740740741 0.5947916666666667 0.7138888888888889 0.5895833333333333 0.7277777777777777 0.5875 0.7462962962962963 0.5880208333333333 0.7648148148148148 0.5848958333333333 0.775
5 0.734375 0.7592592592592593 0.7307291666666667 0.7796296296296297 0.7359375 0.7824074074074074 0.7390625 0.7666666666666667 0.74375 0.7611111111111111 0.7494791666666667 0.7638888888888888 0.7515625 0.7796296296296297 0.7557291666666667 0.7796296296296297 0.7546875 0.7620370370370371 0.75625 0.7490740740740741 0.7536458333333333 0.7361111111111112 0.74375 0.7203703703703703 0.7401041666666667 0.7203703703703703 0.7385416666666667 0.725925925925926 0.7375 0.7527777777777778 0.734375 0.7592592592592593
4 0.09166666666666666 0.7333333333333333 0.09895833333333333 0.7351851851851852 0.10260416666666666 0.7268518518518519 0.09635416666666667 0.6611111111111111 0.09166666666666666 0.6583333333333333 0.08645833333333333 0.6703703703703704 0.0859375 0.7 0.09166666666666666 0.7333333333333333
5 0.30052083333333335 0.6731481481481482 0.2994791666666667 0.7055555555555556 0.29739583333333336 0.7129629629629629 0.303125 0.7166666666666667 0.30625 0.712037037037037 0.30625 0.6925925925925925 0.31197916666666664 0.6620370370370371 0.30572916666666666 0.6425925925925926 0.3026041666666667 0.6416666666666667 0.2994791666666667 0.65 0.29583333333333334 0.6657407407407407 0.30052083333333335 0.6731481481481482
4 0.6932291666666667 0.6888888888888889 0.7020833333333333 0.7157407407407408 0.7135416666666666 0.7314814814814815 0.7197916666666667 0.7314814814814815 0.715625 0.7175925925925926 0.7104166666666667 0.7101851851851851 0.7088541666666667 0.6814814814814815 0.6979166666666666 0.6694444444444444 0.6947916666666667 0.6703703703703704 0.6932291666666667 0.6731481481481482 0.6932291666666667 0.6888888888888889
5 0.38645833333333335 0.7611111111111111 0.3880208333333333 0.8083333333333333 0.3984375 0.812037037037037 0.40260416666666665 0.8064814814814815 0.40260416666666665 0.8018518518518518 0.3984375 0.7953703703703704 0.3953125 0.7814814814814814 0.4005208333333333 0.762962962962963 0.4010416666666667 0.737037037037037 0.39895833333333336 0.7194444444444444 0.3953125 0.7157407407407408 0.3927083333333333 0.7212962962962963 0.3921875 0.7407407407407407 0.38645833333333335 0.7611111111111111
4 0.08645833333333333 0.6407407407407407 0.0875 0.6444444444444445 0.09270833333333334 0.6388888888888888 0.09791666666666667 0.625 0.10260416666666666 0.6416666666666667 0.10729166666666666 0.6425925925925926 0.10572916666666667 0.6027777777777777 0.09947916666666666 0.5824074074074074 0.09114583333333333 0.5944444444444444 0.08854166666666667 0.6111111111111112 0.090625 0.6231481481481481 0.08645833333333333 0.6407407407407407
5 0.4125 0.65 0.4119791666666667 0.6018518518518519 0.4078125 0.5879629629629629 0.4036458333333333 0.5879629629629629 0.40260416666666665 0.5944444444444444 0.4041666666666667 0.65 0.4125 0.65
5 0.8442708333333333 0.6018518518518519 0.8489583333333334 0.6027777777777777 0.8479166666666667 0.5601851851851852 0.8453125 0.5527777777777778 0.8411458333333334 0.5527777777777778 0.8427083333333333 0.5972222222222222 0.8442708333333333 0.6018518518518519
4 0.8604166666666667 0.6305555555555555 0.8598958333333333 0.65 0.8625 0.6527777777777778 0.8671875 0.649074074074074 0.8692708333333333 0.6388888888888888 0.8713541666666667 0.6 0.8651041666666667 0.5861111111111111 0.8598958333333333 0.5916666666666667 0.8583333333333333 0.6157407407407407 0.8604166666666667 0.6305555555555555
5 0.5796875 0.6527777777777778 0.5958333333333333 0.6546296296296297 0.5932291666666667 0.6027777777777777 0.5875 0.5898148148148148 0.5838541666666667 0.5888888888888889 0.5817708333333333 0.6046296296296296 0.5828125 0.6240740740740741 0.5796875 0.6527777777777778
3 0.2947916666666667 0.5305555555555556 0.29635416666666664 0.5 0.2911458333333333 0.49074074074074076 0.2869791666666667 0.4981481481481482 0.2875 0.5287037037037037 0.2947916666666667 0.5305555555555556
4 0.4552083333333333 0.6509259259259259 0.4583333333333333 0.6416666666666667 0.46041666666666664 0.6064814814814815 0.4552083333333333 0.5898148148148148 0.4510416666666667 0.5916666666666667 0.45 0.6027777777777777 0.44947916666666665 0.6305555555555555 0.4552083333333333 0.6509259259259259
5 0.6713541666666667 0.687962962962963 0.68125 0.7277777777777777 0.6916666666666667 0.7240740740740741 0.6854166666666667 0.6972222222222222 0.6854166666666667 0.6777777777777778 0.6776041666666667 0.6601851851851852 0.6729166666666667 0.662962962962963 0.6708333333333333 0.6722222222222223 0.6713541666666667 0.687962962962963
4 0.6145833333333334 0.6314814814814815 0.6192708333333333 0.6314814814814815 0.6239583333333333 0.5861111111111111 0.61875 0.575 0.6151041666666667 0.5731481481481482 0.6125 0.5833333333333334 0.6130208333333333 0.6277777777777778 0.6145833333333334 0.6314814814814815
4 0.7875 0.5546296296296296 0.7911458333333333 0.5574074074074075 0.79375 0.5509259259259259 0.7953125 0.5203703703703704 0.790625 0.5064814814814815 0.7864583333333334 0.5092592592592593 0.7838541666666666 0.5222222222222223 0.7838541666666666 0.5425925925925926 0.7875 0.5546296296296296
4 0.46145833333333336 0.55 0.46458333333333335 0.5425925925925926 0.4635416666666667 0.5194444444444445 0.46197916666666666 0.5138888888888888 0.4557291666666667 0.5157407407407407 0.45677083333333335 0.5481481481481482 0.46145833333333336 0.55
3 0.6276041666666666 0.6157407407407407 0.6291666666666667 0.6203703703703703 0.634375 0.6203703703703703 0.6375 0.5703703703703704 0.63125 0.5583333333333333 0.6260416666666667 0.5685185185185185 0.625 0.5805555555555556 0.6276041666666666 0.6157407407407407
3 0.6677083333333333 0.5388888888888889 0.6734375 0.5425925925925926 0.6760416666666667 0.5055555555555555 0.6697916666666667 0.49537037037037035 0.6666666666666666 0.4981481481481482 0.6651041666666667 0.5138888888888888 0.6677083333333333 0.5388888888888889
5 0.8864583333333333 0.6111111111111112 0.8838541666666667 0.6509259259259259 0.8921875 0.6574074074074074 0.896875 0.6129629629629629 0.8947916666666667 0.5981481481481481 0.8927083333333333 0.5944444444444444 0.8890625 0.5953703703703703 0.8791666666666667 0.6037037037037037 0.8864583333333333 0.6111111111111112
0 0.8822916666666667 0.7129629629629629 0.8854166666666666 0.7185185185185186 0.8890625 0.7185185185185186 0.89375 0.6601851851851852 0.8921875 0.637962962962963 0.8885416666666667 0.6388888888888888 0.884375 0.6472222222222223 0.8796875 0.6824074074074075 0.8791666666666667 0.6962962962962963 0.8822916666666667 0.7129629629629629
5 0.5541666666666667 0.5907407407407408 0.5583333333333333 0.5935185185185186 0.5619791666666667 0.5907407407407408 0.5609375 0.5722222222222222 0.5630208333333333 0.5518518518518518 0.5598958333333334 0.5398148148148149 0.55625 0.537962962962963 0.5552083333333333 0.5416666666666666 0.5526041666666667 0.562962962962963 0.5541666666666667 0.5907407407407408