4 0.275 0.9 0.27708333333333335 0.8925925925925926 0.2875 0.9018518518518519 0.28958333333333336 0.9 0.2916666666666667 0.8333333333333334 0.29583333333333334 0.8212962962962963 0.2864583333333333 0.7935185185185185 0.28125 0.7935185185185185 0.27239583333333334 0.8333333333333334 0.2760416666666667 0.8425925925925926 0.2760416666666667 0.8490740740740741 0.2703125 0.9 0.275 0.9
4 0.6 0.7796296296296297 0.6078125 0.7666666666666667 0.6052083333333333 0.7592592592592593 0.6052083333333333 0.7509259259259259 0.6098958333333333 0.7333333333333333 0.6109375 0.7074074074074074 0.6072916666666667 0.6916666666666667 0.603125 0.6916666666666667 0.6020833333333333 0.7101851851851851 0.5979166666666667 0.7231481481481481 0.5958333333333333 0.7425925925925926 0.5979166666666667 0.7601851851851852 0.5921875 0.7787037037037037 0.5942708333333333 0.7814814814814814 0.6 0.7796296296296297
5 0.7390625 0.7805555555555556 0.740625 0.7657407407407407 0.75 0.762962962962963 0.7526041666666666 0.7787037037037037 0.7557291666666667 0.7805555555555556 0.7557291666666667 0.7490740740740741 0.7526041666666666 0.7351851851851852 0.7411458333333333 0.7212962962962963 0.7375 0.7231481481481481 0.7364583333333333 0.7314814814814815 0.7375 0.7407407407407407 0.7328125 0.7787037037037037 0.7359375 0.7824074074074074 0.7390625 0.7805555555555556
4 0.721875 0.7324074074074074 0.7260416666666667 0.7157407407407408 0.7171875 0.6990740740740741 0.7151041666666667 0.6842592592592592 0.7057291666666666 0.6703703703703704 0.7015625 0.6722222222222223 0.7010416666666667 0.6898148148148148 0.7088541666666667 0.7157407407407408 0.7166666666666667 0.7333333333333333 0.721875 0.7324074074074074
5 0.5958333333333333 0.6416666666666667 0.5927083333333333 0.6240740740740741 0.5927083333333333 0.6 0.5875 0.5888888888888889 0.5838541666666667 0.5888888888888889 0.58125 0.6027777777777777 0.5817708333333333 0.6518518518518519 0.5828125 0.6546296296296297 0.5958333333333333 0.6546296296296297 0.5958333333333333 0.6416666666666667
5 0.6890625 0.7231481481481481 0.6895833333333333 0.7074074074074074 0.6869791666666667 0.6944444444444444 0.6895833333333333 0.6851851851851852 0.6890625 0.6768518518518518 0.6786458333333333 0.6574074074074074 0.6765625 0.6574074074074074 0.6723958333333333 0.6685185185185185 0.6723958333333333 0.6833333333333333 0.6796875 0.7212962962962963 0.6807291666666667 0.7240740740740741 0.6890625 0.7231481481481481
4 0.1015625 0.7222222222222222 0.1015625 0.7074074074074074 0.09739583333333333 0.6601851851851852 0.09322916666666667 0.6592592592592592 0.08802083333333334 0.6731481481481482 0.0875 0.7 0.09375 0.7342592592592593 0.0984375 0.7361111111111112 0.1015625 0.7222222222222222
5 0.41458333333333336 0.6462962962962963 0.41510416666666666 0.6027777777777777 0.4119791666666667 0.5898148148148148 0.4088541666666667 0.587037037037037 0.4046875 0.5981481481481481 0.40572916666666664 0.6324074074074074 0.4083333333333333 0.6462962962962963 0.4119791666666667 0.6509259259259259 0.41458333333333336 0.6462962962962963
5 0.3859375 0.8111111111111111 0.3875 0.8138888888888889 0.39739583333333334 0.8101851851851852 0.3958333333333333 0.7796296296296297 0.39947916666666666 0.7611111111111111 0.39895833333333336 0.7314814814814815 0.396875 0.7194444444444444 0.3927083333333333 0.7148148148148148 0.390625 0.7185185185185186 0.3890625 0.7518518518518519 0.3859375 0.7666666666666667 0.3880208333333333 0.7972222222222223 0.3859375 0.8111111111111111
5 0.3026041666666667 0.7203703703703703 0.3078125 0.7166666666666667 0.30625 0.7037037037037037 0.3125 0.6694444444444444 0.30625 0.649074074074074 0.3026041666666667 0.6481481481481481 0.3 0.6574074074074074 0.2984375 0.6694444444444444 0.30052083333333335 0.6796296296296296 0.2989583333333333 0.7175925925925926 0.3026041666666667 0.7203703703703703
4 0.46197916666666666 0.6388888888888888 0.4640625 0.6027777777777777 0.4588541666666667 0.5888888888888889 0.4546875 0.5888888888888889 0.453125 0.5953703703703703 0.45208333333333334 0.6111111111111112 0.4546875 0.65 0.4588541666666667 0.65 0.46197916666666666 0.6388888888888888
4 0.8729166666666667 0.6027777777777777 0.865625 0.5861111111111111 0.8619791666666666 0.5898148148148148 0.859375 0.5990740740740741 0.8619791666666666 0.6509259259259259 0.8651041666666667 0.6546296296296297 0.8697916666666666 0.6398148148148148 0.8729166666666667 0.6027777777777777
4 0.621875 0.5916666666666667 0.6151041666666667 0.5768518518518518 0.6114583333333333 0.5796296296296296 0.6088541666666667 0.5898148148148148 0.6098958333333333 0.6268518518518519 0.6119791666666666 0.6342592592592593 0.615625 0.6351851851851852 0.621875 0.5916666666666667
5 0.5630208333333333 0.5907407407407408 0.5635416666666667 0.5509259259259259 0.5604166666666667 0.5388888888888889 0.55625 0.5435185185185185 0.5546875 0.562962962962963 0.55625 0.5925925925925926 0.5609375 0.5935185185185186 0.5630208333333333 0.5907407407407408
4 0.46510416666666665 0.5212962962962963 0.4630208333333333 0.5138888888888888 0.4578125 0.5157407407407407 0.4583333333333333 0.549074074074074 0.4625 0.5509259259259259 0.465625 0.5444444444444444 0.46510416666666665 0.5212962962962963
0 0.13020833333333334 0.6907407407407408 0.12447916666666667 0.6925925925925925 0.12395833333333334 0.6981481481481482 0.12604166666666666 0.7018518518518518 0.13072916666666667 0.6981481481481482 0.13020833333333334 0.6907407407407408
4 0.7979166666666667 0.5212962962962963 0.7911458333333333 0.5074074074074074 0.7869791666666667 0.512962962962963 0.7859375 0.5444444444444444 0.790625 0.5574074074074075 0.7942708333333334 0.5564814814814815 0.7979166666666667 0.5212962962962963
4 0.10677083333333333 0.6425925925925926 0.1078125 0.5981481481481481 0.1046875 0.5833333333333334 0.09947916666666666 0.5787037037037037 0.0921875 0.6018518518518519 0.09375 0.6425925925925926 0.0953125 0.6453703703703704 0.1015625 0.6407407407407407 0.10677083333333333 0.6425925925925926
5 0.8942708333333333 0.6555555555555556 0.8989583333333333 0.6194444444444445 0.8963541666666667 0.5981481481481481 0.8916666666666667 0.5953703703703703 0.8828125 0.6046296296296296 0.8880208333333334 0.612037037037037 0.8859375 0.65 0.8885416666666667 0.6574074074074074 0.8942708333333333 0.6555555555555556
3 0.6760416666666667 0.5407407407407407 0.6776041666666667 0.5074074074074074 0.6739583333333333 0.49907407407407406 0.66875 0.49907407407407406 0.6671875 0.5185185185185185 0.6697916666666667 0.5388888888888889 0.6744791666666666 0.5435185185185185 0.6760416666666667 0.5407407407407407
3 0.6385416666666667 0.5694444444444444 0.6307291666666667 0.5574074074074075 0.6265625 0.5675925925925925 0.6286458333333333 0.6185185185185185 0.6307291666666667 0.6222222222222222 0.6354166666666666 0.6222222222222222 0.6385416666666667 0.5694444444444444
3 0.2984375 0.4981481481481482 0.2947916666666667 0.49166666666666664 0.28958333333333336 0.4981481481481482 0.2890625 0.5287037037037037 0.29583333333333334 0.5314814814814814 0.29739583333333336 0.5296296296296297 0.2984375 0.4981481481481482
4 0.8916666666666667 0.7166666666666667 0.8953125 0.6722222222222223 0.8953125 0.6564814814814814 0.8916666666666667 0.6435185185185185 0.8885416666666667 0.6425925925925926 0.8869791666666667 0.6462962962962963 0.8833333333333333 0.6759259259259259 0.8817708333333333 0.6962962962962963 0.8848958333333333 0.7166666666666667 0.8895833333333333 0.7194444444444444 0.8916666666666667 0.7166666666666667
5 0.853125 0.5925925925925926 0.8526041666666667 0.5685185185185185 0.846875 0.5518518518518518 0.8427083333333333 0.5546296296296296 0.8442708333333333 0.5981481481481481 0.8458333333333333 0.6027777777777777 0.8505208333333333 0.6046296296296296 0.853125 0.5925925925925926