4 0.8416666666666667 0.7564814814814815 0.8432291666666667 0.7518518518518519 0.8421875 0.7324074074074074 0.8463541666666666 0.6972222222222222 0.8385416666666666 0.6768518518518518 0.8348958333333333 0.6777777777777778 0.8276041666666667 0.6962962962962963 0.8270833333333333 0.7564814814814815 0.8296875 0.7601851851851852 0.8328125 0.7546296296296297 0.8416666666666667 0.7564814814814815
4 0.2390625 0.7518518518518519 0.24583333333333332 0.7518518518518519 0.24895833333333334 0.774074074074074 0.253125 0.775 0.25052083333333336 0.7481481481481481 0.253125 0.7231481481481481 0.25052083333333336 0.7083333333333334 0.24375 0.6907407407407408 0.24010416666666667 0.6916666666666667 0.2390625 0.7 0.2328125 0.7138888888888889 0.23541666666666666 0.7333333333333333 0.23072916666666668 0.7703703703703704 0.23489583333333333 0.7703703703703704 0.2390625 0.7518518518518519
5 0.534375 0.7027777777777777 0.5302083333333333 0.725 0.5322916666666667 0.7277777777777777 0.5484375 0.725 0.5442708333333334 0.6694444444444444 0.5411458333333333 0.6537037037037037 0.5375 0.6481481481481481 0.5317708333333333 0.6527777777777778 0.5338541666666666 0.6722222222222223 0.5296875 0.6851851851851852 0.5338541666666666 0.687037037037037 0.534375 0.7027777777777777
5 0.5359375 0.6055555555555555 0.5432291666666667 0.6074074074074074 0.5479166666666667 0.6148148148148148 0.5515625 0.6148148148148148 0.5515625 0.6074074074074074 0.5447916666666667 0.600925925925926 0.5416666666666666 0.5916666666666667 0.5427083333333333 0.5796296296296296 0.5395833333333333 0.5648148148148148 0.5369791666666667 0.5611111111111111 0.5348958333333333 0.5648148148148148 0.5338541666666666 0.5824074074074074 0.5255208333333333 0.6185185185185185 0.53125 0.6194444444444445 0.5359375 0.6055555555555555
5 0.33958333333333335 0.6342592592592593 0.34322916666666664 0.637962962962963 0.3484375 0.6074074074074074 0.34479166666666666 0.5842592592592593 0.3411458333333333 0.5833333333333334 0.3333333333333333 0.6 0.3328125 0.6064814814814815 0.3375 0.6101851851851852 0.3390625 0.6166666666666667 0.33958333333333335 0.6342592592592593
4 0.13958333333333334 0.6583333333333333 0.1421875 0.6564814814814814 0.14427083333333332 0.6324074074074074 0.14427083333333332 0.5907407407407408 0.13854166666666667 0.5888888888888889 0.134375 0.6055555555555555 0.13385416666666666 0.6203703703703703 0.13645833333333332 0.6398148148148148 0.13385416666666666 0.6537037037037037 0.13958333333333334 0.6583333333333333
4 0.2625 0.5962962962962963 0.26458333333333334 0.5675925925925925 0.2635416666666667 0.5425925925925926 0.2578125 0.5472222222222223 0.2546875 0.5638888888888889 0.25364583333333335 0.5916666666666667 0.2557291666666667 0.5962962962962963 0.2609375 0.5981481481481481 0.2625 0.5962962962962963
5 0.615625 0.6101851851851852 0.6109375 0.5925925925925926 0.60625 0.5935185185185186 0.6057291666666667 0.6129629629629629 0.6036458333333333 0.6203703703703703 0.6057291666666667 0.6351851851851852 0.603125 0.65 0.6151041666666667 0.65 0.615625 0.6101851851851852
4 0.7703125 0.6731481481481482 0.7828125 0.675 0.7833333333333333 0.6222222222222222 0.7791666666666667 0.6101851851851852 0.775 0.6083333333333333 0.7739583333333333 0.6111111111111112 0.7692708333333333 0.6370370370370371 0.771875 0.6467592592592593 0.7697916666666667 0.6694444444444444 0.7703125 0.6731481481481482
0 0.3880208333333333 0.6046296296296296 0.3885416666666667 0.612037037037037 0.3953125 0.6101851851851852 0.39375 0.6037037037037037 0.3880208333333333 0.6046296296296296
5 0.9244791666666666 0.7240740740740741 0.921875 0.6759259259259259 0.91875 0.6611111111111111 0.9145833333333333 0.6574074074074074 0.9109375 0.6657407407407407 0.9098958333333333 0.6805555555555556 0.9130208333333333 0.7027777777777777 0.9119791666666667 0.7240740740740741 0.9244791666666666 0.7240740740740741
3 0.6729166666666667 0.6148148148148148 0.6739583333333333 0.6083333333333333 0.675 0.5648148148148148 0.6708333333333333 0.5518518518518518 0.6677083333333333 0.5537037037037037 0.6661458333333333 0.5611111111111111 0.66875 0.5972222222222222 0.6677083333333333 0.6129629629629629 0.6697916666666667 0.6166666666666667 0.6729166666666667 0.6148148148148148
5 0.8458333333333333 0.6685185185185185 0.8484375 0.6546296296296297 0.8536458333333333 0.6564814814814814 0.8572916666666667 0.6638888888888889 0.8609375 0.6638888888888889 0.8614583333333333 0.6574074074074074 0.8572916666666667 0.6546296296296297 0.8546875 0.6462962962962963 0.8489583333333334 0.6074074074074074 0.8453125 0.6027777777777777 0.8421875 0.6074074074074074 0.8401041666666667 0.6333333333333333 0.8427083333333333 0.6537037037037037 0.8416666666666667 0.6657407407407407 0.8458333333333333 0.6685185185185185
3 0.3463541666666667 0.49074074074074076 0.340625 0.487962962962963 0.3380208333333333 0.49907407407407406 0.3375 0.5259259259259259 0.34739583333333335 0.5287037037037037 0.3484375 0.5 0.3463541666666667 0.49074074074074076
5 0.4348958333333333 0.562962962962963 0.4328125 0.5518518518518518 0.42916666666666664 0.5444444444444444 0.4265625 0.5444444444444444 0.4239583333333333 0.5537037037037037 0.4244791666666667 0.5916666666666667 0.4265625 0.5953703703703703 0.43385416666666665 0.5953703703703703 0.4348958333333333 0.562962962962963
4 0.4197916666666667 0.6157407407407407 0.42135416666666664 0.600925925925926 0.4276041666666667 0.5796296296296296 0.42291666666666666 0.5638888888888889 0.41875 0.5648148148148148 0.41458333333333336 0.5925925925925926 0.4140625 0.612037037037037 0.415625 0.6175925925925926 0.41770833333333335 0.6175925925925926 0.4197916666666667 0.6157407407407407
3 0.7494791666666667 0.5 0.7447916666666666 0.4981481481481482 0.7411458333333333 0.5046296296296297 0.7401041666666667 0.5407407407407407 0.7479166666666667 0.5416666666666666 0.7515625 0.5055555555555555 0.7494791666666667 0.5
4 0.35625 0.5574074074074075 0.3536458333333333 0.5296296296296297 0.3463541666666667 0.5287037037037037 0.34479166666666666 0.5425925925925926 0.346875 0.5777777777777777 0.35052083333333334 0.5787037037037037 0.35520833333333335 0.5675925925925925 0.35625 0.5574074074074075
4 0.5895833333333333 0.5101851851851852 0.5880208333333333 0.5046296296296297 0.5848958333333333 0.5046296296296297 0.58125 0.512962962962963 0.58125 0.5527777777777778 0.5875 0.5546296296296296 0.5901041666666667 0.5518518518518518 0.5895833333333333 0.5101851851851852
4 0.8286458333333333 0.5212962962962963 0.8255208333333334 0.512962962962963 0.8208333333333333 0.5111111111111111 0.8177083333333334 0.5222222222222223 0.8177083333333334 0.5546296296296296 0.821875 0.5574074074074075 0.825 0.5537037037037037 0.8286458333333333 0.5212962962962963
4 0.8770833333333333 0.6166666666666667 0.8791666666666667 0.612037037037037 0.878125 0.5648148148148148 0.8765625 0.5601851851851852 0.871875 0.5592592592592592 0.86875 0.5657407407407408 0.865625 0.5879629629629629 0.86875 0.5981481481481481 0.8666666666666667 0.6111111111111112 0.8770833333333333 0.6166666666666667