4 0.165625 0.8768518518518519 0.165625 0.8842592592592593 0.17083333333333334 0.8814814814814815 0.1765625 0.8611111111111112 0.18020833333333333 0.8564814814814815 0.18489583333333334 0.8638888888888889 0.1828125 0.887962962962963 0.18541666666666667 0.8916666666666667 0.18854166666666666 0.8907407407407407 0.190625 0.887962962962963 0.19114583333333332 0.8518518518518519 0.19479166666666667 0.8287037037037037 0.19375 0.8064814814814815 0.18802083333333333 0.7870370370370371 0.18333333333333332 0.7898148148148149 0.17395833333333333 0.8157407407407408 0.17552083333333332 0.8398148148148148 0.165625 0.8768518518518519
4 0.7223958333333333 0.7657407407407407 0.7213541666666666 0.7861111111111111 0.7255208333333333 0.8101851851851852 0.725 0.825 0.740625 0.8240740740740741 0.7427083333333333 0.812962962962963 0.734375 0.7935185185185185 0.7380208333333333 0.7759259259259259 0.7359375 0.7648148148148148 0.7244791666666667 0.7361111111111112 0.7192708333333333 0.7361111111111112 0.71875 0.7472222222222222 0.7223958333333333 0.7657407407407407
5 0.8427083333333333 0.8074074074074075 0.8442708333333333 0.7907407407407407 0.8505208333333333 0.787962962962963 0.8609375 0.8111111111111111 0.8645833333333334 0.8101851851851852 0.859375 0.7916666666666666 0.8604166666666667 0.7833333333333333 0.8572916666666667 0.7675925925925926 0.8463541666666666 0.7435185185185185 0.8416666666666667 0.7481481481481481 0.8380208333333333 0.7861111111111111 0.8375 0.8083333333333333 0.8427083333333333 0.8074074074074075
4 0.3067708333333333 0.7444444444444445 0.31927083333333334 0.7509259259259259 0.321875 0.7472222222222222 0.3203125 0.7388888888888889 0.325 0.7240740740740741 0.3307291666666667 0.7166666666666667 0.33125 0.6972222222222222 0.32864583333333336 0.6851851851851852 0.32395833333333335 0.6851851851851852 0.3098958333333333 0.7101851851851851 0.3104166666666667 0.7305555555555555 0.3067708333333333 0.7444444444444445
4 0.5682291666666667 0.6657407407407407 0.5729166666666666 0.6666666666666666 0.575 0.6574074074074074 0.5791666666666667 0.6537037037037037 0.584375 0.6666666666666666 0.5880208333333333 0.6685185185185185 0.5895833333333333 0.6638888888888889 0.5838541666666667 0.6453703703703704 0.58125 0.6157407407407407 0.5770833333333333 0.6064814814814815 0.5734375 0.6074074074074074 0.5739583333333333 0.6305555555555555 0.5682291666666667 0.6657407407407407
5 0.1953125 0.7138888888888889 0.196875 0.7324074074074074 0.20104166666666667 0.7398148148148148 0.20520833333333333 0.7416666666666667 0.20729166666666668 0.7361111111111112 0.20416666666666666 0.725925925925926 0.2046875 0.6925925925925925 0.20260416666666667 0.6731481481481482 0.20104166666666667 0.6694444444444444 0.196875 0.6694444444444444 0.19322916666666667 0.6796296296296296 0.19010416666666666 0.6925925925925925 0.1953125 0.7138888888888889
4 0.090625 0.6851851851851852 0.0875 0.7027777777777777 0.090625 0.7055555555555556 0.09427083333333333 0.7027777777777777 0.10052083333333334 0.7083333333333334 0.10208333333333333 0.7055555555555556 0.1015625 0.637962962962963 0.09583333333333334 0.6370370370370371 0.0875 0.662962962962963 0.08697916666666666 0.6694444444444444 0.090625 0.6851851851851852
3 0.6890625 0.6481481481481481 0.69375 0.6324074074074074 0.6979166666666666 0.6 0.6963541666666667 0.5907407407407408 0.6932291666666667 0.5861111111111111 0.6848958333333334 0.5990740740740741 0.684375 0.6407407407407407 0.6890625 0.6481481481481481
4 0.7994791666666666 0.6222222222222222 0.803125 0.6314814814814815 0.8067708333333333 0.6324074074074074 0.8125 0.5898148148148148 0.80625 0.5777777777777777 0.8 0.5953703703703703 0.8010416666666667 0.6092592592592593 0.7994791666666666 0.6222222222222222
5 0.43125 0.8416666666666667 0.4270833333333333 0.8490740740740741 0.43020833333333336 0.8537037037037037 0.4354166666666667 0.8527777777777777 0.43697916666666664 0.8453703703703703 0.4510416666666667 0.8453703703703703 0.44583333333333336 0.8194444444444444 0.4546875 0.8101851851851852 0.4552083333333333 0.8064814814814815 0.45416666666666666 0.7870370370370371 0.4432291666666667 0.7555555555555555 0.440625 0.7592592592592593 0.43802083333333336 0.775 0.43697916666666664 0.8037037037037037 0.43125 0.8416666666666667
4 0.071875 0.6425925925925926 0.07604166666666666 0.6435185185185185 0.08177083333333333 0.6388888888888888 0.08541666666666667 0.6064814814814815 0.08333333333333333 0.5842592592592593 0.08072916666666667 0.5787037037037037 0.07760416666666667 0.5814814814814815 0.07447916666666667 0.5916666666666667 0.07083333333333333 0.6388888888888888 0.071875 0.6425925925925926
5 0.8880208333333334 0.6796296296296296 0.890625 0.687962962962963 0.8880208333333334 0.7055555555555556 0.8932291666666666 0.7111111111111111 0.8958333333333334 0.7083333333333334 0.9046875 0.6722222222222223 0.9046875 0.6638888888888889 0.8963541666666667 0.649074074074074 0.8890625 0.6546296296296297 0.8854166666666666 0.6685185185185185 0.8848958333333333 0.6777777777777778 0.8880208333333334 0.6796296296296296
4 0.4895833333333333 0.5601851851851852 0.4890625 0.5212962962962963 0.4864583333333333 0.5148148148148148 0.4822916666666667 0.5148148148148148 0.48125 0.5185185185185185 0.48020833333333335 0.5564814814814815 0.4895833333333333 0.5601851851851852
5 0.5640625 0.6027777777777777 0.5692708333333333 0.6064814814814815 0.571875 0.600925925925926 0.5760416666666667 0.5712962962962963 0.571875 0.5564814814814815 0.5682291666666667 0.5564814814814815 0.5651041666666666 0.5638888888888889 0.5635416666666667 0.5703703703703704 0.5640625 0.6027777777777777
4 0.8557291666666667 0.6555555555555556 0.8552083333333333 0.6777777777777778 0.8572916666666667 0.6796296296296296 0.8614583333333333 0.6768518518518518 0.86875 0.6462962962962963 0.8697916666666666 0.6287037037037037 0.8640625 0.612037037037037 0.8598958333333333 0.6092592592592593 0.85625 0.6138888888888889 0.8536458333333333 0.6462962962962963 0.8557291666666667 0.6555555555555556
5 0.8578125 0.6157407407407407 0.8640625 0.6111111111111112 0.8661458333333333 0.575925925925926 0.8614583333333333 0.5638888888888889 0.85625 0.5712962962962963 0.8552083333333333 0.6074074074074074 0.8578125 0.6157407407407407
3 0.6854166666666667 0.5444444444444444 0.6885416666666667 0.5407407407407407 0.6916666666666667 0.5083333333333333 0.6864583333333333 0.49907407407407406 0.6838541666666667 0.49907407407407406 0.6822916666666666 0.5037037037037037 0.68125 0.5203703703703704 0.6854166666666667 0.5444444444444444
3 0.2786458333333333 0.5296296296296297 0.28125 0.49074074074074076 0.2786458333333333 0.48703703703703705 0.27447916666666666 0.487962962962963 0.26979166666666665 0.5 0.2708333333333333 0.5314814814814814 0.2786458333333333 0.5296296296296297
5 0.659375 0.6851851851851852 0.6614583333333334 0.6953703703703704 0.665625 0.6962962962962963 0.6645833333333333 0.65 0.65625 0.6314814814814815 0.6541666666666667 0.6305555555555555 0.65 0.6407407407407407 0.6494791666666667 0.6962962962962963 0.659375 0.6851851851851852
4 0.790625 0.5546296296296296 0.7927083333333333 0.549074074074074 0.79375 0.5212962962962963 0.7875 0.5083333333333333 0.7822916666666667 0.5212962962962963 0.7838541666666666 0.5527777777777778 0.790625 0.5546296296296296
0 0.31354166666666666 0.7481481481481481 0.31666666666666665 0.7527777777777778 0.321875 0.7518518518518519 0.32395833333333335 0.7462962962962963 0.3177083333333333 0.7351851851851852 0.31354166666666666 0.7425925925925926 0.31354166666666666 0.7481481481481481
5 0.35208333333333336 0.6935185185185185 0.3489583333333333 0.7240740740740741 0.3541666666666667 0.7268518518518519 0.3651041666666667 0.6851851851851852 0.3651041666666667 0.674074074074074 0.3609375 0.6583333333333333 0.3494791666666667 0.675 0.3489583333333333 0.6833333333333333 0.35208333333333336 0.6935185185185185
4 0.6671875 0.6407407407407407 0.6697916666666667 0.6416666666666667 0.6734375 0.637962962962963 0.6760416666666667 0.5898148148148148 0.6734375 0.5805555555555556 0.6692708333333334 0.5777777777777777 0.6640625 0.5907407407407408 0.665625 0.6351851851851852 0.6671875 0.6407407407407407