1 0.11510416666666666 0.6407407407407407 0.11927083333333334 0.6416666666666667 0.13333333333333333 0.6342592592592593 0.12708333333333333 0.6148148148148148 0.12916666666666668 0.6055555555555555 0.128125 0.5990740740740741 0.12135416666666667 0.6 0.11510416666666666 0.6111111111111112 0.11666666666666667 0.6268518518518519 0.11510416666666666 0.6407407407407407
3 0.4432291666666667 0.637962962962963 0.4401041666666667 0.5907407407407408 0.4359375 0.5898148148148148 0.4328125 0.5990740740740741 0.43020833333333336 0.6398148148148148 0.4432291666666667 0.637962962962963
4 0.75625 0.799074074074074 0.7604166666666666 0.8027777777777778 0.7645833333333333 0.7972222222222223 0.7713541666666667 0.8055555555555556 0.775 0.8018518518518518 0.775 0.7935185185185185 0.771875 0.7805555555555556 0.7713541666666667 0.7388888888888889 0.7671875 0.725 0.7635416666666667 0.7240740740740741 0.7609375 0.7472222222222222 0.7604166666666666 0.7805555555555556 0.75625 0.799074074074074
4 0.43385416666666665 0.6898148148148148 0.4354166666666667 0.6925925925925925 0.4479166666666667 0.6935185185185185 0.44895833333333335 0.6731481481481482 0.44583333333333336 0.6398148148148148 0.44166666666666665 0.637962962962963 0.43854166666666666 0.649074074074074 0.43854166666666666 0.6620370370370371 0.43385416666666665 0.6898148148148148
4 0.1578125 0.700925925925926 0.15885416666666666 0.7351851851851852 0.1625 0.7379629629629629 0.16770833333333332 0.7203703703703703 0.16927083333333334 0.6851851851851852 0.165625 0.6731481481481482 0.16197916666666667 0.6731481481481482 0.15729166666666666 0.6851851851851852 0.15572916666666667 0.6953703703703704 0.1578125 0.700925925925926
4 0.5265625 0.6851851851851852 0.5291666666666667 0.6888888888888889 0.5333333333333333 0.6851851851851852 0.5359375 0.6462962962962963 0.5296875 0.6342592592592593 0.5260416666666666 0.637962962962963 0.525 0.6648148148148149 0.5265625 0.6851851851851852
5 0.8578125 0.6787037037037037 0.8609375 0.6564814814814814 0.8609375 0.6314814814814815 0.8588541666666667 0.6231481481481481 0.8546875 0.625 0.8515625 0.649074074074074 0.8520833333333333 0.6768518518518518 0.8578125 0.6787037037037037
5 0.8651041666666667 0.7703703703703704 0.8770833333333333 0.7712962962962963 0.878125 0.7351851851851852 0.8729166666666667 0.6990740740740741 0.8671875 0.7138888888888889 0.8677083333333333 0.7444444444444445 0.8651041666666667 0.7703703703703704
3 0.8213541666666667 0.6194444444444445 0.821875 0.6138888888888889 0.8192708333333333 0.6074074074074074 0.8208333333333333 0.5824074074074074 0.8182291666666667 0.5740740740740741 0.8135416666666667 0.5861111111111111 0.8135416666666667 0.6185185185185185 0.8213541666666667 0.6194444444444445
4 0.09583333333333334 0.6842592592592592 0.09947916666666666 0.6805555555555556 0.09895833333333333 0.6657407407407407 0.10104166666666667 0.6537037037037037 0.09895833333333333 0.6240740740740741 0.0953125 0.6231481481481481 0.09166666666666666 0.6333333333333333 0.090625 0.6814814814814815 0.09583333333333334 0.6842592592592592
5 0.6 0.6972222222222222 0.6046875 0.6564814814814814 0.5989583333333334 0.6407407407407407 0.5953125 0.6407407407407407 0.5932291666666667 0.649074074074074 0.5947916666666667 0.6962962962962963 0.6 0.6972222222222222
3 0.9296875 0.9990740740740741 0.9333333333333333 0.9842592592592593 0.9395833333333333 0.9990740740740741 0.9442708333333333 0.9990740740740741 0.9463541666666667 0.9416666666666667 0.9447916666666667 0.9333333333333333 0.9395833333333333 0.924074074074074 0.9390625 0.9148148148148149 0.9364583333333333 0.9120370370370371 0.9338541666666667 0.9138888888888889 0.9322916666666666 0.9259259259259259 0.9270833333333334 0.9333333333333333 0.9234375 0.9546296296296296 0.9239583333333333 0.9685185185185186 0.921875 0.9833333333333333 0.9197916666666667 0.9851851851851852 0.9197916666666667 0.9990740740740741 0.9296875 0.9990740740740741
5 0.2833333333333333 0.6601851851851852 0.284375 0.6703703703703704 0.290625 0.687037037037037 0.2947916666666667 0.687037037037037 0.29739583333333336 0.6842592592592592 0.2947916666666667 0.6342592592592593 0.2911458333333333 0.6259259259259259 0.2875 0.6305555555555555 0.2875 0.649074074074074 0.2833333333333333 0.6601851851851852
5 0.8723958333333334 0.674074074074074 0.871875 0.6981481481481482 0.8807291666666667 0.700925925925926 0.8828125 0.6953703703703704 0.8807291666666667 0.6842592592592592 0.8802083333333334 0.6481481481481481 0.8776041666666666 0.6416666666666667 0.8739583333333333 0.6453703703703704 0.8697916666666666 0.6620370370370371 0.8723958333333334 0.674074074074074
4 0.3848958333333333 0.6527777777777778 0.39114583333333336 0.6518518518518519 0.39166666666666666 0.6055555555555555 0.3890625 0.5953703703703703 0.3848958333333333 0.5990740740740741 0.38177083333333334 0.6240740740740741 0.3807291666666667 0.649074074074074 0.3848958333333333 0.6527777777777778
0 0.13177083333333334 0.6370370370370371 0.13489583333333333 0.6342592592592593 0.13020833333333334 0.6259259259259259 0.12604166666666666 0.6287037037037037 0.12604166666666666 0.6351851851851852 0.13177083333333334 0.6370370370370371
4 0.23125 0.6166666666666667 0.234375 0.575925925925926 0.2328125 0.5657407407407408 0.2234375 0.5722222222222222 0.2203125 0.5879629629629629 0.21927083333333333 0.6185185185185185 0.23125 0.6166666666666667
5 0.5005208333333333 0.6444444444444445 0.5020833333333333 0.6425925925925926 0.5041666666666667 0.6055555555555555 0.5020833333333333 0.5925925925925926 0.4979166666666667 0.5925925925925926 0.4953125 0.6027777777777777 0.49583333333333335 0.6425925925925926 0.5005208333333333 0.6444444444444445
5 0.6880208333333333 0.6268518518518519 0.6979166666666666 0.6342592592592593 0.7015625 0.6407407407407407 0.7052083333333333 0.6305555555555555 0.7046875 0.5972222222222222 0.7010416666666667 0.5888888888888889 0.6963541666666667 0.5916666666666667 0.6953125 0.6092592592592593 0.6880208333333333 0.6268518518518519
3 0.24322916666666666 0.5842592592592593 0.24895833333333334 0.5916666666666667 0.253125 0.5731481481481482 0.2520833333333333 0.5518518518518518 0.24791666666666667 0.5537037037037037 0.24479166666666666 0.5638888888888889 0.2453125 0.575925925925926 0.24322916666666666 0.5842592592592593
4 0.6927083333333334 0.6268518518518519 0.6963541666666667 0.6287037037037037 0.7010416666666667 0.6398148148148148 0.7067708333333333 0.6296296296296297 0.7057291666666666 0.5935185185185186 0.7010416666666667 0.5814814814814815 0.6958333333333333 0.5907407407407408 0.696875 0.6 0.6927083333333334 0.6268518518518519
5 0.28584895833333335 0.6865277777777778 0.01399479166666661 0.06897222222222223
5 0.39913020833333335 0.6270925925925925 0.012661458333333304 0.06528703703703703
5 0.3875416666666667 0.5868148148148148 0.010604166666666614 0.03428703703703701