4 0.6515625 0.8935185185185185 0.6536458333333334 0.9018518518518519 0.6536458333333334 0.9166666666666666 0.6619791666666667 0.9157407407407407 0.6604166666666667 0.8694444444444445 0.6619791666666667 0.8611111111111112 0.659375 0.8518518518518519 0.6614583333333334 0.825925925925926 0.6598958333333333 0.8222222222222222 0.6541666666666667 0.8240740740740741 0.6484375 0.8444444444444444 0.6453125 0.875 0.6369791666666667 0.8740740740740741 0.6333333333333333 0.8787037037037037 0.6338541666666667 0.8851851851851852 0.6515625 0.8935185185185185
4 0.2671875 0.787962962962963 0.26927083333333335 0.7962962962962963 0.26875 0.825 0.2708333333333333 0.8287037037037037 0.27708333333333335 0.825925925925926 0.27708333333333335 0.8185185185185185 0.28229166666666666 0.7981481481481482 0.28177083333333336 0.7875 0.28541666666666665 0.7759259259259259 0.2796875 0.7462962962962963 0.2755208333333333 0.7490740740740741 0.2630208333333333 0.7824074074074074 0.2625 0.7870370370370371 0.2671875 0.787962962962963
4 0.2947916666666667 0.8870370370370371 0.2942708333333333 0.8944444444444445 0.2947916666666667 0.8981481481481481 0.2984375 0.899074074074074 0.30104166666666665 0.8907407407407407 0.31145833333333334 0.8842592592592593 0.31354166666666666 0.8870370370370371 0.3125 0.9037037037037037 0.31875 0.9055555555555556 0.32083333333333336 0.9037037037037037 0.3229166666666667 0.812962962962963 0.3177083333333333 0.812037037037037 0.3109375 0.8296296296296296 0.30572916666666666 0.8759259259259259 0.2947916666666667 0.8870370370370371
4 0.55625 0.8333333333333334 0.5588541666666667 0.8333333333333334 0.5682291666666667 0.8018518518518518 0.5723958333333333 0.774074074074074 0.56875 0.7583333333333333 0.5640625 0.7564814814814815 0.5567708333333333 0.7675925925925926 0.5552083333333333 0.775 0.5541666666666667 0.825925925925926 0.55625 0.8333333333333334
5 0.0984375 0.825925925925926 0.10364583333333334 0.8287037037037037 0.11041666666666666 0.8212962962962963 0.11510416666666666 0.8287037037037037 0.11666666666666667 0.8203703703703704 0.11302083333333333 0.8037037037037037 0.11510416666666666 0.7796296296296297 0.11770833333333333 0.7712962962962963 0.11510416666666666 0.7425925925925926 0.1109375 0.7398148148148148 0.10104166666666667 0.762962962962963 0.10052083333333334 0.8111111111111111 0.0984375 0.825925925925926
4 0.10833333333333334 0.737037037037037 0.10989583333333333 0.7416666666666667 0.1140625 0.7435185185185185 0.121875 0.7240740740740741 0.125 0.7046296296296296 0.13125 0.7 0.13802083333333334 0.7074074074074074 0.140625 0.7046296296296296 0.13385416666666666 0.6962962962962963 0.12760416666666666 0.6768518518518518 0.11927083333333334 0.6851851851851852 0.11302083333333333 0.7 0.11458333333333333 0.7212962962962963 0.10833333333333334 0.737037037037037
5 0.8708333333333333 0.8888888888888888 0.8713541666666667 0.8925925925925926 0.8786458333333333 0.8916666666666667 0.8807291666666667 0.8981481481481481 0.8760416666666667 0.9425925925925925 0.8739583333333333 0.9462962962962963 0.8760416666666667 0.950925925925926 0.8822916666666667 0.9481481481481482 0.8833333333333333 0.9296296296296296 0.8885416666666667 0.9268518518518518 0.8942708333333333 0.9435185185185185 0.9005208333333333 0.9444444444444444 0.8984375 0.937037037037037 0.8979166666666667 0.8842592592592593 0.8895833333333333 0.8712962962962963 0.8880208333333334 0.8611111111111112 0.8833333333333333 0.8611111111111112 0.8794270833333333 0.8763888888888889 0.8708333333333333 0.8888888888888888
3 0.2994791666666667 0.7768518518518519 0.3026041666666667 0.774074074074074 0.30625 0.6972222222222222 0.3015625 0.6944444444444444 0.2942708333333333 0.712037037037037 0.29322916666666665 0.774074074074074 0.2994791666666667 0.7768518518518519
5 0.5057291666666667 0.6444444444444445 0.5125 0.6601851851851852 0.5171875 0.6601851851851852 0.515625 0.6212962962962963 0.5119791666666667 0.6111111111111112 0.5088541666666667 0.6111111111111112 0.5057291666666667 0.6231481481481481 0.5057291666666667 0.6444444444444445
4 0.4328125 0.7796296296296297 0.43333333333333335 0.8055555555555556 0.43697916666666664 0.8074074074074075 0.4395833333333333 0.8046296296296296 0.4453125 0.7796296296296297 0.44114583333333335 0.7314814814814815 0.43645833333333334 0.7314814814814815 0.43125 0.7435185185185185 0.43072916666666666 0.7731481481481481 0.4328125 0.7796296296296297
5 0.5921875 0.8388888888888889 0.5984375 0.8416666666666667 0.6098958333333333 0.7712962962962963 0.609375 0.7601851851851852 0.6036458333333333 0.7601851851851852 0.59375 0.7787037037037037 0.5947916666666667 0.812037037037037 0.5921875 0.8388888888888889
3 0.25729166666666664 0.5898148148148148 0.26458333333333334 0.5916666666666667 0.26614583333333336 0.5601851851851852 0.26145833333333335 0.5564814814814815 0.2552083333333333 0.5611111111111111 0.25364583333333335 0.5685185185185185 0.25729166666666664 0.5898148148148148
4 0.1609375 0.6944444444444444 0.16822916666666668 0.6935185185185185 0.16927083333333334 0.6657407407407407 0.165625 0.6324074074074074 0.16197916666666667 0.6324074074074074 0.1578125 0.6453703703703704 0.1578125 0.6907407407407408 0.1609375 0.6944444444444444
5 0.37552083333333336 0.8527777777777777 0.375 0.9157407407407407 0.3765625 0.9185185185185185 0.38958333333333334 0.9166666666666666 0.39166666666666666 0.8824074074074074 0.3890625 0.8722222222222222 0.390625 0.8425925925925926 0.3890625 0.8222222222222222 0.38333333333333336 0.8212962962962963 0.3796875 0.8324074074074074 0.36770833333333336 0.8444444444444444 0.36822916666666666 0.8490740740740741 0.37552083333333336 0.8527777777777777
4 0.5473958333333333 0.6537037037037037 0.5489583333333333 0.6583333333333333 0.553125 0.6592592592592592 0.5552083333333333 0.6546296296296297 0.5541666666666667 0.6416666666666667 0.5567708333333333 0.6305555555555555 0.5552083333333333 0.6148148148148148 0.5526041666666667 0.6064814814814815 0.5489583333333333 0.6046296296296296 0.5432291666666667 0.6185185185185185 0.5421875 0.6268518518518519 0.5473958333333333 0.6537037037037037
5 0.17291666666666666 0.6972222222222222 0.1890625 0.6972222222222222 0.18645833333333334 0.6805555555555556 0.18541666666666667 0.6407407407407407 0.18125 0.6398148148148148 0.1765625 0.6564814814814814 0.1765625 0.674074074074074 0.17291666666666666 0.6972222222222222
5 0.8692708333333333 0.7222222222222222 0.8744791666666667 0.6814814814814815 0.8692708333333333 0.6592592592592592 0.865625 0.6601851851851852 0.8625 0.6712962962962963 0.8604166666666667 0.6962962962962963 0.859375 0.7203703703703703 0.8692708333333333 0.7222222222222222
0 0.8947916666666667 0.9444444444444444 0.9 0.9453703703703704 0.8963541666666667 0.9203703703703704 0.8921875 0.9185185185185185 0.8880208333333334 0.9231481481481482 0.8885416666666667 0.9351851851851852 0.8947916666666667 0.9444444444444444
5 0.36041666666666666 0.7435185185185185 0.3625 0.7472222222222222 0.3729166666666667 0.7490740740740741 0.375 0.7472222222222222 0.3734375 0.7305555555555555 0.3770833333333333 0.6953703703703704 0.37552083333333336 0.6777777777777778 0.3723958333333333 0.6759259259259259 0.36614583333333334 0.6925925925925925 0.365625 0.7231481481481481 0.36041666666666666 0.7435185185185185
4 0.5536458333333333 0.7287037037037037 0.5625 0.7324074074074074 0.5625 0.7398148148148148 0.5677083333333334 0.7407407407407407 0.5713541666666667 0.6833333333333333 0.5677083333333334 0.6805555555555556 0.5604166666666667 0.6962962962962963 0.5588541666666667 0.7129629629629629 0.5536458333333333 0.7287037037037037
4 0 0.8694444444444445 0.016145833333333335 0.85 0.011979166666666667 0.8287037037037037 0.013541666666666667 0.8231481481481482 0.013541666666666667 0.7898148148148149 0.009895833333333333 0.787962962962963 0.0067708333333333336 0.7916666666666666 0 0.8074074074074075 0 0.8694444444444445
5 0 0.950925925925926 0.005729166666666666 0.9481481481481482 0.0046875 0.9388888888888889 0.0078125 0.9333333333333333 0.015104166666666667 0.9296296296296296 0.016145833333333335 0.9462962962962963 0.021875 0.9481481481481482 0.025 0.9425925925925925 0.018229166666666668 0.8555555555555555 0.013541666666666667 0.8444444444444444 0.008333333333333333 0.8527777777777777 0.005729166666666666 0.8527777777777777 0.007291666666666667 0.8574074074074074 0 0.9324074074074075 0 0.950925925925926
3 0.5984375 0.5925925925925926 0.5994791666666667 0.5972222222222222 0.603125 0.5972222222222222 0.60625 0.5611111111111111 0.6020833333333333 0.5518518518518518 0.5989583333333334 0.5509259259259259 0.5963541666666666 0.5564814814814815 0.5947916666666667 0.5694444444444444 0.5984375 0.5925925925925926