4 0.090625 0.8398148148148148 0.10364583333333334 0.825925925925926 0.1078125 0.8101851851851852 0.11197916666666667 0.8092592592592592 0.1109375 0.7712962962962963 0.10677083333333333 0.7703703703703704 0.09947916666666666 0.7842592592592592 0.09270833333333334 0.8203703703703704 0.08645833333333333 0.8277777777777777 0.0859375 0.8388888888888889 0.090625 0.8398148148148148
4 0.86875 0.8018518518518518 0.8755208333333333 0.8037037037037037 0.884375 0.8388888888888889 0.8927083333333333 0.8388888888888889 0.8953125 0.8333333333333334 0.8895833333333333 0.8138888888888889 0.8932291666666666 0.7898148148148149 0.8822916666666667 0.7712962962962963 0.8765625 0.7731481481481481 0.8723958333333334 0.7953703703703704 0.86875 0.8018518518518518
5 0.903125 0.774074074074074 0.909375 0.7296296296296296 0.9088541666666666 0.7194444444444444 0.9041666666666667 0.7046296296296296 0.9 0.7046296296296296 0.8984375 0.7083333333333334 0.8958333333333334 0.7277777777777777 0.8963541666666667 0.7712962962962963 0.903125 0.774074074074074
5 0.175 0.7074074074074074 0.178125 0.712037037037037 0.18177083333333333 0.712037037037037 0.18385416666666668 0.7092592592592593 0.18385416666666668 0.7027777777777777 0.1796875 0.6842592592592592 0.18229166666666666 0.6638888888888889 0.17395833333333333 0.6472222222222223 0.16927083333333334 0.6583333333333333 0.16927083333333334 0.6712962962962963 0.175 0.7074074074074074
5 0.5760416666666667 0.6916666666666667 0.5802083333333333 0.6907407407407408 0.58125 0.6444444444444445 0.5765625 0.6324074074074074 0.5708333333333333 0.6444444444444445 0.575 0.6888888888888889 0.5760416666666667 0.6916666666666667
3 0.7166666666666667 0.7157407407407408 0.71875 0.7027777777777777 0.7244791666666667 0.7046296296296296 0.7244791666666667 0.6981481481481482 0.7197916666666667 0.6935185185185185 0.7223958333333333 0.6731481481481482 0.7166666666666667 0.6546296296296297 0.7125 0.6537037037037037 0.7104166666666667 0.6592592592592592 0.7125 0.7157407407407408 0.7166666666666667 0.7157407407407408
0 0.14791666666666667 0.8194444444444444 0.14635416666666667 0.8101851851851852 0.140625 0.812962962962963 0.14166666666666666 0.8222222222222222 0.14791666666666667 0.8194444444444444
5 0.9020833333333333 0.8148148148148148 0.9026041666666667 0.8324074074074074 0.9057291666666667 0.8462962962962963 0.9140625 0.8481481481481481 0.915625 0.8407407407407408 0.9119791666666667 0.8296296296296296 0.9135416666666667 0.812962962962963 0.9119791666666667 0.7898148148148149 0.9046875 0.7731481481481481 0.9005208333333333 0.7787037037037037 0.8989583333333333 0.8064814814814815 0.9020833333333333 0.8148148148148148
5 0.6265625 0.6611111111111111 0.6296875 0.6231481481481481 0.6234375 0.6101851851851852 0.6208333333333333 0.6111111111111112 0.6182291666666667 0.6203703703703703 0.6223958333333334 0.6611111111111111 0.6265625 0.6611111111111111
4 0 0.7407407407407407 0.004166666666666667 0.7342592592592593 0.003125 0.7185185185185186 0.0078125 0.7027777777777777 0.00625 0.6861111111111111 0.0015625 0.674074074074074 0 0.674074074074074 0 0.7407407407407407
5 0.16354166666666667 0.8212962962962963 0.16510416666666666 0.825925925925926 0.1703125 0.8203703703703704 0.1796875 0.8194444444444444 0.1890625 0.7944444444444444 0.190625 0.7824074074074074 0.18645833333333334 0.7638888888888888 0.18125 0.762962962962963 0.17760416666666667 0.7731481481481481 0.1734375 0.8055555555555556 0.16354166666666667 0.8212962962962963
4 0.6442708333333333 0.7907407407407407 0.6515625 0.7916666666666666 0.6541666666666667 0.7861111111111111 0.6546875 0.7361111111111112 0.6463541666666667 0.7194444444444444 0.6432291666666666 0.7231481481481481 0.6416666666666667 0.7342592592592593 0.6427083333333333 0.7861111111111111 0.6442708333333333 0.7907407407407407
4 0.6041666666666666 0.6324074074074074 0.60625 0.6277777777777778 0.6067708333333334 0.5907407407407408 0.6036458333333333 0.5842592592592593 0.5994791666666667 0.5842592592592593 0.596875 0.5916666666666667 0.5963541666666666 0.6296296296296297 0.6041666666666666 0.6324074074074074
4 0.521875 0.6555555555555556 0.525 0.6620370370370371 0.5291666666666667 0.65 0.5291666666666667 0.6240740740740741 0.525 0.6138888888888889 0.5208333333333334 0.6148148148148148 0.5182291666666666 0.6287037037037037 0.521875 0.6555555555555556
5 0.8609375 0.6564814814814814 0.8645833333333334 0.65 0.8661458333333333 0.625 0.8619791666666666 0.6157407407407407 0.8567708333333334 0.6231481481481481 0.8567708333333334 0.6518518518518519 0.8609375 0.6564814814814814
3 0.3296875 0.5990740740740741 0.33125 0.5694444444444444 0.3260416666666667 0.5592592592592592 0.321875 0.5666666666666667 0.321875 0.5990740740740741 0.3296875 0.5990740740740741
4 0.340625 0.7379629629629629 0.3416666666666667 0.7416666666666667 0.3453125 0.7407407407407407 0.35 0.7240740740740741 0.3536458333333333 0.6851851851851852 0.3515625 0.6796296296296296 0.3453125 0.6768518518518518 0.3411458333333333 0.6814814814814815 0.3380208333333333 0.6916666666666667 0.33697916666666666 0.7037037037037037 0.340625 0.7379629629629629
4 0.28802083333333334 0.6518518518518519 0.29322916666666665 0.65 0.29739583333333336 0.6416666666666667 0.296875 0.6092592592592593 0.2916666666666667 0.5981481481481481 0.2869791666666667 0.6046296296296296 0.2864583333333333 0.6509259259259259 0.28802083333333334 0.6518518518518519
5 0.6557291666666667 0.7685185185185185 0.6583333333333333 0.7712962962962963 0.6619791666666667 0.7907407407407407 0.6661458333333333 0.7935185185185185 0.6682291666666667 0.787962962962963 0.6697916666666667 0.7398148148148148 0.6630208333333333 0.7231481481481481 0.6572916666666667 0.7240740740740741 0.6546875 0.7351851851851852 0.6557291666666667 0.7685185185185185
4 0.8421875 0.637962962962963 0.8447916666666667 0.6342592592592593 0.8463541666666666 0.6148148148148148 0.8442708333333333 0.5916666666666667 0.8427083333333333 0.5888888888888889 0.8375 0.5898148148148148 0.8359375 0.600925925925926 0.8375 0.6351851851851852 0.8421875 0.637962962962963
4 0.8619791666666666 0.6916666666666667 0.8619791666666666 0.7046296296296296 0.8645833333333334 0.7092592592592593 0.86875 0.7092592592592593 0.8713541666666667 0.7046296296296296 0.8723958333333334 0.6620370370370371 0.865625 0.6472222222222223 0.859375 0.6509259259259259 0.8588541666666667 0.6805555555555556 0.8619791666666666 0.6916666666666667
5 0.8776041666666666 0.7092592592592593 0.88125 0.7027777777777777 0.8848958333333333 0.6638888888888889 0.8807291666666667 0.6509259259259259 0.8765625 0.6509259259259259 0.8723958333333334 0.6648148148148149 0.8739583333333333 0.7046296296296296 0.8776041666666666 0.7092592592592593