4 0.30833333333333335 0.887962962962963 0.3098958333333333 0.8972222222222223 0.3151041666666667 0.8935185185185185 0.32083333333333336 0.9037037037037037 0.3265625 0.9027777777777778 0.33541666666666664 0.8629629629629629 0.3328125 0.8518518518518519 0.3390625 0.825925925925926 0.3385416666666667 0.8185185185185185 0.3328125 0.8166666666666667 0.3260416666666667 0.8296296296296296 0.3203125 0.8537037037037037 0.3203125 0.868287037037037 0.3177083333333333 0.8777777777777778 0.30833333333333335 0.887962962962963
4 0.5734375 0.7435185185185185 0.5791666666666667 0.7435185185185185 0.5807291666666666 0.6842592592592592 0.5755208333333334 0.6861111111111111 0.5708333333333333 0.6962962962962963 0.5671875 0.7185185185185186 0.5598958333333334 0.725 0.5598958333333334 0.7324074074074074 0.5635416666666667 0.7296296296296296 0.571875 0.7333333333333333 0.5734375 0.7435185185185185
4 0.6057291666666667 0.8083333333333333 0.6088541666666667 0.7870370370370371 0.603125 0.762962962962963 0.5989583333333334 0.762962962962963 0.59375 0.775 0.5916666666666667 0.7907407407407407 0.590625 0.8416666666666667 0.5958333333333333 0.8435185185185186 0.6010416666666667 0.8166666666666667 0.6057291666666667 0.8083333333333333
5 0.40729166666666666 0.9120370370370371 0.4088541666666667 0.9157407407407407 0.41354166666666664 0.9157407407407407 0.41458333333333336 0.9111111111111111 0.4109375 0.9037037037037037 0.4078125 0.8861111111111111 0.4078125 0.875 0.41354166666666664 0.8694444444444445 0.41041666666666665 0.8574074074074074 0.4114583333333333 0.8296296296296296 0.40989583333333335 0.8240740740740741 0.40625 0.8231481481481482 0.4036458333333333 0.8268518518518518 0.3932291666666667 0.8712962962962963 0.39739583333333334 0.887962962962963 0.3890625 0.9194444444444444 0.39375 0.9222222222222223 0.40729166666666666 0.9120370370370371
4 0.5901041666666667 0.6166666666666667 0.5875 0.6064814814814815 0.5833333333333334 0.6037037037037037 0.5776041666666667 0.6185185185185185 0.5802083333333333 0.6537037037037037 0.5838541666666667 0.6583333333333333 0.5864583333333333 0.6509259259259259 0.5901041666666667 0.6166666666666667
4 0.30104166666666665 0.8222222222222222 0.3026041666666667 0.8277777777777777 0.3072916666666667 0.825925925925926 0.3104166666666667 0.8212962962962963 0.3177083333333333 0.7898148148148149 0.31614583333333335 0.7666666666666667 0.31197916666666664 0.75 0.3067708333333333 0.7481481481481481 0.296875 0.7703703703703704 0.29010416666666666 0.7768518518518519 0.29010416666666666 0.7796296296296297 0.2989583333333333 0.7777777777777778 0.3015625 0.7805555555555556 0.30104166666666665 0.8222222222222222
4 0.61875 0.887962962962963 0.6291666666666667 0.8935185185185185 0.6307291666666667 0.9148148148148149 0.6390625 0.9157407407407407 0.6473958333333333 0.8333333333333334 0.646875 0.8222222222222222 0.6421875 0.8222222222222222 0.63125 0.8453703703703703 0.6286458333333333 0.8555555555555555 0.6286458333333333 0.8675925925925926 0.6197916666666666 0.8805555555555555 0.61875 0.887962962962963
5 0.5682291666666667 0.6462962962962963 0.5671875 0.6240740740740741 0.5640625 0.6129629629629629 0.5604166666666667 0.6111111111111112 0.559375 0.6148148148148148 0.5598958333333334 0.65 0.56875 0.6638888888888889 0.5708333333333333 0.6574074074074074 0.5682291666666667 0.6462962962962963
4 0.021354166666666667 0.875 0.025 0.8685185185185185 0.03697916666666667 0.8611111111111112 0.03854166666666667 0.8537037037037037 0.0359375 0.8407407407407408 0.036458333333333336 0.7944444444444444 0.034895833333333334 0.7916666666666666 0.0296875 0.7944444444444444 0.025 0.812962962962963 0.0234375 0.8416666666666667 0.026041666666666668 0.8518518518518519 0.019270833333333334 0.8648148148148148 0.021354166666666667 0.875
4 0.14270833333333333 0.7361111111111112 0.14947916666666666 0.7361111111111112 0.14583333333333334 0.6777777777777778 0.1421875 0.6777777777777778 0.1375 0.6861111111111111 0.12604166666666666 0.7277777777777777 0.1265625 0.737037037037037 0.13385416666666666 0.7231481481481481 0.14322916666666666 0.7268518518518519 0.14270833333333333 0.7361111111111112
5 0.8973958333333333 0.7055555555555556 0.9020833333333333 0.6842592592592592 0.8963541666666667 0.6620370370370371 0.8921875 0.6648148148148149 0.8901041666666667 0.675 0.8890625 0.7046296296296296 0.8927083333333333 0.7277777777777777 0.8963541666666667 0.725 0.8973958333333333 0.7055555555555556
4 0.46979166666666666 0.8111111111111111 0.48020833333333335 0.8101851851851852 0.4817708333333333 0.7907407407407407 0.478125 0.7361111111111112 0.4739583333333333 0.7342592592592593 0.4671875 0.7537037037037037 0.4666666666666667 0.7777777777777778 0.46979166666666666 0.7944444444444444 0.46822916666666664 0.8064814814814815 0.46979166666666666 0.8111111111111111
4 0.2046875 0.6509259259259259 0.20208333333333334 0.6333333333333333 0.196875 0.6314814814814815 0.19166666666666668 0.6481481481481481 0.19322916666666667 0.6898148148148148 0.19739583333333333 0.6944444444444444 0.203125 0.6814814814814815 0.2046875 0.6509259259259259
3 0.32395833333333335 0.775 0.32760416666666664 0.775 0.33177083333333335 0.7555555555555555 0.33125 0.7046296296296296 0.3260416666666667 0.7027777777777777 0.3177083333333333 0.7222222222222222 0.3171875 0.7416666666666667 0.3140625 0.7601851851851852 0.32395833333333335 0.7657407407407407 0.32395833333333335 0.775
5 0.15208333333333332 0.8324074074074074 0.15833333333333333 0.825 0.159375 0.8166666666666667 0.15520833333333334 0.8055555555555556 0.1609375 0.7814814814814814 0.16458333333333333 0.775 0.16458333333333333 0.7694444444444445 0.15833333333333333 0.7444444444444445 0.15416666666666667 0.7462962962962963 0.14791666666666667 0.762962962962963 0.14635416666666667 0.7722222222222223 0.1484375 0.7837962962962963 0.1484375 0.8296296296296296 0.15208333333333332 0.8324074074074074
5 0.6390625 0.7787037037037037 0.6375 0.7685185185185185 0.6328125 0.7675925925925926 0.6239583333333333 0.7907407407407407 0.6229166666666667 0.8453703703703703 0.6270833333333333 0.8407407407407408 0.6328125 0.825 0.6390625 0.7787037037037037
5 0.909375 0.913425925925926 0.9098958333333333 0.9444444444444444 0.9083333333333333 0.950925925925926 0.9145833333333333 0.9546296296296296 0.9255208333333333 0.9472222222222222 0.9239583333333333 0.8907407407407407 0.9119791666666667 0.8648148148148148 0.9067708333333333 0.8694444444444445 0.9072916666666667 0.8787037037037037 0.9005208333333333 0.9037037037037037 0.9044270833333333 0.9046296296296297 0.909375 0.913425925925926
5 0.21979166666666666 0.662962962962963 0.21979166666666666 0.6435185185185185 0.21822916666666667 0.6398148148148148 0.21354166666666666 0.6425925925925926 0.21041666666666667 0.6564814814814814 0.2109375 0.675 0.20833333333333334 0.6962962962962963 0.21666666666666667 0.7 0.21979166666666666 0.662962962962963
5 0.03125 0.9212962962962963 0.025 0.9305555555555556 0.024479166666666666 0.9351851851851852 0.029166666666666667 0.9462962962962963 0.03802083333333333 0.9472222222222222 0.0390625 0.9425925925925925 0.03697916666666667 0.9314814814814815 0.041666666666666664 0.912962962962963 0.04010416666666667 0.8546296296296296 0.035416666666666666 0.8472222222222222 0.020833333333333332 0.8629629629629629 0.019791666666666666 0.8731481481481481 0.029166666666666667 0.8861111111111111 0.03177083333333333 0.9101851851851852 0.03125 0.9212962962962963
3 0.6369791666666667 0.5990740740740741 0.6390625 0.5638888888888889 0.6348958333333333 0.5518518518518518 0.6307291666666667 0.5509259259259259 0.6296875 0.5546296296296296 0.628125 0.562962962962963 0.6291666666666667 0.575 0.6333333333333333 0.5981481481481481 0.6369791666666667 0.5990740740740741
5 0.4036458333333333 0.674074074074074 0.39947916666666666 0.675 0.39375 0.6972222222222222 0.3921875 0.7444444444444445 0.4036458333333333 0.7462962962962963 0.40625 0.6962962962962963 0.4036458333333333 0.674074074074074
3 0.29583333333333334 0.5601851851851852 0.2947916666666667 0.5564814814814815 0.2890625 0.5546296296296296 0.2875 0.5444444444444444 0.2833333333333333 0.5398148148148149 0.2791666666666667 0.5462962962962963 0.28229166666666666 0.575925925925926 0.2859375 0.587037037037037 0.290625 0.5925925925925926 0.29583333333333334 0.5601851851851852
0 0.8958333333333334 0.9314814814814815 0.8953125 0.9212962962962963 0.8901041666666667 0.9175925925925926 0.8864583333333333 0.9194444444444444 0.8848958333333333 0.9277777777777778 0.8875 0.9333333333333333 0.8921875 0.9361111111111111 0.8958333333333334 0.9314814814814815