4 0.09114583333333333 0.8824074074074074 0.0984375 0.8925925925925926 0.10364583333333334 0.8925925925925926 0.10364583333333334 0.8768518518518519 0.10885416666666667 0.8453703703703703 0.11458333333333333 0.8425925925925926 0.115625 0.8379629629629629 0.11197916666666667 0.8296296296296296 0.109375 0.799074074074074 0.1046875 0.799074074074074 0.09947916666666666 0.812962962962963 0.09791666666666667 0.850925925925926 0.09114583333333333 0.8824074074074074
5 0.13072916666666667 0.7518518518518519 0.13645833333333332 0.7546296296296297 0.14010416666666667 0.7416666666666667 0.14791666666666667 0.7564814814814815 0.15260416666666668 0.7564814814814815 0.15416666666666667 0.7518518518518519 0.15 0.687962962962963 0.14479166666666668 0.6851851851851852 0.13958333333333334 0.6925925925925925 0.14114583333333333 0.6972222222222222 0.13072916666666667 0.7518518518518519
5 0.8708333333333333 0.8638888888888889 0.8739583333333333 0.875 0.875 0.9157407407407407 0.8848958333333333 0.912962962962963 0.8869791666666667 0.8768518518518519 0.8958333333333334 0.8712962962962963 0.8958333333333334 0.8685185185185185 0.8807291666666667 0.8287037037037037 0.8770833333333333 0.8305555555555556 0.86875 0.8546296296296296 0.8677083333333333 0.862037037037037 0.8708333333333333 0.8638888888888889
4 0.5109375 0.8166666666666667 0.5026041666666666 0.8333333333333334 0.5046875 0.8407407407407408 0.5203125 0.8148148148148148 0.5234375 0.8157407407407408 0.5234375 0.837037037037037 0.5317708333333333 0.837037037037037 0.5307291666666667 0.825925925925926 0.5375 0.7907407407407407 0.5296875 0.7675925925925926 0.525 0.7675925925925926 0.51875 0.7824074074074074 0.5135416666666667 0.799074074074074 0.5109375 0.8166666666666667
4 0.41510416666666666 0.8796296296296297 0.4119791666666667 0.8824074074074074 0.4119791666666667 0.9009259259259259 0.41875 0.9018518518518519 0.42083333333333334 0.8870370370370371 0.4296875 0.8694444444444445 0.42916666666666664 0.8101851851851852 0.425 0.8101851851851852 0.4192708333333333 0.8240740740740741 0.415625 0.8490740740740741 0.41770833333333335 0.8694444444444445 0.41510416666666666 0.8796296296296297
3 0.9708333333333333 0.9990740740740741 0.9708333333333333 0.9925925925925926 0.9744791666666667 0.9824074074074074 0.9807291666666667 0.987037037037037 0.9848958333333333 0.9990740740740741 0.9901041666666667 0.9990740740740741 0.9869791666666666 0.9842592592592593 0.9864583333333333 0.9416666666666667 0.978125 0.9175925925925926 0.9734375 0.9166666666666666 0.9697916666666667 0.9296296296296296 0.9666666666666667 0.9333333333333333 0.9625 0.962037037037037 0.953125 0.9898148148148148 0.9541666666666667 0.9990740740740741 0.9708333333333333 0.9990740740740741
5 0.11979166666666667 0.9287037037037037 0.12135416666666667 0.9314814814814815 0.1296875 0.9277777777777778 0.13489583333333333 0.9305555555555556 0.13645833333333332 0.9203703703703704 0.1328125 0.9101851851851852 0.1328125 0.899074074074074 0.14010416666666667 0.8731481481481481 0.13697916666666668 0.8425925925925926 0.134375 0.8388888888888889 0.13072916666666667 0.8407407407407408 0.1296875 0.8490740740740741 0.12447916666666667 0.8555555555555555 0.121875 0.8648148148148148 0.125 0.9055555555555556 0.11979166666666667 0.9287037037037037
4 0.084375 0.7675925925925926 0.0890625 0.7722222222222223 0.09166666666666666 0.7703703703703704 0.09583333333333334 0.7481481481481481 0.10104166666666667 0.7018518518518518 0.09947916666666666 0.6944444444444444 0.09427083333333333 0.6981481481481482 0.08697916666666666 0.7287037037037037 0.0875 0.7481481481481481 0.084375 0.7675925925925926
4 0.3645833333333333 0.7361111111111112 0.3625 0.7472222222222222 0.3697916666666667 0.7509259259259259 0.371875 0.7472222222222222 0.3729166666666667 0.6851851851851852 0.3692708333333333 0.6824074074074075 0.36354166666666665 0.6990740740740741 0.3625 0.7166666666666667 0.3645833333333333 0.7361111111111112
4 0.5145833333333333 0.7379629629629629 0.5177083333333333 0.7333333333333333 0.5192708333333333 0.6824074074074075 0.5166666666666667 0.674074074074074 0.5130208333333334 0.6731481481481482 0.509375 0.6833333333333333 0.5067708333333333 0.7314814814814815 0.5145833333333333 0.7379629629629629
5 0.22447916666666667 0.6898148148148148 0.22708333333333333 0.6944444444444444 0.23958333333333334 0.6944444444444444 0.23854166666666668 0.6407407407407407 0.23541666666666666 0.637962962962963 0.23177083333333334 0.6472222222222223 0.23020833333333332 0.6666666666666666 0.22447916666666667 0.6898148148148148
5 0.6072916666666667 0.8439814814814814 0.6067708333333334 0.8648148148148148 0.6109375 0.8675925925925926 0.6140625 0.8648148148148148 0.615625 0.8537037037037037 0.6140625 0.8270833333333333 0.6192708333333333 0.8101851851851852 0.61875 0.8037037037037037 0.6151041666666667 0.7851851851851852 0.6109375 0.7861111111111111 0.6098958333333333 0.7916666666666666 0.6041666666666666 0.799074074074074 0.603125 0.8231481481481482 0.6072916666666667 0.8439814814814814
5 0.8770833333333333 0.7731481481481481 0.8776041666666666 0.7583333333333333 0.8828125 0.7407407407407407 0.8848958333333333 0.7398148148148148 0.8791666666666667 0.725925925925926 0.8744791666666667 0.7055555555555556 0.8708333333333333 0.7074074074074074 0.8697916666666666 0.7166666666666667 0.8682291666666667 0.7759259259259259 0.8770833333333333 0.7731481481481481
5 0.4666666666666667 0.7925925925925926 0.46875 0.7907407407407407 0.46979166666666666 0.7722222222222223 0.46822916666666664 0.7472222222222222 0.4713541666666667 0.7324074074074074 0.4703125 0.7212962962962963 0.4630208333333333 0.7231481481481481 0.4588541666666667 0.7518518518518519 0.4583333333333333 0.7898148148148149 0.4666666666666667 0.7925925925925926
3 0.634375 0.6148148148148148 0.6369791666666667 0.6148148148148148 0.6411458333333333 0.5962962962962963 0.6421875 0.5694444444444444 0.6385416666666667 0.5583333333333333 0.6354166666666666 0.5601851851851852 0.6328125 0.5675925925925925 0.6322916666666667 0.6018518518518519 0.634375 0.6148148148148148
4 0.3697916666666667 0.6648148148148149 0.37604166666666666 0.65 0.375 0.6203703703703703 0.371875 0.6111111111111112 0.36875 0.6129629629629629 0.36666666666666664 0.6212962962962963 0.36614583333333334 0.6592592592592592 0.3697916666666667 0.6648148148148149
5 0.7510416666666667 0.6935185185185185 0.7541666666666667 0.7046296296296296 0.7583333333333333 0.7046296296296296 0.7598958333333333 0.700925925925926 0.7588541666666667 0.6824074074074075 0.7625 0.6657407407407407 0.7583333333333333 0.649074074074074 0.7552083333333334 0.6481481481481481 0.7515625 0.6694444444444444 0.75 0.6805555555555556 0.7510416666666667 0.6935185185185185
5 0.4625 0.7212962962962963 0.4703125 0.7212962962962963 0.47239583333333335 0.7083333333333334 0.47239583333333335 0.6814814814814815 0.4671875 0.6666666666666666 0.4640625 0.6694444444444444 0.4609375 0.6796296296296296 0.46041666666666664 0.7046296296296296 0.4625 0.7212962962962963
3 0.3104166666666667 0.6055555555555555 0.31927083333333334 0.6055555555555555 0.3203125 0.5879629629629629 0.3234375 0.5805555555555556 0.321875 0.5675925925925925 0.31614583333333335 0.5611111111111111 0.3109375 0.5638888888888889 0.30833333333333335 0.575 0.3104166666666667 0.6055555555555555
4 0.20885416666666667 0.6851851851851852 0.21666666666666667 0.687037037037037 0.21822916666666667 0.6851851851851852 0.21927083333333333 0.6546296296296297 0.21666666666666667 0.6296296296296297 0.2125 0.6305555555555555 0.20885416666666667 0.6555555555555556 0.2078125 0.6814814814814815 0.20885416666666667 0.6851851851851852
5 0.39114583333333336 0.6259259259259259 0.396875 0.6277777777777778 0.39895833333333336 0.6231481481481481 0.4015625 0.5907407407407408 0.3958333333333333 0.5851851851851851 0.3921875 0.5953703703703703 0.39010416666666664 0.6111111111111112 0.39114583333333336 0.6259259259259259
0 0.6119791666666666 0.8638888888888889 0.6151041666666667 0.8611111111111112 0.6166666666666667 0.8490740740740741 0.6145833333333334 0.8416666666666667 0.609375 0.8416666666666667 0.6072916666666667 0.8601851851851852 0.6119791666666666 0.8638888888888889
4 0.403125 0.7777777777777778 0.39895833333333336 0.799074074074074 0.4015625 0.8027777777777778 0.4088541666666667 0.8037037037037037 0.41302083333333334 0.7805555555555556 0.4119791666666667 0.7638888888888888 0.41510416666666666 0.7472222222222222 0.41510416666666666 0.7240740740740741 0.41354166666666664 0.7203703703703703 0.409375 0.7222222222222222 0.40208333333333335 0.7435185185185185 0.4036458333333333 0.7509259259259259 0.403125 0.7777777777777778
4 0.128125 0.7046296296296296 0.13020833333333334 0.7111111111111111 0.13541666666666666 0.7092592592592593 0.13802083333333334 0.6972222222222222 0.14010416666666667 0.6962962962962963 0.14322916666666666 0.7018518518518518 0.1484375 0.6925925925925925 0.14479166666666668 0.6518518518518519 0.14166666666666666 0.649074074074074 0.1375 0.6592592592592592 0.134375 0.6814814814814815 0.128125 0.7046296296296296
4 0.5317708333333333 0.7898148148148149 0.540625 0.7898148148148149 0.5432291666666667 0.7731481481481481 0.5489583333333333 0.7712962962962963 0.5453125 0.7620370370370371 0.5432291666666667 0.737037037037037 0.5390625 0.7361111111111112 0.5302083333333333 0.7592592592592593 0.5296875 0.7787037037037037 0.5317708333333333 0.7898148148148149