4 0.6294270833333333 0.7564814814814815 0.6427083333333333 0.7638888888888888 0.6427083333333333 0.7527777777777778 0.6380208333333334 0.7509259259259259 0.6328125 0.7416666666666667 0.6348958333333333 0.7148148148148148 0.63125 0.6925925925925925 0.6265625 0.6944444444444444 0.6203125 0.7231481481481481 0.6182291666666667 0.7657407407407407 0.6161458333333333 0.775 0.6239583333333333 0.775 0.6294270833333333 0.7564814814814815
5 0.3848958333333333 0.8074074074074075 0.3984375 0.8064814814814815 0.39895833333333336 0.8009259259259259 0.39114583333333336 0.774074074074074 0.39479166666666665 0.7611111111111111 0.39479166666666665 0.75 0.3921875 0.7324074074074074 0.38645833333333335 0.7166666666666667 0.38229166666666664 0.7212962962962963 0.38125 0.7638888888888888 0.378125 0.7861111111111111 0.37916666666666665 0.7981481481481482 0.3770833333333333 0.8138888888888889 0.384375 0.8138888888888889 0.3848958333333333 0.8074074074074075
5 0.6770833333333334 0.7166666666666667 0.6848958333333334 0.6694444444444444 0.6776041666666667 0.6481481481481481 0.6729166666666667 0.649074074074074 0.6692708333333334 0.6601851851851852 0.665625 0.6777777777777778 0.6713541666666667 0.6836416666666666 0.6729166666666667 0.7138888888888889 0.6770833333333334 0.7166666666666667
5 0.7447916666666666 0.7638888888888888 0.7484375 0.7601851851851852 0.753125 0.7648148148148148 0.7572916666666667 0.7796296296296297 0.7609375 0.7796296296296297 0.7557291666666667 0.7361111111111112 0.7447916666666666 0.7212962962962963 0.7411458333333333 0.725925925925926 0.740625 0.7518518518518519 0.7364583333333333 0.7796296296296297 0.7411458333333333 0.7824074074074074 0.7447916666666666 0.7638888888888888
3 0.634375 0.6148148148148148 0.6385416666666667 0.6222222222222222 0.6369791666666667 0.575 0.6317708333333333 0.562962962962963 0.6255208333333333 0.5722222222222222 0.6260416666666667 0.6231481481481481 0.6286458333333333 0.6222222222222222 0.6296875 0.6148148148148148 0.634375 0.6148148148148148
4 0.2609375 0.8972222222222223 0.26197916666666665 0.8888888888888888 0.2708333333333333 0.8944444444444445 0.27395833333333336 0.8925925925925926 0.27395833333333336 0.8740740740740741 0.26979166666666665 0.8574074074074074 0.26875 0.8416666666666667 0.271875 0.8212962962962963 0.26458333333333334 0.7907407407407407 0.259375 0.7898148148148149 0.25833333333333336 0.7981481481481482 0.25 0.8148148148148148 0.24947916666666667 0.8231481481481482 0.25416666666666665 0.8361111111111111 0.25677083333333334 0.8962962962962963 0.2609375 0.8972222222222223
5 0.9005208333333333 0.6972222222222222 0.9057291666666667 0.675 0.9057291666666667 0.6657407407407407 0.8984375 0.6472222222222223 0.8953125 0.6472222222222223 0.8921875 0.6574074074074074 0.8927083333333333 0.7157407407407408 0.896875 0.7185185185185186 0.903125 0.7129629629629629 0.9005208333333333 0.6972222222222222
4 0.1125 0.6277777777777778 0.11302083333333333 0.5861111111111111 0.10729166666666666 0.575 0.10052083333333334 0.5925925925925926 0.10104166666666667 0.6388888888888888 0.10885416666666667 0.6416666666666667 0.1109375 0.6398148148148148 0.1125 0.6277777777777778
5 0.41875 0.6324074074074074 0.4239583333333333 0.6185185185185185 0.4239583333333333 0.6083333333333333 0.42239583333333336 0.5972222222222222 0.415625 0.5842592592592593 0.4114583333333333 0.5981481481481481 0.4125 0.6462962962962963 0.4166666666666667 0.6481481481481481 0.41875 0.6435185185185185 0.41875 0.6324074074074074
4 0.8645833333333334 0.6462962962962963 0.86875 0.6509259259259259 0.871875 0.65 0.8729166666666667 0.5990740740740741 0.8697916666666666 0.587037037037037 0.8651041666666667 0.5851851851851851 0.8598958333333333 0.6 0.8614583333333333 0.6157407407407407 0.859375 0.6462962962962963 0.8609375 0.65 0.8645833333333334 0.6462962962962963
4 0.09895833333333333 0.7361111111111112 0.11197916666666667 0.737037037037037 0.11354166666666667 0.7287037037037037 0.109375 0.7231481481481481 0.10729166666666666 0.712037037037037 0.09895833333333333 0.6925925925925925 0.0984375 0.6648148148148149 0.09322916666666667 0.6666666666666666 0.08854166666666667 0.6851851851851852 0.0875 0.7083333333333334 0.09375 0.7138888888888889 0.09739583333333333 0.7333333333333333 0.09895833333333333 0.7361111111111112
4 0.4708333333333333 0.6388888888888888 0.471875 0.6314814814814815 0.471875 0.6027777777777777 0.4666666666666667 0.5851851851851851 0.46197916666666666 0.587037037037037 0.4588541666666667 0.6064814814814815 0.4640625 0.6351851851851852 0.4671875 0.6416666666666667 0.4708333333333333 0.6388888888888888
5 0.5828125 0.6527777777777778 0.5880208333333333 0.6537037037037037 0.5911458333333334 0.6018518518518519 0.5869791666666667 0.5898148148148148 0.5822916666666667 0.5888888888888889 0.5791666666666667 0.6074074074074074 0.5786458333333333 0.6185185185185185 0.5822916666666667 0.6333333333333333 0.5796875 0.6481481481481481 0.5828125 0.6527777777777778
5 0.896875 0.6555555555555556 0.9005208333333333 0.6509259259259259 0.9036458333333334 0.6194444444444445 0.8984375 0.5990740740740741 0.8963541666666667 0.5953703703703703 0.8921875 0.5962962962962963 0.884375 0.612037037037037 0.890625 0.6231481481481481 0.8921875 0.6518518518518519 0.896875 0.6555555555555556
5 0.5640625 0.5907407407407408 0.5661458333333333 0.5546296296296296 0.5619791666666667 0.5407407407407407 0.5583333333333333 0.5444444444444444 0.5567708333333333 0.5796296296296296 0.5578125 0.5916666666666667 0.5614583333333333 0.5935185185185186 0.5640625 0.5907407407407408
3 0.3015625 0.5287037037037037 0.3026041666666667 0.49907407407407406 0.2989583333333333 0.49074074074074076 0.2942708333333333 0.4962962962962963 0.2921875 0.5018518518518519 0.29375 0.5287037037037037 0.3 0.5305555555555556 0.3015625 0.5287037037037037
4 0.46927083333333336 0.5175925925925926 0.4666666666666667 0.512962962962963 0.46145833333333336 0.5157407407407407 0.46145833333333336 0.5481481481481482 0.4666666666666667 0.549074074074074 0.46927083333333336 0.5444444444444444 0.46927083333333336 0.5175925925925926
0 0.1140625 0.7361111111111112 0.11197916666666667 0.725 0.10729166666666666 0.7231481481481481 0.10572916666666667 0.725925925925926 0.10416666666666667 0.7324074074074074 0.10625 0.737037037037037 0.1109375 0.7388888888888889 0.1140625 0.7361111111111112
4 0.8010416666666667 0.5194444444444445 0.7947916666666667 0.5064814814814815 0.7895833333333333 0.5259259259259259 0.7895833333333333 0.5462962962962963 0.7932291666666667 0.5555555555555556 0.7984375 0.5555555555555556 0.8010416666666667 0.5194444444444445
3 0.6770833333333334 0.49537037037037035 0.6739583333333333 0.49444444444444446 0.671875 0.5018518518518519 0.6734375 0.5407407407407407 0.6786458333333333 0.5425925925925926 0.6817708333333333 0.5083333333333333 0.6770833333333334 0.49537037037037035
5 0.8567708333333334 0.5731481481481482 0.853125 0.5537037037037037 0.8489583333333334 0.5509259259259259 0.8494791666666667 0.5990740740740741 0.8541666666666666 0.6027777777777777 0.8567708333333334 0.5990740740740741 0.8567708333333334 0.5731481481481482
4 0.7208333333333333 0.7240740740740741 0.7213541666666666 0.7166666666666667 0.7255208333333333 0.7111111111111111 0.728125 0.7194444444444444 0.7322916666666667 0.7212962962962963 0.7328125 0.7166666666666667 0.7255208333333333 0.6916666666666667 0.728125 0.6685185185185185 0.7177083333333333 0.6527777777777778 0.7145833333333333 0.6546296296296297 0.7104166666666667 0.6675925925925926 0.7098958333333333 0.6842592592592592 0.7125 0.7046296296296296 0.7171875 0.7203703703703703 0.7208333333333333 0.7240740740740741
5 0.30625 0.7222222222222222 0.3098958333333333 0.7175925925925926 0.30833333333333335 0.6953703703703704 0.31302083333333336 0.6703703703703704 0.30625 0.6462962962962963 0.3015625 0.65 0.30052083333333335 0.675 0.3020833333333333 0.7111111111111111 0.3 0.7166666666666667 0.3015625 0.7212962962962963 0.30625 0.7222222222222222
4 0.60625 0.6185185185185185 0.6057291666666667 0.5916666666666667 0.603125 0.5824074074074074 0.5989583333333334 0.5814814814814815 0.59375 0.5935185185185186 0.5953125 0.6222222222222222 0.6 0.637962962962963 0.603125 0.6351851851851852 0.60625 0.6185185185185185