4 0.20416666666666666 0.8768518518518519 0.20833333333333334 0.8814814814814815 0.21354166666666666 0.8777777777777778 0.2125 0.8657407407407407 0.2171875 0.8453703703703703 0.21510416666666668 0.8277777777777777 0.2203125 0.8185185185185185 0.22760416666666666 0.8287037037037037 0.23333333333333334 0.8296296296296296 0.22239583333333332 0.8092592592592592 0.22083333333333333 0.7944444444444444 0.2171875 0.7898148148148149 0.20104166666666667 0.8138888888888889 0.1953125 0.8296296296296296 0.1953125 0.8361111111111111 0.20104166666666667 0.8379629629629629 0.20520833333333333 0.8546296296296296 0.20416666666666666 0.8768518518518519
4 0.36041666666666666 0.6185185185185185 0.3651041666666667 0.6101851851851852 0.3765625 0.6037037037037037 0.3729166666666667 0.5990740740740741 0.3703125 0.587037037037037 0.3703125 0.5731481481481482 0.3651041666666667 0.5648148148148148 0.3614583333333333 0.5685185185185185 0.359375 0.575925925925926 0.3614583333333333 0.5916666666666667 0.359375 0.6111111111111112 0.36041666666666666 0.6185185185185185
4 0.6760416666666667 0.6694444444444444 0.6838541666666667 0.6722222222222223 0.6854166666666667 0.6768518518518518 0.6880208333333333 0.6694444444444444 0.68125 0.649074074074074 0.6817708333333333 0.6305555555555555 0.6770833333333334 0.6212962962962963 0.6734375 0.6212962962962963 0.6697916666666667 0.6351851851851852 0.671875 0.6509259259259259 0.6692708333333334 0.6796296296296296 0.6734375 0.6796296296296296 0.6760416666666667 0.6694444444444444
4 0.38125 0.7351851851851852 0.3854166666666667 0.7333333333333333 0.38697916666666665 0.7481481481481481 0.3885416666666667 0.7509259259259259 0.39114583333333336 0.7490740740740741 0.3927083333333333 0.700925925925926 0.3890625 0.6851851851851852 0.3848958333333333 0.6842592592592592 0.3765625 0.6953703703703704 0.3734375 0.7046296296296296 0.3765625 0.7208333333333333 0.37604166666666666 0.75 0.37864583333333335 0.7481481481481481 0.38125 0.7351851851851852
4 0.44427083333333334 0.7712962962962963 0.4390625 0.7416666666666667 0.4348958333333333 0.7398148148148148 0.42864583333333334 0.7509259259259259 0.42604166666666665 0.7685185185185185 0.42604166666666665 0.8138888888888889 0.4359375 0.8185185185185185 0.4395833333333333 0.8111111111111111 0.44427083333333334 0.7712962962962963
5 0.4479166666666667 0.6611111111111111 0.44947916666666665 0.6518518518518519 0.44114583333333335 0.6111111111111112 0.4390625 0.6046296296296296 0.4354166666666667 0.6027777777777777 0.4348958333333333 0.6055555555555555 0.4328125 0.6435185185185185 0.4354166666666667 0.6527777777777778 0.440625 0.6527777777777778 0.4479166666666667 0.6611111111111111
5 0.8333333333333334 0.6666666666666666 0.8401041666666667 0.6694444444444444 0.8359375 0.637962962962963 0.8302083333333333 0.6222222222222222 0.8244791666666667 0.6185185185185185 0.8239583333333333 0.6370370370370371 0.8270833333333333 0.6444444444444445 0.8270833333333333 0.6555555555555556 0.8333333333333334 0.6666666666666666
5 0.9151041666666667 0.775 0.9161458333333333 0.7703703703703704 0.9140625 0.7583333333333333 0.925 0.7277777777777777 0.9192708333333334 0.700925925925926 0.915625 0.7 0.9135416666666667 0.7037037037037037 0.90625 0.7518518518518519 0.9072916666666667 0.7666666666666667 0.9046875 0.775 0.9067708333333333 0.7787037037037037 0.9151041666666667 0.775
4 0.18177083333333333 0.6925925925925925 0.18645833333333334 0.6935185185185185 0.19322916666666667 0.6796296296296296 0.19739583333333333 0.6962962962962963 0.20052083333333334 0.6935185185185185 0.19791666666666666 0.6638888888888889 0.19947916666666668 0.6444444444444445 0.19270833333333334 0.6277777777777778 0.18958333333333333 0.6296296296296297 0.1796875 0.6583333333333333 0.1859375 0.6638888888888889 0.184375 0.6851851851851852 0.18177083333333333 0.6925925925925925
5 0.5963541666666666 0.6851851851851852 0.5927083333333333 0.6638888888888889 0.5932291666666667 0.6398148148148148 0.5880208333333333 0.6222222222222222 0.5838541666666667 0.6231481481481481 0.5817708333333333 0.6453703703703704 0.5828125 0.6824074074074075 0.5802083333333333 0.6907407407407408 0.5953125 0.6907407407407408 0.5963541666666666 0.6851851851851852
4 0.6921875 0.8731481481481481 0.6963541666666667 0.8916666666666667 0.6963541666666667 0.9009259259259259 0.7005208333333334 0.9027777777777778 0.7046875 0.8972222222222223 0.7072916666666667 0.8981481481481481 0.7135416666666666 0.9120370370370371 0.7166666666666667 0.9074074074074074 0.7125 0.8888888888888888 0.7072916666666667 0.8805555555555555 0.7052083333333333 0.8657407407407407 0.7052083333333333 0.825925925925926 0.6958333333333333 0.8185185185185185 0.6932291666666667 0.8101851851851852 0.6890625 0.8083333333333333 0.6859375 0.8138888888888889 0.6828125 0.8444444444444444 0.6864583333333333 0.8462962962962963 0.6921875 0.8574074074074074 0.6921875 0.8731481481481481
4 0.6739583333333333 0.5888888888888889 0.6854166666666667 0.5833333333333334 0.6854166666666667 0.5796296296296296 0.6791666666666667 0.5722222222222222 0.6791666666666667 0.5601851851851852 0.6739583333333333 0.549074074074074 0.6708333333333333 0.5555555555555556 0.66875 0.5740740740740741 0.6682291666666667 0.5916666666666667 0.6697916666666667 0.5962962962962963 0.6729166666666667 0.5953703703703703 0.6739583333333333 0.5888888888888889
5 0.4114583333333333 0.8916666666666667 0.4109375 0.9 0.4197916666666667 0.9083333333333333 0.4244791666666667 0.9046296296296297 0.434375 0.9046296296296297 0.4354166666666667 0.9092592592592592 0.4390625 0.9092592592592592 0.4401041666666667 0.9037037037037037 0.4348958333333333 0.8777777777777778 0.43645833333333334 0.8277777777777777 0.4317708333333333 0.8101851851851852 0.4276041666666667 0.8055555555555556 0.421875 0.825925925925926 0.41822916666666665 0.8490740740740741 0.41875 0.8814814814814815 0.41770833333333335 0.8861111111111111 0.4114583333333333 0.8916666666666667
5 0.8619791666666666 0.7092592592592593 0.8640625 0.700925925925926 0.85625 0.6842592592592592 0.859375 0.6703703703703704 0.8588541666666667 0.6611111111111111 0.8546875 0.6444444444444445 0.8520833333333333 0.6444444444444445 0.85 0.6509259259259259 0.8447916666666667 0.7083333333333334 0.8536458333333333 0.6990740740740741 0.8588541666666667 0.7083333333333334 0.8619791666666666 0.7092592592592593
3 0.5677083333333334 0.7129629629629629 0.5755208333333334 0.7083333333333334 0.5682291666666667 0.6972222222222222 0.5692708333333333 0.6759259259259259 0.5645833333333333 0.6574074074074074 0.5598958333333334 0.6564814814814814 0.5598958333333334 0.7092592592592593 0.5640625 0.7324074074074074 0.5677083333333334 0.7287037037037037 0.5677083333333334 0.7129629629629629
5 0 0.85 0.005208333333333333 0.8472222222222222 0.005208333333333333 0.8324074074074074 0.011458333333333333 0.8296296296296296 0.015625 0.8444444444444444 0.021875 0.8481481481481481 0.024479166666666666 0.8453703703703703 0.015625 0.825 0.016145833333333335 0.812962962962963 0.021354166666666667 0.8074074074074075 0.0171875 0.7712962962962963 0.005729166666666666 0.7685185185185185 0 0.774074074074074 0 0.85
3 0.2869791666666667 0.525 0.2791666666666667 0.5 0.275 0.5055555555555555 0.27447916666666666 0.5120370370370371 0.2765625 0.524074074074074 0.275 0.5527777777777778 0.2828125 0.5481481481481482 0.2869791666666667 0.525
0 0.4239583333333333 0.9074074074074074 0.41822916666666665 0.8898148148148148 0.41041666666666665 0.8916666666666667 0.40989583333333335 0.9 0.4119791666666667 0.9046296296296297 0.41875 0.9092592592592592 0.4239583333333333 0.9074074074074074
5 0.7119791666666667 0.8888888888888888 0.7203125 0.8953703703703704 0.7223958333333333 0.887962962962963 0.7192708333333333 0.8712962962962963 0.7229166666666667 0.8574074074074074 0.7286458333333333 0.8518518518518519 0.7286458333333333 0.8453703703703703 0.7203125 0.8046296296296296 0.7161458333333334 0.8009259259259259 0.7125 0.8083333333333333 0.7109375 0.8379629629629629 0.7130208333333333 0.8574074074074074 0.7109375 0.8842592592592593 0.7119791666666667 0.8888888888888888
3 0.6260416666666667 0.5601851851851852 0.6265625 0.524074074074074 0.6239583333333333 0.5157407407407407 0.6182291666666667 0.5157407407407407 0.6140625 0.5287037037037037 0.615625 0.5416666666666666 0.61875 0.5574074074074075 0.6260416666666667 0.5601851851851852
4 0.8260416666666667 0.7490740740740741 0.8296875 0.7472222222222222 0.8307291666666666 0.7388888888888889 0.8354166666666667 0.7287037037037037 0.8411458333333334 0.7287037037037037 0.8427083333333333 0.7240740740740741 0.8364583333333333 0.7027777777777777 0.8369791666666667 0.6972222222222222 0.8302083333333333 0.6796296296296296 0.8270833333333333 0.6759259259259259 0.8239583333333333 0.6777777777777778 0.8229166666666666 0.7083333333333334 0.8255208333333334 0.7185185185185186 0.8239583333333333 0.7472222222222222 0.8260416666666667 0.7490740740740741
5 0.5822916666666667 0.8175925925925925 0.5880208333333333 0.8175925925925925 0.5901041666666667 0.8083333333333333 0.5963541666666666 0.8027777777777778 0.5989583333333334 0.8064814814814815 0.5994791666666667 0.8175925925925925 0.603125 0.8175925925925925 0.6057291666666667 0.8064814814814815 0.5958333333333333 0.7861111111111111 0.5958333333333333 0.7731481481481481 0.6005208333333333 0.7592592592592593 0.5932291666666667 0.7324074074074074 0.5885416666666666 0.7333333333333333 0.5864583333333333 0.7481481481481481 0.58125 0.7555555555555555 0.5828125 0.7574074074074074 0.5822916666666667 0.8175925925925925
4 0.64375 0.7435185185185185 0.6484375 0.7296296296296296 0.65 0.712037037037037 0.6473958333333333 0.700925925925926 0.640625 0.6898148148148148 0.6380208333333334 0.6907407407407408 0.6333333333333333 0.7083333333333334 0.6359375 0.7638888888888888 0.6390625 0.7657407407407407 0.6432291666666666 0.7555555555555555 0.64375 0.7435185185185185