3 0.9791666666666666 0.9768518518518519 0.9817708333333334 0.9990740740740741 0.9864583333333333 0.9990740740740741 0.9859375 0.9768518518518519 0.9901041666666667 0.9481481481481482 0.9895833333333334 0.9388888888888889 0.9791666666666666 0.9083333333333333 0.975 0.9101851851851852 0.9739583333333334 0.9185185185185185 0.9697916666666667 0.9268518518518518 0.9598958333333333 0.9731481481481481 0.9588541666666667 0.9990740740740741 0.9645833333333333 0.9990740740740741 0.971875 0.9768518518518519 0.9791666666666666 0.9768518518518519
5 0.13020833333333334 0.8796296296296297 0.13229166666666667 0.8759259259259259 0.1296875 0.8666666666666667 0.13020833333333334 0.8490740740740741 0.1265625 0.825 0.1265625 0.7953703703703704 0.12083333333333333 0.7981481481481482 0.11614583333333334 0.8194444444444444 0.1125 0.8777777777777778 0.1140625 0.8805555555555555 0.1234375 0.8768518518518519 0.13020833333333334 0.8796296296296297
4 0.5963541666666666 0.8592592592592593 0.6005208333333333 0.8527777777777777 0.6015625 0.8287037037037037 0.6078125 0.787962962962963 0.6 0.7657407407407407 0.596875 0.7666666666666667 0.590625 0.7814814814814814 0.5901041666666667 0.7935185185185185 0.5947916666666667 0.8231481481481482 0.5927083333333333 0.8527777777777777 0.5963541666666666 0.8592592592592593
4 0.23072916666666668 0.674074074074074 0.23125 0.6574074074074074 0.23333333333333334 0.649074074074074 0.23697916666666666 0.6462962962962963 0.22916666666666666 0.6259259259259259 0.221875 0.6398148148148148 0.22395833333333334 0.6638888888888889 0.22291666666666668 0.6851851851851852 0.22760416666666666 0.687962962962963 0.23072916666666668 0.674074074074074
4 0.5901041666666667 0.762962962962963 0.5901041666666667 0.7592592592592593 0.5869791666666667 0.7490740740740741 0.5864583333333333 0.7203703703703703 0.5796875 0.7055555555555556 0.575 0.7074074074074074 0.5723958333333333 0.7314814814814815 0.5776041666666667 0.7712962962962963 0.5796875 0.7731481481481481 0.5901041666666667 0.762962962962963
4 0.5385416666666667 0.6851851851851852 0.5385416666666667 0.6462962962962963 0.5359375 0.6462962962962963 0.5322916666666667 0.6537037037037037 0.5286458333333334 0.6694444444444444 0.5276041666666667 0.6972222222222222 0.5291666666666667 0.7 0.5354166666666667 0.6962962962962963 0.5385416666666667 0.6851851851851852
4 0.4119791666666667 0.6888888888888889 0.4171875 0.6731481481481482 0.4119791666666667 0.6537037037037037 0.403125 0.6648148148148149 0.4036458333333333 0.7138888888888889 0.4078125 0.7175925925925926 0.41041666666666665 0.7129629629629629 0.4119791666666667 0.6888888888888889
4 0.17708333333333334 0.7138888888888889 0.17552083333333332 0.662962962962963 0.17135416666666667 0.6620370370370371 0.16614583333333333 0.6759259259259259 0.165625 0.7268518518518519 0.17083333333333334 0.7314814814814815 0.175 0.7277777777777777 0.17708333333333334 0.7138888888888889
5 0.8708333333333333 0.8009259259259259 0.8645833333333334 0.7796296296296297 0.8604166666666667 0.7814814814814814 0.8572916666666667 0.7935185185185185 0.8572916666666667 0.8351851851851851 0.8651041666666667 0.8574074074074074 0.8671875 0.8527777777777777 0.8708333333333333 0.8009259259259259
5 0.8598958333333333 0.6935185185185185 0.8552083333333333 0.6777777777777778 0.853125 0.6768518518518518 0.8494791666666667 0.687962962962963 0.846875 0.7157407407407408 0.8463541666666666 0.7361111111111112 0.8489583333333334 0.7398148148148148 0.8578125 0.7398148148148148 0.8598958333333333 0.6935185185185185
4 0.10260416666666666 0.7851851851851852 0.09895833333333333 0.7509259259259259 0.0953125 0.7518518518518519 0.08854166666666667 0.7712962962962963 0.09166666666666666 0.837037037037037 0.09583333333333334 0.837037037037037 0.09947916666666666 0.8268518518518518 0.10260416666666666 0.7851851851851852
4 0.4140625 0.6388888888888888 0.41770833333333335 0.5990740740740741 0.415625 0.5925925925925926 0.4114583333333333 0.5925925925925926 0.40677083333333336 0.6055555555555555 0.4083333333333333 0.625 0.40520833333333334 0.637962962962963 0.4083333333333333 0.6435185185185185 0.4140625 0.6388888888888888
5 0.6177083333333333 0.7675925925925926 0.6140625 0.7481481481481481 0.6161458333333333 0.7175925925925926 0.6088541666666667 0.6990740740740741 0.6046875 0.7 0.6015625 0.7212962962962963 0.6088541666666667 0.7601851851851852 0.615625 0.7712962962962963 0.6177083333333333 0.7675925925925926
3 0.6427083333333333 0.5601851851851852 0.6385416666666667 0.5509259259259259 0.6328125 0.5583333333333333 0.6317708333333333 0.6037037037037037 0.6354166666666666 0.6074074074074074 0.6411458333333333 0.5879629629629629 0.6427083333333333 0.5601851851851852
5 0.478125 0.6851851851851852 0.47604166666666664 0.674074074074074 0.47760416666666666 0.6694444444444444 0.47552083333333334 0.6564814814814814 0.4765625 0.65 0.4744791666666667 0.6435185185185185 0.4703125 0.6462962962962963 0.46770833333333334 0.6592592592592592 0.46770833333333334 0.6972222222222222 0.4703125 0.7037037037037037 0.47291666666666665 0.7037037037037037 0.478125 0.6851851851851852
5 0.29739583333333336 0.6694444444444444 0.3026041666666667 0.6759259259259259 0.30416666666666664 0.6731481481481482 0.30052083333333335 0.6537037037037037 0.2984375 0.6222222222222222 0.2942708333333333 0.625 0.29010416666666666 0.649074074074074 0.28854166666666664 0.6731481481481482 0.290625 0.6759259259259259 0.29270833333333335 0.6712962962962963 0.29739583333333336 0.6694444444444444
4 0.6692708333333334 0.7509259259259259 0.6713541666666667 0.7472222222222222 0.6755208333333333 0.712037037037037 0.6697916666666667 0.6787037037037037 0.665625 0.6787037037037037 0.659375 0.6962962962962963 0.6630208333333333 0.7287037037037037 0.6625 0.7481481481481481 0.6645833333333333 0.7518518518518519 0.6692708333333334 0.7509259259259259
4 0.28125 0.6388888888888888 0.28229166666666666 0.6212962962962963 0.28072916666666664 0.6083333333333333 0.2765625 0.6074074074074074 0.27239583333333334 0.6185185185185185 0.27395833333333336 0.6472222222222223 0.271875 0.6574074074074074 0.2755208333333333 0.6620370370370371 0.28125 0.6388888888888888
5 0.7458333333333333 0.6138888888888889 0.7432291666666667 0.6129629629629629 0.7411458333333333 0.6194444444444445 0.7385416666666667 0.6611111111111111 0.7484375 0.6657407407407407 0.7505208333333333 0.6287037037037037 0.7458333333333333 0.6138888888888889
5 0.4796875 0.5888888888888889 0.4828125 0.5796296296296296 0.48072916666666665 0.5722222222222222 0.4739583333333333 0.5694444444444444 0.471875 0.575 0.47291666666666665 0.6046296296296296 0.4822916666666667 0.6074074074074074 0.4828125 0.600925925925926 0.4796875 0.5888888888888889
5 0.20052083333333334 0.7240740740740741 0.19947916666666668 0.6601851851851852 0.196875 0.6564814814814814 0.19427083333333334 0.6583333333333333 0.1890625 0.6731481481481482 0.19114583333333332 0.7222222222222222 0.19270833333333334 0.7287037037037037 0.196875 0.7287037037037037 0.20052083333333334 0.7240740740740741
3 0.46979166666666666 0.6981481481481482 0.46197916666666666 0.687962962962963 0.45677083333333335 0.7027777777777777 0.4583333333333333 0.7407407407407407 0.46197916666666666 0.7611111111111111 0.4703125 0.7666666666666667 0.46979166666666666 0.6981481481481482
5 0.45677083333333335 0.7555555555555555 0.4583333333333333 0.7268518518518519 0.4583333333333333 0.6972222222222222 0.45625 0.6888888888888889 0.4510416666666667 0.6888888888888889 0.4473958333333333 0.7027777777777777 0.44635416666666666 0.7148148148148148 0.45 0.7527777777777778 0.4552083333333333 0.7574074074074074 0.45677083333333335 0.7555555555555555
3 0.3494791666666667 0.6 0.35260416666666666 0.5685185185185185 0.35 0.562037037037037 0.34479166666666666 0.562962962962963 0.34270833333333334 0.5703703703703704 0.34322916666666664 0.5916666666666667 0.3453125 0.5990740740740741 0.3494791666666667 0.6
0 0.8520833333333333 0.7268518518518519 0.8473958333333333 0.7296296296296296 0.8463541666666666 0.7361111111111112 0.8484375 0.7398148148148148 0.8552083333333333 0.7361111111111112 0.8520833333333333 0.7268518518518519