3 0.028645833333333332 0.6462962962962963 0.03802083333333333 0.6287037037037037 0.040625 0.6296296296296297 0.0453125 0.6407407407407407 0.050520833333333334 0.6407407407407407 0.05260416666666667 0.6333333333333333 0.04791666666666667 0.6157407407407407 0.046875 0.5916666666666667 0.049479166666666664 0.5703703703703704 0.0484375 0.562962962962963 0.04375 0.5509259259259259 0.04010416666666667 0.55 0.029166666666666667 0.5712962962962963 0.028645833333333332 0.5879629629629629 0.03229166666666667 0.6222222222222222 0.029166666666666667 0.6333333333333333 0.028645833333333332 0.6462962962962963
4 0.2046875 0.6925925925925925 0.2078125 0.687962962962963 0.20989583333333334 0.6648148148148149 0.2234375 0.6574074074074074 0.225 0.6537037037037037 0.21354166666666666 0.6324074074074074 0.20989583333333334 0.6083333333333333 0.203125 0.5916666666666667 0.1984375 0.5879629629629629 0.19479166666666667 0.5898148148148148 0.19739583333333333 0.6123453703703703 0.19635416666666666 0.6351851851851852 0.20052083333333334 0.6907407407407408 0.2046875 0.6925925925925925
4 0.14010416666666667 0.549074074074074 0.14322916666666666 0.5518518518518518 0.15208333333333332 0.5361111111111111 0.15833333333333333 0.5518518518518518 0.16197916666666667 0.5527777777777778 0.16197916666666667 0.5398148148148149 0.15416666666666667 0.5277777777777778 0.146875 0.49722222222222223 0.14322916666666666 0.4898148148148148 0.1375 0.4861111111111111 0.1359375 0.4888888888888889 0.13645833333333332 0.5296296296296297 0.140625 0.5435185185185185 0.14010416666666667 0.549074074074074
5 0.30520833333333336 0.5564814814814815 0.3046875 0.5666666666666667 0.31875 0.5675925925925925 0.32083333333333336 0.5601851851851852 0.31354166666666666 0.5398148148148149 0.31302083333333336 0.5074074074074074 0.3072916666666667 0.4898148148148148 0.3026041666666667 0.487962962962963 0.30104166666666665 0.4925925925925926 0.30104166666666665 0.5166666666666667 0.30416666666666664 0.5287037037037037 0.3015625 0.5472222222222223 0.30520833333333336 0.5564814814814815
5 0.08333333333333333 0.6324074074074074 0.090625 0.6296296296296297 0.08802083333333334 0.6138888888888889 0.08229166666666667 0.6046296296296296 0.08125 0.5916666666666667 0.06458333333333334 0.5805555555555556 0.0609375 0.5814814814814815 0.059895833333333336 0.5898148148148148 0.0671875 0.6435185185185185 0.07552083333333333 0.6435185185185185 0.08333333333333333 0.6324074074074074
4 0.5015625 0.674074074074074 0.5005208333333333 0.6787037037037037 0.5067708333333333 0.6805555555555556 0.5083333333333333 0.6777777777777778 0.5067708333333333 0.6675925925925926 0.5109375 0.6601851851851852 0.5213541666666667 0.6666666666666666 0.525 0.675 0.5265625 0.674074074074074 0.5265625 0.6564814814814814 0.515625 0.6425925925925926 0.5151041666666667 0.6268518518518519 0.5010416666666667 0.6 0.4942708333333333 0.5935185185185186 0.49166666666666664 0.5972222222222222 0.49583333333333335 0.6240740740740741 0.49114583333333334 0.6351851851851852 0.49947916666666664 0.662962962962963 0.5015625 0.674074074074074
2 0.7963541666666667 0.6240740740740741 0.8036458333333333 0.6305555555555555 0.8098958333333334 0.6305555555555555 0.8078125 0.6064814814814815 0.8078125 0.5601851851851852 0.8005208333333333 0.5314814814814814 0.7963541666666667 0.5287037037037037 0.7932291666666667 0.5342592592592592 0.7927083333333333 0.5851851851851851 0.7864583333333334 0.6268518518518519 0.7927083333333333 0.6287037037037037 0.7963541666666667 0.6240740740740741
5 0.5671875 0.6240740740740741 0.5661458333333333 0.6425925925925926 0.575 0.6564814814814814 0.5755208333333334 0.6694444444444444 0.5807291666666666 0.6694444444444444 0.5838541666666667 0.6657407407407407 0.5864583333333333 0.6527777777777778 0.5848958333333333 0.6462962962962963 0.578125 0.6416666666666667 0.5760416666666667 0.6314814814814815 0.578125 0.6064814814814815 0.5640625 0.5731481481481482 0.5614583333333333 0.5796296296296296 0.5609375 0.5953703703703703 0.5640625 0.6064814814814815 0.5625 0.6111111111111112 0.5671875 0.6240740740740741
5 0.23229166666666667 0.6416666666666667 0.2359375 0.6453703703703704 0.24010416666666667 0.6435185185185185 0.240625 0.6361111111111111 0.24739583333333334 0.6240740740740741 0.25 0.6268518518518519 0.2515625 0.6361111111111111 0.2552083333333333 0.6351851851851852 0.25677083333333334 0.6268518518518519 0.25104166666666666 0.6157407407407407 0.253125 0.5907407407407408 0.24895833333333334 0.5898148148148148 0.24583333333333332 0.5842592592592593 0.2453125 0.5592592592592592 0.24322916666666666 0.5537037037037037 0.23854166666666668 0.5518518518518518 0.23541666666666666 0.5518518518518518 0.23072916666666668 0.5583333333333333 0.23020833333333332 0.587037037037037 0.23489583333333333 0.6194444444444445 0.23489583333333333 0.6342592592592593 0.23229166666666667 0.6416666666666667
4 0.5291666666666667 0.5861111111111111 0.5333333333333333 0.5703703703703704 0.534375 0.5472222222222223 0.5322916666666667 0.5370370370370371 0.5260416666666666 0.524074074074074 0.5208333333333334 0.5268518518518519 0.521875 0.545987962962963 0.5197916666666667 0.5722222222222222 0.525 0.5861111111111111 0.5291666666666667 0.5861111111111111
5 0.47708333333333336 0.6240740740740741 0.4869791666666667 0.6361111111111111 0.4890625 0.6398148148148148 0.4895833333333333 0.65 0.49375 0.6527777777777778 0.4953125 0.6425925925925926 0.4890625 0.6185185185185185 0.4895833333333333 0.6101851851851852 0.4921875 0.6074074074074074 0.49114583333333334 0.587037037037037 0.478125 0.5601851851851852 0.475 0.5601851851851852 0.47291666666666665 0.5657407407407408 0.47604166666666664 0.5879629629629629 0.47239583333333335 0.6 0.4786458333333333 0.6129629629629629 0.47708333333333336 0.6240740740740741
4 0.33697916666666666 0.6425925925925926 0.35625 0.6425925925925926 0.35625 0.6333333333333333 0.34791666666666665 0.6148148148148148 0.3494791666666667 0.6018518518518519 0.3536458333333333 0.5953703703703703 0.3484375 0.575925925925926 0.334375 0.5527777777777778 0.33125 0.5555555555555556 0.33125 0.5731481481481482 0.3296875 0.5796296296296296 0.32395833333333335 0.587037037037037 0.33697916666666666 0.6425925925925926
5 0.546875 0.5777777777777777 0.5432291666666667 0.6037037037037037 0.5473958333333333 0.6157407407407407 0.5567708333333333 0.6148148148148148 0.5645833333333333 0.575 0.5578125 0.5638888888888889 0.5484375 0.5388888888888889 0.5447916666666667 0.5370370370370371 0.5427083333333333 0.5462962962962963 0.5442708333333334 0.562962962962963 0.5411458333333333 0.5694444444444444 0.5458333333333333 0.5722222222222222 0.546875 0.5777777777777777
4 0.2671875 0.6222222222222222 0.2671875 0.6101851851851852 0.27708333333333335 0.5879629629629629 0.2682291666666667 0.5712962962962963 0.26614583333333336 0.5361111111111111 0.2520833333333333 0.5185185185185185 0.24791666666666667 0.5185185185185185 0.24583333333333332 0.525 0.24427083333333333 0.5462962962962963 0.24947916666666667 0.5703703703703704 0.25052083333333336 0.5861111111111111 0.2671875 0.6222222222222222
5 0.5192708333333333 0.65 0.5265625 0.6546296296296297 0.5260416666666666 0.6509259259259259 0.5328125 0.6407407407407407 0.5369791666666667 0.6425925925925926 0.540625 0.65 0.5432291666666667 0.649074074074074 0.5432291666666667 0.637962962962963 0.5328125 0.6287037037037037 0.53125 0.6194444444444445 0.5328125 0.6037037037037037 0.5286458333333334 0.5990740740740741 0.5270833333333333 0.5898148148148148 0.5171875 0.5675925925925925 0.5119791666666667 0.5694444444444444 0.5114583333333333 0.5777777777777777 0.5145833333333333 0.5925925925925926 0.5114583333333333 0.6129629629629629 0.5192708333333333 0.65
4 0.0859375 0.6268518518518519 0.0953125 0.6324074074074074 0.09739583333333333 0.6268518518518519 0.0953125 0.6175925925925926 0.10104166666666667 0.612037037037037 0.11510416666666666 0.6166666666666667 0.11302083333333333 0.6064814814814815 0.103125 0.600925925925926 0.1078125 0.5879629629629629 0.1078125 0.5777777777777777 0.10416666666666667 0.5675925925925925 0.0984375 0.5611111111111111 0.084375 0.5555555555555556 0.08385416666666666 0.5833333333333334 0.08125 0.5907407407407408 0.08489583333333334 0.6 0.0796875 0.6222222222222222 0.08125 0.6277777777777778 0.0859375 0.6268518518518519
0 0.05416666666666667 0.6324074074074074 0.052083333333333336 0.6277777777777778 0.04583333333333333 0.6296296296296297 0.046875 0.6435185185185185 0.0484375 0.6453703703703704 0.05364583333333333 0.6407407407407407 0.05416666666666667 0.6324074074074074
5 0.23489583333333333 0.5601851851851852 0.23229166666666667 0.5574074074074075 0.2328125 0.5527777777777778 0.24010416666666667 0.5425925925925926 0.2359375 0.5324074074074074 0.22291666666666668 0.525 0.22291666666666668 0.5574074074074075 0.22760416666666666 0.5648148148148148 0.23229166666666667 0.5666666666666667 0.23489583333333333 0.5601851851851852
5 0.20364583333333333 0.5842592592592593 0.20833333333333334 0.587037037037037 0.21197916666666666 0.5685185185185185 0.21979166666666666 0.5722222222222222 0.2203125 0.575925925925926 0.22135416666666666 0.5731481481481482 0.22239583333333332 0.5287037037037037 0.20885416666666667 0.5074074074074074 0.20416666666666666 0.5138888888888888 0.20260416666666667 0.5324074074074074 0.20677083333333332 0.5407407407407407 0.20677083333333332 0.5509259259259259 0.20364583333333333 0.5842592592592593