4 0.8401041666666667 0.8444444444444444 0.8552083333333333 0.8481481481481481 0.8572916666666667 0.8407407407407408 0.853125 0.8194444444444444 0.8541666666666666 0.7824074074074074 0.85 0.762962962962963 0.84375 0.762962962962963 0.8401041666666667 0.8055555555555556 0.8401041666666667 0.8444444444444444
5 0.9078125 0.7842592592592592 0.9104166666666667 0.7787037037037037 0.9140625 0.7435185185185185 0.9135416666666667 0.7324074074074074 0.9083333333333333 0.7166666666666667 0.9036458333333334 0.7203703703703703 0.9005208333333333 0.7527777777777778 0.9 0.7796296296296297 0.9078125 0.7842592592592592
5 0.384375 0.7351851851851852 0.3885416666666667 0.7342592592592593 0.39010416666666664 0.7324074074074074 0.38958333333333334 0.712037037037037 0.3927083333333333 0.700925925925926 0.3927083333333333 0.687962962962963 0.38697916666666665 0.6712962962962963 0.38333333333333336 0.6703703703703704 0.38125 0.6768518518518518 0.38125 0.7314814814814815 0.384375 0.7351851851851852
4 0.5213541666666667 0.6175925925925926 0.5239583333333333 0.612037037037037 0.5333333333333333 0.6166666666666667 0.5296875 0.5777777777777777 0.525 0.5731481481481482 0.5229166666666667 0.5814814814814815 0.5192708333333333 0.6148148148148148 0.5213541666666667 0.6175925925925926
5 0.646875 0.6657407407407407 0.6520833333333333 0.6770833333333334 0.6505208333333333 0.7166666666666667 0.6588541666666666 0.7194444444444444 0.6619791666666667 0.7166666666666667 0.6604166666666667 0.6972222222222222 0.6635416666666667 0.6796296296296296 0.6588541666666666 0.6592592592592592 0.6536458333333334 0.6592592592592592 0.65 0.6657407407407407 0.646875 0.6657407407407407
4 0.371875 0.6666666666666666 0.371875 0.6824074074074075 0.3770833333333333 0.6833333333333333 0.3796875 0.6777777777777778 0.3796875 0.6370370370370371 0.3765625 0.6268518518518519 0.3723958333333333 0.6287037037037037 0.36822916666666666 0.6537037037037037 0.371875 0.6666666666666666
3 0.9197916666666667 0.9833333333333333 0.9161458333333333 0.9944444444444445 0.9182291666666667 0.9990740740740741 0.9541666666666667 0.9990740740740741 0.9546875 0.9361111111111111 0.946875 0.9138888888888889 0.9432291666666667 0.9148148148148149 0.9390625 0.9296296296296296 0.9354166666666667 0.9333333333333333 0.9286458333333333 0.9731481481481481 0.9197916666666667 0.9833333333333333
4 0.22864583333333333 0.6203703703703703 0.23125 0.6157407407407407 0.23333333333333334 0.5796296296296296 0.22864583333333333 0.5666666666666667 0.2234375 0.5768518518518518 0.225 0.6157407407407407 0.22864583333333333 0.6203703703703703
1 0.1421875 0.6333333333333333 0.14479166666666668 0.6305555555555555 0.1421875 0.6175925925925926 0.14427083333333332 0.6074074074074074 0.1421875 0.5888888888888889 0.1390625 0.5805555555555556 0.13385416666666666 0.5861111111111111 0.13333333333333333 0.6342592592592593 0.1421875 0.6333333333333333
4 0.6020833333333333 0.7287037037037037 0.6041666666666666 0.7314814814814815 0.6083333333333333 0.7277777777777777 0.6078125 0.712037037037037 0.6125 0.700925925925926 0.6119791666666666 0.6851851851851852 0.60625 0.6675925925925926 0.603125 0.6675925925925926 0.6 0.6805555555555556 0.5973958333333333 0.6972222222222222 0.6020833333333333 0.7287037037037037
4 0.19322916666666667 0.8296296296296296 0.19739583333333333 0.8138888888888889 0.20260416666666667 0.812037037037037 0.2046875 0.8231481481481482 0.20885416666666667 0.825 0.2078125 0.7944444444444444 0.209375 0.7814814814814814 0.20260416666666667 0.7444444444444445 0.1984375 0.7472222222222222 0.19270833333333334 0.7675925925925926 0.19114583333333332 0.825925925925926 0.19322916666666667 0.8296296296296296
4 0.016666666666666666 0.675 0.014583333333333334 0.6898148148148148 0.0171875 0.6953703703703704 0.026041666666666668 0.6935185185185185 0.020833333333333332 0.6342592592592593 0.0171875 0.6333333333333333 0.013020833333333334 0.6462962962962963 0.0125 0.6574074074074074 0.016666666666666666 0.675
5 0.3338541666666667 0.6537037037037037 0.33958333333333335 0.65 0.340625 0.6194444444444445 0.3375 0.5990740740740741 0.3338541666666667 0.5981481481481481 0.33229166666666665 0.6064814814814815 0.33177083333333335 0.65 0.3338541666666667 0.6537037037037037
4 0.5760416666666667 0.6657407407407407 0.5901041666666667 0.6657407407407407 0.5875 0.6074074074074074 0.58125 0.6185185185185185 0.5776041666666667 0.6333333333333333 0.5791666666666667 0.6472222222222223 0.5760416666666667 0.6657407407407407
5 0.20572916666666666 0.6611111111111111 0.20989583333333334 0.6731481481481482 0.20989583333333334 0.6888888888888889 0.2140625 0.6935185185185185 0.21822916666666667 0.6888888888888889 0.21979166666666666 0.6444444444444445 0.23072916666666668 0.637962962962963 0.2125 0.6268518518518519 0.20885416666666667 0.6388888888888888 0.20520833333333333 0.6537037037037037 0.20572916666666666 0.6611111111111111
5 0.4515625 0.6324074074074074 0.4557291666666667 0.6259259259259259 0.45625 0.600925925925926 0.45260416666666664 0.5842592592592593 0.45 0.5833333333333334 0.4484375 0.587037037037037 0.4479166666666667 0.6296296296296297 0.4515625 0.6324074074074074
5 0.8604166666666667 0.6583333333333333 0.8666666666666667 0.6648148148148149 0.8640625 0.6953703703703704 0.8651041666666667 0.7037037037037037 0.8729166666666667 0.7018518518518518 0.8776041666666666 0.6888888888888889 0.8802083333333334 0.65 0.8776041666666666 0.637962962962963 0.8723958333333334 0.6351851851851852 0.8671875 0.6518518518518519 0.8604166666666667 0.6583333333333333
4 0.8890625 0.6398148148148148 0.8911458333333333 0.6435185185185185 0.8958333333333334 0.6425925925925926 0.8989583333333333 0.6092592592592593 0.8989583333333333 0.5981481481481481 0.8963541666666667 0.5879629629629629 0.8895833333333333 0.5879629629629629 0.8864583333333333 0.6027777777777777 0.8859375 0.6148148148148148 0.8890625 0.6398148148148148
5 0.88125 0.65 0.8854166666666666 0.6509259259259259 0.8890625 0.6416666666666667 0.8875 0.6018518518518519 0.8838541666666667 0.5962962962962963 0.8802083333333334 0.6055555555555555 0.8791666666666667 0.6361111111111111 0.88125 0.65
0 0.1453125 0.6305555555555555 0.14322916666666666 0.6240740740740741 0.13958333333333334 0.6268518518518519 0.14010416666666667 0.6333333333333333 0.1453125 0.6305555555555555
3 0.3026041666666667 0.5953703703703703 0.30520833333333336 0.5916666666666667 0.30625 0.5611111111111111 0.3026041666666667 0.5537037037037037 0.2984375 0.5546296296296296 0.29635416666666664 0.5611111111111111 0.29583333333333334 0.587037037037037 0.3026041666666667 0.5953703703703703
3 0.5859375 0.6648148148148149 0.5895833333333333 0.6657407407407407 0.5911458333333334 0.6101851851851852 0.5875 0.600925925925926 0.5838541666666667 0.6018518518518519 0.58125 0.6185185185185185 0.5822916666666667 0.6527777777777778 0.5859375 0.6648148148148149
5 0.6067708333333334 0.6638888888888889 0.6109375 0.6648148148148149 0.6135416666666667 0.6620370370370371 0.6140625 0.6231481481481481 0.6109375 0.6092592592592593 0.6052083333333333 0.6092592592592593 0.6057291666666667 0.6601851851851852 0.6067708333333334 0.6638888888888889