0 0.4510416666666667 0.9407407407407408 0.4515625 0.9416666666666667 0.4515625 0.9444444444444444 0.45208333333333334 0.9462962962962963 0.453125 0.9472222222222222 0.4588541666666667 0.9472222222222222 0.45989583333333334 0.9435185185185185 0.45989583333333334 0.9361111111111111 0.4588541666666667 0.9314814814814815 0.45729166666666665 0.9305555555555556 0.45416666666666666 0.9305555555555556 0.45260416666666664 0.9333333333333333 0.45208333333333334 0.9333333333333333 0.4510416666666667 0.937037037037037 0.4510416666666667 0.9407407407407408
4 0.6578125 0.8277777777777777 0.6515625 0.8453703703703703 0.6536458333333334 0.8490740740740741 0.6583333333333333 0.8490740740740741 0.6619791666666667 0.8361111111111111 0.6661458333333333 0.8305555555555556 0.6734375 0.8472222222222222 0.6765625 0.8379629629629629 0.6697916666666667 0.8240740740740741 0.6703125 0.7907407407407407 0.6614583333333334 0.7685185185185185 0.6572916666666667 0.7712962962962963 0.6536458333333334 0.7944444444444444 0.6578125 0.8074074074074075 0.6578125 0.8277777777777777
4 0.5125 0.8712962962962963 0.521875 0.887962962962963 0.5239583333333333 0.9083333333333333 0.5197916666666667 0.9277777777777778 0.5208333333333334 0.9324074074074075 0.5255208333333333 0.9314814814814815 0.5307291666666667 0.9231481481481482 0.5354166666666667 0.924074074074074 0.5385416666666667 0.9166666666666666 0.5317708333333333 0.8935185185185185 0.5390625 0.8805555555555555 0.5359375 0.8537037037037037 0.5286458333333334 0.8296296296296296 0.5234375 0.8324074074074074 0.5182291666666666 0.8592592592592593 0.5125 0.8712962962962963
4 0.8401041666666667 0.7972222222222223 0.8364583333333333 0.8018518518518518 0.8375 0.8064814814814815 0.8411458333333334 0.8083333333333333 0.8442708333333333 0.8064814814814815 0.846875 0.7981481481481482 0.853125 0.8064814814814815 0.8557291666666667 0.8055555555555556 0.8583333333333333 0.7944444444444444 0.8567708333333334 0.7416666666666667 0.853125 0.7287037037037037 0.8494791666666667 0.725925925925926 0.8453125 0.7351851851851852 0.8427083333333333 0.7833333333333333 0.8401041666666667 0.7972222222222223
3 0.3572916666666667 0.7666666666666667 0.3619791666666667 0.7842592592592592 0.3609375 0.7925925925925926 0.3651041666666667 0.7962962962962963 0.3697916666666667 0.7851851851851852 0.3671875 0.7689814814814815 0.3697916666666667 0.7296296296296296 0.3645833333333333 0.712037037037037 0.36041666666666666 0.7138888888888889 0.3572916666666667 0.7342592592592593 0.3572916666666667 0.7666666666666667
5 0.615625 0.7379629629629629 0.6140625 0.7675925925925926 0.61875 0.7703703703703704 0.6255208333333333 0.7666666666666667 0.6260416666666667 0.7092592592592593 0.6213541666666667 0.6962962962962963 0.61875 0.6953703703703704 0.6166666666666667 0.7027777777777777 0.6140625 0.725925925925926 0.615625 0.7379629629629629
5 0.390625 0.6453703703703704 0.3890625 0.6574074074074074 0.39166666666666666 0.6611111111111111 0.39791666666666664 0.6611111111111111 0.39947916666666666 0.6592592592592592 0.39895833333333336 0.6212962962962963 0.3963541666666667 0.6138888888888889 0.3927083333333333 0.612037037037037 0.38958333333333334 0.6203703703703703 0.3885416666666667 0.6277777777777778 0.390625 0.6453703703703704
5 0.4484375 0.8379629629629629 0.44427083333333334 0.8490740740740741 0.44635416666666666 0.8527777777777777 0.4635416666666667 0.8546296296296296 0.4640625 0.8342592592592593 0.46041666666666664 0.7851851851851852 0.45677083333333335 0.7722222222222223 0.4515625 0.775 0.4515625 0.8101851851851852 0.4484375 0.8379629629629629
4 0.31927083333333334 0.825 0.3265625 0.8444444444444444 0.3260416666666667 0.8648148148148148 0.3302083333333333 0.8666666666666667 0.3333333333333333 0.8527777777777777 0.340625 0.8574074074074074 0.3416666666666667 0.862037037037037 0.3453125 0.8592592592592593 0.3458333333333333 0.8527777777777777 0.33645833333333336 0.8379629629629629 0.3380208333333333 0.8064814814814815 0.3338541666666667 0.7842592592592592 0.32916666666666666 0.7814814814814814 0.3265625 0.7861111111111111 0.325 0.8064814814814815 0.31927083333333334 0.825
5 0.6057291666666667 0.9231481481481482 0.6052083333333333 0.9546296296296296 0.6067708333333334 0.9592592592592593 0.609375 0.9592592592592593 0.6161458333333333 0.9518518518518518 0.6140625 0.9222222222222223 0.6197916666666666 0.8907407407407407 0.6109375 0.862037037037037 0.60625 0.8611111111111112 0.6046875 0.8685185185185185 0.6020833333333333 0.9074074074074074 0.6057291666666667 0.9231481481481482
4 0.3807291666666667 0.7712962962962963 0.3854166666666667 0.7620370370370371 0.39166666666666666 0.7620370370370371 0.3963541666666667 0.7731481481481481 0.39947916666666666 0.7703703703703704 0.3932291666666667 0.7407407407407407 0.39479166666666665 0.7314814814814815 0.3932291666666667 0.7064814814814815 0.39114583333333336 0.7027777777777777 0.3880208333333333 0.7027777777777777 0.38385416666666666 0.7148148148148148 0.38229166666666664 0.7490740740740741 0.3796875 0.7592592592592593 0.37916666666666665 0.7685185185185185 0.3807291666666667 0.7712962962962963
4 0.3046875 0.8629629629629629 0.2942708333333333 0.8611111111111112 0.29739583333333336 0.8675925925925926 0.31302083333333336 0.8759259259259259 0.3140625 0.899074074074074 0.3125 0.9194444444444444 0.32135416666666666 0.9444444444444444 0.32083333333333336 0.950925925925926 0.3255208333333333 0.9518518518518518 0.328125 0.9481481481481482 0.328125 0.937037037037037 0.33177083333333335 0.9305555555555556 0.33177083333333335 0.924074074074074 0.325 0.9111111111111111 0.32864583333333336 0.9037037037037037 0.32916666666666666 0.8851851851851852 0.32135416666666666 0.8537037037037037 0.31666666666666665 0.850925925925926 0.31302083333333336 0.8601851851851852 0.3046875 0.8629629629629629
5 0.7692708333333333 0.7398148148148148 0.765625 0.7518518518518519 0.771875 0.7537037037037037 0.7817708333333333 0.7462962962962963 0.7828125 0.7518518518518519 0.7869791666666667 0.7527777777777778 0.7885416666666667 0.7453703703703703 0.7828125 0.7296296296296296 0.7776041666666667 0.687037037037037 0.7729166666666667 0.687962962962963 0.7729166666666667 0.700925925925926 0.76875 0.7157407407407408 0.7703125 0.7194444444444444 0.7692708333333333 0.7398148148148148
5 0.4588541666666667 0.9277777777777778 0.4599770833333333 0.9335759259259259 0.4598276041666667 0.9404796296296296 0.459375 0.9472222222222222 0.46041666666666664 0.9388888888888889 0.465625 0.9268518518518518 0.4713541666666667 0.9305555555555556 0.475 0.9444444444444444 0.4744791666666667 0.9555555555555556 0.4796875 0.9564814814814815 0.4822916666666667 0.9546296296296296 0.4822916666666667 0.950925925925926 0.4765625 0.9268518518518518 0.4796875 0.9 0.478125 0.887962962962963 0.46927083333333336 0.8712962962962963 0.4661458333333333 0.8694444444444445 0.4630208333333333 0.8731481481481481 0.4666666666666667 0.8944444444444445 0.4588541666666667 0.9277777777777778
4 0.0546875 0.7555555555555555 0.05416666666666667 0.7638888888888888 0.058333333333333334 0.7666666666666667 0.06145833333333333 0.762962962962963 0.06197916666666667 0.7379629629629629 0.06510416666666667 0.7268518518518519 0.0640625 0.7083333333333334 0.059895833333333336 0.6916666666666667 0.05625 0.6925925925925925 0.049479166666666664 0.7083333333333334 0.05 0.7435185185185185 0.0546875 0.7555555555555555
5 0.8609375 0.8518518518518519 0.8729166666666667 0.8518518518518519 0.8765625 0.7898148148148149 0.871875 0.7685185185185185 0.8692708333333333 0.7648148148148148 0.8645833333333334 0.7712962962962963 0.8630208333333333 0.8083333333333333 0.8604166666666667 0.8203703703703704 0.8588541666666667 0.8490740740740741 0.8609375 0.8518518518518519
4 0.6072916666666667 0.6638888888888889 0.6109375 0.6546296296296297 0.61875 0.6592592592592592 0.61875 0.6518518518518519 0.6114583333333333 0.637962962962963 0.6098958333333333 0.6231481481481481 0.60625 0.6148148148148148 0.6026041666666667 0.6129629629629629 0.6020833333333333 0.6620370370370371 0.6072916666666667 0.6638888888888889
3 0.07291666666666667 0.6074074074074074 0.07604166666666666 0.6129629629629629 0.08177083333333333 0.6111111111111112 0.08333333333333333 0.6064814814814815 0.08020833333333334 0.5972222222222222 0.08177083333333333 0.5796296296296296 0.0796875 0.562037037037037 0.07604166666666666 0.5611111111111111 0.07291666666666667 0.575 0.07083333333333333 0.587037037037037 0.07291666666666667 0.6074074074074074
3 0.24479166666666666 0.600925925925926 0.24791666666666667 0.6055555555555555 0.25104166666666666 0.6027777777777777 0.2526041666666667 0.5675925925925925 0.2484375 0.5574074074074075 0.24322916666666666 0.562037037037037 0.24270833333333333 0.5833333333333334 0.24479166666666666 0.600925925925926
5 0.396875 0.7083333333333334 0.3963541666666667 0.7277777777777777 0.403125 0.7240740740740741 0.4041666666666667 0.7203703703703703 0.40625 0.6888888888888889 0.4046875 0.6703703703703704 0.4 0.6592592592592592 0.3963541666666667 0.6611111111111111 0.3958333333333333 0.6694444444444444 0.39479166666666665 0.7046296296296296 0.396875 0.7083333333333334
5 0 0.8814814814814815 0.0015625 0.8814814814814815 0.004166666666666667 0.8685185185185185 0.0015625 0.8333333333333334 0 0.8333333333333334 0 0.8814814814814815
5 0 0.9166666666666666 0.008854166666666666 0.9175925925925926 0.0109375 0.9046296296296297 0.0015625 0.8898148148148148 0 0.8898148148148148 0 0.9166666666666666
4 0.12136979166666667 0.6691851851851852 0.01004687500000001 0.046722222222222255
5 0.1296875 0.6918240740740741 0.015848958333333323 0.0673240740740741