3 0.5447916666666667 0.7324074074074074 0.5567708333333333 0.6888888888888889 0.553125 0.6694444444444444 0.5484375 0.6694444444444444 0.5416666666666666 0.6888888888888889 0.5411458333333333 0.7287037037037037 0.5447916666666667 0.7324074074074074
4 0.18072916666666666 0.8222222222222222 0.1765625 0.8361111111111111 0.17291666666666666 0.8388888888888889 0.1734375 0.8462962962962963 0.17760416666666667 0.8481481481481481 0.1796875 0.8416666666666667 0.18645833333333334 0.8361111111111111 0.18958333333333333 0.8398148148148148 0.19166666666666668 0.850925925925926 0.19739583333333333 0.8518518518518519 0.1984375 0.8481481481481481 0.19479166666666667 0.8416666666666667 0.190625 0.8064814814814815 0.1875 0.8 0.1875 0.7731481481481481 0.18541666666666667 0.7675925925925926 0.18125 0.7694444444444445 0.17708333333333334 0.7916666666666666 0.17760416666666667 0.8083333333333333 0.18072916666666666 0.8222222222222222
5 0.4828125 0.6759259259259259 0.4864583333333333 0.6685185185185185 0.4901041666666667 0.6333333333333333 0.4864583333333333 0.6222222222222222 0.4828125 0.6222222222222222 0.4786458333333333 0.6342592592592593 0.478125 0.6731481481481482 0.4828125 0.6759259259259259
5 0.43385416666666665 0.7138888888888889 0.4390625 0.7166666666666667 0.4401041666666667 0.7046296296296296 0.44895833333333335 0.6759259259259259 0.446875 0.6583333333333333 0.4421875 0.6537037037037037 0.4359375 0.6731481481481482 0.43697916666666664 0.6935185185185185 0.43385416666666665 0.7138888888888889
4 0.571875 0.8111111111111111 0.5671875 0.8324074074074074 0.5635416666666667 0.8416666666666667 0.5546875 0.8490740740740741 0.5541666666666667 0.8574074074074074 0.5588541666666667 0.8583333333333333 0.5671875 0.8527777777777777 0.5713541666666667 0.8379629629629629 0.5744791666666667 0.8351851851851851 0.5828125 0.8518518518518519 0.5838541666666667 0.862037037037037 0.5880208333333333 0.8638888888888889 0.590625 0.8611111111111112 0.5916666666666667 0.8527777777777777 0.584375 0.8379629629629629 0.584375 0.8222222222222222 0.5895833333333333 0.8037037037037037 0.5942708333333333 0.8046296296296296 0.5984375 0.8138888888888889 0.6010416666666667 0.8138888888888889 0.6015625 0.8101851851851852 0.5953125 0.7935185185185185 0.5838541666666667 0.7759259259259259 0.5786458333333333 0.7787037037037037 0.5760416666666667 0.8027777777777778 0.571875 0.8111111111111111
4 0.384375 0.6777777777777778 0.3890625 0.6712962962962963 0.3927083333333333 0.6333333333333333 0.38697916666666665 0.6222222222222222 0.38333333333333336 0.6259259259259259 0.38125 0.6342592592592593 0.38125 0.675 0.384375 0.6777777777777778
5 0.04895833333333333 0.9064814814814814 0.05520833333333333 0.8916666666666667 0.06041666666666667 0.8888888888888888 0.06197916666666667 0.9074074074074074 0.06510416666666667 0.912962962962963 0.06979166666666667 0.912962962962963 0.06979166666666667 0.9018518518518519 0.07604166666666666 0.8888888888888888 0.07708333333333334 0.8638888888888889 0.08177083333333333 0.8333333333333334 0.0796875 0.8296296296296296 0.07604166666666666 0.8305555555555556 0.0671875 0.85 0.065625 0.8611111111111112 0.059375 0.8768518518518519 0.0453125 0.8935185185185185 0.04479166666666667 0.9046296296296297 0.04895833333333333 0.9064814814814814
5 0.6354166666666666 0.8175925925925925 0.6395833333333333 0.825 0.6354166666666666 0.8407407407407408 0.6385416666666667 0.8555555555555555 0.6375 0.8611111111111112 0.6411458333333333 0.8648148148148148 0.6505208333333333 0.862037037037037 0.6520833333333333 0.8601851851851852 0.6494791666666667 0.8490740740740741 0.6515625 0.8314814814814815 0.6505208333333333 0.8138888888888889 0.6421875 0.7944444444444444 0.6375 0.7981481481481482 0.6380208333333334 0.8083333333333333 0.6354166666666666 0.8175925925925925
3 0.8859375 0.9990740740740741 0.8869791666666667 0.9388888888888889 0.8848958333333333 0.9268518518518518 0.8770833333333333 0.9083333333333333 0.8729166666666667 0.9101851851851852 0.8661458333333333 0.9314814814814815 0.8635416666666667 0.9685185185185186 0.8557291666666667 0.987037037037037 0.8552083333333333 0.9990740740740741 0.8859375 0.9990740740740741
4 0.2296875 0.7925925925925926 0.23385416666666667 0.7851851851851852 0.24375 0.7833333333333333 0.24479166666666666 0.7490740740740741 0.24791666666666667 0.7324074074074074 0.246875 0.7157407407407408 0.24375 0.7129629629629629 0.24010416666666667 0.7212962962962963 0.23489583333333333 0.7231481481481481 0.22708333333333333 0.7425925925925926 0.22447916666666667 0.7935185185185185 0.2296875 0.7925925925925926
3 0.20520833333333333 0.6018518518518519 0.21145833333333333 0.5675925925925925 0.20885416666666667 0.562037037037037 0.20416666666666666 0.562037037037037 0.20104166666666667 0.5685185185185185 0.20052083333333334 0.5990740740740741 0.20520833333333333 0.6018518518518519
4 0.4666666666666667 0.6370370370370371 0.46875 0.5990740740740741 0.465625 0.5898148148148148 0.46197916666666666 0.5888888888888889 0.4588541666666667 0.5935185185185186 0.45729166666666665 0.6083333333333333 0.45625 0.6351851851851852 0.4666666666666667 0.6370370370370371
4 0.7442708333333333 0.6925925925925925 0.7442708333333333 0.7129629629629629 0.7479166666666667 0.7166666666666667 0.7515625 0.712037037037037 0.7567708333333333 0.6675925925925926 0.7515625 0.6518518518518519 0.7447916666666666 0.6564814814814814 0.7416666666666667 0.6666666666666666 0.7411458333333333 0.6814814814814815 0.7442708333333333 0.6925925925925925
5 0.7401041666666667 0.6712962962962963 0.7458333333333333 0.6583333333333333 0.7463541666666667 0.6324074074074074 0.7401041666666667 0.625 0.7359375 0.6351851851851852 0.7375 0.6638888888888889 0.7401041666666667 0.6712962962962963
5 0.7921875 0.7657407407407407 0.7916666666666666 0.7833333333333333 0.7947916666666667 0.7898148148148149 0.8026041666666667 0.7675925925925926 0.803125 0.7333333333333333 0.7979166666666667 0.7166666666666667 0.7932291666666667 0.7175925925925926 0.7885416666666667 0.737037037037037 0.7880208333333333 0.7444444444444445 0.7921875 0.7657407407407407
5 0.5135416666666667 0.8185185185185185 0.5255208333333333 0.8212962962962963 0.5317708333333333 0.7981481481481482 0.5333333333333333 0.7648148148148148 0.5302083333333333 0.7509259259259259 0.5255208333333333 0.75 0.5166666666666667 0.7666666666666667 0.5177083333333333 0.7925925925925926 0.5135416666666667 0.8185185185185185
4 0.13489583333333333 0.6759259259259259 0.13958333333333334 0.6638888888888889 0.14270833333333333 0.6388888888888888 0.1421875 0.6231481481481481 0.13854166666666667 0.6157407407407407 0.13125 0.6305555555555555 0.13072916666666667 0.6685185185185185 0.13489583333333333 0.6759259259259259
5 0.7713541666666667 0.7203703703703703 0.7760416666666666 0.6777777777777778 0.7713541666666667 0.6564814814814814 0.7682291666666666 0.6601851851851852 0.7651041666666667 0.6796296296296296 0.7651041666666667 0.7185185185185186 0.7713541666666667 0.7203703703703703
4 0.7203125 0.6388888888888888 0.7244791666666667 0.6388888888888888 0.7270833333333333 0.6185185185185185 0.7255208333333333 0.5907407407407408 0.7208333333333333 0.5898148148148148 0.7182291666666667 0.5972222222222222 0.7177083333333333 0.6342592592592593 0.7203125 0.6388888888888888
5 0.23541666666666666 0.7787037037037037 0.23802083333333332 0.7833333333333333 0.24375 0.7833333333333333 0.2484375 0.7333333333333333 0.24739583333333334 0.7157407407407408 0.24322916666666666 0.7129629629629629 0.23697916666666666 0.7296296296296296 0.23802083333333332 0.7694444444444445 0.23541666666666666 0.7787037037037037
0 0.55625 0.8601851851851852 0.5651041666666666 0.8527777777777777 0.5625 0.8453703703703703 0.5567708333333333 0.8462962962962963 0.5536458333333333 0.850925925925926 0.553125 0.8555555555555555 0.55625 0.8601851851851852
4 0.5302083333333333 0.7694444444444445 0.53125 0.7787037037037037 0.5286458333333334 0.7833333333333333 0.5333333333333333 0.7842592592592592 0.5348958333333333 0.7944444444444444 0.5375 0.7972222222222223 0.5401041666666667 0.7944444444444444 0.5416666666666666 0.7592592592592593 0.5401041666666667 0.7314814814814815 0.5348958333333333 0.7296296296296296 0.5291666666666667 0.7416666666666667 0.525 0.7518518518518519 0.5302083333333333 0.7694444444444445