5 0.528125 0.8629629629629629 0.5338541666666666 0.8648148148148148 0.5369791666666667 0.862037037037037 0.5354166666666667 0.8462962962962963 0.5411458333333333 0.8416666666666667 0.5510416666666667 0.8592592592592593 0.5526041666666667 0.8666666666666667 0.5567708333333333 0.8657407407407407 0.5583333333333333 0.8611111111111112 0.5536458333333333 0.8537037037037037 0.5453125 0.8185185185185185 0.5364583333333334 0.7972222222222223 0.5328125 0.7953703703703704 0.5307291666666667 0.7981481481481482 0.5317708333333333 0.812962962962963 0.528125 0.8629629629629629
4 0.3458333333333333 0.6824074074074075 0.34791666666666665 0.6777777777777778 0.3494791666666667 0.6407407407407407 0.3453125 0.6296296296296297 0.3385416666666667 0.637962962962963 0.340625 0.6768518518518518 0.3458333333333333 0.6824074074074075
5 0.0796875 0.924074074074074 0.08645833333333333 0.9055555555555556 0.10052083333333334 0.8916666666666667 0.10364583333333334 0.9027777777777778 0.10104166666666667 0.9185185185185185 0.10677083333333333 0.9231481481481482 0.11145833333333334 0.9194444444444444 0.10729166666666666 0.9111111111111111 0.109375 0.8916666666666667 0.10416666666666667 0.8768518518518519 0.10572916666666667 0.8666666666666667 0.11197916666666667 0.8648148148148148 0.1078125 0.8601851851851852 0.10625 0.8527777777777777 0.10677083333333333 0.837037037037037 0.103125 0.8351851851851851 0.10052083333333334 0.8379629629629629 0.09895833333333333 0.8490740740740741 0.09322916666666667 0.8601851851851852 0.09375 0.8740740740740741 0.09010416666666667 0.8888888888888888 0.0765625 0.9083333333333333 0.07604166666666666 0.9185185185185185 0.0796875 0.924074074074074
5 0.4432291666666667 0.6777777777777778 0.44635416666666666 0.674074074074074 0.44635416666666666 0.6586416666666667 0.44947916666666665 0.6388888888888888 0.4432291666666667 0.625 0.4401041666666667 0.6268518518518519 0.43697916666666664 0.6361111111111111 0.43697916666666664 0.674074074074074 0.4432291666666667 0.6777777777777778
5 0.4078125 0.725 0.4109375 0.725 0.4166666666666667 0.6814814814814815 0.41302083333333334 0.6620370370370371 0.409375 0.6620370370370371 0.4041666666666667 0.6759259259259259 0.4036458333333333 0.7129629629629629 0.4078125 0.725
4 0.6791666666666667 0.6342592592592593 0.6828125 0.6388888888888888 0.6848958333333334 0.637962962962963 0.6875 0.6018518518518519 0.6828125 0.5888888888888889 0.6796875 0.5925925925925926 0.6776041666666667 0.6157407407407407 0.6791666666666667 0.6342592592592593
4 0.7072916666666667 0.6953703703703704 0.7067708333333333 0.7138888888888889 0.7114583333333333 0.7175925925925926 0.7145833333333333 0.7148148148148148 0.71875 0.6675925925925926 0.7130208333333333 0.6527777777777778 0.7052083333333333 0.6611111111111111 0.7041666666666667 0.6851851851851852 0.7072916666666667 0.6953703703703704
4 0.20104166666666667 0.825 0.20833333333333334 0.8351851851851851 0.20729166666666668 0.8490740740740741 0.21770833333333334 0.8481481481481481 0.22239583333333332 0.8537037037037037 0.2265625 0.8527777777777777 0.22760416666666666 0.8490740740740741 0.2234375 0.8444444444444444 0.21666666666666667 0.8231481481481482 0.209375 0.8101851851851852 0.20677083333333332 0.7824074074074074 0.203125 0.7814814814814814 0.20052083333333334 0.7861111111111111 0.19895833333333332 0.8148148148148148 0.20104166666666667 0.825
4 0.46875 0.8574074074074074 0.475 0.8601851851851852 0.47708333333333336 0.8574074074074074 0.475 0.8398148148148148 0.4765625 0.8324074074074074 0.484375 0.8305555555555556 0.48333333333333334 0.8175925925925925 0.4859375 0.8027777777777778 0.484375 0.7907407407407407 0.47760416666666666 0.7768518518518519 0.47239583333333335 0.7787037037037037 0.46875 0.8111111111111111 0.4661458333333333 0.8138888888888889 0.46979166666666666 0.8527777777777777 0.46875 0.8574074074074074
4 0.4203125 0.6407407407407407 0.425 0.6185185185185185 0.425 0.6027777777777777 0.421875 0.5925925925925926 0.41875 0.5907407407407408 0.41354166666666664 0.6037037037037037 0.41354166666666664 0.6370370370370371 0.4203125 0.6407407407407407
3 0.8255208333333334 0.9768518518518519 0.821875 0.9898148148148148 0.8270833333333333 0.9907407407407407 0.8317708333333333 0.987037037037037 0.8369791666666667 0.9990740740740741 0.8520833333333333 0.9990740740740741 0.8526041666666667 0.9768518518518519 0.8572916666666667 0.9490740740740741 0.85625 0.9259259259259259 0.8494791666666667 0.9046296296296297 0.8453125 0.9046296296296297 0.8375 0.925 0.8296875 0.9712962962962963 0.8255208333333334 0.9768518518518519
0 0.46770833333333334 0.8287037037037037 0.4703125 0.8324074074074074 0.4744791666666667 0.8296296296296296 0.4765625 0.8212962962962963 0.47239583333333335 0.8111111111111111 0.4666666666666667 0.8111111111111111 0.465625 0.8212962962962963 0.46770833333333334 0.8287037037037037
4 0.5088541666666667 0.7944444444444444 0.5140625 0.7953703703703704 0.5192708333333333 0.7611111111111111 0.5171875 0.7481481481481481 0.5135416666666667 0.7425925925925926 0.5078125 0.7601851851851852 0.5052083333333334 0.7768518518518519 0.5088541666666667 0.7944444444444444
4 0.09166666666666666 0.6814814814814815 0.09583333333333334 0.6824074074074075 0.10208333333333333 0.6481481481481481 0.10208333333333333 0.6361111111111111 0.09947916666666666 0.625 0.09583333333333334 0.6259259259259259 0.090625 0.637962962962963 0.09114583333333333 0.6777777777777778 0.09166666666666666 0.6814814814814815
4 0.2171875 0.7898148148148149 0.21875 0.8055555555555556 0.2203125 0.8083333333333333 0.23072916666666668 0.8064814814814815 0.22864583333333333 0.7833333333333333 0.23020833333333332 0.7722222222222223 0.225 0.7398148148148148 0.21979166666666666 0.7379629629629629 0.20885416666666667 0.7555555555555555 0.20833333333333334 0.7712962962962963 0.2171875 0.7898148148148149
3 0.17239583333333333 0.6027777777777777 0.175 0.6037037037037037 0.18020833333333333 0.5907407407407408 0.18333333333333332 0.5722222222222222 0.17760416666666667 0.5611111111111111 0.17239583333333333 0.5722222222222222 0.17083333333333334 0.5916666666666667 0.17239583333333333 0.6027777777777777
3 0.5109375 0.7111111111111111 0.509375 0.7342592592592593 0.5104166666666666 0.7398148148148148 0.5145833333333333 0.7444444444444445 0.5166666666666667 0.7398148148148148 0.5177083333333333 0.7129629629629629 0.5229166666666667 0.6962962962962963 0.5234375 0.6851851851851852 0.5197916666666667 0.6731481481481482 0.5161458333333333 0.6694444444444444 0.509375 0.6805555555555556 0.5078125 0.6888888888888889 0.5072916666666667 0.7 0.5109375 0.7111111111111111
5 0.7442708333333333 0.7231481481481481 0.75 0.7157407407407408 0.7479166666666667 0.7046296296296296 0.7494791666666667 0.6759259259259259 0.74375 0.6564814814814814 0.7401041666666667 0.6666666666666666 0.7401041666666667 0.7203703703703703 0.7442708333333333 0.7231481481481481
5 0.22864583333333333 0.8018518518518518 0.23177083333333334 0.8037037037037037 0.23229166666666667 0.7972222222222223 0.23958333333333334 0.7962962962962963 0.24427083333333333 0.8 0.24635416666666668 0.7935185185185185 0.24114583333333334 0.7685185185185185 0.23958333333333334 0.7296296296296296 0.2375 0.7222222222222222 0.23229166666666667 0.7240740740740741 0.22760416666666666 0.7435185185185185 0.22604166666666667 0.7675925925925926 0.22864583333333333 0.8018518518518518
5 0.509375 0.7888888888888889 0.5104166666666666 0.8037037037037037 0.5067708333333333 0.8222222222222222 0.5104166666666666 0.8231481481481482 0.5166666666666667 0.8064814814814815 0.521875 0.8074074074074075 0.525 0.8268518518518518 0.5270833333333333 0.8083333333333333 0.5333333333333333 0.7870370370370371 0.5296875 0.7666666666666667 0.5151041666666667 0.7490740740740741 0.5083333333333333 0.762962962962963 0.5057291666666667 0.775 0.509375 0.7888888888888889
5 0.7010416666666667 0.6777777777777778 0.7036458333333333 0.6768518518518518 0.7057291666666666 0.6703703703703704 0.7072916666666667 0.6351851851851852 0.7026041666666667 0.625 0.7005208333333334 0.625 0.696875 0.6351851851851852 0.6989583333333333 0.6731481481481482 0.7010416666666667 0.6777777777777778