1 0.12916666666666668 0.637962962962963 0.1328125 0.6194444444444445 0.13333333333333333 0.5990740740740741 0.12864583333333332 0.5962962962962963 0.12083333333333333 0.6064814814814815 0.12083333333333333 0.6342592592592593 0.12916666666666668 0.637962962962963
5 0.2796875 0.687962962962963 0.2875 0.6814814814814815 0.2875 0.6777777777777778 0.28489583333333335 0.6694444444444444 0.2828125 0.6388888888888888 0.2791666666666667 0.6268518518518519 0.275 0.6305555555555555 0.27395833333333336 0.6851851851851852 0.2796875 0.687962962962963
5 0.5057291666666667 0.6444444444444445 0.5140625 0.6472222222222223 0.515625 0.6453703703703704 0.5171875 0.6148148148148148 0.5166666666666667 0.6046296296296296 0.5135416666666667 0.5953703703703703 0.5104166666666666 0.5972222222222222 0.5072916666666667 0.6092592592592593 0.5078125 0.6314814814814815 0.5057291666666667 0.6444444444444445
3 0.9229166666666667 0.9990740740740741 0.9427083333333334 0.9990740740740741 0.94375 0.937962962962963 0.9375 0.924074074074074 0.9354166666666667 0.912962962962963 0.9317708333333333 0.9120370370370371 0.9296875 0.9157407407407407 0.921875 0.9425925925925925 0.9197916666666667 0.9685185185185186 0.9229166666666667 0.9990740740740741
4 0.1671875 0.7453703703703703 0.16927083333333334 0.75 0.1734375 0.7509259259259259 0.17604166666666668 0.7472222222222222 0.17760416666666667 0.7342592592592593 0.17916666666666667 0.6916666666666667 0.17447916666666666 0.6796296296296296 0.16875 0.6907407407407408 0.165625 0.700925925925926 0.1671875 0.7453703703703703
4 0.775 0.7787037037037037 0.7708333333333334 0.8018518518518518 0.7739583333333333 0.8064814814814815 0.7848958333333333 0.8092592592592592 0.7859375 0.8055555555555556 0.7828125 0.7861111111111111 0.7869791666666667 0.7675925925925926 0.7869791666666667 0.7481481481481481 0.7822916666666667 0.7324074074074074 0.7791666666666667 0.7287037037037037 0.7765625 0.7324074074074074 0.771875 0.7620370370370371 0.7744791666666667 0.7675925925925926 0.775 0.7787037037037037
4 0.4 0.6537037037037037 0.40989583333333335 0.65 0.4114583333333333 0.6555555555555556 0.41510416666666666 0.6537037037037037 0.41041666666666665 0.6046296296296296 0.4078125 0.6027777777777777 0.39791666666666664 0.6259259259259259 0.3963541666666667 0.65 0.4 0.6537037037037037
5 0.8708333333333333 0.6611111111111111 0.8708333333333333 0.6768518518518518 0.8744791666666667 0.687962962962963 0.875 0.6990740740740741 0.8822916666666667 0.700925925925926 0.884375 0.6925925925925925 0.8854166666666666 0.6518518518518519 0.8817708333333333 0.6416666666666667 0.878125 0.6453703703703704 0.8760416666666667 0.6537037037037037 0.8708333333333333 0.6611111111111111
4 0.23541666666666666 0.6222222222222222 0.24010416666666667 0.6212962962962963 0.23958333333333334 0.5925925925925926 0.24114583333333334 0.5833333333333334 0.2375 0.5712962962962963 0.23385416666666667 0.5731481481481482 0.23177083333333334 0.5851851851851851 0.23125 0.6157407407407407 0.23541666666666666 0.6222222222222222
5 0.865625 0.7638888888888888 0.871875 0.7712962962962963 0.8770833333333333 0.7712962962962963 0.8776041666666666 0.7574074074074074 0.8822916666666667 0.7351851851851852 0.8729166666666667 0.7166666666666667 0.86875 0.7148148148148148 0.8671875 0.7203703703703703 0.8708333333333333 0.7412037037037037 0.865625 0.7638888888888888
3 0.8234375 0.6194444444444445 0.8255208333333334 0.5842592592592593 0.821875 0.575925925925926 0.8177083333333334 0.587037037037037 0.8140625 0.6185185185185185 0.8234375 0.6194444444444445
5 0.39479166666666665 0.6398148148148148 0.39427083333333335 0.6509259259259259 0.4 0.6537037037037037 0.4010416666666667 0.6064814814814815 0.3963541666666667 0.5972222222222222 0.3932291666666667 0.5990740740740741 0.3927083333333333 0.6055555555555555 0.39166666666666666 0.6240740740740741 0.39479166666666665 0.6398148148148148
0 0.140625 0.6333333333333333 0.1453125 0.6305555555555555 0.14322916666666666 0.6240740740740741 0.1390625 0.6268518518518519 0.13854166666666667 0.6314814814814815 0.140625 0.6333333333333333
4 0.73125 0.6194444444444445 0.7302083333333333 0.6268518518518519 0.7416666666666667 0.6259259259259259 0.7442708333333333 0.6342592592592593 0.7473958333333334 0.6157407407407407 0.746875 0.5953703703703703 0.7442708333333333 0.5898148148148148 0.7390625 0.5916666666666667 0.734375 0.6166666666666667 0.73125 0.6194444444444445
4 0.0765625 0.6685185185185185 0.07447916666666667 0.6824074074074075 0.07604166666666666 0.6861111111111111 0.08020833333333334 0.6861111111111111 0.08489583333333334 0.6814814814814815 0.08697916666666666 0.6546296296296297 0.08385416666666666 0.625 0.07916666666666666 0.625 0.07552083333333333 0.6370370370370371 0.07447916666666667 0.6546296296296297 0.0765625 0.6685185185185185
3 0.45260416666666664 0.6416666666666667 0.459375 0.6351851851851852 0.46145833333333336 0.5990740740740741 0.4583333333333333 0.5907407407407408 0.45416666666666666 0.5888888888888889 0.4505208333333333 0.6 0.45 0.6398148148148148 0.45260416666666664 0.6416666666666667
5 0.6 0.7018518518518518 0.603125 0.7 0.60625 0.6574074074074074 0.5994791666666667 0.6416666666666667 0.5958333333333333 0.6453703703703704 0.5942708333333333 0.6527777777777778 0.5947916666666667 0.6981481481481482 0.6 0.7018518518518518
5 0.39010416666666664 0.6268518518518519 0.3932291666666667 0.6194444444444445 0.3921875 0.6111111111111112 0.3963541666666667 0.6027777777777777 0.38697916666666665 0.5796296296296296 0.384375 0.5796296296296296 0.38229166666666664 0.5944444444444444 0.38229166666666664 0.625 0.39010416666666664 0.6268518518518519
4 0.459375 0.6962962962962963 0.46197916666666666 0.6935185185185185 0.4635416666666667 0.6787037037037037 0.4609375 0.6398148148148148 0.45677083333333335 0.637962962962963 0.45364583333333336 0.649074074074074 0.45364583333333336 0.6935185185185185 0.459375 0.6962962962962963
5 0.2921875 0.6962962962962963 0.29375 0.7212962962962963 0.2984375 0.7231481481481481 0.30052083333333335 0.7175925925925926 0.2994791666666667 0.7032407407407407 0.3026041666666667 0.6842592592592592 0.3026041666666667 0.6722222222222223 0.2994791666666667 0.6611111111111111 0.2953125 0.6601851851851852 0.2869791666666667 0.6805555555555556 0.2859375 0.6888888888888889 0.2921875 0.6962962962962963
5 0.8723958333333334 0.6777777777777778 0.871875 0.6268518518518519 0.8677083333333333 0.6231481481481481 0.8651041666666667 0.6305555555555555 0.8645833333333334 0.6777777777777778 0.8723958333333334 0.6777777777777778
4 0.2557291666666667 0.6074074074074074 0.25885416666666666 0.6064814814814815 0.26197916666666665 0.5972222222222222 0.2677083333333333 0.5898148148148148 0.26666666666666666 0.5601851851851852 0.26458333333333334 0.5555555555555556 0.26145833333333335 0.5583333333333333 0.2557291666666667 0.5796296296296296 0.25364583333333335 0.5981481481481481 0.2557291666666667 0.6074074074074074
4 0.5364583333333334 0.6888888888888889 0.5354166666666667 0.6712962962962963 0.5369791666666667 0.6657407407407407 0.5348958333333333 0.637962962962963 0.5317708333333333 0.6361111111111111 0.5296875 0.6398148148148148 0.5291666666666667 0.6935185185185185 0.5364583333333334 0.6888888888888889
5 0.74375 0.6370370370370371 0.7463541666666667 0.6425925925925926 0.7520833333333333 0.6435185185185185 0.75625 0.6157407407407407 0.7557291666666667 0.6064814814814815 0.7536458333333333 0.5981481481481481 0.7484375 0.5962962962962963 0.7447916666666666 0.6064814814814815 0.7421875 0.6259259259259259 0.74375 0.6370370370370371