5 0.9104166666666667 0.7638888888888888 0.9135416666666667 0.7638888888888888 0.9197916666666667 0.775 0.9223958333333333 0.7675925925925926 0.9177083333333333 0.7611111111111111 0.915625 0.75 0.9182291666666667 0.7277777777777777 0.9166666666666666 0.7175925925925926 0.9114583333333334 0.7055555555555556 0.9078125 0.7037037037037037 0.9020833333333333 0.725 0.90625 0.7462962962962963 0.9015625 0.7712962962962963 0.9057291666666667 0.7731481481481481 0.9104166666666667 0.7638888888888888
5 0.584375 0.837037037037037 0.590625 0.7981481481481482 0.5901041666666667 0.7620370370370371 0.5854166666666667 0.7620370370370371 0.5776041666666667 0.7805555555555556 0.5807291666666666 0.812037037037037 0.575 0.8305555555555556 0.578125 0.8361111111111111 0.584375 0.837037037037037
5 0.08385416666666666 0.9 0.08697916666666666 0.9027777777777778 0.0921875 0.9 0.090625 0.8601851851851852 0.09583333333333334 0.8564814814814815 0.09635416666666667 0.850925925925926 0.08541666666666667 0.812037037037037 0.08229166666666667 0.8111111111111111 0.0796875 0.8148148148148148 0.0734375 0.8379629629629629 0.07239583333333334 0.8564814814814815 0.0765625 0.8592592592592593 0.08125 0.875 0.08385416666666666 0.9
4 0.052083333333333336 0.7074074074074074 0.053125 0.674074074074074 0.0515625 0.6657407407407407 0.04479166666666667 0.6527777777777778 0.03854166666666667 0.6657407407407407 0.042708333333333334 0.7092592592592593 0.044270833333333336 0.7138888888888889 0.04895833333333333 0.7129629629629629 0.052083333333333336 0.7074074074074074
5 0.6427083333333333 0.6370370370370371 0.6447916666666667 0.6305555555555555 0.6479166666666667 0.6305555555555555 0.65 0.6370370370370371 0.6536458333333334 0.6370370370370371 0.6520833333333333 0.6111111111111112 0.6541666666666667 0.5972222222222222 0.6526041666666667 0.5916666666666667 0.6489583333333333 0.5907407407407408 0.64375 0.6018518518518519 0.64375 0.6117287037037037 0.6390625 0.6268518518518519 0.6390625 0.6342592592592593 0.6427083333333333 0.6370370370370371
4 0.48072916666666665 0.8055555555555556 0.48489583333333336 0.7925925925925926 0.4875 0.7944444444444444 0.4895833333333333 0.8074074074074075 0.4947916666666667 0.8083333333333333 0.49635416666666665 0.8055555555555556 0.4921875 0.787962962962963 0.4895833333333333 0.7268518518518519 0.484375 0.7287037037037037 0.4796875 0.7472222222222222 0.48125 0.7759259259259259 0.47552083333333334 0.8027777777777778 0.47708333333333336 0.8064814814814815 0.48072916666666665 0.8055555555555556
4 0.6854166666666667 0.7222222222222222 0.6859375 0.6638888888888889 0.68125 0.662962962962963 0.6770833333333334 0.6777777777777778 0.6770833333333334 0.6977777777777778 0.6729166666666667 0.7111111111111111 0.6734375 0.7194444444444444 0.6854166666666667 0.7222222222222222
4 0.0140625 0.8037037037037037 0.020833333333333332 0.8046296296296296 0.019270833333333334 0.7240740740740741 0.015625 0.7240740740740741 0.011458333333333333 0.7379629629629629 0.0109375 0.7648148148148148 0.013020833333333334 0.774074074074074 0.011458333333333333 0.799074074074074 0.0140625 0.8037037037037037
5 0.025 0.7148148148148148 0.027083333333333334 0.6657407407407407 0.0203125 0.6537037037037037 0.0140625 0.6666666666666666 0.013541666666666667 0.6768518518518518 0.019270833333333334 0.6972222222222222 0.020833333333333332 0.712037037037037 0.025 0.7148148148148148
4 0.23177083333333334 0.6388888888888888 0.23229166666666667 0.6046296296296296 0.228125 0.5935185185185186 0.22447916666666667 0.5944444444444444 0.22083333333333333 0.6037037037037037 0.22395833333333334 0.6305555555555555 0.2234375 0.6435185185185185 0.22760416666666666 0.6444444444444445 0.23177083333333334 0.6388888888888888
5 0.4703125 0.6712962962962963 0.47708333333333336 0.6546296296296297 0.47708333333333336 0.6416666666666667 0.4796875 0.6324074074074074 0.475 0.6148148148148148 0.46822916666666664 0.6268518518518519 0.46927083333333336 0.6481481481481481 0.4640625 0.6564814814814814 0.4630208333333333 0.6666666666666666 0.4703125 0.6712962962962963
4 0.49895833333333334 0.625 0.4942708333333333 0.5851851851851851 0.4901041666666667 0.5851851851851851 0.4890625 0.5916666666666667 0.4869791666666667 0.6296296296296297 0.4890625 0.6324074074074074 0.4979166666666667 0.6314814814814815 0.49895833333333334 0.625
5 0.46979166666666666 0.6777777777777778 0.475 0.6537037037037037 0.46458333333333335 0.6555555555555556 0.46145833333333336 0.6685185185185185 0.46041666666666664 0.7111111111111111 0.46458333333333335 0.7148148148148148 0.46927083333333336 0.7 0.46979166666666666 0.6777777777777778
2 0.8791666666666667 0.6888888888888889 0.8791666666666667 0.6472222222222223 0.8729166666666667 0.6287037037037037 0.8697916666666666 0.6314814814814815 0.8692708333333333 0.6898148148148148 0.8723958333333334 0.6944444444444444 0.8770833333333333 0.6944444444444444 0.8791666666666667 0.6888888888888889
5 0.2046875 0.6657407407407407 0.20677083333333332 0.6648148148148149 0.2046875 0.6129629629629629 0.20052083333333334 0.6101851851851852 0.19739583333333333 0.6222222222222222 0.196875 0.6453703703703704 0.19322916666666667 0.6601851851851852 0.20208333333333334 0.6583333333333333 0.2046875 0.6657407407407407
4 0.049479166666666664 0.6453703703703704 0.050520833333333334 0.6148148148148148 0.04479166666666667 0.6055555555555555 0.03802083333333333 0.6175925925925926 0.03697916666666667 0.6296296296296297 0.04479166666666667 0.6574074074074074 0.04791666666666667 0.6537037037037037 0.049479166666666664 0.6453703703703704
5 0.071875 0.6481481481481481 0.07552083333333333 0.6222222222222222 0.07447916666666667 0.6074074074074074 0.06770833333333333 0.5972222222222222 0.0625 0.6101851851851852 0.06197916666666667 0.625 0.065625 0.6444444444444445 0.06822916666666666 0.649074074074074 0.071875 0.6481481481481481
4 0.7322916666666667 0.6074074074074074 0.7265625 0.6222222222222222 0.7208333333333333 0.65 0.7359375 0.6537037037037037 0.7359375 0.612037037037037 0.7322916666666667 0.6074074074074074
3 0.3765625 0.65 0.37135416666666665 0.6287037037037037 0.36770833333333336 0.6287037037037037 0.3645833333333333 0.6388888888888888 0.36354166666666665 0.6509259259259259 0.3692708333333333 0.6694444444444444 0.3765625 0.6555555555555556 0.3765625 0.65
4 0.38333333333333336 0.7083333333333334 0.38333333333333336 0.7 0.37916666666666665 0.6592592592592592 0.375 0.6537037037037037 0.3692708333333333 0.6638888888888889 0.3645833333333333 0.6925925925925925 0.3776041666666667 0.6990740740740741 0.3807291666666667 0.7111111111111111 0.38333333333333336 0.7083333333333334
0 0.8380208333333333 0.6777777777777778 0.8369791666666667 0.6861111111111111 0.8416666666666667 0.6888888888888889 0.8432291666666667 0.6814814814814815 0.8380208333333333 0.6777777777777778
3 0.0234375 0.5787037037037037 0.019791666666666666 0.5712962962962963 0.016666666666666666 0.5712962962962963 0.013541666666666667 0.5777777777777777 0.015104166666666667 0.6074074074074074 0.021354166666666667 0.6138888888888889 0.0234375 0.6101851851851852 0.0234375 0.5787037037037037
3 0.084375 0.575 0.08229166666666667 0.5638888888888889 0.07604166666666666 0.5592592592592592 0.07395833333333333 0.562037037037037 0.07447916666666667 0.6027777777777777 0.0765625 0.6074074074074074 0.08020833333333334 0.6074074074074074 0.084375 0.575
4 0.39375 0.625 0.3921875 0.6185185185185185 0.3885416666666667 0.6175925925925926 0.38385416666666666 0.6268518518518519 0.38333333333333336 0.6666666666666666 0.38697916666666665 0.6685185185185185 0.39114583333333336 0.6583333333333333 0.39375 0.625