4 0.5953125 0.7287037037037037 0.5989583333333334 0.7296296296296296 0.6026041666666667 0.7203703703703703 0.6078125 0.7222222222222222 0.6109375 0.7314814814814815 0.6140625 0.7240740740740741 0.609375 0.7 0.6125 0.6731481481481482 0.6026041666666667 0.6555555555555556 0.5963541666666666 0.6768518518518518 0.5994791666666667 0.6972222222222222 0.5953125 0.7287037037037037
4 0.33489583333333334 0.8925925925925926 0.3385416666666667 0.8972222222222223 0.34270833333333334 0.887962962962963 0.3494791666666667 0.9027777777777778 0.3546875 0.9027777777777778 0.3567708333333333 0.9 0.359375 0.8342592592592593 0.3614583333333333 0.8296296296296296 0.3536458333333333 0.7944444444444444 0.3489583333333333 0.7944444444444444 0.3463541666666667 0.8074074074074075 0.3416666666666667 0.8166666666666667 0.33958333333333335 0.8305555555555556 0.34322916666666664 0.8638888888888889 0.33489583333333334 0.8925925925925926
5 0.5916666666666667 0.6518518518518519 0.5932291666666667 0.65 0.5927083333333333 0.6055555555555555 0.5880208333333333 0.5888888888888889 0.5838541666666667 0.5898148148148148 0.5833333333333334 0.6027777777777777 0.5838541666666667 0.65 0.5916666666666667 0.6518518518518519
4 0.575 0.7620370370370371 0.5671875 0.7814814814814814 0.5677083333333334 0.7870370370370371 0.5723958333333333 0.7870370370370371 0.578125 0.7703703703703704 0.5869791666666667 0.775 0.5875 0.7861111111111111 0.5916666666666667 0.7898148148148149 0.5932291666666667 0.7870370370370371 0.5927083333333333 0.7493824074074074 0.5973958333333333 0.7277777777777777 0.5880208333333333 0.7037037037037037 0.5833333333333334 0.7083333333333334 0.5802083333333333 0.7203703703703703 0.5739583333333333 0.7240740740740741 0.5791666666666667 0.7351851851851852 0.575 0.7620370370370371
4 0.11860052083333333 0.6185185185185185 0.11860052083333333 0.637962962962963 0.1227671875 0.6407407407407407 0.12526927083333333 0.6365648148148149 0.1278703125 0.630287037037037 0.12953802083333332 0.6231481481481481 0.12328802083333333 0.575925925925926 0.1196421875 0.575925925925926 0.11547552083333333 0.587037037037037 0.1149546875 0.600925925925926 0.11860052083333333 0.6185185185185185
4 0.4359375 0.6537037037037037 0.4395833333333333 0.6555555555555556 0.4484375 0.6481481481481481 0.4473958333333333 0.6277777777777778 0.44947916666666665 0.6111111111111112 0.4432291666666667 0.5944444444444444 0.4401041666666667 0.5972222222222222 0.43697916666666664 0.6101851851851852 0.4354166666666667 0.6194444444444445 0.4359375 0.6537037037037037
5 0.865625 0.6614194444444444 0.8645833333333334 0.7018518518518518 0.8729166666666667 0.7083333333333334 0.8755208333333333 0.7018518518518518 0.8786458333333333 0.6564814814814814 0.8755208333333333 0.6324074074074074 0.8729166666666667 0.6268518518518519 0.8645833333333334 0.6472222222222223 0.8625 0.6537037037037037 0.865625 0.6614194444444444
4 0.0734375 0.7398148148148148 0.07604166666666666 0.7444444444444445 0.0796875 0.7379629629629629 0.09166666666666666 0.7444444444444445 0.0921875 0.7083333333333334 0.09635416666666667 0.6972222222222222 0.09166666666666666 0.6824074074074075 0.09166666666666666 0.6648148148148149 0.0859375 0.6657407407407407 0.0796875 0.6888888888888889 0.07760416666666667 0.7175925925925926 0.0734375 0.7398148148148148
4 0.6489583333333333 0.6212962962962963 0.6494791666666667 0.5796296296296296 0.6421875 0.5675925925925925 0.6395833333333333 0.5712962962962963 0.6385416666666667 0.5796296296296296 0.6375 0.6194444444444445 0.6489583333333333 0.6212962962962963
5 0.38177083333333334 0.6537037037037037 0.384375 0.6555555555555556 0.3880208333333333 0.6518518518518519 0.3875 0.6314814814814815 0.38958333333333334 0.6203703703703703 0.38645833333333335 0.5935185185185186 0.38333333333333336 0.5907407407407408 0.3807291666666667 0.5953703703703703 0.3802083333333333 0.6351851851851852 0.38177083333333334 0.6537037037037037
5 0.30364583333333334 0.6953703703703704 0.30572916666666666 0.6990740740740741 0.31145833333333334 0.6990740740740741 0.3140625 0.6962962962962963 0.315625 0.6462962962962963 0.3104166666666667 0.6305555555555555 0.3072916666666667 0.6333333333333333 0.3026041666666667 0.6462962962962963 0.30520833333333336 0.675 0.30364583333333334 0.6953703703703704
4 0.8567708333333334 0.6206018518518519 0.8567708333333334 0.6351851851851852 0.8598958333333333 0.649074074074074 0.8619791666666666 0.65 0.865625 0.6453703703703704 0.8645833333333334 0.6314814814814815 0.8666666666666667 0.6231481481481481 0.8671875 0.6027777777777777 0.8645833333333334 0.5879629629629629 0.8614583333333333 0.5851851851851851 0.8588541666666667 0.5879629629629629 0.8536458333333333 0.6074074074074074 0.8567708333333334 0.6206018518518519
5 0.6255208333333333 0.6935185185185185 0.6244791666666667 0.7083333333333334 0.6276041666666666 0.7277777777777777 0.6317708333333333 0.7296296296296296 0.634375 0.725 0.6328125 0.7046296296296296 0.6385416666666667 0.6768518518518518 0.628125 0.6592592592592592 0.6239583333333333 0.6648148148148149 0.6223958333333334 0.6814814814814815 0.6255208333333333 0.6935185185185185
5 0.5526041666666667 0.5916666666666667 0.5572916666666666 0.5916666666666667 0.5598958333333334 0.5861111111111111 0.5614583333333333 0.5546296296296296 0.5567708333333333 0.5398148148148149 0.553125 0.5481481481481482 0.5505208333333333 0.5666666666666667 0.5526041666666667 0.5916666666666667
3 0.26979166666666665 0.5194444444444445 0.26927083333333335 0.5296296296296297 0.2713541666666667 0.5333333333333333 0.275 0.5296296296296297 0.278125 0.5018518518518519 0.2734375 0.49166666666666664 0.26979166666666665 0.49166666666666664 0.2677083333333333 0.4962962962962963 0.2671875 0.5092592592592593 0.26979166666666665 0.5194444444444445
5 0.42604166666666665 0.8 0.4234375 0.8111111111111111 0.43645833333333334 0.8138888888888889 0.4390625 0.8101851851851852 0.4395833333333333 0.8027777777777778 0.43020833333333336 0.7833333333333333 0.434375 0.7638888888888888 0.43385416666666665 0.7314814814814815 0.43125 0.7166666666666667 0.4276041666666667 0.7166666666666667 0.4265625 0.7203703703703703 0.4234375 0.7657407407407407 0.42291666666666666 0.7824074074074074 0.42604166666666665 0.8
4 0.4479166666666667 0.55 0.453125 0.5444444444444444 0.4557291666666667 0.5111111111111111 0.4510416666666667 0.4935185185185185 0.446875 0.4925925925925926 0.44583333333333336 0.4962962962962963 0.44479166666666664 0.5435185185185185 0.4479166666666667 0.55
3 0.6619791666666667 0.5435185185185185 0.6671875 0.5074074074074074 0.6625 0.49907407407407406 0.6598958333333333 0.49907407407407406 0.6567708333333333 0.5064814814814815 0.6572916666666667 0.5398148148148149 0.6619791666666667 0.5435185185185185
5 0.8677083333333333 0.6453703703703704 0.8734375 0.6481481481481481 0.8765625 0.6564814814814814 0.878125 0.6287037037037037 0.8765625 0.5981481481481481 0.871875 0.5916666666666667 0.8682291666666667 0.5990740740740741 0.8697916666666666 0.6324074074074074 0.8677083333333333 0.6453703703703704
5 0.8270833333333333 0.5990740740740741 0.8296875 0.5944444444444444 0.8317708333333333 0.5638888888888889 0.8286458333333333 0.5509259259259259 0.8265625 0.5472222222222223 0.8234375 0.549074074074074 0.8239583333333333 0.5962962962962963 0.8270833333333333 0.5990740740740741
4 0.7744791666666667 0.5527777777777778 0.7791666666666667 0.5546296296296296 0.7817708333333333 0.5481481481481482 0.7833333333333333 0.5194444444444445 0.7791666666666667 0.5074074074074074 0.7744791666666667 0.5074074074074074 0.771875 0.5148148148148148 0.7703125 0.5416666666666666 0.7744791666666667 0.5527777777777778
4 0.7671875 0.7787037037037037 0.771875 0.7796296296296297 0.7744791666666667 0.7731481481481481 0.7802083333333333 0.7194444444444444 0.771875 0.6990740740740741 0.7682291666666666 0.7027777777777777 0.7645833333333333 0.7166666666666667 0.7661458333333333 0.775 0.7671875 0.7787037037037037
3 0.634375 0.6166666666666667 0.6380208333333334 0.6055555555555555 0.6411458333333333 0.5666666666666667 0.634375 0.55 0.6307291666666667 0.5537037037037037 0.6286458333333333 0.5648148148148148 0.6296875 0.6111111111111112 0.634375 0.6166666666666667
0 0.13854166666666667 0.6416666666666667 0.13697916666666668 0.6333333333333333 0.13177083333333334 0.6324074074074074 0.13125 0.6416666666666667 0.13854166666666667 0.6416666666666667