4 0.5213541666666667 0.5833333333333334 0.5208333333333334 0.6453703703703704 0.525 0.6472222222222223 0.5270833333333333 0.6351851851851852 0.5354166666666667 0.637962962962963 0.5369791666666667 0.649074074074074 0.5427083333333333 0.65 0.54375 0.6157407407407407 0.540625 0.5703703703703704 0.5458333333333333 0.5481481481481482 0.5411458333333333 0.5425925925925926 0.5375 0.525 0.5328125 0.5212962962962963 0.5307291666666667 0.524074074074074 0.5307291666666667 0.5351851851851852 0.5239583333333333 0.5444444444444444 0.5213541666666667 0.5555555555555556 0.5197916666666667 0.5638888888888889 0.5213541666666667 0.5833333333333334
4 0.2604166666666667 0.4888888888888889 0.2630208333333333 0.5064814814814815 0.26145833333333335 0.5157407407407407 0.2677083333333333 0.5157407407407407 0.2703125 0.5101851851851852 0.26927083333333335 0.4824074074074074 0.27239583333333334 0.4462962962962963 0.2635416666666667 0.42407407407407405 0.2578125 0.42592592592592593 0.2557291666666667 0.4361111111111111 0.2552083333333333 0.48148148148148145 0.2604166666666667 0.4888888888888889
2 0.7520833333333333 0.5666666666666667 0.7479166666666667 0.5796296296296296 0.7505208333333333 0.5879629629629629 0.75 0.5990740740740741 0.7541666666666667 0.6351851851851852 0.7515625 0.65 0.7567708333333333 0.6527777777777778 0.7671875 0.6425925925925926 0.7625 0.6046296296296296 0.7697916666666667 0.5564814814814815 0.7578125 0.5203703703703704 0.7552083333333334 0.5185185185185185 0.7510416666666667 0.5222222222222223 0.7494791666666667 0.537962962962963 0.7494791666666667 0.5564814814814815 0.7520833333333333 0.5666666666666667
3 0.1609375 0.6175925925925926 0.14791666666666667 0.6537037037037037 0.1484375 0.6574074074074074 0.15364583333333334 0.6620370370370371 0.1703125 0.6638888888888889 0.17239583333333333 0.6685185185185185 0.17708333333333334 0.6685185185185185 0.17864583333333334 0.6657407407407407 0.17708333333333334 0.65 0.1796875 0.6259259259259259 0.17395833333333333 0.5990740740740741 0.17708333333333334 0.587037037037037 0.18125 0.5833333333333334 0.18177083333333333 0.5703703703703704 0.178125 0.5388888888888889 0.171875 0.5416666666666666 0.17083333333333334 0.549074074074074 0.165625 0.5564814814814815 0.159375 0.575925925925926 0.16145833333333334 0.5851851851851851 0.1609375 0.6175925925925926
4 0.5802083333333333 0.6527777777777778 0.5802083333333333 0.6935185185185185 0.5890625 0.6972222222222222 0.5916666666666667 0.6953703703703704 0.6005208333333333 0.6435185185185185 0.6005208333333333 0.600925925925926 0.5947916666666667 0.5796296296296296 0.5911458333333334 0.575925925925926 0.578125 0.6027777777777777 0.5770833333333333 0.6333333333333333 0.5802083333333333 0.6527777777777778
0 0.23229166666666667 0.5305555555555556 0.23697916666666666 0.5268518518518519 0.2359375 0.5166666666666667 0.23125 0.5138888888888888 0.22916666666666666 0.5185185185185185 0.23020833333333332 0.5287037037037037 0.23229166666666667 0.5305555555555556
5 0.6255208333333333 0.6157407407407407 0.6291666666666667 0.6175925925925926 0.6333333333333333 0.6296296296296297 0.6317708333333333 0.6416666666666667 0.6322916666666667 0.6787037037037037 0.6296875 0.6888888888888889 0.6359375 0.6888888888888889 0.6375 0.6851851851851852 0.6515625 0.6861111111111111 0.65625 0.6768518518518518 0.6510416666666666 0.6648148148148149 0.6453125 0.6388888888888888 0.646875 0.6018518518518519 0.634375 0.5657407407407408 0.6286458333333333 0.5648148148148148 0.6270833333333333 0.5731481481481482 0.6302083333333334 0.5981481481481481 0.6255208333333333 0.6157407407407407
4 0.8354166666666667 0.6833333333333333 0.8364583333333333 0.7074074074074074 0.8348958333333333 0.7518518518518519 0.8369791666666667 0.7555555555555555 0.8411458333333334 0.7527777777777778 0.85 0.7592592592592593 0.8567708333333334 0.6805555555555556 0.8598958333333333 0.674074074074074 0.8635416666666667 0.6731481481481482 0.8588541666666667 0.6657407407407407 0.8578125 0.6435185185185185 0.8515625 0.6333333333333333 0.8479166666666667 0.6203703703703703 0.8432291666666667 0.6222222222222222 0.83984375 0.6375 0.8338541666666667 0.649074074074074 0.8322916666666667 0.6657407407407407 0.8354166666666667 0.6833333333333333
5 0.8666666666666667 0.6583333333333333 0.8614583333333333 0.6657407407407407 0.8661458333333333 0.675 0.8651041666666667 0.7518518518518519 0.8682291666666667 0.7555555555555555 0.875 0.7555555555555555 0.88125 0.7620370370370371 0.8895833333333333 0.7620370370370371 0.8921875 0.7583333333333333 0.884375 0.7203703703703703 0.8822916666666667 0.6944444444444444 0.8838541666666667 0.6796296296296296 0.8802083333333334 0.6620370370370371 0.8791666666666667 0.6435185185185185 0.8729166666666667 0.6351851851851852 0.8677083333333333 0.637962962962963 0.86875 0.6453703703703704 0.8666666666666667 0.6583333333333333
4 0.9666666666666667 0.6814814814814815 0.9598958333333333 0.6972222222222222 0.9520833333333333 0.7046296296296296 0.9541666666666667 0.7092592592592593 0.9588541666666667 0.7092592592592593 0.9630208333333333 0.7037037037037037 0.9734375 0.7018518518518518 0.9666666666666667 0.7203703703703703 0.9671875 0.7324074074074074 0.9739583333333334 0.7444444444444445 0.9822916666666667 0.7490740740740741 0.9838541666666667 0.7592592592592593 0.9869791666666666 0.7611111111111111 0.9921875 0.7518518518518519 0.9901041666666667 0.7444444444444445 0.9953125 0.7305555555555555 0.9994791666666667 0.7324074074074074 0.9994791666666667 0.7185185185185186 0.9890625 0.6851851851851852 0.9901041666666667 0.6574074074074074 0.9833333333333333 0.6472222222222223 0.9822916666666667 0.6361111111111111 0.9692708333333333 0.6416666666666667 0.9692708333333333 0.6657407407407407 0.9666666666666667 0.6814814814814815
4 0.5895833333333333 0.5435185185185185 0.590625 0.5768518518518518 0.5958333333333333 0.5898148148148148 0.6036458333333333 0.5916666666666667 0.6046875 0.5564814814814815 0.6083333333333333 0.5462962962962963 0.6072916666666667 0.5351851851851852 0.596875 0.5138888888888888 0.5828125 0.5305555555555556 0.5822916666666667 0.5333333333333333 0.5895833333333333 0.5435185185185185
5 0.38645833333333335 0.562037037037037 0.3963541666666667 0.5638888888888889 0.4 0.5574074074074075 0.4005208333333333 0.5509259259259259 0.4 0.4842592592592593 0.3963541666666667 0.4777777777777778 0.39427083333333335 0.46574074074074073 0.39166666666666666 0.4648148148148148 0.3880208333333333 0.47129629629629627 0.3854166666666667 0.4842592592592593 0.38645833333333335 0.562037037037037
4 0.8 0.7046296296296296 0.8005208333333333 0.6913583333333334 0.8119791666666667 0.6962962962962963 0.8166666666666667 0.7046296296296296 0.8223958333333333 0.7055555555555556 0.8203125 0.6768518518518518 0.8140625 0.637962962962963 0.8171875 0.6148148148148148 0.8161458333333333 0.5953703703703703 0.8130208333333333 0.5888888888888889 0.8104166666666667 0.5712962962962963 0.8036458333333333 0.5731481481481482 0.8026041666666667 0.5824074074074074 0.7953125 0.5916666666666667 0.7932291666666667 0.6055555555555555 0.7942708333333334 0.7046296296296296 0.8 0.7046296296296296
5 0.12708333333333333 0.5990740740740741 0.13020833333333334 0.6027777777777777 0.14010416666666667 0.6 0.14322916666666666 0.6055555555555555 0.14635416666666667 0.6027777777777777 0.14479166666666668 0.5962962962962963 0.14635416666666667 0.5546296296296296 0.15364583333333334 0.5444444444444444 0.15364583333333334 0.5407407407407407 0.1390625 0.49722222222222223 0.13489583333333333 0.5009259259259259 0.1296875 0.525 0.1296875 0.5768518518518518 0.12708333333333333 0.5990740740740741
5 0.8166666666666667 0.6166666666666667 0.8151041666666666 0.6462962962962963 0.8177083333333334 0.6657407407407407 0.8192708333333333 0.6611111111111111 0.8286458333333333 0.6611111111111111 0.8302083333333333 0.6694444444444444 0.8333333333333334 0.6583333333333333 0.8338541666666667 0.6055555555555555 0.8307291666666666 0.5953703703703703 0.8239583333333333 0.587037037037037 0.8239583333333333 0.5796296296296296 0.821875 0.575925925925926 0.8177083333333334 0.5740740740740741 0.815625 0.5768518518518518 0.8140625 0.5824074074074074 0.8166666666666667 0.6166666666666667
5 0.5453125 0.5564814814814815 0.5510416666666667 0.5731481481481482 0.5463541666666667 0.600925925925926 0.5463541666666667 0.6092592592592593 0.5510416666666667 0.6287037037037037 0.5473958333333333 0.6425925925925926 0.5682291666666667 0.65 0.5697916666666667 0.6453703703703704 0.5661458333333333 0.6138888888888889 0.5651041666666666 0.575925925925926 0.5489583333333333 0.5212962962962963 0.54375 0.5268518518518519 0.5463541666666667 0.5509259259259259 0.5453125 0.5564814814814815
5 0.6171875 0.6166666666666667 0.6135416666666667 0.6296296296296297 0.6192708333333333 0.6324074074074074 0.6223958333333334 0.6305555555555555 0.628125 0.6111111111111112 0.6296875 0.5583333333333333 0.6229166666666667 0.5212962962962963 0.61875 0.5185185185185185 0.6145833333333334 0.524074074074074 0.6104166666666667 0.5481481481481482 0.6171875 0.6166666666666667
5 0.39947916666666666 0.5611111111111111 0.40625 0.5638888888888889 0.41041666666666665 0.5601851851851852 0.4114583333333333 0.5055555555555555 0.40729166666666666 0.45925925925925926 0.4046875 0.45555555555555555 0.4005208333333333 0.4583333333333333 0.4005208333333333 0.475 0.3984375 0.48055555555555557 0.39739583333333334 0.5518518518518518 0.39947916666666666 0.5611111111111111
5 0.478125 0.5675925925925925 0.47760416666666666 0.6064814814814815 0.4739583333333333 0.6240740740740741 0.478125 0.6259259259259259 0.49270833333333336 0.6212962962962963 0.4979166666666667 0.6240740740740741 0.4953125 0.5453703703703704 0.48385416666666664 0.5157407407407407 0.478125 0.5175925925925926 0.48125 0.549074074074074 0.478125 0.5675925925925925