4 0.1640625 0.6416666666666667 0.16145833333333334 0.6416666666666667 0.15677083333333333 0.6546296296296297 0.15833333333333333 0.6981481481481482 0.16197916666666667 0.7027777777777777 0.17135416666666667 0.6611111111111111 0.1640625 0.6416666666666667
4 0.5432291666666667 0.662962962962963 0.546875 0.6212962962962963 0.5416666666666666 0.6092592592592593 0.5385416666666667 0.6101851851851852 0.5359375 0.6175925925925926 0.534375 0.6231481481481481 0.5348958333333333 0.6648148148148149 0.5369791666666667 0.6694444444444444 0.5432291666666667 0.662962962962963
4 0.228125 0.649074074074074 0.2265625 0.6305555555555555 0.22760416666666666 0.6055555555555555 0.22604166666666667 0.6 0.21927083333333333 0.6074074074074074 0.21510416666666668 0.6296296296296297 0.20989583333333334 0.637962962962963 0.20989583333333334 0.6425925925925926 0.221875 0.637962962962963 0.22447916666666667 0.649074074074074 0.228125 0.649074074074074
5 0.0890625 0.8962962962962963 0.09114583333333333 0.8629629629629629 0.09010416666666667 0.8361111111111111 0.09270833333333334 0.825925925925926 0.09895833333333333 0.8203703703703704 0.09947916666666666 0.8074074074074075 0.09322916666666667 0.8166666666666667 0.090625 0.8166666666666667 0.08489583333333334 0.8055555555555556 0.08072916666666667 0.8064814814814815 0.07604166666666666 0.8240740740740741 0.07395833333333333 0.8453703703703703 0.0734375 0.8564814814814815 0.0765625 0.8675925925925926 0.07552083333333333 0.8907407407407407 0.0890625 0.8962962962962963
5 0.3651041666666667 0.6157407407407407 0.3619791666666667 0.6185185185185185 0.35833333333333334 0.6324074074074074 0.3567708333333333 0.6694444444444444 0.3614583333333333 0.6712962962962963 0.3692708333333333 0.6342592592592593 0.3651041666666667 0.6157407407407407
4 0.4161458333333333 0.7944444444444444 0.4276041666666667 0.8 0.42864583333333334 0.7907407407407407 0.425 0.7722222222222223 0.4239583333333333 0.7342592592592593 0.4166666666666667 0.7212962962962963 0.4119791666666667 0.7240740740740741 0.41302083333333334 0.7333333333333333 0.4083333333333333 0.7981481481481482 0.415625 0.7981481481481482 0.4161458333333333 0.7944444444444444
4 0.0859375 0.7787037037037037 0.09427083333333333 0.7472222222222222 0.1 0.7472222222222222 0.10104166666666667 0.7435185185185185 0.0953125 0.7240740740740741 0.0890625 0.712037037037037 0.08489583333333334 0.7157407407407408 0.08020833333333334 0.7416666666666667 0.078125 0.7787037037037037 0.0796875 0.7833333333333333 0.0828125 0.7833333333333333 0.0859375 0.7787037037037037
5 0.8666666666666667 0.7601851851851852 0.8661458333333333 0.712037037037037 0.8614583333333333 0.6916666666666667 0.8572916666666667 0.6925925925925925 0.8557291666666667 0.7046296296296296 0.8536458333333333 0.7435185185185185 0.8583333333333333 0.7574074074074074 0.8651041666666667 0.7620370370370371 0.8666666666666667 0.7601851851851852
5 0.7078125 0.7620370370370371 0.7036458333333333 0.7648148148148148 0.6989583333333333 0.8009259259259259 0.6979166666666666 0.837037037037037 0.7125 0.8379629629629629 0.7135416666666666 0.787962962962963 0.7078125 0.7620370370370371
5 0.24635416666666668 0.6231481481481481 0.24583333333333332 0.6037037037037037 0.24375 0.6 0.23489583333333333 0.6101851851851852 0.23645833333333333 0.6407407407407407 0.2390625 0.6462962962962963 0.24375 0.6472222222222223 0.24635416666666668 0.6231481481481481
4 0.3104166666666667 0.662962962962963 0.3125 0.6259259259259259 0.3098958333333333 0.6194444444444445 0.3026041666666667 0.6268518518518519 0.2994791666666667 0.6481481481481481 0.3 0.6907407407407408 0.3104166666666667 0.6935185185185185 0.31197916666666664 0.687962962962963 0.3104166666666667 0.662962962962963
5 0.1515625 0.6703703703703704 0.15104166666666666 0.6453703703703704 0.14635416666666667 0.6342592592592593 0.14010416666666667 0.649074074074074 0.13854166666666667 0.6601851851851852 0.13958333333333334 0.6953703703703704 0.14583333333333334 0.6981481481481482 0.1515625 0.6703703703703704
2 0.9453125 0.700925925925926 0.9458333333333333 0.675 0.9484375 0.662962962962963 0.9453125 0.6388888888888888 0.9401041666666666 0.637962962962963 0.9395833333333333 0.649074074074074 0.9322916666666666 0.6574074074074074 0.9369791666666667 0.6972222222222222 0.9395833333333333 0.7027777777777777 0.94375 0.7027777777777777 0.9453125 0.700925925925926
5 0.7661458333333333 0.6101851851851852 0.7630208333333334 0.5990740740740741 0.7598958333333333 0.5962962962962963 0.7583333333333333 0.5990740740740741 0.7598958333333333 0.6481481481481481 0.7640625 0.65 0.7666666666666667 0.6462962962962963 0.7661458333333333 0.6101851851851852
4 0.4390625 0.7111111111111111 0.4421875 0.7064814814814815 0.4453125 0.6666666666666666 0.4390625 0.6518518518518519 0.4354166666666667 0.6537037037037037 0.4328125 0.6611111111111111 0.4317708333333333 0.6703703703703704 0.4354166666666667 0.6925925925925925 0.434375 0.7083333333333334 0.4390625 0.7111111111111111
4 0.5005208333333333 0.6314814814814815 0.49895833333333334 0.6240740740740741 0.5005208333333333 0.600925925925926 0.4973958333333333 0.5907407407407408 0.49375 0.5898148148148148 0.4901041666666667 0.6018518518518519 0.49166666666666664 0.6231481481481481 0.48854166666666665 0.6296296296296297 0.4979166666666667 0.637962962962963 0.5005208333333333 0.6314814814814815
3 0.4234375 0.7361111111111112 0.425 0.7333333333333333 0.425 0.7157407407407408 0.428125 0.7055555555555556 0.428125 0.6805555555555556 0.4234375 0.6648148148148149 0.415625 0.6703703703703704 0.4119791666666667 0.6824074074074075 0.4114583333333333 0.6925925925925925 0.4171875 0.7175925925925926 0.4161458333333333 0.7222222222222222 0.4234375 0.7361111111111112
4 0.38697916666666665 0.5833333333333334 0.3854166666666667 0.5787037037037037 0.38229166666666664 0.5787037037037037 0.3796875 0.5851851851851851 0.3807291666666667 0.6157407407407407 0.384375 0.6203703703703703 0.3885416666666667 0.6129629629629629 0.38697916666666665 0.5833333333333334
5 0.42916666666666664 0.6018518518518519 0.42864583333333334 0.5842592592592593 0.4234375 0.5787037037037037 0.41875 0.5851851851851851 0.4197916666666667 0.5944444444444444 0.41458333333333336 0.6138888888888889 0.4265625 0.6138888888888889 0.42916666666666664 0.6018518518518519
3 0.1578125 0.5675925925925925 0.15416666666666667 0.5638888888888889 0.15 0.5796296296296296 0.14947916666666666 0.6064814814814815 0.15989583333333332 0.6055555555555555 0.16145833333333334 0.5796296296296296 0.1578125 0.5675925925925925
3 0.30625 0.6037037037037037 0.30833333333333335 0.5898148148148148 0.309375 0.5675925925925925 0.30625 0.5564814814814815 0.3020833333333333 0.5574074074074075 0.30052083333333335 0.562962962962963 0.2994791666666667 0.5777777777777777 0.3020833333333333 0.6037037037037037 0.30416666666666664 0.6046296296296296 0.30625 0.6037037037037037
5 0.4744791666666667 0.6435185185185185 0.4765625 0.6351851851851852 0.4822916666666667 0.6287037037037037 0.4791666666666667 0.5944444444444444 0.47552083333333334 0.5935185185185186 0.4713541666666667 0.6037037037037037 0.47291666666666665 0.6296296296296297 0.46927083333333336 0.6416666666666667 0.4703125 0.6453703703703704 0.4744791666666667 0.6435185185185185
0 0.4354166666666667 0.6083333333333333 0.4359375 0.6175925925925926 0.44166666666666665 0.6157407407407407 0.440625 0.6083333333333333 0.4354166666666667 0.6083333333333333