4 0.21666666666666667 0.8574074074074074 0.21927083333333333 0.8611111111111112 0.22864583333333333 0.8601851851851852 0.22760416666666666 0.8175925925925925 0.23177083333333334 0.8 0.2296875 0.7805555555555556 0.2203125 0.7592592592592593 0.21614583333333334 0.762962962962963 0.209375 0.7851851851851852 0.20885416666666667 0.8046296296296296 0.21666666666666667 0.8574074074074074
5 0.4328125 0.7277777777777777 0.43645833333333334 0.7537037037037037 0.43697916666666664 0.775 0.4427083333333333 0.7768518518518519 0.44427083333333334 0.7694444444444445 0.4421875 0.7537037037037037 0.44635416666666666 0.7083333333333334 0.4354166666666667 0.687962962962963 0.43125 0.6907407407407408 0.42916666666666664 0.7055555555555556 0.42864583333333334 0.7166666666666667 0.4328125 0.7277777777777777
4 0.8833333333333333 0.7768518518518519 0.8817708333333333 0.7907407407407407 0.8885416666666667 0.8148148148148148 0.8916666666666667 0.8185185185185185 0.8973958333333333 0.8148148148148148 0.9010416666666666 0.8240740740740741 0.9041666666666667 0.825 0.9078125 0.8166666666666667 0.8989583333333333 0.7898148148148149 0.8989583333333333 0.7787037037037037 0.8958333333333334 0.7657407407407407 0.8838541666666667 0.7398148148148148 0.878125 0.7398148148148148 0.8776041666666666 0.7472222222222222 0.8833333333333333 0.7768518518518519
5 0.603125 0.6814814814814815 0.6135416666666667 0.6768518518518518 0.6145833333333334 0.6805555555555556 0.61875 0.6787037037037037 0.6192708333333333 0.6731481481481482 0.6135416666666667 0.6620370370370371 0.6161458333333333 0.637962962962963 0.6151041666666667 0.6277777777777778 0.6109375 0.6166666666666667 0.6067708333333334 0.6185185185185185 0.6052083333333333 0.6296296296296297 0.6026041666666667 0.6601851851851852 0.603125 0.6814814814814815
4 0.3932291666666667 0.6462962962962963 0.3958333333333333 0.6481481481481481 0.4046875 0.6462962962962963 0.4088541666666667 0.6351851851851852 0.409375 0.6157407407407407 0.41302083333333334 0.5953703703703703 0.4083333333333333 0.5953703703703703 0.39895833333333336 0.6194444444444445 0.3932291666666667 0.6416666666666667 0.3932291666666667 0.6462962962962963
5 0.9572916666666667 0.7435185185185185 0.9598958333333333 0.7546296296296297 0.9614583333333333 0.7861111111111111 0.9744791666666667 0.7851851851851852 0.9770833333333333 0.7824074074074074 0.9765625 0.775 0.9697916666666667 0.7620370370370371 0.9703125 0.7268518518518519 0.9619791666666667 0.7111111111111111 0.9567708333333333 0.7129629629629629 0.9526041666666667 0.7379629629629629 0.9572916666666667 0.7435185185185185
4 0.022916666666666665 0.700925925925926 0.017708333333333333 0.7129629629629629 0.0171875 0.7212962962962963 0.021354166666666667 0.7231481481481481 0.025 0.7129629629629629 0.033854166666666664 0.7101851851851851 0.040625 0.725 0.04479166666666667 0.7268518518518519 0.0484375 0.7240740740740741 0.0484375 0.7194444444444444 0.040625 0.7092592592592593 0.033854166666666664 0.6898148148148148 0.028645833333333332 0.649074074074074 0.023958333333333335 0.6509259259259259 0.017708333333333333 0.6777777777777778 0.01875 0.6916666666666667 0.022916666666666665 0.700925925925926
3 0.6578125 0.6175925925925926 0.6692708333333334 0.6166666666666667 0.6666666666666666 0.5740740740740741 0.6588541666666666 0.562962962962963 0.6552083333333333 0.5675925925925925 0.6541666666666667 0.5814814814814815 0.6578125 0.6175925925925926
5 0.32395833333333335 0.6777777777777778 0.3260416666666667 0.675 0.3302083333333333 0.6259259259259259 0.32760416666666664 0.6148148148148148 0.32447916666666665 0.6129629629629629 0.3182291666666667 0.6277777777777778 0.3177083333333333 0.674074074074074 0.32395833333333335 0.6777777777777778
5 0.5838541666666667 0.5833333333333334 0.5869791666666667 0.5787037037037037 0.590625 0.55 0.5885416666666666 0.537962962962963 0.5848958333333333 0.5314814814814814 0.5828125 0.5314814814814814 0.5786458333333333 0.5416666666666666 0.5791666666666667 0.5768518518518518 0.5838541666666667 0.5833333333333334
5 0.4588541666666667 0.6157407407407407 0.4625 0.6111111111111112 0.4666666666666667 0.575 0.4625 0.5601851851851852 0.4588541666666667 0.562037037037037 0.45625 0.5685185185185185 0.45625 0.6064814814814815 0.4588541666666667 0.6157407407407407
4 0.71875 0.6157407407407407 0.7208333333333333 0.6620370370370371 0.725 0.6657407407407407 0.73125 0.6620370370370371 0.7322916666666667 0.6564814814814814 0.7291666666666666 0.6462962962962963 0.73125 0.6148148148148148 0.728125 0.6037037037037037 0.7234375 0.5990740740740741 0.7135416666666666 0.6111111111111112 0.71875 0.6157407407407407
4 0.1875 0.5981481481481481 0.1859375 0.6194444444444445 0.19114583333333332 0.6212962962962963 0.19479166666666667 0.6185185185185185 0.19427083333333334 0.5990740740740741 0.19895833333333332 0.5907407407407408 0.19895833333333332 0.5833333333333334 0.19270833333333334 0.5611111111111111 0.1890625 0.5611111111111111 0.18541666666666667 0.5703703703703704 0.18385416666666668 0.5833333333333334 0.1875 0.5981481481481481
3 0.290625 0.525 0.29010416666666666 0.49722222222222223 0.2869791666666667 0.49074074074074076 0.2828125 0.4935185185185185 0.28072916666666664 0.5009259259259259 0.2786458333333333 0.5268518518518519 0.290625 0.525
4 0.8078125 0.5481481481481482 0.8114583333333333 0.5527777777777778 0.815625 0.5425925925925926 0.8177083333333334 0.525 0.815625 0.5120370370370371 0.8104166666666667 0.5018518518518519 0.80625 0.5222222222222223 0.8078125 0.5481481481481482
5 0.4901041666666667 0.6240740740740741 0.49375 0.6259259259259259 0.4953125 0.6222222222222222 0.5020833333333333 0.6305555555555555 0.5057291666666667 0.6305555555555555 0.5072916666666667 0.5824074074074074 0.5046875 0.5722222222222222 0.5005208333333333 0.5712962962962963 0.4942708333333333 0.587037037037037 0.49583333333333335 0.5990740740740741 0.4901041666666667 0.6240740740740741
3 0.7322916666666667 0.5416666666666666 0.7364583333333333 0.5046296296296297 0.7354166666666667 0.5 0.73125 0.4981481481481482 0.7276041666666667 0.4981481481481482 0.7255208333333333 0.5037037037037037 0.7255208333333333 0.5398148148148149 0.7322916666666667 0.5416666666666666
5 0.8661458333333333 0.6185185185185185 0.8697916666666666 0.6203703703703703 0.8723958333333334 0.6166666666666667 0.8765625 0.6268518518518519 0.8807291666666667 0.6277777777777778 0.8822916666666667 0.5962962962962963 0.878125 0.575925925925926 0.8729166666666667 0.5712962962962963 0.8666666666666667 0.5768518518518518 0.8682291666666667 0.6064814814814815 0.8661458333333333 0.6185185185185185
4 0.8463541666666666 0.6203703703703703 0.8494791666666667 0.6074074074074074 0.85 0.5925925925925926 0.8494791666666667 0.5722222222222222 0.8463541666666666 0.562962962962963 0.8411458333333334 0.5675925925925925 0.8380208333333333 0.5796296296296296 0.8369791666666667 0.6185185185185185 0.8463541666666666 0.6203703703703703
4 0.5072916666666667 0.6074074074074074 0.5135416666666667 0.6101851851851852 0.5171875 0.5851851851851851 0.5161458333333333 0.5657407407407408 0.5125 0.5546296296296296 0.509375 0.5546296296296296 0.50625 0.5648148148148148 0.50625 0.6037037037037037 0.5072916666666667 0.6074074074074074
4 0.509375 0.55 0.5135416666666667 0.55 0.5161458333333333 0.5416666666666666 0.5171875 0.5157407407407407 0.5135416666666667 0.5101851851851852 0.5083333333333333 0.5166666666666667 0.5083333333333333 0.5462962962962963 0.509375 0.55
5 0.8651041666666667 0.5796296296296296 0.8682291666666667 0.5833333333333334 0.8765625 0.5796296296296296 0.8770833333333333 0.575925925925926 0.8723958333333334 0.5645064814814815 0.8703125 0.5453703703703704 0.8651041666666667 0.5435185185185185 0.8630208333333333 0.5472222222222223 0.8619791666666666 0.5611111111111111 0.8651041666666667 0.5796296296296296
0 0.04533854166666666 0.7203981481481482 0.006666666666666672 0.012250000000000016