4 0.45 0.8 0.4546875 0.7814814814814814 0.4588541666666667 0.7796296296296297 0.4625 0.7898148148148149 0.46145833333333336 0.799074074074074 0.4666666666666667 0.8027777777777778 0.46927083333333336 0.7953703703703704 0.46458333333333335 0.7768518518518519 0.4625 0.737037037037037 0.4583333333333333 0.7240740740740741 0.4546875 0.7222222222222222 0.453125 0.7268518518518519 0.4479166666666667 0.7842592592592592 0.4427083333333333 0.7981481481481482 0.446875 0.8018518518518518 0.45 0.8
2 0.9104166666666667 0.6888888888888889 0.909375 0.6972222222222222 0.9125 0.7 0.9171875 0.6944444444444444 0.91875 0.6453703703703704 0.9145833333333333 0.6259259259259259 0.9119791666666667 0.6222222222222222 0.9088541666666666 0.6259259259259259 0.9083333333333333 0.6416666666666667 0.9114583333333334 0.6537037037037037 0.9083333333333333 0.6814814814814815 0.9104166666666667 0.6888888888888889
3 0.4078125 0.75 0.4166666666666667 0.7555555555555555 0.4125 0.7324074074074074 0.4125 0.7212962962962963 0.4161458333333333 0.7083333333333334 0.41510416666666666 0.6972222222222222 0.4109375 0.687037037037037 0.4078125 0.6851851851851852 0.4010416666666667 0.700925925925926 0.4005208333333333 0.7083333333333334 0.40677083333333336 0.7314814814814815 0.4041666666666667 0.7555555555555555 0.4078125 0.75
4 0.1046875 0.7898148148148149 0.10677083333333333 0.7870370370370371 0.10677083333333333 0.7509259259259259 0.11458333333333333 0.7435185185185185 0.103125 0.712037037037037 0.09947916666666666 0.7129629629629629 0.09166666666666666 0.7407407407407407 0.09114583333333333 0.7518518518518519 0.09479166666666666 0.7638888888888888 0.09739583333333333 0.7861111111111111 0.1046875 0.7898148148148149
5 0.7354166666666667 0.837037037037037 0.7359375 0.8444444444444444 0.7401041666666667 0.8453703703703703 0.7375 0.7842592592592592 0.7322916666666667 0.7666666666666667 0.728125 0.7712962962962963 0.728125 0.8027777777777778 0.7197916666666667 0.8407407407407408 0.725 0.8444444444444444 0.7354166666666667 0.837037037037037
4 0.19270833333333334 0.6138888888888889 0.1890625 0.6037037037037037 0.18333333333333332 0.6148148148148148 0.18489583333333334 0.6537037037037037 0.1890625 0.6574074074074074 0.19270833333333334 0.6435185185185185 0.19270833333333334 0.6138888888888889
4 0.5161458333333333 0.6444444444444445 0.5161458333333333 0.6296296296296297 0.5135416666666667 0.6111111111111112 0.509375 0.600925925925926 0.5046875 0.6027777777777777 0.5036458333333333 0.6194444444444445 0.5098958333333333 0.6425925925925926 0.5140625 0.6472222222222223 0.5161458333333333 0.6444444444444445
5 0.890625 0.7546296296296297 0.8921875 0.7203703703703703 0.8885416666666667 0.7 0.8833333333333333 0.7018518518518518 0.8791666666666667 0.7314814814814815 0.8848958333333333 0.7712962962962963 0.8927083333333333 0.7712962962962963 0.8942708333333333 0.7611111111111111 0.890625 0.7546296296296297
5 0.565625 0.6462962962962963 0.5572916666666666 0.6101851851851852 0.553125 0.6055555555555555 0.5505208333333333 0.6074074074074074 0.55 0.6175925925925926 0.5541666666666667 0.6388888888888888 0.5578125 0.6444444444444445 0.565625 0.6462962962962963
4 0.32916666666666666 0.6620370370370371 0.32760416666666664 0.6462962962962963 0.321875 0.6398148148148148 0.31614583333333335 0.6537037037037037 0.315625 0.6685185185185185 0.31875 0.6972222222222222 0.32708333333333334 0.6990740740740741 0.32916666666666666 0.6620370370370371
4 0.31927083333333334 0.6175925925925926 0.321875 0.6018518518518519 0.32135416666666666 0.587037037037037 0.31875 0.5814814814814815 0.3104166666666667 0.5916666666666667 0.3104166666666667 0.612037037037037 0.3072916666666667 0.6222222222222222 0.30885416666666665 0.6268518518518519 0.31927083333333334 0.6175925925925926
5 0.7541666666666667 0.6509259259259259 0.7552083333333334 0.6462962962962963 0.753125 0.6388888888888888 0.7515625 0.6046296296296296 0.7479166666666667 0.6018518518518519 0.7463541666666667 0.6055555555555555 0.7442708333333333 0.6416666666666667 0.7447916666666666 0.6546296296296297 0.7479166666666667 0.6564814814814814 0.7541666666666667 0.6509259259259259
3 0.30625 0.6027777777777777 0.30885416666666665 0.5842592592592593 0.30885416666666665 0.5638888888888889 0.30625 0.5564814814814815 0.3020833333333333 0.5574074074074075 0.30052083333333335 0.562962962962963 0.2994791666666667 0.5824074074074074 0.3015625 0.6027777777777777 0.30416666666666664 0.6046296296296296 0.30625 0.6027777777777777
3 0.16666666666666666 0.6064814814814815 0.16875 0.575 0.16354166666666667 0.562037037037037 0.15989583333333332 0.5648148148148148 0.15677083333333333 0.575 0.1578125 0.6027777777777777 0.16041666666666668 0.6064814814814815 0.16666666666666666 0.6064814814814815
5 0.10052083333333334 0.9 0.11145833333333334 0.9037037037037037 0.1140625 0.9 0.11145833333333334 0.8814814814814815 0.11197916666666667 0.8333333333333334 0.10364583333333334 0.812037037037037 0.10052083333333334 0.8138888888888889 0.09739583333333333 0.8324074074074074 0.09635416666666667 0.8759259259259259 0.0921875 0.8981481481481481 0.0953125 0.9018518518518519 0.10052083333333334 0.9
4 0.5390625 0.6333333333333333 0.5333333333333333 0.6166666666666667 0.5270833333333333 0.6277777777777778 0.528125 0.6731481481481482 0.5296875 0.6759259259259259 0.5333333333333333 0.674074074074074 0.5390625 0.6333333333333333
5 0.15 0.7046296296296296 0.153125 0.700925925925926 0.15208333333333332 0.6759259259259259 0.1546875 0.6657407407407407 0.15052083333333333 0.637962962962963 0.14635416666666667 0.637962962962963 0.1421875 0.6509259259259259 0.14166666666666666 0.6638888888888889 0.14583333333333334 0.6824074074074075 0.14635416666666667 0.7018518518518518 0.15 0.7046296296296296
5 0.4484375 0.6685185185185185 0.4432291666666667 0.6527777777777778 0.43854166666666666 0.6527777777777778 0.4359375 0.6574074074074074 0.43333333333333335 0.6787037037037037 0.43333333333333335 0.712037037037037 0.44635416666666666 0.7138888888888889 0.4453125 0.6888888888888889 0.4484375 0.6685185185185185
5 0.21822916666666667 0.6268518518518519 0.21666666666666667 0.6092592592592593 0.21145833333333333 0.6111111111111112 0.2078125 0.6277777777777778 0.20625 0.6518518518518519 0.209375 0.6546296296296297 0.21510416666666668 0.649074074074074 0.21822916666666667 0.6268518518518519
0 0.4822916666666667 0.6231481481481481 0.48333333333333334 0.6324074074074074 0.48854166666666665 0.6314814814814815 0.48802083333333335 0.6231481481481481 0.4822916666666667 0.6231481481481481
4 0.171875 0.6481481481481481 0.16614583333333333 0.6481481481481481 0.159375 0.6648148148148149 0.1609375 0.6759259259259259 0.159375 0.7046296296296296 0.171875 0.7055555555555556 0.171875 0.6481481481481481
5 0.3734375 0.6453703703703704 0.3692708333333333 0.6324074074074074 0.3651041666666667 0.6342592592592593 0.3625 0.6518518518518519 0.36875 0.6851851851851852 0.3729166666666667 0.687962962962963 0.3734375 0.6453703703703704
4 0.3296875 0.6574074074074074 0.33125 0.6546296296296297 0.3296875 0.6138888888888889 0.32395833333333335 0.6074074074074074 0.3182291666666667 0.6101851851851852 0.32083333333333336 0.6222222222222222 0.3182291666666667 0.6416666666666667 0.31927083333333334 0.6472222222222223 0.3296875 0.6574074074074074