5 0.33958333333333335 0.6268518518518519 0.3453125 0.6407407407407407 0.35 0.6416666666666667 0.35885416666666664 0.6361111111111111 0.3640625 0.6472222222222223 0.36875 0.649074074074074 0.3703125 0.6453703703703704 0.36302083333333335 0.6259259259259259 0.35572916666666665 0.5675925925925925 0.34739583333333335 0.5509259259259259 0.34270833333333334 0.5518518518518518 0.3411458333333333 0.5574074074074075 0.3411458333333333 0.5805555555555556 0.3463541666666667 0.5972222222222222 0.3390625 0.6194444444444445 0.33958333333333335 0.6268518518518519
4 0.6494791666666667 0.6953703703703704 0.6536458333333334 0.6925925925925925 0.6515625 0.6787037037037037 0.6619791666666667 0.6722222222222223 0.66875 0.6805555555555556 0.6744791666666666 0.6814814814814815 0.6723958333333333 0.6685185185185185 0.6625 0.6638888888888889 0.65625 0.6564814814814814 0.6572916666666667 0.6351851851851852 0.6453125 0.6027777777777777 0.6385416666666667 0.5925925925925926 0.6317708333333333 0.5935185185185186 0.640625 0.6731481481481482 0.6458333333333334 0.6851851851851852 0.64375 0.6925925925925925 0.6494791666666667 0.6953703703703704
5 0.7161458333333334 0.6898148148148148 0.7203125 0.6925925925925925 0.7229166666666667 0.6898148148148148 0.7223958333333333 0.6842592592592592 0.7322916666666667 0.6833333333333333 0.7333333333333333 0.6675925925925926 0.7197916666666667 0.6574074074074074 0.7177083333333333 0.649074074074074 0.7208333333333333 0.6388888888888888 0.7223958333333333 0.6111111111111112 0.7244791666666667 0.6064814814814815 0.721875 0.5907407407407408 0.715625 0.5805555555555556 0.7130208333333333 0.5666666666666667 0.7072916666666667 0.5675925925925925 0.7057291666666666 0.575 0.7078125 0.6111111111111112 0.7052083333333333 0.625 0.7 0.6305555555555555 0.7161458333333334 0.6898148148148148
4 0.2947916666666667 0.6462962962962963 0.2994791666666667 0.6472222222222223 0.3026041666666667 0.6435185185185185 0.29791666666666666 0.6185185185185185 0.3072916666666667 0.6148148148148148 0.3234375 0.6351851851851852 0.3296875 0.6509259259259259 0.33177083333333335 0.65 0.3307291666666667 0.6351851851851852 0.31614583333333335 0.6111111111111112 0.31145833333333334 0.5953703703703703 0.309375 0.5833333333333334 0.3125 0.5712962962962963 0.3078125 0.5564814814814815 0.3078125 0.549074074074074 0.2984375 0.5472222222222223 0.296875 0.5527777777777778 0.2947916666666667 0.5703703703703704 0.29583333333333334 0.587037037037037 0.2864583333333333 0.5953703703703703 0.2947916666666667 0.6462962962962963
3 0.034895833333333334 0.6472222222222223 0.03958333333333333 0.6462962962962963 0.0390625 0.6064814814814815 0.03697916666666667 0.5962962962962963 0.040625 0.5833333333333334 0.03697916666666667 0.5712962962962963 0.03697916666666667 0.5314814814814814 0.030729166666666665 0.5296296296296297 0.0265625 0.5407407407407407 0.017708333333333333 0.549074074074074 0.014583333333333334 0.5564814814814815 0.013541666666666667 0.5675925925925925 0.028645833333333332 0.6175925925925926 0.03125 0.6435185185185185 0.034895833333333334 0.6472222222222223
4 0.5536458333333333 0.6462962962962963 0.5552083333333333 0.65 0.5604166666666667 0.6509259259259259 0.5645833333333333 0.6472222222222223 0.5661458333333333 0.6166666666666667 0.5739583333333333 0.6101851851851852 0.5755208333333334 0.6027777777777777 0.5770833333333333 0.5592592592592592 0.5682291666666667 0.5472222222222223 0.5645833333333333 0.5370370370370371 0.5604166666666667 0.5351851851851852 0.5588541666666667 0.5425925925925926 0.5604166666666667 0.5601851851851852 0.5578125 0.5796296296296296 0.5567708333333333 0.6416666666666667 0.5536458333333333 0.6462962962962963
5 0.378125 0.5555555555555556 0.3885416666666667 0.549074074074074 0.3885416666666667 0.5462962962962963 0.38385416666666666 0.5333333333333333 0.37864583333333335 0.4824074074074074 0.36875 0.462037037037037 0.365625 0.46296296296296297 0.36354166666666665 0.4703703703703704 0.359375 0.49444444444444446 0.3692708333333333 0.5601851851851852 0.37604166666666666 0.562037037037037 0.378125 0.5555555555555556
2 0.7526041666666666 0.6462962962962963 0.7557291666666667 0.649074074074074 0.759375 0.6472222222222223 0.7604166666666666 0.6425925925925926 0.75625 0.6083333333333333 0.7572916666666667 0.5824074074074074 0.7536458333333333 0.5527777777777778 0.7453125 0.5194444444444445 0.740625 0.5194444444444445 0.7380208333333333 0.5287037037037037 0.7390625 0.6259259259259259 0.7354166666666667 0.6388888888888888 0.7526041666666666 0.6416666666666667 0.7526041666666666 0.6462962962962963
4 0.6 0.6805555555555556 0.6015625 0.6777777777777778 0.6 0.6648148148148149 0.6130208333333333 0.6546296296296297 0.6307291666666667 0.6703703703703704 0.6328125 0.6675925925925926 0.6296875 0.6583333333333333 0.6177083333333333 0.6453703703703704 0.6140625 0.6268518518518519 0.6083333333333333 0.612037037037037 0.6083333333333333 0.6018518518518519 0.6046875 0.5898148148148148 0.5911458333333334 0.575 0.5869791666666667 0.575925925925926 0.5838541666666667 0.5814814814814815 0.584375 0.587037037037037 0.58125 0.5962962962962963 0.5822916666666667 0.625 0.5895833333333333 0.6481481481481481 0.5932291666666667 0.6796296296296296 0.6 0.6805555555555556
0 0.14895833333333333 0.6185185185185185 0.1484375 0.6 0.14427083333333332 0.5962962962962963 0.1375 0.6 0.13697916666666668 0.6046296296296296 0.14114583333333333 0.6194444444444445 0.146875 0.6222222222222222 0.14895833333333333 0.6185185185185185
4 0.246875 0.6064814814814815 0.24427083333333333 0.6092592592592593 0.24010416666666667 0.6268518518518519 0.2630208333333333 0.6259259259259259 0.2635416666666667 0.6185185185185185 0.2557291666666667 0.6018518518518519 0.2609375 0.5916666666666667 0.26510416666666664 0.5925925925925926 0.2703125 0.6 0.28854166666666664 0.6027777777777777 0.2869791666666667 0.5953703703703703 0.27291666666666664 0.5879629629629629 0.2671875 0.5648148148148148 0.24791666666666667 0.5231481481481481 0.24375 0.5222222222222223 0.240625 0.5287037037037037 0.2520833333333333 0.5722222222222222 0.24895833333333334 0.5916666666666667 0.246875 0.5944444444444444 0.246875 0.6064814814814815
5 0.23229166666666667 0.6046296296296296 0.25625 0.6129629629629629 0.25729166666666664 0.6111111111111112 0.2520833333333333 0.5990740740740741 0.253125 0.5722222222222222 0.2484375 0.525 0.2359375 0.5277777777777778 0.23229166666666667 0.5361111111111111 0.23645833333333333 0.5731481481481482 0.228125 0.5842592592592593 0.22760416666666666 0.5925925925925926 0.23229166666666667 0.6046296296296296
5 0.32395833333333335 0.5564814814814815 0.325 0.55 0.321875 0.5481481481481482 0.3151041666666667 0.5194444444444445 0.3020833333333333 0.4935185185185185 0.29635416666666664 0.4935185185185185 0.29791666666666666 0.5481481481481482 0.31145833333333334 0.5518518518518518 0.3171875 0.5574074074074075 0.32395833333333335 0.5564814814814815
4 0.20104166666666667 0.512962962962963 0.22395833333333334 0.5351851851851852 0.22447916666666667 0.524074074074074 0.21979166666666666 0.512962962962963 0.21666666666666667 0.48703703703703705 0.21145833333333333 0.4675925925925926 0.20104166666666667 0.4546296296296296 0.19322916666666667 0.48055555555555557 0.203125 0.4925925925925926 0.20052083333333334 0.5009259259259259 0.20104166666666667 0.512962962962963
5 0.13489583333333333 0.6333333333333333 0.13802083333333334 0.6342592592592593 0.14427083333333332 0.6222222222222222 0.14635416666666667 0.6222222222222222 0.146875 0.6027777777777777 0.14270833333333333 0.5990740740740741 0.140625 0.600925925925926 0.13385416666666666 0.5935185185185186 0.1296875 0.575 0.12916666666666668 0.5574074074074075 0.121875 0.5370370370370371 0.11875 0.5361111111111111 0.115625 0.5416666666666666 0.11041666666666666 0.5712962962962963 0.10989583333333333 0.5805555555555556 0.11614583333333334 0.5861111111111111 0.11927083333333334 0.6027777777777777 0.13489583333333333 0.6333333333333333
5 0.396875 0.5583333333333333 0.3958333333333333 0.5666666666666667 0.3880208333333333 0.5796296296296296 0.3885416666666667 0.5861111111111111 0.3963541666666667 0.5981481481481481 0.3958333333333333 0.6138888888888889 0.4036458333333333 0.612037037037037 0.41302083333333334 0.5898148148148148 0.425 0.6092592592592593 0.42604166666666665 0.6203703703703703 0.4296875 0.6203703703703703 0.4317708333333333 0.6064814814814815 0.41510416666666666 0.5805555555555556 0.4119791666666667 0.5638888888888889 0.3963541666666667 0.5166666666666667 0.39114583333333336 0.512962962962963 0.3885416666666667 0.524074074074074 0.39010416666666664 0.5370370370370371 0.38697916666666665 0.5444444444444444 0.3890625 0.5509259259259259 0.396875 0.5583333333333333
5 0.6072916666666667 0.5638888888888889 0.6083333333333333 0.5444444444444444 0.6010416666666667 0.5222222222222223 0.5973958333333333 0.5231481481481481 0.59375 0.5342592592592592 0.5958333333333333 0.5407407407407407 0.5927083333333333 0.5564814814814815 0.5994791666666667 0.5722222222222222 0.6072916666666667 0.5638888888888889
5 0.609375 0.6148148148148148 0.6171875 0.6324074074074074 0.6286458333333333 0.6324074074074074 0.6354166666666666 0.6416666666666667 0.6369791666666667 0.6287037037037037 0.6291666666666667 0.6037037037037037 0.6296875 0.5944444444444444 0.625 0.5787037037037037 0.6265625 0.5657407407407408 0.6197916666666666 0.5555555555555556 0.615625 0.5398148148148149 0.609375 0.5444444444444444 0.6078125 0.5555555555555556 0.60625 0.5722222222222222 0.6104166666666667 0.5842592592592593 0.6083333333333333 0.5944444444444444 0.609375 0.6148148148148148