4 0.3421875 0.7240740740740741 0.34427083333333336 0.7287037037037037 0.35208333333333336 0.7194444444444444 0.3578125 0.7157407407407408 0.3614583333333333 0.7175925925925926 0.3625 0.6981481481481482 0.3651041666666667 0.6953703703703704 0.3651041666666667 0.6777777777777778 0.3572916666666667 0.6601851851851852 0.3541666666666667 0.6620370370370371 0.34739583333333335 0.6768518518518518 0.35208333333333336 0.6842592592592592 0.35208333333333336 0.6925925925925925 0.3484375 0.712037037037037 0.3421875 0.7240740740740741
4 0.22447916666666667 0.8555555555555555 0.2296875 0.8425925925925926 0.22604166666666667 0.8064814814814815 0.21979166666666666 0.8055555555555556 0.20989583333333334 0.825925925925926 0.20885416666666667 0.8842592592592593 0.2125 0.8851851851851852 0.21770833333333334 0.8629629629629629 0.22447916666666667 0.8555555555555555
4 0.0953125 0.7777777777777778 0.0984375 0.7731481481481481 0.10364583333333334 0.774074074074074 0.1171875 0.7870370370370371 0.10104166666666667 0.7342592592592593 0.09375 0.725 0.09010416666666667 0.7296296296296296 0.08958333333333333 0.7398148148148148 0.09270833333333334 0.7574074074074074 0.08802083333333334 0.7777777777777778 0.0875 0.799074074074074 0.0890625 0.8 0.09427083333333333 0.7972222222222223 0.0953125 0.7777777777777778
5 0.496875 0.649074074074074 0.5026041666666666 0.649074074074074 0.5036458333333333 0.6462962962962963 0.49895833333333334 0.6314814814814815 0.4984375 0.6111111111111112 0.4901041666666667 0.5990740740740741 0.4869791666666667 0.6 0.4859375 0.6055555555555555 0.48489583333333336 0.6157407407407407 0.48854166666666665 0.6212962962962963 0.4890625 0.6370370370370371 0.496875 0.649074074074074
4 0.2125 0.6888888888888889 0.21875 0.6796296296296296 0.22447916666666667 0.6833333333333333 0.22447916666666667 0.674074074074074 0.21510416666666668 0.6574074074074074 0.2171875 0.6472222222222223 0.21510416666666668 0.6342592592592593 0.20833333333333334 0.6222222222222222 0.20416666666666666 0.6231481481481481 0.20260416666666667 0.6518518518518519 0.20729166666666668 0.6638888888888889 0.20833333333333334 0.6888888888888889 0.2125 0.6888888888888889
4 0.4015625 0.5953703703703703 0.39739583333333334 0.562962962962963 0.3927083333333333 0.5518518518518518 0.3885416666666667 0.5574074074074075 0.3885416666666667 0.5898148148148148 0.3921875 0.600925925925926 0.4005208333333333 0.600925925925926 0.4015625 0.5953703703703703
5 0.8921875 0.7416666666666667 0.8901041666666667 0.7638888888888888 0.8958333333333334 0.7657407407407407 0.8979166666666667 0.75 0.9015625 0.7481481481481481 0.90625 0.7537037037037037 0.9083333333333333 0.762962962962963 0.9119791666666667 0.7648148148148148 0.9135416666666667 0.7564814814814815 0.9041666666666667 0.737037037037037 0.9046875 0.7268518518518519 0.9088541666666666 0.712037037037037 0.9036458333333334 0.6898148148148148 0.8994791666666667 0.6861111111111111 0.8927083333333333 0.6972222222222222 0.8932291666666666 0.7027777777777777 0.8901041666666667 0.7083333333333334 0.8963541666666667 0.725925925925926 0.8921875 0.7416666666666667
4 0.48385416666666664 0.8074074074074075 0.49583333333333335 0.8194444444444444 0.4979166666666667 0.825 0.5015625 0.825 0.5 0.8138888888888889 0.48802083333333335 0.8018518518518518 0.484375 0.7712962962962963 0.4786458333333333 0.7518518518518519 0.4739583333333333 0.7490740740740741 0.4713541666666667 0.7546296296296297 0.46979166666666666 0.8203703703703704 0.47239583333333335 0.8194444444444444 0.47760416666666666 0.8055555555555556 0.48385416666666664 0.8074074074074075
5 0.8536458333333333 0.6611111111111111 0.8453125 0.6111111111111112 0.8411458333333334 0.6111111111111112 0.8395833333333333 0.6296296296296297 0.8375 0.6657407407407407 0.8416666666666667 0.6675925925925926 0.8473958333333333 0.6574074074074074 0.8536458333333333 0.6611111111111111
5 0.1265625 0.8101851851851852 0.12604166666666666 0.8222222222222222 0.13697916666666668 0.8175925925925925 0.1421875 0.8240740740740741 0.14375 0.8138888888888889 0.13333333333333333 0.7981481481481482 0.13229166666666667 0.7925925925925926 0.134375 0.7722222222222223 0.1328125 0.7611111111111111 0.12291666666666666 0.7435185185185185 0.11927083333333334 0.7462962962962963 0.1171875 0.7583333333333333 0.11458333333333333 0.775 0.11770833333333333 0.7814814814814814 0.1203125 0.8018518518518518 0.1265625 0.8101851851851852
5 0.6145833333333334 0.6768518518518518 0.6192708333333333 0.6805555555555556 0.6208333333333333 0.6731481481481482 0.6130208333333333 0.6611111111111111 0.6036458333333333 0.625 0.5994791666666667 0.6175925925925926 0.5979166666666667 0.6194444444444445 0.6015625 0.6814814814814815 0.6072916666666667 0.6833333333333333 0.6078125 0.6787037037037037 0.6145833333333334 0.6768518518518518
3 0.6666666666666666 0.7046296296296296 0.6739583333333333 0.700925925925926 0.675 0.6972222222222222 0.6682291666666667 0.6962962962962963 0.6645833333333333 0.6648148148148149 0.6541666666666667 0.6518518518518519 0.6526041666666667 0.6611111111111111 0.659375 0.7240740740740741 0.6619791666666667 0.725925925925926 0.6666666666666666 0.7046296296296296
5 0.6265625 0.7472222222222222 0.6328125 0.7481481481481481 0.6338541666666667 0.7435185185185185 0.6401041666666667 0.7398148148148148 0.6421875 0.7453703703703703 0.6458333333333334 0.7444444444444445 0.6421875 0.6898148148148148 0.6375 0.6759259259259259 0.6338541666666667 0.675 0.6317708333333333 0.6805555555555556 0.6328125 0.700925925925926 0.6307291666666667 0.7101851851851851 0.6328125 0.7166666666666667 0.6265625 0.7472222222222222
5 0.7015625 0.9027777777777778 0.7036458333333333 0.9009259259259259 0.703125 0.8777777777777778 0.7072916666666667 0.837037037037037 0.7 0.8092592592592592 0.696875 0.8046296296296296 0.6932291666666667 0.8064814814814815 0.6890625 0.825925925925926 0.6864583333333333 0.8453703703703703 0.690625 0.850925925925926 0.6953125 0.9 0.7015625 0.9027777777777778
5 0.4505208333333333 0.9027777777777778 0.45625 0.8796296296296297 0.46145833333333336 0.8796296296296297 0.46510416666666665 0.9009259259259259 0.4713541666666667 0.9 0.46458333333333335 0.8694444444444445 0.46979166666666666 0.85 0.4713541666666667 0.8166666666666667 0.4661458333333333 0.799074074074074 0.4625 0.7981481481481482 0.46041666666666664 0.8027777777777778 0.46041666666666664 0.8175925925925925 0.4453125 0.8925925925925926 0.4453125 0.9 0.4505208333333333 0.9027777777777778
4 0.7010416666666667 0.5462962962962963 0.6973958333333333 0.537962962962963 0.6932291666666667 0.5416666666666666 0.6932291666666667 0.5712962962962963 0.7026041666666667 0.5842592592592593 0.7046875 0.5787037037037037 0.7010416666666667 0.5462962962962963
4 0.8572916666666667 0.6944444444444444 0.8598958333333333 0.7037037037037037 0.8619791666666666 0.7185185185185186 0.8609375 0.7287037037037037 0.8640625 0.7324074074074074 0.8713541666666667 0.7314814814814815 0.8734375 0.7268518518518519 0.86875 0.6759259259259259 0.8614583333333333 0.6583333333333333 0.853125 0.6611111111111111 0.85625 0.6824074074074075 0.8526041666666667 0.6935185185185185 0.8536458333333333 0.6962962962962963 0.8572916666666667 0.6944444444444444
4 0.7041666666666667 0.9287037037037037 0.71875 0.9175925925925926 0.721875 0.9222222222222223 0.7265625 0.9194444444444444 0.721875 0.9055555555555556 0.7255208333333333 0.8666666666666667 0.7244791666666667 0.8555555555555555 0.7171875 0.8388888888888889 0.7119791666666667 0.8425925925925926 0.7083333333333334 0.850925925925926 0.7072916666666667 0.8787037037037037 0.7125 0.9037037037037037 0.7026041666666667 0.9231481481481482 0.7041666666666667 0.9287037037037037
0 0.45416666666666666 0.8842592592592593 0.4510416666666667 0.8814814814814815 0.44947916666666665 0.887962962962963 0.4432291666666667 0.8925925925925926 0.4432291666666667 0.9064814814814814 0.44947916666666665 0.9101851851851852 0.45364583333333336 0.9018518518518519 0.45416666666666666 0.8842592592592593
4 0.7479166666666667 0.6712962962962963 0.75 0.6648148148148149 0.7463541666666667 0.65 0.746875 0.6407407407407407 0.7442708333333333 0.6277777777777778 0.7401041666666667 0.6175925925925926 0.7348958333333333 0.6166666666666667 0.7364583333333333 0.6537037037037037 0.7416666666666667 0.6601851851851852 0.7442708333333333 0.6703703703703704 0.7479166666666667 0.6712962962962963
5 0.8911458333333333 0.7064814814814815 0.8942708333333333 0.6888888888888889 0.8921875 0.687962962962963 0.890625 0.6802472222222222 0.890625 0.6703703703703704 0.8828125 0.6472222222222223 0.8807291666666667 0.6435185185185185 0.8770833333333333 0.6462962962962963 0.8776041666666666 0.674074074074074 0.8802083333333334 0.6925925925925925 0.8880208333333334 0.7074074074074074 0.8911458333333333 0.7064814814814815
3 0.6010416666666667 0.5166666666666667 0.5953125 0.5055555555555555 0.5911458333333334 0.5092592592592593 0.590625 0.5222222222222223 0.5953125 0.5518518518518518 0.5994791666666667 0.5527777777777778 0.6010416666666667 0.5166666666666667
5 0.6609375 0.8037037037037037 0.6625 0.8009259259259259 0.6692708333333334 0.8074074074074075 0.6776041666666667 0.8277777777777777 0.6807291666666667 0.8157407407407408 0.6697916666666667 0.7944444444444444 0.6677083333333333 0.7833333333333333 0.6671875 0.7726851851851851 0.6713541666666667 0.7601851851851852 0.6703125 0.7555555555555555 0.6604166666666667 0.7333333333333333 0.6552083333333333 0.7361111111111112 0.6541666666666667 0.7453703703703703 0.6526041666666667 0.762962962962963 0.6541666666666667 0.8222222222222222 0.6619791666666667 0.8222222222222222 0.6609375 0.8037037037037037