3 0.75625 0.6601851851851852 0.7572916666666667 0.6212962962962963 0.7557291666666667 0.6111111111111112 0.7515625 0.6083333333333333 0.7458333333333333 0.6268518518518519 0.7458333333333333 0.6435185185185185 0.7421875 0.6712962962962963 0.74375 0.6777777777777778 0.75625 0.6601851851851852
4 0.7398151041666666 0.8142231481481481 0.7351276041666667 0.8299638888888888 0.7340859375 0.865149074074074 0.7408567708333333 0.865149074074074 0.7437234375 0.8336509259259259 0.748615625 0.8316425925925925 0.7554401041666666 0.8494083333333333 0.7528359375 0.8336675925925926 0.7570026041666666 0.8179268518518519 0.7564817708333333 0.8058898148148148 0.7460651041666666 0.7744083333333334 0.7413776041666666 0.7753342592592593 0.7382526041666666 0.7873712962962963 0.7226276041666666 0.8049638888888889 0.7210651041666666 0.8105194444444445 0.7252317708333333 0.8114453703703703 0.7335651041666666 0.803112037037037 0.7398151041666666 0.8142231481481481
5 0.7671875 0.8555555555555555 0.7739583333333333 0.8435185185185186 0.7807291666666667 0.8398148148148148 0.7875 0.8453703703703703 0.7911458333333333 0.8629629629629629 0.79375 0.8601851851851852 0.79375 0.8351851851851851 0.7979166666666667 0.8333333333333334 0.7979166666666667 0.8296296296296296 0.7807291666666667 0.7944444444444444 0.7770833333333333 0.7935185185185185 0.7744791666666667 0.7972222222222223 0.7786458333333334 0.8185185185185185 0.778125 0.825 0.7635416666666667 0.8537037037037037 0.7671875 0.8555555555555555
5 0.5588541666666667 0.825925925925926 0.5635416666666667 0.8212962962962963 0.5723958333333333 0.8277777777777777 0.5755208333333334 0.8175925925925925 0.5802083333333333 0.8138888888888889 0.5817708333333333 0.8101851851851852 0.5802083333333333 0.8027777777777778 0.58125 0.7935185185185185 0.5875 0.7870370370370371 0.5854166666666667 0.7814814814814814 0.5848958333333333 0.7592592592592593 0.5802083333333333 0.7592592592592593 0.5682291666666667 0.7805555555555556 0.5640625 0.7935185185185185 0.5619791666666667 0.8111111111111111 0.5520833333333334 0.8222222222222222 0.5510416666666667 0.825925925925926 0.5546875 0.8314814814814815 0.5583333333333333 0.8305555555555556 0.5588541666666667 0.825925925925926
5 0.946875 0.6981481481481482 0.9494791666666667 0.6888888888888889 0.9552083333333333 0.6907407407407408 0.9588541666666667 0.7018518518518518 0.9598958333333333 0.6768518518518518 0.9635416666666666 0.6527777777777778 0.9588541666666667 0.6342592592592593 0.95625 0.6324074074074074 0.953125 0.6351851851851852 0.9505208333333334 0.6453703703703704 0.9479166666666666 0.6731481481481482 0.9416666666666667 0.6972222222222222 0.9432291666666667 0.700925925925926 0.946875 0.6981481481481482
4 0.4953125 0.8194444444444444 0.5104166666666666 0.8018518518518518 0.5135416666666667 0.8194444444444444 0.5213541666666667 0.8212962962962963 0.5244791666666667 0.8148148148148148 0.5203125 0.7722222222222223 0.5223958333333333 0.7583333333333333 0.5177083333333333 0.7361111111111112 0.5130208333333334 0.7324074074074074 0.5098958333333333 0.7444444444444445 0.5052083333333334 0.7518518518518519 0.503125 0.7953703703703704 0.49375 0.8092592592592592 0.49270833333333336 0.8175925925925925 0.4953125 0.8194444444444444
5 0.696875 0.7129629629629629 0.69375 0.6935185185185185 0.6942708333333333 0.6648148148148149 0.690625 0.6462962962962963 0.6864583333333333 0.6462962962962963 0.6807291666666667 0.662962962962963 0.68125 0.712037037037037 0.690625 0.7064814814814815 0.6932291666666667 0.7148148148148148 0.696875 0.7129629629629629
4 0.18333333333333332 0.6370370370370371 0.19375 0.65 0.1953125 0.6453703703703704 0.1921875 0.6092592592592593 0.19479166666666667 0.600925925925926 0.19114583333333332 0.5851851851851851 0.1890625 0.5833333333333334 0.18125 0.6018518518518519 0.18385416666666668 0.6111111111111112 0.1765625 0.6425925925925926 0.178125 0.6462962962962963 0.18333333333333332 0.6370370370370371
4 0.5375 0.6833333333333333 0.5416666666666666 0.6768518518518518 0.5458333333333333 0.6462962962962963 0.5458333333333333 0.6314814814814815 0.5411458333333333 0.6175925925925926 0.5375 0.6175925925925926 0.53125 0.6324074074074074 0.5307291666666667 0.6518518518518519 0.5338541666666666 0.6652777777777777 0.5338541666666666 0.6805555555555556 0.5375 0.6833333333333333
5 0.5953125 0.6212962962962963 0.5947916666666667 0.6027777777777777 0.596875 0.5916666666666667 0.5942708333333333 0.575925925925926 0.5916666666666667 0.5731481481481482 0.5854166666666667 0.5898148148148148 0.5864583333333333 0.6111111111111112 0.5838541666666667 0.6222222222222222 0.5921875 0.6287037037037037 0.5953125 0.6212962962962963
5 0.27239583333333334 0.7546296296296297 0.27395833333333336 0.7509259259259259 0.2708333333333333 0.7388888888888889 0.2708333333333333 0.7194444444444444 0.27395833333333336 0.7037037037037037 0.2713541666666667 0.6787037037037037 0.26614583333333336 0.6814814814814815 0.2604166666666667 0.700925925925926 0.26197916666666665 0.7175925925925926 0.2552083333333333 0.7527777777777778 0.25833333333333336 0.7555555555555555 0.27239583333333334 0.7546296296296297
4 0.1890625 0.862037037037037 0.1890625 0.8712962962962963 0.19375 0.8740740740740741 0.19583333333333333 0.8814814814814815 0.20104166666666667 0.8833333333333333 0.20416666666666666 0.8805555555555555 0.2140625 0.8268518518518518 0.20989583333333334 0.8185185185185185 0.21197916666666666 0.7944444444444444 0.20989583333333334 0.7833333333333333 0.2046875 0.7842592592592592 0.19895833333333332 0.8083333333333333 0.196875 0.825925925925926 0.19895833333333332 0.8453703703703703 0.196875 0.8537037037037037 0.1890625 0.862037037037037
4 0.8916666666666667 0.7 0.9036458333333334 0.700925925925926 0.9010416666666666 0.674074074074074 0.903125 0.6657407407407407 0.9078125 0.6611111111111111 0.9026041666666667 0.6296296296296297 0.896875 0.6305555555555555 0.8901041666666667 0.65 0.8885416666666667 0.6648148148148149 0.8921875 0.6777777777777778 0.8885416666666667 0.6962962962962963 0.8916666666666667 0.7
5 0.6682291666666667 0.649074074074074 0.6713541666666667 0.6481481481481481 0.6744791666666666 0.6527777777777778 0.6776041666666667 0.6203703703703703 0.6744791666666666 0.5916666666666667 0.6697916666666667 0.5953703703703703 0.6666666666666666 0.6064814814814815 0.6661458333333333 0.6351851851851852 0.6630208333333333 0.6509259259259259 0.6671875 0.6537037037037037 0.6682291666666667 0.649074074074074
5 0.9838541666666667 0.7407407407407407 0.9854166666666667 0.7444444444444445 0.9890625 0.7435185185185185 0.9927083333333333 0.6851851851851852 0.9864583333333333 0.6675925925925926 0.9817708333333334 0.6703703703703704 0.978125 0.6842592592592592 0.9770833333333333 0.6944444444444444 0.98125 0.7064814814814815 0.98125 0.725 0.9838541666666667 0.7407407407407407
4 0.15364583333333334 0.7231481481481481 0.16041666666666668 0.7 0.15885416666666666 0.6509259259259259 0.1546875 0.65 0.14791666666666667 0.6694444444444444 0.14947916666666666 0.6944444444444444 0.14791666666666667 0.7138888888888889 0.15052083333333333 0.725 0.15364583333333334 0.7231481481481481
4 0.7875 0.562962962962963 0.7921875 0.5287037037037037 0.7869791666666667 0.5166666666666667 0.7807291666666667 0.5259259259259259 0.7796875 0.5388888888888889 0.7828125 0.5481481481481482 0.7822916666666667 0.5601851851851852 0.7875 0.562962962962963
4 0.878125 0.6064814814814815 0.8729166666666667 0.5935185185185186 0.8661458333333333 0.6037037037037037 0.8666666666666667 0.6444444444444445 0.86875 0.65 0.8729166666666667 0.6509259259259259 0.878125 0.6064814814814815
5 0.9104166666666667 0.6314814814814815 0.9119791666666667 0.6425925925925926 0.9161458333333333 0.6462962962962963 0.915625 0.5981481481481481 0.9119791666666667 0.5888888888888889 0.9083333333333333 0.5888888888888889 0.9036458333333334 0.6027777777777777 0.9026041666666667 0.6314814814814815 0.9041666666666667 0.6351851851851852 0.9072916666666667 0.6287037037037037 0.9104166666666667 0.6314814814814815
3 0.6776041666666667 0.5018518518518519 0.6729166666666667 0.512962962962963 0.6723958333333333 0.5444444444444444 0.678125 0.5462962962962963 0.6838541666666667 0.512962962962963 0.6776041666666667 0.5018518518518519
3 0.30572916666666666 0.5175925925925926 0.3078125 0.5092592592592593 0.30625 0.49907407407407406 0.3020833333333333 0.5 0.2994791666666667 0.5083333333333333 0.29635416666666664 0.5296296296296297 0.303125 0.5370370370370371 0.30625 0.5287037037037037 0.30572916666666666 0.5175925925925926
4 0.47758333333333336 0.5435925925925926 0.013447916666666634 0.06355555555555564
0 0.7464479166666667 0.8497962962962963 0.00958854166666659 0.014574074074074083