4 0.29635416666666664 0.8231481481481482 0.2984375 0.8277777777777777 0.3015625 0.825925925925926 0.309375 0.8064814814814815 0.31197916666666664 0.7870370370370371 0.3104166666666667 0.7796296296296297 0.31145833333333334 0.7611111111111111 0.3078125 0.7490740740740741 0.3026041666666667 0.7472222222222222 0.29322916666666665 0.7685185185185185 0.28489583333333335 0.7777777777777778 0.2875 0.7805555555555556 0.2947916666666667 0.775 0.296875 0.7833333333333333 0.29635416666666664 0.8231481481481482
5 0.38697916666666665 0.9194444444444444 0.39166666666666666 0.9194444444444444 0.39479166666666665 0.9055555555555556 0.40208333333333335 0.9018518518518519 0.4046875 0.9157407407407407 0.4114583333333333 0.9157407407407407 0.40625 0.8935185185185185 0.40729166666666666 0.8740740740740741 0.4114583333333333 0.8722222222222222 0.4083333333333333 0.8583333333333333 0.409375 0.8333333333333334 0.40729166666666666 0.8231481481481482 0.4036458333333333 0.8222222222222222 0.4015625 0.825925925925926 0.4 0.8351851851851851 0.39479166666666665 0.8453703703703703 0.38958333333333334 0.8703703703703703 0.3953125 0.8768518518518519 0.3958333333333333 0.8842592592592593 0.38697916666666665 0.9092592592592592 0.38697916666666665 0.9194444444444444
4 0.6020833333333333 0.7944444444444444 0.6026041666666667 0.7814814814814814 0.596875 0.7620370370370371 0.5932291666666667 0.762962962962963 0.5875 0.774074074074074 0.5848958333333333 0.8009259259259259 0.584375 0.8333333333333334 0.5869791666666667 0.8407407407407408 0.5911458333333334 0.8407407407407408 0.6020833333333333 0.7944444444444444
4 0.6479166666666667 0.887962962962963 0.6520833333333333 0.825925925925926 0.65 0.8194444444444444 0.6447916666666667 0.8222222222222222 0.6385416666666667 0.8407407407407408 0.6270833333333333 0.9037037037037037 0.6270833333333333 0.912962962962963 0.6348958333333333 0.9148148148148149 0.6369791666666667 0.8981481481481481 0.6479166666666667 0.887962962962963
4 0.4666666666666667 0.8083333333333333 0.4765625 0.8101851851851852 0.47239583333333335 0.7324074074074074 0.46875 0.7314814814814815 0.4635416666666667 0.7462962962962963 0.4625 0.774074074074074 0.4661458333333333 0.7870370370370371 0.4640625 0.8046296296296296 0.4666666666666667 0.8083333333333333
4 0.33229166666666665 0.8453703703703703 0.33697916666666666 0.825925925925926 0.33697916666666666 0.8166666666666667 0.3302083333333333 0.8166666666666667 0.32447916666666665 0.8287037037037037 0.31875 0.8527777777777777 0.3177083333333333 0.8787037037037037 0.3109375 0.8851851851851852 0.3140625 0.9018518518518519 0.321875 0.9018518518518519 0.3375 0.8583333333333333 0.33229166666666665 0.8453703703703703
5 0.15 0.8222222222222222 0.14947916666666666 0.8046296296296296 0.1578125 0.7722222222222223 0.153125 0.7462962962962963 0.14791666666666667 0.7435185185185185 0.14010416666666667 0.7657407407407407 0.13958333333333334 0.8064814814814815 0.14270833333333333 0.8296296296296296 0.146875 0.8324074074074074 0.15 0.8222222222222222
5 0.5640625 0.6537037037037037 0.5598958333333334 0.6370370370370371 0.5588541666666667 0.6185185185185185 0.55625 0.6101851851851852 0.5515625 0.6111111111111112 0.55 0.6592592592592592 0.5614583333333333 0.6611111111111111 0.5640625 0.6583333333333333 0.5640625 0.6537037037037037
4 0.5854166666666667 0.6194444444444445 0.5796875 0.6027777777777777 0.5734375 0.6175925925925926 0.5760416666666667 0.6564814814814814 0.5802083333333333 0.6583333333333333 0.5822916666666667 0.6537037037037037 0.5854166666666667 0.6194444444444445
4 0.021354166666666667 0.8722222222222222 0.026041666666666668 0.8731481481481481 0.03333333333333333 0.8648148148148148 0.035416666666666666 0.8527777777777777 0.03333333333333333 0.837037037037037 0.035416666666666666 0.825 0.0328125 0.7944444444444444 0.028125 0.7944444444444444 0.021354166666666667 0.8212962962962963 0.0203125 0.8416666666666667 0.022916666666666665 0.8527777777777777 0.0203125 0.8666666666666667 0.021354166666666667 0.8722222222222222
5 0.8921875 0.7268518518518519 0.8947916666666667 0.7240740740740741 0.89375 0.7037037037037037 0.8973958333333333 0.6796296296296296 0.8927083333333333 0.6611111111111111 0.8885416666666667 0.6648148148148149 0.8864583333333333 0.675 0.8854166666666666 0.700925925925926 0.8869791666666667 0.7212962962962963 0.8885416666666667 0.725925925925926 0.8921875 0.7268518518518519
4 0.13802083333333334 0.725 0.13802083333333334 0.7361111111111112 0.14427083333333332 0.7361111111111112 0.14583333333333334 0.6916666666666667 0.14427083333333332 0.6768518518518518 0.14166666666666666 0.6759259259259259 0.13541666666666666 0.6861111111111111 0.12083333333333333 0.7287037037037037 0.1203125 0.7342592592592593 0.12395833333333334 0.7361111111111112 0.13385416666666666 0.7175925925925926 0.13802083333333334 0.725
5 0.40208333333333335 0.687037037037037 0.4 0.6759259259259259 0.3958333333333333 0.675 0.3890625 0.6962962962962963 0.3880208333333333 0.7435185185185185 0.4 0.7462962962962963 0.40260416666666665 0.7435185185185185 0.40208333333333335 0.687037037037037
4 0.5796875 0.7129629629629629 0.5791666666666667 0.7027777777777777 0.58125 0.6935185185185185 0.5796875 0.6833333333333333 0.5760416666666667 0.6851851851851852 0.5708333333333333 0.6962962962962963 0.5645833333333333 0.7240740740740741 0.5645833333333333 0.7314814814814815 0.5682291666666667 0.7425925925925926 0.5739583333333333 0.7435185185185185 0.5796875 0.7129629629629629
4 0.19947916666666668 0.6555555555555556 0.196875 0.6333333333333333 0.19270833333333334 0.6305555555555555 0.1859375 0.6453703703703704 0.18802083333333333 0.6888888888888889 0.19322916666666667 0.6935185185185185 0.196875 0.6861111111111111 0.19947916666666668 0.6555555555555556
5 0.025520833333333333 0.9435185185185185 0.0328125 0.9481481481481482 0.035416666666666666 0.9444444444444444 0.034895833333333334 0.9287037037037037 0.040625 0.9138888888888889 0.0375 0.8935185185185185 0.040625 0.8842592592592593 0.036458333333333336 0.8680555555555556 0.0375 0.8527777777777777 0.0328125 0.8435185185185186 0.022395833333333334 0.8611111111111112 0.021354166666666667 0.8657407407407407 0.027083333333333334 0.8888888888888888 0.028645833333333332 0.9101851851851852 0.025520833333333333 0.9435185185185185
3 0.32760416666666664 0.7537037037037037 0.32708333333333334 0.7425925925925926 0.3296875 0.737037037037037 0.32760416666666664 0.7194444444444444 0.328125 0.700925925925926 0.3234375 0.7 0.3145833333333333 0.7203703703703703 0.31197916666666664 0.7592592592592593 0.31875 0.775 0.3223958333333333 0.775 0.32760416666666664 0.7537037037037037
5 0.21354166666666666 0.6657407407407407 0.21510416666666668 0.6620370370370371 0.21510416666666668 0.6425925925925926 0.21354166666666666 0.6388888888888888 0.20885416666666667 0.6416666666666667 0.20572916666666666 0.6574074074074074 0.20625 0.6722222222222223 0.203125 0.6962962962962963 0.21302083333333333 0.6990740740740741 0.21354166666666666 0.6657407407407407
5 0.9026041666666667 0.924074074074074 0.8963541666666667 0.9314814814814815 0.896875 0.9351851851851852 0.9036458333333334 0.9388888888888889 0.9036458333333334 0.950925925925926 0.9088541666666666 0.9518518518518518 0.9109375 0.950925925925926 0.9109375 0.9462962962962963 0.9182291666666667 0.9435185185185185 0.9197916666666667 0.9462962962962963 0.9234375 0.9425925925925925 0.9192708333333334 0.9037037037037037 0.9197916666666667 0.8888888888888888 0.9083333333333333 0.8648148148148148 0.9036458333333334 0.8666666666666667 0.9036458333333334 0.8777777777777778 0.8963541666666667 0.8944444444444445 0.8958333333333334 0.9009259259259259 0.9013020833333333 0.9 0.9052083333333333 0.912962962962963 0.9026041666666667 0.924074074074074
5 0.6348958333333333 0.7787037037037037 0.6338541666666667 0.7666666666666667 0.628125 0.7666666666666667 0.6192708333333333 0.7935185185185185 0.6177083333333333 0.8407407407407408 0.6229166666666667 0.8444444444444444 0.6322916666666667 0.8018518518518518 0.6348958333333333 0.7787037037037037
3 0.2890625 0.5888888888888889 0.29322916666666665 0.5601851851851852 0.2890625 0.5546296296296296 0.28489583333333335 0.5546296296296296 0.28125 0.5601851851851852 0.28125 0.5842592592592593 0.2838541666666667 0.5907407407407408 0.2869791666666667 0.5916666666666667 0.2890625 0.5888888888888889
3 0.6328125 0.5962962962962963 0.634375 0.5601851851851852 0.628125 0.5527777777777778 0.625 0.5574074074074075 0.625 0.5768518518518518 0.628125 0.5944444444444444 0.63125 0.5990740740740741 0.6328125 0.5962962962962963
0 0.9083333333333333 0.9194444444444444 0.9041666666666667 0.9194444444444444 0.8963541666666667 0.9287037037037037 0.8963541666666667 0.937037037037037 0.9041666666666667 0.95 0.9109375 0.9462962962962963 0.9083333333333333 0.9194444444444444