4 0.3421875 0.7787037037037037 0.34427083333333336 0.7824074074074074 0.3494791666666667 0.7814814814814814 0.353125 0.7638888888888888 0.3609375 0.7694444444444445 0.36614583333333334 0.7787037037037037 0.3671875 0.7675925925925926 0.35989583333333336 0.7583333333333333 0.3572916666666667 0.7481481481481481 0.35833333333333334 0.7314814814814815 0.3489583333333333 0.7148148148148148 0.3458333333333333 0.7157407407407408 0.34479166666666666 0.7203703703703703 0.34427083333333336 0.737037037037037 0.346875 0.7462962962962963 0.34479166666666666 0.7712962962962963 0.3421875 0.7787037037037037
4 0.06614583333333333 0.8268518518518518 0.071875 0.8101851851851852 0.07291666666666667 0.774074074074074 0.084375 0.7712962962962963 0.08489583333333334 0.7685185185185185 0.07239583333333334 0.7611111111111111 0.06458333333333334 0.75 0.06145833333333333 0.7518518518518519 0.05416666666666667 0.7870370370370371 0.06041666666666667 0.8037037037037037 0.06041666666666667 0.825925925925926 0.06614583333333333 0.8268518518518518
4 0.3921875 0.8777777777777778 0.38645833333333335 0.8527777777777777 0.3859375 0.825 0.375 0.7962962962962963 0.3697916666666667 0.7972222222222223 0.3723958333333333 0.8537037037037037 0.3807291666666667 0.8657407407407407 0.3848958333333333 0.8768518518518519 0.3921875 0.8777777777777778
5 0.7536458333333333 0.7435185185185185 0.7505208333333333 0.774074074074074 0.7552083333333334 0.7722222222222223 0.7567708333333333 0.7611111111111111 0.7619791666666667 0.7601851851851852 0.7729166666666667 0.7712962962962963 0.7734375 0.762962962962963 0.765625 0.7537037037037037 0.7640625 0.7472222222222222 0.7640625 0.7240740740740741 0.75625 0.7055555555555556 0.753125 0.7064814814814815 0.7515625 0.712037037037037 0.7520833333333333 0.7185185185185186 0.7494791666666667 0.7277777777777777 0.7536458333333333 0.737037037037037 0.7536458333333333 0.7435185185185185
4 0.08385416666666666 0.7046296296296296 0.0875 0.6953703703703704 0.09166666666666666 0.6953703703703704 0.0953125 0.7027777777777777 0.09635416666666667 0.6925925925925925 0.090625 0.6833333333333333 0.08802083333333334 0.6527777777777778 0.0796875 0.6425925925925926 0.07604166666666666 0.6537037037037037 0.07552083333333333 0.662962962962963 0.08125 0.683025 0.07916666666666666 0.7046296296296296 0.08385416666666666 0.7046296296296296
5 0.44583333333333336 0.8425925925925926 0.44375 0.8564814814814815 0.446875 0.8666666666666667 0.4515625 0.8712962962962963 0.45260416666666664 0.8638888888888889 0.4552083333333333 0.862037037037037 0.46145833333333336 0.8731481481481481 0.4666666666666667 0.8740740740740741 0.4671875 0.8694444444444445 0.46197916666666666 0.8601851851851852 0.4546875 0.825925925925926 0.4453125 0.8055555555555556 0.4395833333333333 0.8064814814814815 0.4395833333333333 0.8157407407407408 0.4427083333333333 0.825 0.440625 0.8342592592592593 0.44583333333333336 0.8425925925925926
4 0.465625 0.7907407407407407 0.4713541666666667 0.7907407407407407 0.47291666666666665 0.7861111111111111 0.465625 0.7601851851851852 0.465625 0.7342592592592593 0.46145833333333336 0.7222222222222222 0.45625 0.7222222222222222 0.4546875 0.7277777777777777 0.45416666666666666 0.7898148148148149 0.4588541666666667 0.7907407407407407 0.4635416666666667 0.7842592592592592 0.465625 0.7907407407407407
4 0.2838541666666667 0.7092592592592593 0.2859375 0.7046296296296296 0.2828125 0.6925925925925925 0.28125 0.6666666666666666 0.2765625 0.6527777777777778 0.271875 0.6518518518518519 0.27239583333333334 0.6916666666666667 0.2796875 0.7018518518518518 0.28125 0.7083333333333334 0.2838541666666667 0.7092592592592593
3 0.8255208333333334 0.9777777777777777 0.8359375 0.9861111111111112 0.8390625 0.9990740740740741 0.84375 0.9990740740740741 0.8354166666666667 0.9638888888888889 0.8380208333333333 0.9388888888888889 0.8317708333333333 0.924074074074074 0.8296875 0.9120370370370371 0.8244791666666667 0.9120370370370371 0.8182291666666667 0.9314814814814815 0.8140625 0.9546296296296296 0.8119791666666667 0.9990740740740741 0.8161458333333333 0.9990740740740741 0.8182291666666667 0.9851851851851852 0.8255208333333334 0.9777777777777777
4 0.6916666666666667 0.6055555555555555 0.6859375 0.5962962962962963 0.6822916666666666 0.5990740740740741 0.6859375 0.6407407407407407 0.6895833333333333 0.6462962962962963 0.6921875 0.6407407407407407 0.6916666666666667 0.6055555555555555
5 0.029166666666666667 0.8157407407407408 0.036458333333333336 0.8138888888888889 0.035416666666666666 0.8101851851851852 0.04010416666666667 0.7907407407407407 0.03697916666666667 0.7824074074074074 0.042708333333333334 0.7518518518518519 0.04114583333333333 0.7490740740740741 0.036458333333333336 0.7509259259259259 0.028125 0.7657407407407407 0.025 0.7768518518518519 0.0265625 0.7888888888888889 0.024479166666666666 0.8027777777777778 0.026041666666666668 0.8092592592592592 0.029166666666666667 0.8157407407407408
4 0.4276041666666667 0.6462962962962963 0.43125 0.637962962962963 0.42916666666666664 0.612037037037037 0.4239583333333333 0.6037037037037037 0.4197916666666667 0.6027777777777777 0.4171875 0.6074074074074074 0.4171875 0.6194444444444445 0.4234375 0.637962962962963 0.4234375 0.6453703703703704 0.4276041666666667 0.6462962962962963
3 0.6838541666666667 0.5675925925925925 0.68125 0.562037037037037 0.6776041666666667 0.562962962962963 0.6760416666666667 0.5768518518518518 0.6770833333333334 0.6064814814814815 0.6817708333333333 0.6074074074074074 0.6838541666666667 0.5972222222222222 0.6838541666666667 0.5675925925925925
0 0.03697916666666667 0.7916666666666666 0.025 0.7953703703703704 0.024479166666666666 0.8037037037037037 0.028125 0.8148148148148148 0.036458333333333336 0.8138888888888889 0.03697916666666667 0.7916666666666666
3 0.221875 0.5675925925925925 0.21979166666666666 0.5675925925925925 0.21770833333333334 0.5740740740740741 0.21614583333333334 0.6027777777777777 0.228125 0.6018518518518519 0.22708333333333333 0.5740740740740741 0.221875 0.5675925925925925
5 0.7416666666666667 0.7148148148148148 0.74375 0.7277777777777777 0.7479166666666667 0.7277777777777777 0.7484375 0.7175925925925926 0.7447916666666666 0.7055555555555556 0.7421875 0.6842592592592592 0.7359375 0.6685185185185185 0.7322916666666667 0.6731481481481482 0.7307291666666667 0.6935185185185185 0.7307291666666667 0.7222222222222222 0.7333333333333333 0.7240740740740741 0.7364583333333333 0.7148148148148148 0.7416666666666667 0.7148148148148148
5 0.134375 0.7805555555555556 0.13541666666666666 0.7935185185185185 0.13385416666666666 0.8027777777777778 0.13854166666666667 0.8046296296296296 0.14791666666666667 0.7935185185185185 0.146875 0.7638888888888888 0.1359375 0.7305555555555555 0.13177083333333334 0.7296296296296296 0.1296875 0.7351851851851852 0.13020833333333334 0.7481481481481481 0.1265625 0.7648148148148148 0.13229166666666667 0.7712962962962963 0.134375 0.7805555555555556
5 0.18645833333333334 0.8694444444444445 0.19166666666666668 0.8648148148148148 0.18958333333333333 0.850462962962963 0.19427083333333334 0.8425925925925926 0.20260416666666667 0.850925925925926 0.20833333333333334 0.8629629629629629 0.21041666666666667 0.862037037037037 0.2109375 0.8537037037037037 0.2 0.8351851851851851 0.18854166666666666 0.7953703703703704 0.18541666666666667 0.7925925925925926 0.1828125 0.7981481481481482 0.18489583333333334 0.8175925925925925 0.1828125 0.8222222222222222 0.18125 0.8685185185185185 0.18645833333333334 0.8694444444444445
5 0.4015625 0.7444444444444445 0.4078125 0.7472222222222222 0.4083333333333333 0.7435185185185185 0.39895833333333336 0.7296296296296296 0.3963541666666667 0.7027777777777777 0.3927083333333333 0.6916666666666667 0.3885416666666667 0.6907407407407408 0.38958333333333334 0.7407407407407407 0.39166666666666666 0.7564814814814815 0.3958333333333333 0.7592592592592593 0.4015625 0.7444444444444445
5 0.41875 0.6925925925925925 0.4234375 0.6935185185185185 0.4244791666666667 0.687962962962963 0.4166666666666667 0.6527777777777778 0.4114583333333333 0.6407407407407407 0.4078125 0.6453703703703704 0.40625 0.6574074074074074 0.409375 0.6703703703703704 0.4078125 0.6768518518518518 0.41875 0.6925925925925925
4 0.7213541666666666 0.7240740740740741 0.7296875 0.725925925925926 0.73125 0.7222222222222222 0.7307291666666667 0.6731481481481482 0.7244791666666667 0.6638888888888889 0.71875 0.6685185185185185 0.7177083333333333 0.6777777777777778 0.721875 0.6916666666666667 0.7197916666666667 0.7203703703703703 0.7213541666666666 0.7240740740740741
3 0.49583333333333335 0.7324074074074074 0.4947916666666667 0.7472222222222222 0.5015625 0.7537037037037037 0.5041666666666667 0.7675925925925926 0.5088541666666667 0.7666666666666667 0.5072916666666667 0.7472222222222222 0.5046875 0.7398148148148148 0.5052083333333334 0.7277777777777777 0.5015625 0.7157407407407408 0.49322916666666666 0.700925925925926 0.4895833333333333 0.7 0.4875 0.7074074074074074 0.4901041666666667 0.7166666666666667 0.4869791666666667 0.7203703703703703 0.4942708333333333 0.725925925925926 0.49583333333333335 0.7324074074074074
3 0.7203125 0.6305555555555555 0.7166666666666667 0.6305555555555555 0.715625 0.6361111111111111 0.7161458333333334 0.6768518518518518 0.7197916666666667 0.6777777777777778 0.7265625 0.6657407407407407 0.7203125 0.6305555555555555