4 0.5958333333333333 0.8046296296296296 0.5963541666666666 0.774074074074074 0.5989583333333334 0.7527777777777778 0.5973958333333333 0.7398148148148148 0.5911458333333334 0.725925925925926 0.5854166666666667 0.7425925925925926 0.5864583333333333 0.787962962962963 0.5848958333333333 0.8018518518518518 0.5875 0.8064814814814815 0.5958333333333333 0.8046296296296296
4 0.09947916666666666 0.737037037037037 0.09739583333333333 0.7240740740740741 0.09322916666666667 0.7240740740740741 0.08854166666666667 0.7398148148148148 0.08802083333333334 0.8 0.09270833333333334 0.8027777777777778 0.09947916666666666 0.7953703703703704 0.09947916666666666 0.737037037037037
5 0.9109375 0.7157407407407408 0.9119791666666667 0.7055555555555556 0.9171875 0.7055555555555556 0.9197916666666667 0.7148148148148148 0.9239583333333333 0.7175925925925926 0.921875 0.6768518518518518 0.915625 0.6611111111111111 0.9114583333333334 0.6638888888888889 0.9109375 0.6861111111111111 0.9052083333333333 0.7157407407407408 0.9083333333333333 0.7185185185185186 0.9109375 0.7157407407407408
4 0.4390625 0.6222222222222222 0.43125 0.6222222222222222 0.4270833333333333 0.6342592592592593 0.428125 0.6777777777777778 0.4317708333333333 0.6814814814814815 0.4390625 0.6453703703703704 0.4390625 0.6222222222222222
3 0.4161458333333333 0.7101851851851851 0.41875 0.6731481481481482 0.415625 0.6620370370370371 0.4119791666666667 0.6592592592592592 0.40572916666666664 0.674074074074074 0.40729166666666666 0.7240740740740741 0.4078125 0.7277777777777777 0.4119791666666667 0.7277777777777777 0.4161458333333333 0.7101851851851851
5 0.20520833333333333 0.6462962962962963 0.20052083333333334 0.6453703703703704 0.1953125 0.6592592592592592 0.196875 0.7083333333333334 0.20208333333333334 0.7129629629629629 0.2078125 0.6787037037037037 0.20520833333333333 0.6462962962962963
5 0.1890625 0.8814814814814815 0.19270833333333334 0.8851851851851852 0.2046875 0.8851851851851852 0.20729166666666668 0.8814814814814815 0.20520833333333333 0.8592592592592593 0.20729166666666668 0.8453703703703703 0.20104166666666667 0.7981481481481482 0.19583333333333333 0.7981481481481482 0.18958333333333333 0.8222222222222222 0.18958333333333333 0.8296296296296296 0.1921875 0.8361111111111111 0.19270833333333334 0.8574074074074074 0.1890625 0.8814814814814815
4 0.6734375 0.6777777777777778 0.6734375 0.6638888888888889 0.6692708333333334 0.6518518518518519 0.6645833333333333 0.6518518518518519 0.6604166666666667 0.6574074074074074 0.6598958333333333 0.6759259259259259 0.6536458333333334 0.7037037037037037 0.6541666666666667 0.712037037037037 0.6625 0.7111111111111111 0.6645833333333333 0.7074074074074074 0.6734375 0.6777777777777778
5 0.8265625 0.7981481481481482 0.8265625 0.7509259259259259 0.821875 0.7333333333333333 0.8182291666666667 0.7342592592592593 0.8145833333333333 0.7490740740740741 0.8161458333333333 0.7981481481481482 0.8182291666666667 0.8027777777777778 0.8234375 0.8018518518518518 0.8265625 0.7981481481481482
5 0.465625 0.5916666666666667 0.46770833333333334 0.5833333333333334 0.4630208333333333 0.5740740740740741 0.45625 0.5833333333333334 0.45364583333333336 0.6074074074074074 0.46458333333333335 0.6092592592592593 0.4666666666666667 0.6046296296296296 0.465625 0.5916666666666667
4 0.340625 0.6268518518518519 0.3411458333333333 0.5907407407407408 0.33541666666666664 0.5898148148148148 0.33229166666666665 0.5990740740740741 0.3333333333333333 0.6259259259259259 0.33177083333333335 0.6351851851851852 0.334375 0.637962962962963 0.340625 0.6268518518518519
5 0.4713541666666667 0.6361111111111111 0.4666666666666667 0.6194444444444445 0.4625 0.6222222222222222 0.46041666666666664 0.6388888888888888 0.4666666666666667 0.6703703703703704 0.471875 0.6546296296296297 0.4713541666666667 0.6361111111111111
4 0.2598958333333333 0.6564814814814814 0.2609375 0.6222222222222222 0.2557291666666667 0.6101851851851852 0.2484375 0.6212962962962963 0.25 0.6583333333333333 0.2520833333333333 0.6648148148148149 0.25677083333333334 0.6657407407407407 0.2598958333333333 0.6564814814814814
4 0.6661458333333333 0.687037037037037 0.6729166666666667 0.6768518518518518 0.6734375 0.6666666666666666 0.6682291666666667 0.6574074074074074 0.6598958333333333 0.6166666666666667 0.6578125 0.6148148148148148 0.6526041666666667 0.6240740740740741 0.6520833333333333 0.6601851851851852 0.6609375 0.6759259259259259 0.6609375 0.6851851851851852 0.6661458333333333 0.687037037037037
5 0.36302083333333335 0.6083333333333333 0.35885416666666664 0.6064814814814815 0.35520833333333335 0.6194444444444445 0.35260416666666666 0.6518518518518519 0.3614583333333333 0.6472222222222223 0.3651041666666667 0.6398148148148148 0.36302083333333335 0.6083333333333333
3 0.3338541666666667 0.5916666666666667 0.33489583333333334 0.5675925925925925 0.3296875 0.5611111111111111 0.3255208333333333 0.5703703703703704 0.325 0.5953703703703703 0.3260416666666667 0.6 0.3307291666666667 0.6 0.3338541666666667 0.5916666666666667
4 0.17864583333333334 0.7129629629629629 0.18229166666666666 0.700925925925926 0.18333333333333332 0.6601851851851852 0.18125 0.649074074074074 0.17708333333333334 0.6462962962962963 0.16979166666666667 0.662962962962963 0.16614583333333333 0.6787037037037037 0.171875 0.691049074074074 0.17291666666666666 0.7083333333333334 0.17864583333333334 0.7129629629629629
5 0.47239583333333335 0.712037037037037 0.475 0.7157407407407408 0.47760416666666666 0.7129629629629629 0.47604166666666664 0.6916666666666667 0.4796875 0.6666666666666666 0.4744791666666667 0.6509259259259259 0.4661458333333333 0.6509259259259259 0.46510416666666665 0.6611111111111111 0.46875 0.6842592592592592 0.4671875 0.6898148148148148 0.47239583333333335 0.712037037037037
3 0.6348958333333333 0.5518518518518518 0.6265625 0.5583333333333333 0.6255208333333333 0.5768518518518518 0.6255208333333333 0.6074074074074074 0.6307291666666667 0.6092592592592593 0.6364583333333333 0.5805555555555556 0.6348958333333333 0.5518518518518518
4 0.4546875 0.737037037037037 0.4583333333333333 0.7194444444444444 0.4583333333333333 0.7018518518518518 0.4625 0.6842592592592592 0.4583333333333333 0.6694444444444444 0.4552083333333333 0.6657407407407407 0.4479166666666667 0.6814814814814815 0.4479166666666667 0.7074074074074074 0.45 0.7129629629629629 0.4510416666666667 0.7333333333333333 0.4546875 0.737037037037037
5 0.4557291666666667 0.7351851851851852 0.45677083333333335 0.7287037037037037 0.4640625 0.7333333333333333 0.4661458333333333 0.6981481481481482 0.4640625 0.6768518518518518 0.4578125 0.6685185185185185 0.453125 0.6694444444444444 0.4510416666666667 0.6805555555555556 0.4515625 0.7277777777777777 0.45364583333333336 0.7361111111111112 0.4557291666666667 0.7351851851851852
5 0.7557291666666667 0.6370370370370371 0.7579276041666667 0.6432175925925926 0.7583197916666666 0.6460074074074074 0.7579276041666667 0.6490296296296296 0.7557291666666667 0.6537037037037037 0.7578125 0.6555555555555556 0.7630208333333334 0.6555555555555556 0.7640625 0.6537037037037037 0.7651041666666667 0.6185185185185185 0.7625 0.6129629629629629 0.7614583333333333 0.6074074074074074 0.7604166666666666 0.6055555555555555 0.759375 0.6046296296296296 0.75625 0.6064814814814815 0.75625 0.6111111111111112 0.7567708333333333 0.612037037037037 0.7557291666666667 0.6268518518518519 0.7557291666666667 0.6370370370370371
0 0.7510416666666667 0.6564814814814814 0.7526041666666666 0.6564814814814814 0.7552083333333334 0.6537037037037037 0.7546875 0.649074074074074 0.7536458333333333 0.6472222222222223 0.7520833333333333 0.6462962962962963 0.7494791666666667 0.6472222222222223 0.7484375 0.649074074074074 0.7484375 0.6537037037037037 0.7489583333333333 0.6546296296296297 0.7510416666666667 0.6564814814814814