4 0.7244791666666667 0.7907407407407407 0.73125 0.787962962962963 0.734375 0.7712962962962963 0.7385416666666667 0.774074074074074 0.74375 0.7916666666666666 0.746875 0.7907407407407407 0.7484375 0.7824074074074074 0.7416666666666667 0.7694444444444445 0.7380208333333333 0.7546296296296297 0.7401041666666667 0.7333333333333333 0.7328125 0.7148148148148148 0.728125 0.7157407407407408 0.7255208333333333 0.7342592592592593 0.7270833333333333 0.7453703703703703 0.7244791666666667 0.7907407407407407
5 0.696875 0.6601851851851852 0.7010416666666667 0.6620370370370371 0.7083333333333334 0.6509259259259259 0.7166666666666667 0.6583333333333333 0.7166666666666667 0.65 0.7125 0.6444444444444445 0.7088541666666667 0.6314814814814815 0.70625 0.612037037037037 0.7036458333333333 0.6101851851851852 0.7010416666666667 0.6157407407407407 0.7010416666666667 0.637962962962963 0.696875 0.6601851851851852
4 0.4822916666666667 0.7046296296296296 0.48489583333333336 0.6925925925925925 0.4895833333333333 0.6935185185185185 0.49375 0.7018518518518518 0.4973958333333333 0.700925925925926 0.4973958333333333 0.6962962962962963 0.4895833333333333 0.6824074074074075 0.49114583333333334 0.6611111111111111 0.4869791666666667 0.649074074074074 0.4822916666666667 0.6472222222222223 0.4791666666666667 0.6611111111111111 0.478125 0.7037037037037037 0.4822916666666667 0.7046296296296296
5 0.3697916666666667 0.65 0.371875 0.6388888888888888 0.3765625 0.6407407407407407 0.3807291666666667 0.649074074074074 0.3828125 0.6425925925925926 0.37604166666666666 0.6268518518518519 0.3734375 0.5990740740740741 0.36822916666666666 0.5990740740740741 0.3640625 0.649074074074074 0.3697916666666667 0.65
5 0.3151041666666667 0.6666666666666666 0.3171875 0.6611111111111111 0.32395833333333335 0.6638888888888889 0.32447916666666665 0.6574074074074074 0.31927083333333334 0.6425925925925926 0.31979166666666664 0.6259259259259259 0.3177083333333333 0.6129629629629629 0.31354166666666666 0.6138888888888889 0.31145833333333334 0.6259259259259259 0.3098958333333333 0.6648148148148149 0.3151041666666667 0.6666666666666666
3 0.9036458333333334 0.9990740740740741 0.9005208333333333 0.9787037037037037 0.9072916666666667 0.9407407407407408 0.9010416666666666 0.924074074074074 0.9 0.912962962962963 0.8973958333333333 0.9111111111111111 0.8947916666666667 0.9120370370370371 0.8927083333333333 0.9194444444444444 0.8916666666666667 0.9555555555555556 0.8859375 0.9861111111111112 0.8854166666666666 0.9990740740740741 0.9036458333333334 0.9990740740740741
5 0.0453125 0.7138888888888889 0.0484375 0.7092592592592593 0.04583333333333333 0.6972222222222222 0.0484375 0.6675925925925926 0.04479166666666667 0.6546296296296297 0.040625 0.6546296296296297 0.036458333333333336 0.6675925925925926 0.03854166666666667 0.712037037037037 0.0453125 0.7138888888888889
4 0.0046875 0.6731481481481482 0.005729166666666666 0.6861111111111111 0.020833333333333332 0.6851851851851852 0.021354166666666667 0.6682870370370371 0.025 0.6574074074074074 0.021354166666666667 0.6453703703703704 0.020833333333333332 0.6305555555555555 0.0171875 0.6268518518518519 0.009895833333333333 0.6416666666666667 0.010416666666666666 0.6472222222222223 0.0046875 0.6731481481481482
5 0.6458333333333334 0.7129629629629629 0.6505208333333333 0.7175925925925926 0.6526041666666667 0.7092592592592593 0.6494791666666667 0.6916666666666667 0.6515625 0.6731481481481482 0.6463541666666667 0.6574074074074074 0.6421875 0.6583333333333333 0.640625 0.6648148148148149 0.6416666666666667 0.700925925925926 0.6458333333333334 0.7129629629629629
3 0.2609375 0.6888888888888889 0.26458333333333334 0.6898148148148148 0.265625 0.6768518518518518 0.2713541666666667 0.6805555555555556 0.2755208333333333 0.6935185185185185 0.27708333333333335 0.6842592592592592 0.27395833333333336 0.674074074074074 0.2713541666666667 0.6361111111111111 0.2671875 0.6277777777777778 0.2635416666666667 0.6305555555555555 0.2625 0.637962962962963 0.2598958333333333 0.6703703703703704 0.2609375 0.6888888888888889
4 0.253125 0.6518518518518519 0.259375 0.6546296296296297 0.26458333333333334 0.6435185185185185 0.265625 0.6129629629629629 0.259375 0.600925925925926 0.25625 0.6046296296296296 0.25364583333333335 0.6194444444444445 0.2546875 0.6388888888888888 0.253125 0.6518518518518519
5 0.18958333333333333 0.6342592592592593 0.18802083333333333 0.6222222222222222 0.1890625 0.5898148148148148 0.18385416666666668 0.5916666666666667 0.17864583333333334 0.6240740740740741 0.17760416666666667 0.6342592592592593 0.18958333333333333 0.6342592592592593
3 0.7557291666666667 0.6185185185185185 0.7583333333333333 0.5962962962962963 0.7578125 0.5685185185185185 0.7557291666666667 0.5648148148148148 0.7520833333333333 0.5657407407407408 0.7494791666666667 0.5796296296296296 0.75 0.6157407407407407 0.7557291666666667 0.6185185185185185
5 0.17135416666666667 0.6907407407407408 0.17135416666666667 0.7 0.17604166666666668 0.700925925925926 0.1828125 0.6916666666666667 0.18385416666666668 0.6842592592592592 0.178125 0.6777777777777778 0.17604166666666668 0.6694444444444444 0.178125 0.6564814814814814 0.17447916666666666 0.6407407407407407 0.16979166666666667 0.6398148148148148 0.1671875 0.6509259259259259 0.16770833333333332 0.6833333333333333 0.17135416666666667 0.6907407407407408
4 0.10677083333333333 0.6268518518518519 0.10364583333333334 0.6435185185185185 0.10625 0.6462962962962963 0.115625 0.6435185185185185 0.11770833333333333 0.6388888888888888 0.11458333333333333 0.6277777777777778 0.11666666666666667 0.6148148148148148 0.115625 0.6027777777777777 0.10989583333333333 0.5944444444444444 0.10416666666666667 0.6064814814814815 0.103125 0.6148148148148148 0.10677083333333333 0.6268518518518519
5 0.07916666666666666 0.625 0.08385416666666666 0.625 0.08541666666666667 0.6222222222222222 0.084375 0.6101851851851852 0.08645833333333333 0.5953703703703703 0.08020833333333334 0.5814814814814815 0.07604166666666666 0.5888888888888889 0.07708333333333334 0.6212962962962963 0.07916666666666666 0.625
5 0.7442708333333333 0.6916666666666667 0.7458333333333333 0.7046296296296296 0.7489583333333333 0.7055555555555556 0.7552083333333334 0.700925925925926 0.7510416666666667 0.6833333333333333 0.7526041666666666 0.6472222222222223 0.7479166666666667 0.6444444444444445 0.7458333333333333 0.6537037037037037 0.74375 0.6685185185185185 0.7442708333333333 0.6916666666666667
4 0.06354166666666666 0.6111111111111112 0.06822916666666666 0.6259259259259259 0.0765625 0.6148148148148148 0.07760416666666667 0.6083333333333333 0.0765625 0.5879629629629629 0.071875 0.5814814814814815 0.06822916666666666 0.5861111111111111 0.0671875 0.6055555555555555 0.06354166666666666 0.6111111111111112
0 0.0625 0.6212962962962963 0.06822916666666666 0.6240740740740741 0.07135416666666666 0.6111111111111112 0.06822916666666666 0.6037037037037037 0.06354166666666666 0.6083333333333333 0.06197916666666667 0.6111111111111112 0.0625 0.6212962962962963
4 0.10052083333333334 0.6148148148148148 0.09947916666666666 0.6185185185185185 0.103125 0.6212962962962963 0.10729166666666666 0.5953703703703703 0.1046875 0.5777777777777777 0.09947916666666666 0.575925925925926 0.09739583333333333 0.5990740740740741 0.10052083333333334 0.6148148148148148
4 0.603125 0.6657407407407407 0.6114583333333333 0.6685185185185185 0.6130208333333333 0.6592592592592592 0.609375 0.6472222222222223 0.609375 0.6277777777777778 0.6052083333333333 0.6175925925925926 0.603125 0.6166666666666667 0.6010416666666667 0.6222222222222222 0.6 0.6537037037037037 0.603125 0.6657407407407407
5 0.7848958333333333 0.7731481481481481 0.790625 0.7944444444444444 0.7953125 0.7962962962962963 0.7973958333333333 0.7944444444444444 0.79375 0.7712962962962963 0.7958333333333333 0.7472222222222222 0.7927083333333333 0.7287037037037037 0.7901041666666667 0.725925925925926 0.7864583333333334 0.7305555555555555 0.784375 0.7472222222222222 0.7848958333333333 0.7731481481481481
3 0.17135416666666667 0.5611111111111111 0.1703125 0.5879629629629629 0.17447916666666666 0.5916666666666667 0.18020833333333333 0.587037037037037 0.1796875 0.5657407407407408 0.17760416666666667 0.5546296296296296 0.16927083333333334 0.5462962962962963 0.16770833333333332 0.5537037037037037 0.17135416666666667 0.5611111111111111