2 0.75 0.6462962962962963 0.7520833333333333 0.65 0.7645833333333333 0.637962962962963 0.7619791666666667 0.612037037037037 0.7645833333333333 0.5685185185185185 0.76875 0.5518518518518518 0.7661458333333333 0.5416666666666666 0.7598958333333333 0.5324074074074074 0.7557291666666667 0.5166666666666667 0.75 0.5175925925925926 0.7484375 0.5388888888888889 0.75 0.5592592592592592 0.7479166666666667 0.5722222222222222 0.7515625 0.6222222222222222 0.75 0.6462962962962963
5 0.1234375 0.5990740740740741 0.12604166666666666 0.6027777777777777 0.13020833333333334 0.6027777777777777 0.13125 0.5990740740740741 0.140625 0.5990740740740741 0.1421875 0.6046296296296296 0.14583333333333334 0.6037037037037037 0.14375 0.5675925925925925 0.14791666666666667 0.5435185185185185 0.14270833333333333 0.5194444444444445 0.13489583333333333 0.49722222222222223 0.13020833333333334 0.49907407407407406 0.12291666666666666 0.5314814814814814 0.121875 0.5546296296296296 0.1265625 0.5731481481481482 0.12552083333333333 0.5944444444444444 0.1234375 0.5990740740740741
3 0.18125 0.6657407407407407 0.1875 0.6648148148148149 0.18854166666666666 0.6537037037037037 0.19791666666666666 0.6314814814814815 0.20208333333333334 0.6333333333333333 0.20989583333333334 0.6675925925925926 0.21822916666666667 0.6666666666666666 0.2203125 0.6620370370370371 0.21302083333333333 0.6564814814814814 0.21041666666666667 0.6472222222222223 0.20364583333333333 0.6046296296296296 0.20364583333333333 0.5953703703703703 0.209375 0.5842592592592593 0.2078125 0.5444444444444444 0.2046875 0.5407407407407407 0.2015625 0.5425925925925926 0.19322916666666667 0.5675925925925925 0.19010416666666666 0.5981481481481481 0.19114583333333332 0.625 0.18020833333333333 0.662962962962963 0.18125 0.6657407407407407
4 0.525 0.6509259259259259 0.5265625 0.6462962962962963 0.5421875 0.65 0.5432291666666667 0.6175925925925926 0.540625 0.5672222222222223 0.5442708333333334 0.5518518518518518 0.5411458333333333 0.5435185185185185 0.534375 0.5361111111111111 0.534375 0.525 0.5296875 0.5212962962962963 0.5270833333333333 0.525 0.5276041666666667 0.5370370370370371 0.5213541666666667 0.5481481481481482 0.5197916666666667 0.562037037037037 0.5234375 0.5833333333333334 0.5213541666666667 0.6472222222222223 0.525 0.6509259259259259
4 0.853125 0.762962962962963 0.8651041666666667 0.7601851851851852 0.8640625 0.7490740740740741 0.8671875 0.7314814814814815 0.8677083333333333 0.6805555555555556 0.8713541666666667 0.674074074074074 0.8713541666666667 0.6694444444444444 0.8661458333333333 0.6425925925925926 0.8578125 0.6240740740740741 0.8520833333333333 0.6259259259259259 0.8453125 0.6509259259259259 0.8447916666666667 0.6666666666666666 0.8489583333333334 0.6805555555555556 0.8515625 0.7601851851851852 0.853125 0.762962962962963
5 0.6359375 0.6287037037037037 0.6380208333333334 0.6472222222222223 0.6473958333333333 0.6777777777777778 0.64375 0.6898148148148148 0.65 0.6935185185185185 0.6546875 0.6898148148148148 0.6546875 0.6796296296296296 0.6489583333333333 0.5925925925925926 0.6421875 0.5657407407407408 0.6385416666666667 0.562037037037037 0.6348958333333333 0.5648148148148148 0.6338541666666667 0.575925925925926 0.6364583333333333 0.5861111111111111 0.6380208333333334 0.6194444444444445 0.6359375 0.6287037037037037
4 0.584375 0.6953703703703704 0.5854166666666667 0.6888888888888889 0.6 0.6962962962962963 0.6015625 0.6925925925925925 0.5994791666666667 0.6555555555555556 0.6020833333333333 0.6148148148148148 0.6010416666666667 0.6027777777777777 0.5916666666666667 0.5805555555555556 0.5791666666666667 0.6027777777777777 0.5776041666666667 0.6101851851851852 0.5765625 0.6222222222222222 0.5791666666666667 0.6398148148148148 0.5802083333333333 0.6925925925925925 0.584375 0.6953703703703704
5 0.8708333333333333 0.6638888888888889 0.8708333333333333 0.6675925925925926 0.8807291666666667 0.7555555555555555 0.8796875 0.7592592592592593 0.8828125 0.762962962962963 0.8911458333333333 0.762962962962963 0.8927083333333333 0.7537037037037037 0.8901041666666667 0.7240740740740741 0.8932291666666666 0.687037037037037 0.8911458333333333 0.6453703703703704 0.8822916666666667 0.6175925925925926 0.8765625 0.6166666666666667 0.8744791666666667 0.6231481481481481 0.8744791666666667 0.6333333333333333 0.878125 0.6462962962962963 0.8765625 0.6574074074074074 0.8708333333333333 0.6638888888888889
4 0.8015625 0.7046296296296296 0.8072916666666666 0.6925925925925925 0.80625 0.6842592592592592 0.8088541666666667 0.6611111111111111 0.8151041666666666 0.6546296296296297 0.8208333333333333 0.6731481481481482 0.8229166666666666 0.6944444444444444 0.821875 0.7046296296296296 0.8265625 0.7074074074074074 0.8286458333333333 0.7046296296296296 0.8296875 0.6925925925925925 0.825 0.6620370370370371 0.825 0.6425925925925926 0.8291666666666667 0.6231481481481481 0.8296875 0.6046296296296296 0.8177083333333334 0.575 0.8083333333333333 0.575 0.8078125 0.5898148148148148 0.8020833333333334 0.6166666666666667 0.8026041666666667 0.6462962962962963 0.7984375 0.687037037037037 0.7947916666666667 0.7027777777777777 0.8015625 0.7046296296296296
5 0.6286458333333333 0.6259259259259259 0.6307291666666667 0.6287037037037037 0.6328125 0.6231481481481481 0.6296875 0.5812962962962962 0.6317708333333333 0.5481481481481482 0.6229166666666667 0.5166666666666667 0.6177083333333333 0.5212962962962963 0.6182291666666667 0.5342592592592592 0.6151041666666667 0.5518518518518518 0.6177083333333333 0.6231481481481481 0.6145833333333334 0.6305555555555555 0.621875 0.6314814814814815 0.6286458333333333 0.6259259259259259
0 0.23125 0.5138888888888888 0.22916666666666666 0.5175925925925926 0.23020833333333332 0.5287037037037037 0.23697916666666666 0.5268518518518519 0.2359375 0.5157407407407407 0.23125 0.5138888888888888
5 0.47604166666666664 0.5842592592592593 0.475 0.6222222222222222 0.47708333333333336 0.625 0.48020833333333335 0.6231481481481481 0.48125 0.6003083333333333 0.4859375 0.5916666666666667 0.4942708333333333 0.6231481481481481 0.49635416666666665 0.6194444444444445 0.49635416666666665 0.6111111111111112 0.4947916666666667 0.5953703703703703 0.4921875 0.5916666666666667 0.4921875 0.5518518518518518 0.4901041666666667 0.5425925925925926 0.4869791666666667 0.5333333333333333 0.4817708333333333 0.5277777777777778 0.478125 0.5157407407407407 0.4739583333333333 0.5175925925925926 0.4713541666666667 0.5370370370370371 0.47291666666666665 0.5518518518518518 0.4703125 0.575925925925926 0.4744791666666667 0.575925925925926 0.47604166666666664 0.5842592592592593
4 0.259375 0.512962962962963 0.2640625 0.5166666666666667 0.2671875 0.512962962962963 0.26875 0.5027777777777778 0.2713541666666667 0.4537037037037037 0.2630208333333333 0.42962962962962964 0.259375 0.42685185185185187 0.25625 0.43148148148148147 0.25416666666666665 0.4462962962962963 0.2546875 0.4703703703703704 0.2609375 0.5027777777777778 0.259375 0.512962962962963
5 0.5427083333333333 0.5907407407407408 0.5463541666666667 0.5981481481481481 0.5510416666666667 0.6314814814814815 0.55 0.6407407407407407 0.5479166666666667 0.6425925925925926 0.5640625 0.65 0.5671875 0.6388888888888888 0.5567708333333333 0.6092592592592593 0.5588541666666667 0.575925925925926 0.5536458333333333 0.5444444444444444 0.5458333333333333 0.5222222222222223 0.540625 0.5287037037037037 0.5421875 0.5472222222222223 0.5401041666666667 0.5712962962962963 0.5427083333333333 0.5777777777777777 0.5427083333333333 0.5907407407407408
5 0.9578125 0.7342592592592593 0.9645833333333333 0.725 0.9734375 0.7453703703703703 0.9729166666666667 0.7555555555555555 0.9744791666666667 0.7583333333333333 0.9807291666666667 0.7564814814814815 0.9817708333333334 0.7509259259259259 0.9776041666666667 0.7416666666666667 0.9723958333333333 0.7185185185185186 0.9786458333333333 0.7018518518518518 0.98125 0.6805555555555556 0.9786458333333333 0.6564814814814814 0.9744791666666667 0.6509259259259259 0.9703125 0.6342592592592593 0.9661458333333334 0.6324074074074074 0.9645833333333333 0.6351851851851852 0.9572916666666667 0.6777777777777778 0.9489583333333333 0.6925925925925925 0.9505208333333334 0.6944444444444444 0.9484375 0.7518518518518519 0.9588541666666667 0.7518518518518519 0.9578125 0.7342592592592593
4 0.9859375 0.7453703703703703 0.9828125 0.7518518518518519 0.9828125 0.7592592592592593 0.990625 0.7611111111111111 0.9932291666666667 0.7537037037037037 0.9895833333333334 0.725 0.9916666666666667 0.7175925925925926 0.9994791666666667 0.712037037037037 0.9994791666666667 0.6416666666666667 0.9958333333333333 0.637962962962963 0.9942708333333333 0.6231481481481481 0.9875 0.6259259259259259 0.9869791666666666 0.6370370370370371 0.9796875 0.6583333333333333 0.9807291666666667 0.6851851851851852 0.9838541666666667 0.6944444444444444 0.98125 0.7222222222222222 0.9859375 0.7453703703703703
2 0.40625 0.5638888888888889 0.41041666666666665 0.5601851851851852 0.4114583333333333 0.5055555555555555 0.40677083333333336 0.4583333333333333 0.4041666666666667 0.45555555555555555 0.4005208333333333 0.4601851851851852 0.4010416666666667 0.4759259259259259 0.39791666666666664 0.48148148148148145 0.39895833333333336 0.5296296296296297 0.396875 0.5574074074074075 0.39947916666666666 0.562962962962963 0.40625 0.5638888888888889
5 0.4010416666666667 0.5555555555555556 0.4005208333333333 0.4824074074074074 0.39427083333333335 0.46574074074074073 0.39166666666666666 0.4648148148148148 0.3885416666666667 0.4703703703703704 0.3854166666666667 0.48518518518518516 0.38645833333333335 0.562962962962963 0.3953125 0.5638888888888889 0.4010416666666667 0.5555555555555556