4 0.22864583333333333 0.8712962962962963 0.24427083333333333 0.8777777777777778 0.25052083333333336 0.8574074074074074 0.25 0.8388888888888889 0.2520833333333333 0.8296296296296296 0.25729166666666664 0.825 0.259375 0.8009259259259259 0.25625 0.7981481481481482 0.2526041666666667 0.8009259259259259 0.2390625 0.8305555555555556 0.23541666666666666 0.8527777777777777 0.22864583333333333 0.8712962962962963
4 0.4140625 0.7805555555555556 0.4197916666666667 0.8083333333333333 0.4276041666666667 0.7925925925925926 0.4322916666666667 0.7962962962962963 0.4395833333333333 0.8157407407407408 0.4432291666666667 0.8157407407407408 0.4427083333333333 0.8092592592592592 0.43385416666666665 0.7898148148148149 0.4328125 0.7824074074074074 0.43645833333333334 0.775 0.43854166666666666 0.7777777777777778 0.4432291666666667 0.775 0.43697916666666664 0.7685185185185185 0.4270833333333333 0.7425925925925926 0.42291666666666666 0.7407407407407407 0.42135416666666664 0.7435185185185185 0.41458333333333336 0.7583333333333333 0.4119791666666667 0.7712962962962963 0.4119791666666667 0.7787037037037037 0.4140625 0.7805555555555556
5 0.39895833333333336 0.9027777777777778 0.40273229166666663 0.9002018518518519 0.41047656250000003 0.8643046296296296 0.4140625 0.8962962962962963 0.415625 0.9064814814814814 0.42083333333333334 0.9083333333333333 0.41875 0.8731481481481481 0.42083333333333334 0.8574074074074074 0.4239583333333333 0.8527777777777777 0.4239583333333333 0.8407407407407408 0.41875 0.8083333333333333 0.4119791666666667 0.8101851851851852 0.4109375 0.8194444444444444 0.40572916666666664 0.8296296296296296 0.4015625 0.8555555555555555 0.40260416666666665 0.8740740740740741 0.39895833333333336 0.9027777777777778
4 0.3921875 0.7648148148148148 0.3963541666666667 0.7481481481481481 0.3963541666666667 0.7046296296296296 0.3885416666666667 0.6907407407407408 0.38229166666666664 0.7046296296296296 0.38385416666666666 0.7601851851851852 0.3921875 0.7648148148148148
3 0.475 0.7157407407407408 0.4817708333333333 0.7324074074074074 0.4890625 0.725925925925926 0.49375 0.7388888888888889 0.49583333333333335 0.7305555555555555 0.4869791666666667 0.6990740740740741 0.4901041666666667 0.6796296296296296 0.4822916666666667 0.6583333333333333 0.4796875 0.6611111111111111 0.475 0.6814814814814815 0.478125 0.6888888888888889 0.475 0.7157407407407408
5 0.37447916666666664 0.6675925925925926 0.3765625 0.6712962962962963 0.3807291666666667 0.6694444444444444 0.3848958333333333 0.6564814814814814 0.3958333333333333 0.6638888888888889 0.39791666666666664 0.6583333333333333 0.3958333333333333 0.6527777777777778 0.38958333333333334 0.65 0.3875 0.6222222222222222 0.384375 0.6129629629629629 0.3802083333333333 0.6138888888888889 0.3796875 0.6453703703703704 0.37447916666666664 0.6675925925925926
4 0.7734375 0.7518518518518519 0.7723958333333333 0.7648148148148148 0.7760416666666666 0.7675925925925926 0.7802083333333333 0.762962962962963 0.7828125 0.7472222222222222 0.7828125 0.7277777777777777 0.7869791666666667 0.7157407407407408 0.7822916666666667 0.6925925925925925 0.7796875 0.6888888888888889 0.7760416666666666 0.6916666666666667 0.7708333333333334 0.7175925925925926 0.7697916666666667 0.7444444444444445 0.7734375 0.7518518518518519
5 0.5052083333333334 0.7833333333333333 0.5119791666666667 0.7916666666666666 0.5125 0.825925925925926 0.5171875 0.8268518518518518 0.5197916666666667 0.8231481481481482 0.51875 0.8083333333333333 0.5234375 0.8046296296296296 0.5390625 0.8064814814814815 0.5369791666666667 0.7962962962962963 0.5302083333333333 0.7962962962962963 0.5244791666666667 0.7870370370370371 0.5229166666666667 0.774074074074074 0.5114583333333333 0.7472222222222222 0.5057291666666667 0.7453703703703703 0.5088541666666667 0.7694444444444445 0.5052083333333334 0.7833333333333333
5 0.734375 0.8675925925925926 0.7364583333333333 0.8805555555555555 0.734375 0.8925925925925926 0.7395833333333334 0.899074074074074 0.7453125 0.8953703703703704 0.7458333333333333 0.8731481481481481 0.75 0.862037037037037 0.7520833333333333 0.8333333333333334 0.7489583333333333 0.8101851851851852 0.74375 0.8064814814814815 0.7411458333333333 0.812037037037037 0.7411458333333333 0.8435185185185186 0.734375 0.8675925925925926
5 0.7744791666666667 0.6666666666666666 0.7791666666666667 0.6694444444444444 0.7817708333333333 0.6601851851851852 0.7859375 0.6574074074074074 0.7947916666666667 0.6620370370370371 0.7947916666666667 0.6564814814814814 0.7890625 0.6509259259259259 0.7859375 0.6407407407407407 0.7833333333333333 0.6194444444444445 0.7786458333333334 0.6148148148148148 0.7776041666666667 0.6212962962962963 0.7776041666666667 0.6527777777777778 0.7744791666666667 0.6666666666666666
4 0.6546875 0.6083333333333333 0.6619791666666667 0.5962962962962963 0.659375 0.5898148148148148 0.6572916666666667 0.5712962962962963 0.6541666666666667 0.5638888888888889 0.6510416666666666 0.5638888888888889 0.6473958333333333 0.575925925925926 0.65 0.6046296296296296 0.6546875 0.6083333333333333
4 0.6119791666666666 0.8453703703703703 0.6161458333333333 0.8555555555555555 0.61875 0.8740740740740741 0.6166666666666667 0.8851851851851852 0.6229166666666667 0.8888888888888888 0.6260416666666667 0.8861111111111111 0.6265625 0.8768518518518519 0.6385416666666667 0.8777777777777778 0.628125 0.8601851851851852 0.6291666666666667 0.8222222222222222 0.6192708333333333 0.8018518518518518 0.6145833333333334 0.8027777777777778 0.6130208333333333 0.8083333333333333 0.6151041666666667 0.8361111111111111 0.6119791666666666 0.8453703703703703
5 0.5432291666666667 0.6666666666666666 0.5390625 0.6972222222222222 0.5463541666666667 0.6962962962962963 0.5458333333333333 0.6824074074074075 0.5484375 0.6768518518518518 0.5578125 0.6851851851851852 0.5604166666666667 0.6944444444444444 0.5640625 0.6935185185185185 0.5640625 0.6851851851851852 0.5546875 0.6722222222222223 0.5489583333333333 0.6462962962962963 0.5395833333333333 0.637962962962963 0.5390625 0.6462962962962963 0.5432291666666667 0.6666666666666666
4 0.321875 0.6398148148148148 0.32760416666666664 0.6194444444444445 0.32916666666666666 0.5990740740740741 0.3229166666666667 0.5833333333333334 0.3177083333333333 0.5935185185185186 0.3182291666666667 0.6388888888888888 0.321875 0.6398148148148148
3 0.28020833333333334 0.5537037037037037 0.2828125 0.5601851851851852 0.2864583333333333 0.5601851851851852 0.284375 0.5481481481481482 0.2864583333333333 0.5370370370370371 0.28541666666666665 0.5305555555555556 0.2786458333333333 0.5277777777777778 0.2734375 0.549074074074074 0.2734375 0.5592592592592592 0.28020833333333334 0.5537037037037037
3 0.6317708333333333 0.5675925925925925 0.6354166666666666 0.5703703703703704 0.6385416666666667 0.5648148148148148 0.6411458333333333 0.5361111111111111 0.6375 0.5259259259259259 0.6307291666666667 0.525 0.6291666666666667 0.5444444444444444 0.6317708333333333 0.5675925925925925
4 0.18854166666666666 0.6736111111111112 0.1890625 0.7 0.19322916666666667 0.700925925925926 0.19479166666666667 0.6925925925925925 0.20052083333333334 0.6898148148148148 0.20520833333333333 0.7037037037037037 0.20625 0.6888888888888889 0.203125 0.6796296296296296 0.20364583333333333 0.6611111111111111 0.20104166666666667 0.6462962962962963 0.19322916666666667 0.6333333333333333 0.18802083333333333 0.6481481481481481 0.18541666666666667 0.6638888888888889 0.18854166666666666 0.6736111111111112
5 0.8484375 0.7166666666666667 0.8578125 0.7157407407407408 0.8614583333333333 0.7101851851851851 0.8640625 0.6703703703703704 0.8614583333333333 0.649074074074074 0.8572916666666667 0.6472222222222223 0.853125 0.662962962962963 0.8473958333333333 0.7129629629629629 0.8484375 0.7166666666666667
5 0.6411458333333333 0.7601851851851852 0.6411458333333333 0.7805555555555556 0.646875 0.7833333333333333 0.6489583333333333 0.7796296296296297 0.6494791666666667 0.7601851851851852 0.6526041666666667 0.7481481481481481 0.6541666666666667 0.7277777777777777 0.6463541666666667 0.7055555555555556 0.6421875 0.7074074074074074 0.6380208333333334 0.7222222222222222 0.6369791666666667 0.7342592592592593 0.6411458333333333 0.7601851851851852
5 0.9588541666666667 0.7509259259259259 0.9598958333333333 0.7731481481481481 0.9635416666666666 0.7944444444444444 0.9708333333333333 0.7962962962962963 0.9739583333333334 0.7916666666666666 0.96875 0.7712962962962963 0.9713541666666666 0.7574074074074074 0.9708333333333333 0.7379629629629629 0.9677083333333333 0.7185185185185186 0.9625 0.7157407407407408 0.9609375 0.7194444444444444 0.9609375 0.7444444444444445 0.9588541666666667 0.7509259259259259
4 0.6151041666666667 0.6851851851851852 0.6151041666666667 0.6935185185185185 0.6197916666666666 0.6953703703703704 0.6234375 0.6814814814814815 0.6234375 0.649074074074074 0.6192708333333333 0.6361111111111111 0.6151041666666667 0.6342592592592593 0.6130208333333333 0.637962962962963 0.6114583333333333 0.6731481481481482 0.6151041666666667 0.6851851851851852
0 0.4083333333333333 0.9074074074074074 0.4119791666666667 0.9037037037037037 0.4125 0.9 0.4083333333333333 0.8898148148148148 0.40260416666666665 0.8935185185185185 0.40260416666666665 0.9046296296296297 0.4083333333333333 0.9074074074074074