4 0.11145833333333334 0.8435185185185186 0.11979166666666667 0.8268518518518518 0.11927083333333334 0.7685185185185185 0.11510416666666666 0.7666666666666667 0.10989583333333333 0.7787037037037037 0.10625 0.8046296296296296 0.09583333333333334 0.825925925925926 0.10729166666666666 0.8444444444444444 0.11145833333333334 0.8435185185185186
5 0.9052083333333333 0.8546296296296296 0.9078125 0.8416666666666667 0.90625 0.8333333333333334 0.9072916666666667 0.8212962962962963 0.9119791666666667 0.8194444444444444 0.9088541666666666 0.8009259259259259 0.9005208333333333 0.7842592592592592 0.8963541666666667 0.7833333333333333 0.8901041666666667 0.8037037037037037 0.8869791666666667 0.8064814814814815 0.8864583333333333 0.8101851851851852 0.8953125 0.8138888888888889 0.8994791666666667 0.8527777777777777 0.9052083333333333 0.8546296296296296
4 0.29010416666666666 0.6138888888888889 0.2864583333333333 0.6046296296296296 0.2833333333333333 0.6027777777777777 0.2791666666666667 0.6111111111111112 0.278125 0.6222222222222222 0.2838541666666667 0.6527777777777778 0.2869791666666667 0.6555555555555556 0.29010416666666666 0.6138888888888889
3 0.7098958333333333 0.7083333333333334 0.7125 0.7157407407407408 0.7135416666666666 0.7064814814814815 0.709375 0.6851851851851852 0.7098958333333333 0.6694444444444444 0.7046875 0.6518518518518519 0.7005208333333334 0.6555555555555556 0.6994791666666667 0.6731481481481482 0.6994791666666667 0.7166666666666667 0.7020833333333333 0.7157407407407408 0.703125 0.7083333333333334 0.7098958333333333 0.7083333333333334
0 0.15134531250000002 0.834612962962963 0.15101510416666666 0.8302074074074074 0.1491984375 0.828150925925926 0.1453125 0.8324074074074074 0.14427083333333332 0.8398148148148148 0.14635416666666667 0.8435185185185186 0.15052083333333333 0.8435185185185186 0.15134531250000002 0.834612962962963
5 0.5791666666666667 0.6537037037037037 0.5734375 0.637962962962963 0.5703125 0.6407407407407407 0.5666666666666667 0.6537037037037037 0.5703125 0.6925925925925925 0.5729166666666666 0.6981481481481482 0.575 0.6935185185185185 0.5791666666666667 0.6537037037037037
3 0.3255208333333333 0.5694444444444444 0.32083333333333336 0.562962962962963 0.3182291666666667 0.5638888888888889 0.31614583333333335 0.5722222222222222 0.315625 0.5972222222222222 0.3260416666666667 0.6 0.32760416666666664 0.5944444444444444 0.3255208333333333 0.5694444444444444
5 0.9041666666666667 0.7712962962962963 0.903125 0.7444444444444445 0.90625 0.7314814814814815 0.9010416666666666 0.7092592592592593 0.8958333333333334 0.7111111111111111 0.8916666666666667 0.7324074074074074 0.8911458333333333 0.775 0.8921875 0.7796296296296297 0.8947916666666667 0.7796296296296297 0.9041666666666667 0.7712962962962963
4 0.6015625 0.6305555555555555 0.6026041666666667 0.5907407407407408 0.5989583333333334 0.587037037037037 0.5927083333333333 0.5944444444444444 0.59375 0.6296296296296297 0.5953125 0.6342592592592593 0.5994791666666667 0.6333333333333333 0.6015625 0.6305555555555555
4 0.8770833333333333 0.8453703703703703 0.88125 0.8453703703703703 0.8828125 0.8314814814814815 0.8776041666666666 0.7907407407407407 0.8723958333333334 0.7777777777777778 0.8661458333333333 0.7796296296296297 0.8645833333333334 0.8083333333333333 0.8677083333333333 0.8231481481481482 0.8744791666666667 0.8324074074074074 0.8770833333333333 0.8453703703703703
5 0.1734375 0.6925925925925925 0.17447916666666666 0.6851851851851852 0.1671875 0.675 0.1578125 0.6537037037037037 0.15260416666666668 0.6666666666666666 0.153125 0.7185185185185186 0.15625 0.7203703703703703 0.16041666666666668 0.700925925925926 0.1734375 0.6925925925925925
5 0.61875 0.6138888888888889 0.6135416666666667 0.6240740740740741 0.6151041666666667 0.6620370370370371 0.61875 0.6638888888888889 0.625 0.6277777777777778 0.61875 0.6138888888888889
4 0.34427083333333336 0.7324074074074074 0.3489583333333333 0.6916666666666667 0.3453125 0.674074074074074 0.3416666666666667 0.6759259259259259 0.33177083333333335 0.7037037037037037 0.3328125 0.7324074074074074 0.33697916666666666 0.7481481481481481 0.33958333333333335 0.7490740740740741 0.34427083333333336 0.7324074074074074
4 0.8427083333333333 0.6342592592592593 0.8447916666666667 0.6027777777777777 0.8421875 0.5916666666666667 0.8369791666666667 0.5916666666666667 0.8338541666666667 0.6027777777777777 0.8348958333333333 0.6351851851851852 0.8401041666666667 0.6388888888888888 0.8427083333333333 0.6342592592592593
5 0.6619791666666667 0.7472222222222222 0.6546875 0.7268518518518519 0.6505208333333333 0.7277777777777777 0.6473958333333333 0.7361111111111112 0.646875 0.762962962962963 0.6494791666666667 0.7898148148148149 0.6578125 0.7972222222222223 0.6619791666666667 0.7472222222222222
5 0.35 0.6861111111111111 0.3453125 0.6712962962962963 0.3416666666666667 0.6722222222222223 0.3380208333333333 0.6842592592592592 0.33697916666666666 0.6907407407407408 0.3453125 0.7138888888888889 0.35052083333333334 0.6935185185185185 0.35 0.6861111111111111
4 0.6479166666666667 0.7842592592592592 0.65 0.7907407407407407 0.6505208333333333 0.7833333333333333 0.6479166666666667 0.7814814814814814 0.646875 0.774074074074074 0.6494791666666667 0.7435185185185185 0.6421875 0.725 0.6380208333333334 0.725925925925926 0.6348958333333333 0.75 0.6348958333333333 0.7935185185185185 0.6385416666666667 0.7953703703703704 0.6453125 0.7842592592592592 0.6479166666666667 0.7842592592592592
5 0.8838541666666667 0.6722222222222223 0.8786458333333333 0.6546296296296297 0.8744791666666667 0.6555555555555556 0.8713541666666667 0.6638888888888889 0.8708333333333333 0.7018518518518518 0.8739583333333333 0.7111111111111111 0.8770833333333333 0.7129629629629629 0.8838541666666667 0.6722222222222223
4 0.525 0.6203703703703703 0.5213541666666667 0.6129629629629629 0.5171875 0.6129629629629629 0.5140625 0.6203703703703703 0.5182291666666666 0.6611111111111111 0.521875 0.6638888888888889 0.5239583333333333 0.6555555555555556 0.525 0.6203703703703703
3 0.9994791666666667 0.924074074074074 0.99375 0.9268518518518518 0.9802083333333333 0.9824074074074074 0.9786458333333333 0.9990740740740741 0.9963541666666667 0.9990740740740741 0.9994791666666667 0.9953703703703703 0.9994791666666667 0.924074074074074
5 0.8625 0.6407407407407407 0.8635416666666667 0.6268518518518519 0.859375 0.6166666666666667 0.8541666666666666 0.6240740740740741 0.8541666666666666 0.6537037037037037 0.8578125 0.6657407407407407 0.8640625 0.6509259259259259 0.8625 0.6407407407407407
4 0.8703125 0.7046296296296296 0.8713541666666667 0.6620370370370371 0.8661458333333333 0.65 0.859375 0.6518518518518519 0.8572916666666667 0.6592592592592592 0.8614583333333333 0.7083333333333334 0.8651041666666667 0.7129629629629629 0.8677083333333333 0.712037037037037 0.8703125 0.7046296296296296
5 0.16354166666666667 0.825 0.17604166666666668 0.7833333333333333 0.1734375 0.7657407407407407 0.16979166666666667 0.7657407407407407 0.15885416666666666 0.7787037037037037 0.16145833333333334 0.7833333333333333 0.1515625 0.8240740740740741 0.15260416666666668 0.8305555555555556 0.16354166666666667 0.825