1 0.13125 0.5990740740740741 0.13333333333333333 0.5916666666666667 0.13125 0.5861111111111111 0.12447916666666667 0.5953703703703703 0.12135416666666667 0.6101851851851852 0.12083333333333333 0.6342592592592593 0.12291666666666666 0.6370370370370371 0.13072916666666667 0.6342592592592593 0.13125 0.5990740740740741
5 0.8708333333333333 0.7712962962962963 0.8729166666666667 0.774074074074074 0.8776041666666666 0.7703703703703704 0.8822916666666667 0.7379629629629629 0.8744791666666667 0.7166666666666667 0.8692708333333333 0.7138888888888889 0.8682291666666667 0.7194444444444444 0.871875 0.7407407407407407 0.8723958333333334 0.7583333333333333 0.8708333333333333 0.7712962962962963
4 0.18020833333333333 0.7518518518518519 0.18697916666666667 0.7037037037037037 0.18125 0.6851851851851852 0.17760416666666667 0.6851851851851852 0.171875 0.6981481481481482 0.17447916666666666 0.7305555555555555 0.1734375 0.7509259259259259 0.17760416666666667 0.7564814814814815 0.18020833333333333 0.7518518518518519
4 0.7895833333333333 0.7814814814814814 0.7911458333333333 0.7462962962962963 0.7869791666666667 0.7287037037037037 0.7828125 0.7296296296296296 0.7796875 0.7472222222222222 0.7791666666666667 0.8074074074074075 0.7869791666666667 0.8101851851851852 0.7916666666666666 0.8046296296296296 0.7895833333333333 0.7814814814814814
5 0.5177083333333333 0.5962962962962963 0.5135416666666667 0.6018518518518519 0.5119791666666667 0.612037037037037 0.5119791666666667 0.6462962962962963 0.5197916666666667 0.6481481481481481 0.5213541666666667 0.6064814814814815 0.5177083333333333 0.5962962962962963
4 0.4192708333333333 0.6037037037037037 0.415625 0.6027777777777777 0.41302083333333334 0.6111111111111112 0.4114583333333333 0.6333333333333333 0.4109375 0.6546296296296297 0.42135416666666664 0.6555555555555556 0.42291666666666666 0.6268518518518519 0.4192708333333333 0.6037037037037037
5 0.309375 0.7203703703703703 0.3067708333333333 0.6694444444444444 0.3026041666666667 0.6601851851851852 0.2989583333333333 0.6694444444444444 0.29322916666666665 0.7175925925925926 0.2947916666666667 0.7212962962962963 0.30625 0.7240740740740741 0.309375 0.7203703703703703
3 0.4640625 0.6324074074074074 0.46822916666666664 0.6027777777777777 0.4630208333333333 0.5907407407407408 0.4583333333333333 0.6 0.4578125 0.6416666666666667 0.46145833333333336 0.6425925925925926 0.46510416666666665 0.6388888888888888 0.4640625 0.6324074074074074
3 0.9333333333333333 0.9842592592592593 0.9380208333333333 0.9879629629629629 0.9380208333333333 0.9990740740740741 0.94375 0.9990740740740741 0.9432291666666667 0.9694444444444444 0.9453125 0.9416666666666667 0.9359375 0.9120370370370371 0.93125 0.9148148148148149 0.9286458333333333 0.9277777777777778 0.9234375 0.9388888888888889 0.9229166666666667 0.9481481481481482 0.9244791666666666 0.9740740740740741 0.921875 0.9990740740740741 0.9291666666666667 0.9990740740740741 0.9333333333333333 0.9842592592592593
4 0.24010416666666667 0.5694444444444444 0.2359375 0.5824074074074074 0.2359375 0.6203703703703703 0.24739583333333334 0.6194444444444445 0.24427083333333333 0.575925925925926 0.24010416666666667 0.5694444444444444
5 0.7739583333333333 0.6175925925925926 0.7713541666666667 0.6037037037037037 0.7661458333333333 0.6148148148148148 0.7651041666666667 0.6259259259259259 0.7645833333333333 0.6425925925925926 0.7666666666666667 0.6453703703703704 0.7729166666666667 0.6425925925925926 0.7739583333333333 0.6175925925925926
4 0.9994791666666667 0.6935185185185185 0.9994791666666667 0.6398148148148148 0.9947916666666666 0.6435185185185185 0.9942708333333333 0.6620370370370371 0.9921875 0.6675925925925926 0.9927083333333333 0.6861111111111111 0.990625 0.700925925925926 0.9947916666666666 0.7027777777777777 0.9994791666666667 0.6935185185185185
4 0.46979166666666666 0.6925925925925925 0.46979166666666666 0.6648148148148149 0.4671875 0.6425925925925926 0.4625 0.6370370370370371 0.45989583333333334 0.6444444444444445 0.45989583333333334 0.6738092592592593 0.4557291666666667 0.6925925925925925 0.4671875 0.6953703703703704 0.46979166666666666 0.6925925925925925
4 0.2708333333333333 0.6083333333333333 0.275 0.6074074074074074 0.27708333333333335 0.5675925925925925 0.2713541666666667 0.5564814814814815 0.2671875 0.5592592592592592 0.26458333333333334 0.5796296296296296 0.26614583333333336 0.5916666666666667 0.2635416666666667 0.5990740740740741 0.26979166666666665 0.6037037037037037 0.2708333333333333 0.6083333333333333
5 0.2791666666666667 0.6851851851851852 0.278125 0.6444444444444445 0.275 0.6287037037037037 0.2703125 0.6268518518518519 0.26979166666666665 0.6657407407407407 0.271875 0.6861111111111111 0.275 0.6898148148148148 0.2791666666666667 0.6851851851851852
5 0.8833333333333333 0.700925925925926 0.884375 0.6472222222222223 0.8807291666666667 0.6425925925925926 0.8776041666666666 0.6435185185185185 0.8729166666666667 0.6324074074074074 0.86875 0.6527777777777778 0.865625 0.6768518518518518 0.8760416666666667 0.6833333333333333 0.8776041666666666 0.7 0.8833333333333333 0.700925925925926
4 0.071875 0.6916666666666667 0.07864583333333333 0.6824074074074075 0.08125 0.6546296296296297 0.0796875 0.625 0.075 0.6240740740740741 0.07083333333333333 0.637962962962963 0.06979166666666667 0.65 0.071875 0.6679009259259259 0.0703125 0.6898148148148148 0.071875 0.6916666666666667
4 0.7609375 0.5925925925925926 0.7546875 0.5907407407407408 0.7505208333333333 0.5990740740740741 0.7526041666666666 0.6092592592592593 0.746875 0.6305555555555555 0.7598958333333333 0.6361111111111111 0.7609375 0.5925925925925926
5 0.396875 0.6055555555555555 0.39010416666666664 0.5796296296296296 0.38697916666666665 0.5824074074074074 0.3848958333333333 0.6018518518518519 0.384375 0.6231481481481481 0.3890625 0.6268518518518519 0.3932291666666667 0.6222222222222222 0.396875 0.6055555555555555
3 0.825 0.6175925925925926 0.8276041666666667 0.5907407407407408 0.8260416666666667 0.5768518518518518 0.8223958333333333 0.575925925925926 0.8192708333333333 0.5879629629629629 0.8182291666666667 0.6074074074074074 0.8208333333333333 0.6194444444444445 0.8229166666666666 0.6203703703703703 0.825 0.6175925925925926
5 0.88125 0.6657407407407407 0.8807291666666667 0.6574074074074074 0.875 0.6268518518518519 0.8723958333333334 0.6240740740740741 0.8697916666666666 0.6277777777777778 0.8697916666666666 0.6444444444444445 0.8645833333333334 0.6768518518518518 0.8755208333333333 0.6787037037037037 0.88125 0.6657407407407407
5 0.3958333333333333 0.5962962962962963 0.3921875 0.5981481481481481 0.3927083333333333 0.6509259259259259 0.4 0.6537037037037037 0.4 0.6064814814814815 0.3958333333333333 0.5962962962962963
4 0.5416666666666666 0.6481481481481481 0.5380208333333333 0.637962962962963 0.5359375 0.637962962962963 0.5338541666666666 0.6453703703703704 0.53125 0.6925925925925925 0.5380208333333333 0.6944444444444444 0.5416666666666666 0.6898148148148148 0.5416666666666666 0.6481481481481481
5 0.6036458333333333 0.6935185185185185 0.6046875 0.6546296296296297 0.5994791666666667 0.6416666666666667 0.5958333333333333 0.6416666666666667 0.59375 0.6472222222222223 0.59375 0.7 0.6 0.7027777777777777 0.6026041666666667 0.700925925925926 0.6036458333333333 0.6935185185185185
0 0.15052083333333333 0.6222222222222222 0.14739583333333334 0.625 0.146875 0.6305555555555555 0.15 0.6342592592592593 0.15364583333333334 0.6287037037037037 0.15052083333333333 0.6222222222222222