4 0.5078125 0.9157407407407407 0.509375 0.9194444444444444 0.5161458333333333 0.9166666666666666 0.51875 0.9 0.5270833333333333 0.9111111111111111 0.5307291666666667 0.9046296296296297 0.5307291666666667 0.899074074074074 0.5229166666666667 0.8898148148148148 0.5208333333333334 0.8833333333333333 0.5270833333333333 0.8574074074074074 0.5255208333333333 0.8416666666666667 0.5192708333333333 0.8212962962962963 0.515625 0.8194444444444444 0.5130208333333334 0.8231481481481482 0.5072916666666667 0.8546296296296296 0.5125 0.8666666666666667 0.5130208333333334 0.8953703703703704 0.5078125 0.9157407407407407
4 0.38385416666666666 0.9009259259259259 0.384375 0.9120370370370371 0.390625 0.9222222222222223 0.3921875 0.9361111111111111 0.4015625 0.9314814814814815 0.4036458333333333 0.9388888888888889 0.4078125 0.9361111111111111 0.4088541666666667 0.9287037037037037 0.4010416666666667 0.9083333333333333 0.3984375 0.8944444444444445 0.4 0.8648148148148148 0.38697916666666665 0.8444444444444444 0.3807291666666667 0.8462962962962963 0.3828125 0.8694444444444445 0.378125 0.8768518518518519 0.3859375 0.8907407407407407 0.38385416666666666 0.9009259259259259
4 0.32447916666666665 0.8648148148148148 0.3260416666666667 0.8611111111111112 0.32447916666666665 0.8574074074074074 0.325 0.8398148148148148 0.328125 0.8222222222222222 0.3307291666666667 0.8185185185185185 0.32864583333333336 0.7962962962962963 0.32447916666666665 0.7796296296296297 0.31979166666666664 0.7814814814814814 0.3151041666666667 0.8009259259259259 0.3177083333333333 0.8407407407407408 0.3140625 0.8611111111111112 0.3177083333333333 0.8657407407407407 0.32447916666666665 0.8648148148148148
4 0.6885416666666667 0.8490740740740741 0.6885416666666667 0.8444444444444444 0.6942708333333333 0.8342592592592593 0.7046875 0.8444444444444444 0.7046875 0.8333333333333334 0.6958333333333333 0.8277777777777777 0.6942708333333333 0.8203703703703704 0.6947916666666667 0.7935185185185185 0.6911458333333333 0.7787037037037037 0.6875 0.7712962962962963 0.6838541666666667 0.774074074074074 0.6822916666666666 0.8425925925925926 0.6796875 0.8490740740740741 0.6848958333333334 0.8518518518518519 0.6885416666666667 0.8490740740740741
4 0.8223958333333333 0.7972222222222223 0.8255208333333334 0.7796296296296297 0.8302083333333333 0.7787037037037037 0.8375 0.7962962962962963 0.8395833333333333 0.7851851851851852 0.8348958333333333 0.7657407407407407 0.8359375 0.7527777777777778 0.8307291666666666 0.7203703703703703 0.8260416666666667 0.7203703703703703 0.8255208333333334 0.7333333333333333 0.8223958333333333 0.7444444444444445 0.8234375 0.7546296296296297 0.81875 0.7870370370370371 0.8151041666666666 0.7953703703703704 0.8223958333333333 0.7972222222222223
5 0.5890625 0.762962962962963 0.5953125 0.762962962962963 0.596875 0.7555555555555555 0.6078125 0.7638888888888888 0.609375 0.7592592592592593 0.6057291666666667 0.729012037037037 0.6052083333333333 0.7018518518518518 0.6010416666666667 0.6916666666666667 0.596875 0.6972222222222222 0.5973958333333333 0.712037037037037 0.5942708333333333 0.7222222222222222 0.5953125 0.7324074074074074 0.5890625 0.762962962962963
5 0.7619791666666667 0.737037037037037 0.7697916666666667 0.7416666666666667 0.7713541666666667 0.7481481481481481 0.7744791666666667 0.7472222222222222 0.7755208333333333 0.7398148148148148 0.7682291666666666 0.7185185185185186 0.7661458333333333 0.6842592592592592 0.7630208333333334 0.6805555555555556 0.7598958333333333 0.6861111111111111 0.7578125 0.725925925925926 0.7536458333333333 0.7472222222222222 0.7598958333333333 0.7490740740740741 0.7619791666666667 0.737037037037037
4 0.043229166666666666 0.7592592592592593 0.04583333333333333 0.7157407407407408 0.040625 0.6916666666666667 0.036458333333333336 0.6898148148148148 0.03229166666666667 0.7037037037037037 0.028645833333333332 0.725 0.035416666666666666 0.762962962962963 0.0375 0.7657407407407407 0.043229166666666666 0.7592592592592593
5 0.46041666666666664 0.8490740740740741 0.45625 0.7851851851851852 0.4515625 0.7712962962962963 0.446875 0.7777777777777778 0.44635416666666666 0.8361111111111111 0.4432291666666667 0.8527777777777777 0.459375 0.8555555555555555 0.46041666666666664 0.8490740740740741
3 0.35833333333333334 0.7916666666666666 0.3614583333333333 0.787962962962963 0.3609375 0.7240740740740741 0.35572916666666665 0.7111111111111111 0.3515625 0.712037037037037 0.35208333333333336 0.7351851851851852 0.3494791666666667 0.7685185185185185 0.35260416666666666 0.7898148148148149 0.35833333333333334 0.7916666666666666
4 0.38958333333333334 0.775 0.39114583333333336 0.7712962962962963 0.39010416666666664 0.7287037037037037 0.39166666666666666 0.7157407407407408 0.3854166666666667 0.7 0.38125 0.6972222222222222 0.3765625 0.7 0.378125 0.7481481481481481 0.38177083333333334 0.7712962962962963 0.384375 0.775 0.38958333333333334 0.775
5 0.5942708333333333 0.937962962962963 0.5994791666666667 0.9416666666666667 0.6026041666666667 0.9351851851851852 0.6005208333333333 0.925 0.60625 0.8694444444444445 0.5994791666666667 0.8472222222222222 0.5958333333333333 0.8462962962962963 0.5932291666666667 0.8518518518518519 0.5869791666666667 0.8851851851851852 0.5911458333333334 0.8925925925925926 0.5947916666666667 0.9259259259259259 0.5942708333333333 0.937962962962963
5 0.38229166666666664 0.6916666666666667 0.3828125 0.6675925925925926 0.37864583333333335 0.6564814814814814 0.37552083333333336 0.6555555555555556 0.37395833333333334 0.6592592592592592 0.3723958333333333 0.687962962962963 0.3770833333333333 0.7055555555555556 0.3770833333333333 0.700925925925926 0.38229166666666664 0.6916666666666667
5 0.109375 0.6953703703703704 0.10729166666666666 0.6842592592592592 0.1125 0.6722222222222223 0.10989583333333333 0.6601851851851852 0.103125 0.6462962962962963 0.09947916666666666 0.6518518518518519 0.09583333333333334 0.6703703703703704 0.0953125 0.7157407407407408 0.09791666666666667 0.7185185185185186 0.1078125 0.7166666666666667 0.109375 0.6953703703703704
5 0.36875 0.6157407407407407 0.365625 0.6055555555555555 0.35989583333333336 0.612037037037037 0.36041666666666666 0.6546296296296297 0.365625 0.6574074074074074 0.36822916666666666 0.6546296296296297 0.36875 0.6157407407407407
4 0.6057291666666667 0.662962962962963 0.6067708333333334 0.6601851851851852 0.6015625 0.6231481481481481 0.5963541666666666 0.6138888888888889 0.5916666666666667 0.6138888888888889 0.59375 0.6268518518518519 0.5921875 0.6620370370370371 0.6057291666666667 0.662962962962963
0 0.4510416666666667 0.9324074074074075 0.44635416666666666 0.9361111111111111 0.446875 0.950925925925926 0.453125 0.950925925925926 0.45416666666666666 0.937037037037037 0.4510416666666667 0.9324074074074075
3 0.05520833333333333 0.6083333333333333 0.05260416666666667 0.5935185185185186 0.0546875 0.5842592592592593 0.05364583333333333 0.5768518518518518 0.0484375 0.5703703703703704 0.0453125 0.5777777777777777 0.04375 0.6046296296296296 0.04791666666666667 0.612037037037037 0.05364583333333333 0.6111111111111112 0.05520833333333333 0.6083333333333333
5 0.49375 0.937962962962963 0.496875 0.9342592592592592 0.4973958333333333 0.9259259259259259 0.49166666666666664 0.9111111111111111 0.49114583333333334 0.8629629629629629 0.48489583333333336 0.8546296296296296 0.4822916666666667 0.8462962962962963 0.478125 0.8481481481481481 0.47552083333333334 0.8611111111111112 0.475 0.8805555555555555 0.4796875 0.8925925925925926 0.4895833333333333 0.9361111111111111 0.49375 0.937962962962963
3 0.20520833333333333 0.5648148148148148 0.20104166666666667 0.5555555555555556 0.19583333333333333 0.5611111111111111 0.19583333333333333 0.6037037037037037 0.2 0.6055555555555555 0.20520833333333333 0.5842592592592593 0.20520833333333333 0.5648148148148148
4 0.8546875 0.8416666666666667 0.8510416666666667 0.8194444444444444 0.8510416666666667 0.7787037037037037 0.846875 0.7620370370370371 0.84375 0.7620370370370371 0.8421875 0.7666666666666667 0.8359375 0.825925925925926 0.8317708333333333 0.8416666666666667 0.8526041666666667 0.8453703703703703 0.8546875 0.8416666666666667