4 0.7651041666666667 0.7407407407407407 0.76875 0.7444444444444445 0.7708333333333334 0.7537037037037037 0.7713541666666667 0.7833333333333333 0.7802083333333333 0.7861111111111111 0.7833333333333333 0.7824074074074074 0.7828125 0.7731481481481481 0.7786458333333334 0.7611111111111111 0.7828125 0.7398148148148148 0.78125 0.7222222222222222 0.7744791666666667 0.6990740740740741 0.7713541666666667 0.6962962962962963 0.7682291666666666 0.700925925925926 0.7692708333333333 0.7185185185185186 0.7651041666666667 0.7407407407407407
5 0.8807291666666667 0.75 0.8807291666666667 0.7666666666666667 0.8854166666666666 0.7685185185185185 0.8885416666666667 0.762962962962963 0.89375 0.7148148148148148 0.884375 0.6925925925925925 0.8802083333333334 0.6944444444444444 0.8776041666666666 0.712037037037037 0.8770833333333333 0.7296296296296296 0.8807291666666667 0.75
5 0.14583333333333334 0.6675925925925926 0.15052083333333333 0.6694444444444444 0.15104166666666666 0.662962962962963 0.15520833333333334 0.6555555555555556 0.1578125 0.6601851851851852 0.159375 0.6583333333333333 0.159375 0.6527777777777778 0.15520833333333334 0.6462962962962963 0.15364583333333334 0.6222222222222222 0.1515625 0.6166666666666667 0.1453125 0.6111111111111112 0.14166666666666666 0.6203703703703703 0.14114583333333333 0.6342592592592593 0.14583333333333334 0.6675925925925926
4 0.43802083333333336 0.5537037037037037 0.440625 0.5425925925925926 0.440625 0.5157407407407407 0.43645833333333334 0.5064814814814815 0.4317708333333333 0.5111111111111111 0.4322916666666667 0.5518518518518518 0.43802083333333336 0.5537037037037037
5 0.5489583333333333 0.587037037037037 0.5536458333333333 0.562037037037037 0.5526041666666667 0.55 0.5489583333333333 0.5370370370370371 0.5442708333333334 0.537962962962963 0.5411458333333333 0.5481481481481482 0.5421875 0.5833333333333334 0.5489583333333333 0.587037037037037
3 0.7005208333333334 0.6194444444444445 0.709375 0.6194444444444445 0.7109375 0.6111111111111112 0.7072916666666667 0.6018518518518519 0.7078125 0.5703703703703704 0.7026041666666667 0.5601851851851852 0.6984375 0.5638888888888889 0.6973958333333333 0.5851851851851851 0.7005208333333334 0.6194444444444445
5 0.3963541666666667 0.6416666666666667 0.39791666666666664 0.6074074074074074 0.3963541666666667 0.5944444444444444 0.3921875 0.5833333333333334 0.3885416666666667 0.5851851851851851 0.3859375 0.5953703703703703 0.3859375 0.637962962962963 0.3963541666666667 0.6416666666666667
4 0.4161458333333333 0.6731481481481482 0.4192708333333333 0.6796296296296296 0.42916666666666664 0.6768518518518518 0.4322916666666667 0.6833333333333333 0.4348958333333333 0.6814814814814815 0.434375 0.6472222222222223 0.43802083333333336 0.6370370370370371 0.43854166666666666 0.6185185185185185 0.4348958333333333 0.6166666666666667 0.4276041666666667 0.6314814814814815 0.42291666666666666 0.662962962962963 0.4161458333333333 0.6731481481481482
4 0.4625 0.65 0.4666666666666667 0.6472222222222223 0.4703125 0.6527777777777778 0.47239583333333335 0.6462962962962963 0.4671875 0.6046296296296296 0.4630208333333333 0.6018518518518519 0.4588541666666667 0.6083333333333333 0.4588541666666667 0.637962962962963 0.4625 0.65
4 0.7630208333333334 0.5481481481481482 0.7682291666666666 0.5481481481481482 0.7697916666666667 0.5407407407407407 0.76875 0.5111111111111111 0.7671875 0.5064814814814815 0.7630208333333334 0.5046296296296297 0.7583333333333333 0.5175925925925926 0.7604166666666666 0.5444444444444444 0.7630208333333334 0.5481481481481482
5 0.815625 0.5907407407407408 0.8171875 0.5879629629629629 0.8182291666666667 0.5564814814814815 0.815625 0.5444444444444444 0.8125 0.5435185185185185 0.8098958333333334 0.5472222222222223 0.8104166666666667 0.5888888888888889 0.815625 0.5907407407407408
4 0.15416666666666667 0.6203703703703703 0.15885416666666666 0.6083333333333333 0.16979166666666667 0.6222222222222222 0.1703125 0.6101851851851852 0.16302083333333334 0.6 0.1578125 0.5666666666666667 0.15416666666666667 0.562962962962963 0.15208333333333332 0.5740740740740741 0.15208333333333332 0.6166666666666667 0.15416666666666667 0.6203703703703703
5 0.8385416666666666 0.6555555555555556 0.8390625 0.6685185185185185 0.8390625 0.6833333333333333 0.8369791666666667 0.6898148148148148 0.8463541666666666 0.6935185185185185 0.8479166666666667 0.6898148148148148 0.8473958333333333 0.6685185185185185 0.8494791666666667 0.6601851851851852 0.85625 0.65 0.85625 0.6453703703703704 0.8505208333333333 0.6268518518518519 0.8458333333333333 0.6203703703703703 0.8416666666666667 0.6185185185185185 0.8364583333333333 0.6296296296296297 0.8348958333333333 0.6435185185185185 0.8385416666666666 0.6555555555555556
4 0.8447916666666667 0.6268518518518519 0.8479166666666667 0.6574074074074074 0.85 0.6583333333333333 0.8567708333333334 0.65 0.8552083333333333 0.6388888888888888 0.8572916666666667 0.612037037037037 0.8536458333333333 0.5925925925925926 0.8484375 0.5916666666666667 0.8447916666666667 0.6074074074074074 0.8447916666666667 0.6268518518518519
3 0.653125 0.5407407407407407 0.6578125 0.5407407407407407 0.6635416666666667 0.5055555555555555 0.6578125 0.49537037037037035 0.6526041666666667 0.5037037037037037 0.6520833333333333 0.5370370370370371 0.653125 0.5407407407407407
5 0.8338541666666667 0.649074074074074 0.8395833333333333 0.6425925925925926 0.8401041666666667 0.6287037037037037 0.8447916666666667 0.6148148148148148 0.8447916666666667 0.6055555555555555 0.8411458333333334 0.5916666666666667 0.8369791666666667 0.5898148148148148 0.8322916666666667 0.6064814814814815 0.83125 0.6444444444444445 0.8338541666666667 0.649074074074074
0 0.04635416666666667 0.7027777777777777 0.04895833333333333 0.7037037037037037 0.052083333333333336 0.6990740740740741 0.05 0.6916666666666667 0.04479166666666667 0.6935185185185185 0.044270833333333336 0.6990740740740741 0.04635416666666667 0.7027777777777777
3 0.3182291666666667 0.5324074074074074 0.3182291666666667 0.5 0.3140625 0.49537037037037035 0.30833333333333335 0.5009259259259259 0.31145833333333334 0.5296296296296297 0.3182291666666667 0.5324074074074074
4 0.4270833333333333 0.8435185185185186 0.43072916666666666 0.8916666666666667 0.4359375 0.8925925925925926 0.43645833333333334 0.8861111111111111 0.44427083333333334 0.8787037037037037 0.446875 0.8888888888888888 0.4510416666666667 0.887962962962963 0.44166666666666665 0.8361111111111111 0.44375 0.8185185185185185 0.4354166666666667 0.7907407407407407 0.43020833333333336 0.7907407407407407 0.4270833333333333 0.8037037037037037 0.4234375 0.8092592592592592 0.42135416666666664 0.8222222222222222 0.4270833333333333 0.8435185185185186
5 0.5838541666666667 0.7759259259259259 0.590625 0.7861111111111111 0.5932291666666667 0.8166666666666667 0.5911458333333334 0.8268518518518518 0.5953125 0.8287037037037037 0.6 0.825925925925926 0.6041666666666666 0.8175925925925925 0.603125 0.7712962962962963 0.6 0.7472222222222222 0.5947916666666667 0.7342592592592593 0.5916666666666667 0.7324074074074074 0.5895833333333333 0.7351851851851852 0.5890625 0.7493824074074074 0.5838541666666667 0.7759259259259259
4 0.013541666666666667 0.725925925925926 0.024479166666666666 0.6675925925925926 0.021354166666666667 0.65 0.01875 0.6472222222222223 0.016145833333333335 0.6481481481481481 0.009375 0.6620370370370371 0.009375 0.7231481481481481 0.013541666666666667 0.725925925925926
5 0.6291666666666667 0.6157407407407407 0.63125 0.6064814814814815 0.6307291666666667 0.5722222222222222 0.6286458333333333 0.5611111111111111 0.6270833333333333 0.5583333333333333 0.6234375 0.5611111111111111 0.6208333333333333 0.5722222222222222 0.6213541666666667 0.6148148148148148 0.6291666666666667 0.6157407407407407
5 0.4432291666666667 0.6861111111111111 0.4479166666666667 0.687037037037037 0.45 0.6814814814814815 0.45416666666666666 0.637962962962963 0.4479166666666667 0.6203703703703703 0.44427083333333334 0.6222222222222222 0.4427083333333333 0.6342592592592593 0.44114583333333335 0.6814814814814815 0.4432291666666667 0.6861111111111111
4 0.6734375 0.5990740740740741 0.678125 0.6 0.6807291666666667 0.5574074074074075 0.675 0.5472222222222223 0.6729166666666667 0.5472222222222223 0.6692708333333334 0.5555555555555556 0.671875 0.5953703703703703 0.6734375 0.5990740740740741