4 0.0921875 0.7435185185185185 0.09166666666666666 0.7129629629629629 0.09583333333333334 0.6925925925925925 0.09166666666666666 0.6888888888888889 0.09010416666666667 0.6648148148148149 0.08854166666666667 0.662962962962963 0.08385416666666666 0.6648148148148149 0.08020833333333334 0.6768518518518518 0.07604166666666666 0.7046296296296296 0.07291666666666667 0.7398148148148148 0.07604166666666666 0.7435185185185185 0.07864583333333333 0.7407407407407407 0.0921875 0.7435185185185185
4 0.575 0.762962962962963 0.5796875 0.7611111111111111 0.5833333333333334 0.7666666666666667 0.5875 0.7842592592592592 0.5916666666666667 0.7861111111111111 0.5927083333333333 0.7824074074074074 0.5885416666666666 0.7648148148148148 0.5885416666666666 0.7537037037037037 0.5921875 0.7296296296296296 0.5854166666666667 0.7037037037037037 0.5807291666666666 0.7046296296296296 0.5729166666666666 0.7277777777777777 0.575 0.737037037037037 0.565625 0.7851851851851852 0.5708333333333333 0.7861111111111111 0.575 0.762962962962963
4 0.3223958333333333 0.8981481481481481 0.3265625 0.899074074074074 0.3385416666666667 0.8703703703703703 0.3463541666666667 0.8657407407407407 0.3489583333333333 0.8685185185185185 0.3484375 0.9 0.35520833333333335 0.9018518518518519 0.3567708333333333 0.9 0.3541666666666667 0.8935185185185185 0.3541666666666667 0.8601851851851852 0.34739583333333335 0.7981481481481482 0.3453125 0.7962962962962963 0.3416666666666667 0.8 0.334375 0.8240740740740741 0.3333333333333333 0.8333333333333334 0.33541666666666664 0.8537037037037037 0.3338541666666667 0.8648148148148148 0.3223958333333333 0.8981481481481481
5 0.5880208333333333 0.5861111111111111 0.584375 0.587037037037037 0.5833333333333334 0.5916666666666667 0.5822916666666667 0.65 0.5921875 0.6509259259259259 0.5932291666666667 0.6027777777777777 0.5880208333333333 0.5861111111111111
4 0.4401041666666667 0.6546296296296297 0.4432291666666667 0.6472222222222223 0.4479166666666667 0.6462962962962963 0.4453125 0.6342592592592593 0.4484375 0.6222222222222222 0.4484375 0.6129629629629629 0.4427083333333333 0.5953703703703703 0.4390625 0.5953703703703703 0.4354166666666667 0.6092592592592593 0.43385416666666665 0.6268518518518519 0.4359375 0.65 0.43645833333333334 0.6537037037037037 0.4401041666666667 0.6546296296296297
5 0.39114583333333336 0.6481481481481481 0.3880208333333333 0.6351851851851852 0.39010416666666664 0.6231481481481481 0.3890625 0.6037037037037037 0.38645833333333335 0.5907407407407408 0.38333333333333336 0.5898148148148148 0.38177083333333334 0.5953703703703703 0.3807291666666667 0.6342592592592593 0.38229166666666664 0.6518518518518519 0.38697916666666665 0.6537037037037037 0.39114583333333336 0.6481481481481481
5 0.7708333333333334 0.7787037037037037 0.7776041666666667 0.7277777777777777 0.7697916666666667 0.7037037037037037 0.7651041666666667 0.7046296296296296 0.7609375 0.7277777777777777 0.7614583333333333 0.7564814814814815 0.7572916666666667 0.7759259259259259 0.7583333333333333 0.7787037037037037 0.7708333333333334 0.7787037037037037
4 0.6088541666666667 0.6925925925925925 0.6072916666666667 0.7055555555555556 0.6109375 0.7240740740740741 0.6104166666666667 0.7314814814814815 0.6151041666666667 0.7342592592592593 0.6203125 0.7203703703703703 0.6177083333333333 0.7055555555555556 0.6203125 0.6796296296296296 0.6130208333333333 0.6611111111111111 0.6083333333333333 0.6620370370370371 0.6057291666666667 0.6759259259259259 0.6026041666666667 0.6814814814814815 0.6067708333333334 0.6833333333333333 0.6088541666666667 0.6925925925925925
5 0.5609375 0.5527777777777778 0.5572916666666666 0.5388888888888889 0.553125 0.5425925925925926 0.5510416666666667 0.5768518518518518 0.5526041666666667 0.5907407407407408 0.5572916666666666 0.5916666666666667 0.5609375 0.5527777777777778
4 0.12239583333333333 0.6398148148148148 0.1234375 0.5990740740740741 0.11979166666666667 0.575 0.11510416666666666 0.575 0.1109375 0.587037037037037 0.11041666666666666 0.5990740740740741 0.11510416666666666 0.6342592592592593 0.11875 0.6407407407407407 0.12239583333333333 0.6398148148148148
3 0.6619791666666667 0.4981481481481482 0.6572916666666667 0.5055555555555555 0.6578125 0.5398148148148149 0.6619791666666667 0.5425925925925926 0.6677083333333333 0.5083333333333333 0.6619791666666667 0.4981481481481482
5 0.8317708333333333 0.5583333333333333 0.8276041666666667 0.5472222222222223 0.8239583333333333 0.549074074074074 0.8244791666666667 0.5953703703703703 0.8265625 0.5981481481481481 0.8307291666666666 0.5925925925925926 0.8317708333333333 0.5583333333333333
5 0.8765625 0.6537037037037037 0.8791666666666667 0.6240740740740741 0.8786458333333333 0.6027777777777777 0.8770833333333333 0.5944444444444444 0.8729166666666667 0.5898148148148148 0.8697916666666666 0.5981481481481481 0.8708333333333333 0.6314814814814815 0.8692708333333333 0.6453703703703704 0.8723958333333334 0.6518518518518519 0.8765625 0.6537037037037037
5 0.6328125 0.7287037037037037 0.6338541666666667 0.7231481481481481 0.6395833333333333 0.7175925925925926 0.6427083333333333 0.7222222222222222 0.6463541666666667 0.7222222222222222 0.6411458333333333 0.6805555555555556 0.6333333333333333 0.6620370370370371 0.6307291666666667 0.6601851851851852 0.628125 0.6657407407407407 0.6302083333333334 0.6888888888888889 0.6276041666666666 0.7046296296296296 0.6286458333333333 0.7277777777777777 0.6328125 0.7287037037037037
3 0.278125 0.4981481481481482 0.275 0.49074074074074076 0.26875 0.4935185185185185 0.26927083333333335 0.5259259259259259 0.271875 0.5324074074074074 0.2755208333333333 0.5287037037037037 0.278125 0.4981481481481482
5 0.428125 0.8101851851851852 0.4265625 0.7814814814814814 0.43020833333333336 0.7648148148148148 0.428125 0.7194444444444444 0.4239583333333333 0.7138888888888889 0.42135416666666664 0.7185185185185186 0.41822916666666665 0.7768518518518519 0.4197916666666667 0.8037037037037037 0.4171875 0.8101851851851852 0.4234375 0.8138888888888889 0.428125 0.8101851851851852
3 0.6395833333333333 0.5685185185185185 0.634375 0.549074074074074 0.6291666666666667 0.5546296296296296 0.6270833333333333 0.5648148148148148 0.6291666666666667 0.587037037037037 0.6270833333333333 0.6111111111111112 0.6333333333333333 0.6148148148148148 0.6395833333333333 0.5685185185185185
4 0.45364583333333336 0.5425925925925926 0.4557291666666667 0.5101851851851852 0.45208333333333334 0.4935185185185185 0.446875 0.49166666666666664 0.4453125 0.49722222222222223 0.4453125 0.5444444444444444 0.446875 0.549074074074074 0.4510416666666667 0.549074074074074 0.45364583333333336 0.5425925925925926
5 0.8796875 0.6555555555555556 0.8765625 0.6296296296296297 0.8729166666666667 0.6268518518518519 0.8661458333333333 0.6481481481481481 0.8682291666666667 0.700925925925926 0.8739583333333333 0.7074074074074074 0.8765625 0.7018518518518518 0.8796875 0.6555555555555556
4 0.8619791666666666 0.6518518518518519 0.8645833333333334 0.6472222222222223 0.8666666666666667 0.6018518518518519 0.8640625 0.587037037037037 0.8604166666666667 0.5851851851851851 0.8583333333333333 0.5888888888888889 0.8552083333333333 0.6064814814814815 0.85625 0.6314814814814815 0.8583333333333333 0.65 0.8619791666666666 0.6518518518518519
4 0.64375 0.6148148148148148 0.6463541666666667 0.6194444444444445 0.65 0.6194444444444445 0.646875 0.5967592592592592 0.646875 0.5796296296296296 0.6390625 0.5694444444444444 0.6359375 0.5768518518518518 0.6338541666666667 0.5944444444444444 0.634375 0.6212962962962963 0.6385416666666667 0.6212962962962963 0.64375 0.6148148148148148
4 0.7838541666666666 0.5287037037037037 0.7828125 0.5148148148148148 0.7791666666666667 0.5074074074074074 0.775 0.5074074074074074 0.7703125 0.525 0.7708333333333334 0.5444444444444444 0.7744791666666667 0.5518518518518518 0.7802083333333333 0.5527777777777778 0.7838541666666666 0.5287037037037037
0 0.1359375 0.6342592592592593 0.13229166666666667 0.6351851851851852 0.13125 0.6444444444444445 0.13489583333333333 0.6453703703703704 0.13802083333333334 0.6416666666666667 0.1359375 0.6342592592592593
5 0.30625 0.7018518518518518 0.3098958333333333 0.700925925925926 0.3125 0.6972222222222222 0.3140625 0.6574074074074074 0.3140625 0.6453703703703704 0.3109375 0.6333333333333333 0.3067708333333333 0.6314814814814815 0.30104166666666665 0.6481481481481481 0.30052083333333335 0.6537037037037037 0.303125 0.6611111111111111 0.30364583333333334 0.6981481481481482 0.30625 0.7018518518518518