4 0.16770833333333332 0.8574074074074074 0.1703125 0.8527777777777777 0.171875 0.8222222222222222 0.175 0.8148148148148148 0.17395833333333333 0.7861111111111111 0.165625 0.7694444444444445 0.15677083333333333 0.7944444444444444 0.15677083333333333 0.8092592592592592 0.1609375 0.8268518518518518 0.1609375 0.8574074074074074 0.16770833333333332 0.8574074074074074
4 0.8083333333333333 0.8018518518518518 0.8119791666666667 0.7712962962962963 0.803125 0.75 0.8005208333333333 0.7527777777777778 0.796875 0.7675925925925926 0.7963541666666667 0.8314814814814815 0.8041666666666667 0.8342592592592593 0.8083333333333333 0.8287037037037037 0.8083333333333333 0.8018518518518518
3 0.9145833333333333 0.9990740740740741 0.9375 0.9990740740740741 0.9411458333333333 0.9490740740740741 0.9395833333333333 0.925 0.9348958333333334 0.9203703703703704 0.9322916666666666 0.9064814814814814 0.9276041666666667 0.9064814814814814 0.9197916666666667 0.9314814814814815 0.915625 0.9740740740740741 0.9119791666666667 0.9842592592592593 0.9130208333333333 0.9944444444444445 0.9145833333333333 0.9990740740740741
5 0.8489583333333334 0.774074074074074 0.8479166666666667 0.7296296296296296 0.8453125 0.7138888888888889 0.8416666666666667 0.712037037037037 0.8401041666666667 0.7157407407407408 0.8395833333333333 0.7490740740740741 0.8416666666666667 0.7787037037037037 0.8458333333333333 0.7796296296296297 0.8489583333333334 0.774074074074074
5 0.2984375 0.7296296296296296 0.3026041666666667 0.7296296296296296 0.2994791666666667 0.7148148148148148 0.3 0.6907407407407408 0.2942708333333333 0.6712962962962963 0.290625 0.6703703703703704 0.2890625 0.6833333333333333 0.2869791666666667 0.7305555555555555 0.2911458333333333 0.7324074074074074 0.29635416666666664 0.725 0.2984375 0.7296296296296296
4 0.7557291666666667 0.6212962962962963 0.7520833333333333 0.6231481481481481 0.7494791666666667 0.6527777777777778 0.7489583333333333 0.6814814814814815 0.759375 0.6824074074074075 0.7619791666666667 0.637962962962963 0.7557291666666667 0.6212962962962963
4 0.2828125 0.5787037037037037 0.2791666666666667 0.5777777777777777 0.27447916666666666 0.5879629629629629 0.278125 0.6222222222222222 0.2828125 0.625 0.28489583333333335 0.5842592592592593 0.2828125 0.5787037037037037
5 0.784375 0.6888888888888889 0.784375 0.6527777777777778 0.7828125 0.6472222222222223 0.775 0.6296296296296297 0.7692708333333333 0.637962962962963 0.7682291666666666 0.6537037037037037 0.771875 0.6611111111111111 0.7734375 0.6888888888888889 0.784375 0.6888888888888889
5 0.49322916666666666 0.6148148148148148 0.4895833333333333 0.6018518518518519 0.4859375 0.5981481481481481 0.484375 0.6 0.4875 0.6462962962962963 0.4901041666666667 0.649074074074074 0.49375 0.6435185185185185 0.49322916666666666 0.6148148148148148
3 0.25052083333333336 0.5666666666666667 0.24791666666666667 0.5601851851851852 0.24427083333333333 0.5592592592592592 0.24114583333333334 0.5675925925925925 0.24322916666666666 0.5935185185185186 0.24791666666666667 0.6018518518518519 0.25052083333333336 0.5935185185185186 0.25052083333333336 0.5666666666666667
5 0.6203125 0.7185185185185186 0.6265625 0.687037037037037 0.6265625 0.6703703703703704 0.6192708333333333 0.6592592592592592 0.6151041666666667 0.662962962962963 0.6130208333333333 0.6731481481481482 0.615625 0.6824074074074075 0.6161458333333333 0.7138888888888889 0.6203125 0.7185185185185186
5 0.5177083333333333 0.6324074074074074 0.5192708333333333 0.6305555555555555 0.5192708333333333 0.6037037037037037 0.5135416666666667 0.5851851851851851 0.5104166666666666 0.5888888888888889 0.5088541666666667 0.6074074074074074 0.5114583333333333 0.6203703703703703 0.5098958333333333 0.6287037037037037 0.5177083333333333 0.6324074074074074
5 0.17447916666666666 0.6509259259259259 0.18125 0.6592592592592592 0.18489583333333334 0.6592592592592592 0.1859375 0.6064814814814815 0.1828125 0.6055555555555555 0.178125 0.6111111111111112 0.1734375 0.6268518518518519 0.17395833333333333 0.6324074074074074 0.16822916666666668 0.6546296296296297 0.1703125 0.6564814814814814 0.17447916666666666 0.6509259259259259
0 0.2671875 0.6175925925925926 0.2671875 0.6287037037037037 0.2713541666666667 0.6277777777777778 0.2713541666666667 0.6194444444444445 0.2671875 0.6175925925925926
4 0.4 0.6814814814814815 0.4015625 0.6777777777777778 0.4015625 0.6361111111111111 0.39739583333333334 0.6240740740740741 0.3927083333333333 0.6277777777777778 0.39166666666666666 0.6462962962962963 0.39375 0.6722222222222223 0.3958333333333333 0.6814814814814815 0.4 0.6814814814814815
4 0.6114583333333333 0.7472222222222222 0.6104166666666667 0.6953703703703704 0.6067708333333334 0.687037037037037 0.603125 0.6861111111111111 0.6 0.6972222222222222 0.6010416666666667 0.7481481481481481 0.603125 0.7518518518518519 0.6078125 0.7509259259259259 0.6114583333333333 0.7472222222222222
4 0.5364583333333334 0.5694444444444444 0.5317708333333333 0.5796296296296296 0.5317708333333333 0.6111111111111112 0.5390625 0.6148148148148148 0.5411458333333333 0.5777777777777777 0.5364583333333334 0.5694444444444444
5 0.34322916666666664 0.6324074074074074 0.340625 0.6111111111111112 0.3333333333333333 0.6018518518518519 0.3307291666666667 0.612037037037037 0.32864583333333336 0.6518518518518519 0.3390625 0.6462962962962963 0.34270833333333334 0.6518518518518519 0.34322916666666664 0.6324074074074074
5 0.7578125 0.5981481481481481 0.7552083333333334 0.5907407407407408 0.7515625 0.5916666666666667 0.75 0.6037037037037037 0.7510416666666667 0.6259259259259259 0.7557291666666667 0.6287037037037037 0.7572916666666667 0.6268518518518519 0.7578125 0.5981481481481481
4 0.353125 0.5879629629629629 0.3494791666666667 0.5879629629629629 0.3421875 0.6046296296296296 0.3421875 0.6314814814814815 0.3458333333333333 0.6342592592592593 0.3541666666666667 0.6046296296296296 0.353125 0.5879629629629629
4 0 0.7129629629629629 0.00625 0.7074074074074074 0.007291666666666667 0.6768518518518518 0.004166666666666667 0.649074074074074 0.0015625 0.6453703703703704 0 0.6453703703703704 0 0.7129629629629629
3 0.6338541666666667 0.6564814814814814 0.6364583333333333 0.6314814814814815 0.6302083333333334 0.6166666666666667 0.6255208333333333 0.6222222222222222 0.6260416666666667 0.674074074074074 0.63125 0.6777777777777778 0.634375 0.674074074074074 0.6338541666666667 0.6564814814814814
4 0.7328125 0.5805555555555556 0.7255208333333333 0.5694444444444444 0.721875 0.5740740740740741 0.7213541666666666 0.6157407407407407 0.7234375 0.6194444444444445 0.7322916666666667 0.6185185185185185 0.7328125 0.5805555555555556