5 0.59375 0.6620370370370371 0.5963541666666666 0.6648148148148149 0.6 0.6583333333333333 0.6046875 0.6574074074074074 0.6072916666666667 0.6638888888888889 0.6098958333333333 0.6583333333333333 0.6052083333333333 0.6129629629629629 0.603125 0.6027777777777777 0.5994791666666667 0.6027777777777777 0.5984375 0.6064814814814815 0.5979166666666667 0.6296296296296297 0.59375 0.6620370370370371
5 0.9005208333333333 0.7388888888888889 0.9135416666666667 0.7351851851851852 0.9130208333333333 0.7194444444444444 0.9161458333333333 0.6925925925925925 0.9119791666666667 0.6712962962962963 0.9078125 0.6685185185185185 0.9057291666666667 0.6731481481481482 0.8989583333333333 0.7361111111111112 0.9005208333333333 0.7388888888888889
4 0.8296875 0.7574074074074074 0.8286458333333333 0.7907407407407407 0.8302083333333333 0.7953703703703704 0.8354166666666667 0.7962962962962963 0.8380208333333333 0.7935185185185185 0.8411458333333334 0.7796296296296297 0.8427083333333333 0.7611111111111111 0.8473958333333333 0.75 0.85 0.7509259259259259 0.85 0.7435185185185185 0.8479166666666667 0.7277777777777777 0.8416666666666667 0.7083333333333334 0.8364583333333333 0.7083333333333334 0.8270833333333333 0.7305555555555555 0.8265625 0.7444444444444445 0.8296875 0.7574074074074074
5 0.509375 0.7231481481481481 0.5052083333333334 0.7361111111111112 0.5078125 0.7388888888888889 0.5197916666666667 0.7361111111111112 0.5208333333333334 0.7398148148148148 0.5255208333333333 0.7398148148148148 0.5223958333333333 0.6731481481481482 0.5177083333333333 0.6583333333333333 0.5135416666666667 0.6601851851851852 0.5140625 0.6925925925925925 0.509375 0.7231481481481481
4 0.2604166666666667 0.7722222222222223 0.2609375 0.8018518518518518 0.2635416666666667 0.8046296296296296 0.2671875 0.799074074074074 0.275 0.8 0.2734375 0.774074074074074 0.275 0.7398148148148148 0.2671875 0.7138888888888889 0.2625 0.7148148148148148 0.25625 0.737037037037037 0.2557291666666667 0.7527777777777778 0.2604166666666667 0.7722222222222223
5 0.4625 0.6185185185185185 0.465625 0.6212962962962963 0.471875 0.612037037037037 0.47604166666666664 0.6194444444444445 0.48072916666666665 0.6185185185185185 0.4765625 0.5990740740740741 0.478125 0.575925925925926 0.475 0.5638888888888889 0.4713541666666667 0.5657407407407408 0.465625 0.6129629629629629 0.4625 0.6185185185185185
4 0.259375 0.600925925925926 0.26145833333333335 0.5944444444444444 0.26614583333333336 0.5944444444444444 0.2671875 0.6 0.2710666666666667 0.6006555555555555 0.2707421875 0.598212962962963 0.27114895833333336 0.5951731481481481 0.27239583333333334 0.5935185185185186 0.26979166666666665 0.587037037037037 0.26875 0.5592592592592592 0.26458333333333334 0.5462962962962963 0.2630208333333333 0.5444444444444444 0.25729166666666664 0.5564814814814815 0.2557291666666667 0.5990740740740741 0.259375 0.600925925925926
5 0.32135416666666666 0.6342592592592593 0.31979166666666664 0.6129629629629629 0.32135416666666666 0.5962962962962963 0.3182291666666667 0.5787037037037037 0.3151041666666667 0.5824074074074074 0.3104166666666667 0.6111111111111112 0.3104166666666667 0.6361111111111111 0.32135416666666666 0.6342592592592593
4 0.4421875 0.6268518518518519 0.44583333333333336 0.6268518518518519 0.4484375 0.6222222222222222 0.44895833333333335 0.5805555555555556 0.44635416666666666 0.5712962962962963 0.4427083333333333 0.5694444444444444 0.440625 0.5731481481481482 0.4401041666666667 0.6129629629629629 0.4421875 0.6268518518518519
4 0.103125 0.65 0.09947916666666666 0.6694444444444444 0.10416666666666667 0.6712962962962963 0.10625 0.6666666666666666 0.11145833333333334 0.6685185185185185 0.11458333333333333 0.6657407407407407 0.11041666666666666 0.6444444444444445 0.11510416666666666 0.6342592592592593 0.11197916666666667 0.6240740740740741 0.1109375 0.6074074074074074 0.10677083333333333 0.6046296296296296 0.10208333333333333 0.6101851851851852 0.096875 0.6314814814814815 0.103125 0.65
5 0.8348958333333333 0.6527777777777778 0.8359375 0.6731481481481482 0.8411458333333334 0.6759259259259259 0.84375 0.6731481481481482 0.8432291666666667 0.6564814814814814 0.846875 0.6462962962962963 0.8473958333333333 0.6351851851851852 0.8432291666666667 0.612037037037037 0.8401041666666667 0.6092592592592593 0.8369791666666667 0.6129629629629629 0.8380208333333333 0.6324074074074074 0.8348958333333333 0.6527777777777778
3 0.6791666666666667 0.6185185185185185 0.6817708333333333 0.6203703703703703 0.6848958333333334 0.6138888888888889 0.6927083333333334 0.6203703703703703 0.6958333333333333 0.6194444444444445 0.6911458333333333 0.5685185185185185 0.6880208333333333 0.5601851851851852 0.6848958333333334 0.5592592592592592 0.6833333333333333 0.5638888888888889 0.684375 0.587037037037037 0.6791666666666667 0.6185185185185185
4 0.6072916666666667 0.5555555555555556 0.6104166666666667 0.537962962962963 0.6109375 0.5148148148148148 0.6072916666666667 0.5083333333333333 0.6046875 0.5083333333333333 0.6 0.5185185185185185 0.6020833333333333 0.5546296296296296 0.6072916666666667 0.5555555555555556
5 0.578125 0.575 0.5911458333333334 0.5740740740740741 0.5895833333333333 0.5555555555555556 0.5932291666666667 0.5416666666666666 0.5921875 0.5342592592592592 0.5875 0.5287037037037037 0.5838541666666667 0.5296296296296297 0.5822916666666667 0.5388888888888889 0.5817708333333333 0.5555555555555556 0.578125 0.575
4 0.8458333333333333 0.562962962962963 0.8489583333333334 0.5546296296296296 0.8510416666666667 0.525 0.8458333333333333 0.5120370370370371 0.8395833333333333 0.5203703703703704 0.8416666666666667 0.5472222222222223 0.8458333333333333 0.562962962962963
4 0.4046875 0.575925925925926 0.40677083333333336 0.5722222222222222 0.41041666666666665 0.5398148148148149 0.4083333333333333 0.5314814814814814 0.4046875 0.5277777777777778 0.4005208333333333 0.5388888888888889 0.4 0.5731481481481482 0.4046875 0.575925925925926
3 0.33697916666666666 0.5296296296296297 0.340625 0.5277777777777778 0.3458333333333333 0.5324074074074074 0.35208333333333336 0.5018518518518519 0.346875 0.4888888888888889 0.3380208333333333 0.4935185185185185 0.33541666666666664 0.5018518518518519 0.33697916666666666 0.5296296296296297
5 0.41510416666666666 0.5953703703703703 0.4203125 0.5935185185185186 0.421875 0.5527777777777778 0.4197916666666667 0.5416666666666666 0.415625 0.5407407407407407 0.41302083333333334 0.5638888888888889 0.4125 0.5925925925925926 0.41510416666666666 0.5953703703703703
3 0.7713541666666667 0.549074074074074 0.7770833333333333 0.5212962962962963 0.7776041666666667 0.5092592592592593 0.775 0.49722222222222223 0.7708333333333334 0.5 0.7671875 0.5092592592592593 0.76875 0.5444444444444444 0.7713541666666667 0.549074074074074
4 0.7630208333333334 0.674074074074074 0.765625 0.6361111111111111 0.7651041666666667 0.6268518518518519 0.759375 0.6138888888888889 0.75625 0.6148148148148148 0.7552083333333334 0.6212962962962963 0.7557291666666667 0.6796296296296296 0.7630208333333334 0.674074074074074
5 0.8760416666666667 0.6185185185185185 0.8807291666666667 0.625 0.8848958333333333 0.6240740740740741 0.8880208333333334 0.6194444444444445 0.8864583333333333 0.5712962962962963 0.884375 0.5601851851851852 0.8807291666666667 0.5574074074074075 0.8770833333333333 0.5601851851851852 0.8765625 0.5666666666666667 0.878125 0.6055555555555555 0.8760416666666667 0.6185185185185185
0 0.27516145833333333 0.5974722222222222 0.005979166666666676 0.010425925925925918