4 0.18854166666666666 0.8055555555555556 0.1890625 0.8138888888888889 0.20052083333333334 0.8101851851851852 0.20208333333333334 0.8138888888888889 0.20625 0.8138888888888889 0.2078125 0.7398148148148148 0.20416666666666666 0.7379629629629629 0.20104166666666667 0.7416666666666667 0.19322916666666667 0.7722222222222223 0.19270833333333334 0.7916666666666666 0.18854166666666666 0.8055555555555556
4 0.26927083333333335 0.9055555555555556 0.27239583333333334 0.9027777777777778 0.278125 0.8777777777777778 0.27395833333333336 0.8472222222222222 0.27395833333333336 0.8148148148148148 0.27239583333333334 0.8092592592592592 0.2671875 0.8101851851851852 0.2625 0.8342592592592593 0.2640625 0.9037037037037037 0.26927083333333335 0.9055555555555556
4 0.6755208333333333 0.8842592592592593 0.6651041666666667 0.9074074074074074 0.665625 0.9157407407407407 0.6708333333333333 0.9185185185185185 0.6760416666666667 0.899074074074074 0.68125 0.9027777777777778 0.6807291666666667 0.9083333333333333 0.6838541666666667 0.9148148148148149 0.6895833333333333 0.9157407407407407 0.6963541666666667 0.8527777777777777 0.6869791666666667 0.8453703703703703 0.6859375 0.8212962962962963 0.6822916666666666 0.8166666666666667 0.678125 0.8212962962962963 0.6697916666666667 0.8453703703703703 0.6744791666666666 0.8583333333333333 0.6755208333333333 0.8842592592592593
5 0.3182291666666667 0.8787037037037037 0.3171875 0.9083333333333333 0.321875 0.9101851851851852 0.3260416666666667 0.9046296296296297 0.3255208333333333 0.8981481481481481 0.3302083333333333 0.8814814814814815 0.3307291666666667 0.8555555555555555 0.328125 0.8175925925925925 0.3223958333333333 0.8157407407407408 0.31614583333333335 0.837037037037037 0.315625 0.8648148148148148 0.3182291666666667 0.8787037037037037
3 0.22239583333333332 0.7712962962962963 0.22552083333333334 0.775 0.22916666666666666 0.7648148148148148 0.23489583333333333 0.7666666666666667 0.23541666666666666 0.775 0.240625 0.775 0.24010416666666667 0.7407407407407407 0.24166666666666667 0.7342592592592593 0.23854166666666668 0.725 0.2390625 0.6972222222222222 0.23385416666666667 0.6990740740740741 0.228125 0.7185185185185186 0.2296875 0.7462962962962963 0.22239583333333332 0.7712962962962963
4 0.3302083333333333 0.7861111111111111 0.334375 0.7888888888888889 0.3380208333333333 0.7861111111111111 0.34270833333333334 0.7481481481481481 0.33958333333333335 0.7157407407407408 0.3338541666666667 0.7138888888888889 0.3265625 0.7351851851851852 0.328125 0.7787037037037037 0.3302083333333333 0.7861111111111111
4 0.06822916666666666 0.7379629629629629 0.071875 0.7444444444444445 0.07604166666666666 0.7333333333333333 0.08125 0.7351851851851852 0.08385416666666666 0.7425925925925926 0.0875 0.7425925925925926 0.08697916666666666 0.7166666666666667 0.090625 0.6759259259259259 0.08385416666666666 0.6703703703703704 0.07395833333333333 0.6833333333333333 0.07552083333333333 0.712037037037037 0.06822916666666666 0.7379629629629629
5 0.7947916666666667 0.7064814814814815 0.796875 0.6601851851851852 0.7911458333333333 0.6444444444444445 0.7854166666666667 0.6601851851851852 0.7885416666666667 0.7046296296296296 0.7947916666666667 0.7064814814814815
4 0.5171875 0.7231481481481481 0.5208333333333334 0.725925925925926 0.5223958333333333 0.7203703703703703 0.5291666666666667 0.7203703703703703 0.5333333333333333 0.7277777777777777 0.5359375 0.7240740740740741 0.5317708333333333 0.6953703703703704 0.5307291666666667 0.6657407407407407 0.528125 0.6648148148148149 0.5234375 0.6768518518518518 0.5213541666666667 0.7023148148148148 0.5171875 0.7231481481481481
4 0.4817708333333333 0.7870370370370371 0.47760416666666666 0.8101851851851852 0.4822916666666667 0.812037037037037 0.4942708333333333 0.7657407407407407 0.49583333333333335 0.7509259259259259 0.49375 0.7305555555555555 0.4901041666666667 0.7277777777777777 0.48802083333333335 0.7342592592592593 0.478125 0.7462962962962963 0.48125 0.7611111111111111 0.4817708333333333 0.7870370370370371
5 0 0.8222222222222222 0.004166666666666667 0.8231481481481482 0.0078125 0.8175925925925925 0.013020833333333334 0.7666666666666667 0.011979166666666667 0.7398148148148148 0.00625 0.7361111111111112 0 0.7462962962962963 0 0.8222222222222222
5 0.08697916666666666 0.6583333333333333 0.08854166666666667 0.6898148148148148 0.09114583333333333 0.6990740740740741 0.09583333333333334 0.7 0.0984375 0.6953703703703704 0.09739583333333333 0.6712962962962963 0.10208333333333333 0.6657407407407407 0.09895833333333333 0.6574074074074074 0.0984375 0.6453703703703704 0.09166666666666666 0.6370370370370371 0.08958333333333333 0.637962962962963 0.090625 0.6435185185185185 0.08697916666666666 0.6583333333333333
4 0.446875 0.6601851851851852 0.45677083333333335 0.6583333333333333 0.4546875 0.6203703703703703 0.45208333333333334 0.6083333333333333 0.446875 0.6064814814814815 0.44427083333333334 0.6166666666666667 0.44479166666666664 0.6574074074074074 0.446875 0.6601851851851852
3 0.509375 0.5962962962962963 0.5114583333333333 0.5898148148148148 0.5130208333333334 0.5592592592592592 0.5114583333333333 0.5518518518518518 0.5057291666666667 0.5444444444444444 0.503125 0.5564814814814815 0.5052083333333334 0.5944444444444444 0.509375 0.5962962962962963
5 0.809375 0.8787037037037037 0.8015625 0.912962962962963 0.8145833333333333 0.9222222222222223 0.8177083333333334 0.9194444444444444 0.81875 0.8981481481481481 0.8260416666666667 0.8638888888888889 0.8177083333333334 0.8379629629629629 0.8125 0.8379629629629629 0.8005208333333333 0.8685185185185185 0.809375 0.8787037037037037
5 0.2921875 0.7472222222222222 0.29635416666666664 0.75 0.30625 0.7462962962962963 0.3072916666666667 0.7435185185185185 0.3046875 0.7342592592592593 0.30625 0.6851851851851852 0.30416666666666664 0.6787037037037037 0.3 0.6814814814814815 0.2942708333333333 0.6990740740740741 0.2942708333333333 0.7305555555555555 0.2921875 0.7472222222222222
0 0.8072916666666666 0.9194444444444444 0.8130208333333333 0.9231481481481482 0.8177083333333334 0.9203703703703704 0.8161458333333333 0.9074074074074074 0.8135416666666667 0.9027777777777778 0.80625 0.9027777777777778 0.8020833333333334 0.9083333333333333 0.8015625 0.912962962962963 0.8072916666666666 0.9194444444444444
5 0.3770833333333333 0.6509259259259259 0.38177083333333334 0.6129629629629629 0.3765625 0.6027777777777777 0.371875 0.6148148148148148 0.371875 0.65 0.3770833333333333 0.6509259259259259
5 0.5291666666666667 0.7898148148148149 0.5291666666666667 0.8027777777777778 0.5255208333333333 0.8185185185185185 0.5296875 0.8240740740740741 0.5354166666666667 0.8194444444444444 0.5359375 0.7972222222222223 0.5416666666666666 0.7731481481481481 0.540625 0.7472222222222222 0.5359375 0.7444444444444445 0.5270833333333333 0.7574074074074074 0.525 0.7675925925925926 0.5291666666666667 0.7898148148148149
3 0.18333333333333332 0.5935185185185186 0.1828125 0.5611111111111111 0.17760416666666667 0.5574074074074075 0.1734375 0.5685185185185185 0.17239583333333333 0.5916666666666667 0.18333333333333332 0.5935185185185186