4 0.13385416666666666 0.6351851851851852 0.1296875 0.6537037037037037 0.13125 0.6574074074074074 0.14270833333333333 0.6601851851851852 0.14479166666666668 0.6546296296296297 0.14479166666666668 0.637962962962963 0.14010416666666667 0.5953703703703703 0.13697916666666668 0.5944444444444444 0.13229166666666667 0.6064814814814815 0.12916666666666668 0.6268518518518519 0.13385416666666666 0.6351851851851852
4 0.3536458333333333 0.5796296296296296 0.35625 0.5703703703703704 0.35885416666666664 0.5712962962962963 0.36041666666666666 0.5796296296296296 0.3645833333333333 0.5796296296296296 0.36354166666666665 0.5527777777777778 0.35989583333333336 0.5342592592592592 0.35625 0.5324074074074074 0.35208333333333336 0.5472222222222223 0.3494791666666667 0.5796296296296296 0.3536458333333333 0.5796296296296296
5 0.5166666666666667 0.6222222222222222 0.5291666666666667 0.6222222222222222 0.5239583333333333 0.6037037037037037 0.5244791666666667 0.5787037037037037 0.5213541666666667 0.562962962962963 0.5166666666666667 0.5648148148148148 0.515625 0.5824074074074074 0.5135416666666667 0.6185185185185185 0.5166666666666667 0.6222222222222222
4 0.76875 0.6768518518518518 0.7729166666666667 0.6648148148148149 0.7776041666666667 0.6648148148148149 0.7802083333333333 0.6768518518518518 0.7848958333333333 0.6777777777777778 0.7786458333333334 0.6231481481481481 0.775 0.6129629629629629 0.7708333333333334 0.6138888888888889 0.7635416666666667 0.674074074074074 0.76875 0.6768518518518518
5 0.603125 0.6537037037037037 0.6078125 0.6555555555555556 0.6114583333333333 0.6481481481481481 0.6109375 0.6055555555555555 0.6078125 0.5935185185185186 0.603125 0.5972222222222222 0.6015625 0.6222222222222222 0.603125 0.6537037037037037
5 0.9125 0.7277777777777777 0.9171875 0.7305555555555555 0.9229166666666667 0.7212962962962963 0.9197916666666667 0.7064814814814815 0.9208333333333333 0.6796296296296296 0.9171875 0.6620370370370371 0.9109375 0.6620370370370371 0.9098958333333333 0.6833333333333333 0.9125 0.7277777777777777
5 0.6 0.5648148148148148 0.603125 0.5703703703703704 0.6041666666666666 0.5638888888888889 0.6010416666666667 0.5388888888888889 0.596875 0.525 0.5942708333333333 0.5259259259259259 0.5916666666666667 0.5398148148148149 0.5911458333333334 0.5712962962962963 0.6 0.5648148148148148
5 0.5270833333333333 0.6898148148148148 0.5328125 0.7240740740740741 0.5317708333333333 0.7296296296296296 0.5369791666666667 0.7314814814814815 0.5421875 0.7277777777777777 0.5442708333333334 0.7212962962962963 0.5390625 0.7074074074074074 0.5411458333333333 0.6694444444444444 0.534375 0.6509259259259259 0.5307291666666667 0.6518518518518519 0.5296875 0.6564814814814814 0.5296875 0.6759259259259259 0.5270833333333333 0.6898148148148148
4 0.24791666666666667 0.7759259259259259 0.259375 0.7777777777777778 0.2578125 0.7388888888888889 0.26145833333333335 0.7240740740740741 0.2604166666666667 0.7157407407407408 0.2515625 0.6916666666666667 0.24739583333333334 0.6925925925925925 0.2421875 0.7111111111111111 0.24166666666666667 0.7203703703703703 0.24791666666666667 0.7759259259259259
3 0.3375 0.5287037037037037 0.3494791666666667 0.5287037037037037 0.35 0.5018518518518519 0.34791666666666665 0.4935185185185185 0.3411458333333333 0.49074074074074076 0.3390625 0.49722222222222223 0.33958333333333335 0.5194444444444445 0.3375 0.5287037037037037
4 0.415625 0.6222222222222222 0.42135416666666664 0.6185185185185185 0.421875 0.6037037037037037 0.43125 0.5972222222222222 0.42604166666666665 0.5796296296296296 0.4234375 0.5601851851851852 0.4197916666666667 0.5611111111111111 0.41770833333333335 0.5685185185185185 0.4125 0.5953703703703703 0.415625 0.6222222222222222
4 0.2557291666666667 0.6 0.2598958333333333 0.5953703703703703 0.2625 0.5657407407407408 0.26197916666666665 0.5444444444444444 0.25885416666666666 0.5425925925925926 0.2520833333333333 0.5574074074074075 0.2520833333333333 0.5962962962962963 0.2557291666666667 0.6
4 0.8260416666666667 0.5583333333333333 0.8286458333333333 0.5481481481481482 0.8296875 0.5194444444444445 0.825 0.5120370370370371 0.8192708333333333 0.525 0.8197916666666667 0.5564814814814815 0.8260416666666667 0.5583333333333333
5 0.8682291666666667 0.6148148148148148 0.8791666666666667 0.6194444444444445 0.8802083333333334 0.5879629629629629 0.8776041666666666 0.5638888888888889 0.8713541666666667 0.5638888888888889 0.86875 0.5740740740740741 0.8697916666666666 0.6064814814814815 0.8682291666666667 0.6148148148148148
4 0.834375 0.7666666666666667 0.8375 0.7620370370370371 0.84375 0.700925925925926 0.8375 0.6833333333333333 0.834375 0.6805555555555556 0.8276041666666667 0.6981481481481482 0.828125 0.7611111111111111 0.834375 0.7666666666666667
4 0.8635416666666667 0.6148148148148148 0.8692708333333333 0.6185185185185185 0.8708333333333333 0.6148148148148148 0.8703125 0.5675925925925925 0.86875 0.5592592592592592 0.8651041666666667 0.5546296296296296 0.8609375 0.5527777777777778 0.8588541666666667 0.5601851851851852 0.8588541666666667 0.5833333333333334 0.8635416666666667 0.6148148148148148
4 0.5916666666666667 0.5583333333333333 0.5927083333333333 0.5185185185185185 0.5885416666666666 0.5055555555555555 0.5838541666666667 0.5074074074074074 0.5807291666666666 0.5222222222222223 0.5833333333333334 0.5564814814814815 0.5916666666666667 0.5583333333333333
3 0.6703125 0.6157407407407407 0.6734375 0.6185185185185185 0.6760416666666667 0.6148148148148148 0.6770833333333334 0.5657407407407408 0.6739583333333333 0.5546296296296296 0.6692708333333334 0.5564814814814815 0.6682291666666667 0.575925925925926 0.6703125 0.6157407407407407
4 0.8432291666666667 0.6685185185185185 0.8479166666666667 0.6703703703703704 0.8494791666666667 0.6648148148148149 0.846875 0.6537037037037037 0.8484375 0.6435185185185185 0.8473958333333333 0.6222222222222222 0.8447916666666667 0.6074074074074074 0.8421875 0.6037037037037037 0.8390625 0.6074074074074074 0.8390625 0.6537037037037037 0.8432291666666667 0.6685185185185185
5 0.35260416666666666 0.6369083333333333 0.3572916666666667 0.6378342592592593 0.35833333333333334 0.6332046296296296 0.353125 0.6202416666666667 0.35092447916666664 0.6115361111111111 0.3463541666666667 0.5896861111111111 0.3416666666666667 0.5896861111111111 0.3385416666666667 0.6007972222222222 0.33958333333333335 0.6174638888888889 0.35260416666666666 0.6369083333333333
0 0.3484375 0.6083333333333333 0.3489583333333333 0.6101851851851852 0.3494791666666667 0.6111111111111112 0.3515625 0.6111111111111112 0.35208333333333336 0.612037037037037 0.353125 0.612037037037037 0.3541666666666667 0.6092592592592593 0.3541666666666667 0.6055555555555555 0.3536458333333333 0.6037037037037037 0.35208333333333336 0.6018518518518519 0.3489583333333333 0.6 0.3484375 0.6027777777777777 0.3484375 0.6083333333333333
5 0.4239583333333333 0.587037037037037 0.4276041666666667 0.5805555555555556 0.42604166666666665 0.562037037037037 0.42135416666666664 0.5472222222222223 0.41770833333333335 0.5481481481481482 0.4171875 0.575925925925926 0.4239583333333333 0.587037037037037
3 0.7479166666666667 0.5453703703703704 0.7505208333333333 0.5416666666666666 0.7541666666666667 0.5055555555555555 0.7515625 0.4981481481481482 0.7473958333333334 0.49907407407407406 0.74375 0.5092592592592593 0.74375 0.5324074074074074 0.7479166666666667 0.5453703703703704