4 0.48333333333333334 0.799074074074074 0.48541666666666666 0.8027777777777778 0.490625 0.8018518518518518 0.49322916666666666 0.7814814814814814 0.4984375 0.7777777777777778 0.5015625 0.787962962962963 0.5010416666666667 0.8 0.5057291666666667 0.8037037037037037 0.5072916666666667 0.7972222222222223 0.5036458333333333 0.7694444444444445 0.5041666666666667 0.7398148148148148 0.4979166666666667 0.7231481481481481 0.49375 0.725 0.4901041666666667 0.7444444444444445 0.48802083333333335 0.7824074074074074 0.48333333333333334 0.799074074074074
5 0.12083333333333333 0.8805555555555555 0.12083333333333333 0.9037037037037037 0.12239583333333333 0.9083333333333333 0.13125 0.9111111111111111 0.1328125 0.9074074074074074 0.13229166666666667 0.8787037037037037 0.13645833333333332 0.8546296296296296 0.128125 0.8194444444444444 0.12291666666666666 0.8212962962962963 0.1171875 0.8472222222222222 0.11614583333333334 0.8694444444444445 0.12083333333333333 0.8805555555555555
5 0.5723958333333333 0.65 0.5890625 0.6574074074074074 0.5822916666666667 0.6111111111111112 0.5802083333333333 0.6074074074074074 0.5776041666666667 0.6092592592592593 0.575 0.6194444444444445 0.5755208333333334 0.6342592592592593 0.5723958333333333 0.65
4 0.115625 0.7962962962962963 0.11822916666666666 0.7944444444444444 0.11979166666666667 0.7870370370370371 0.11979166666666667 0.7657407407407407 0.12291666666666666 0.75 0.121875 0.7342592592592593 0.1171875 0.7175925925925926 0.11458333333333333 0.7166666666666667 0.10885416666666667 0.7277777777777777 0.10572916666666667 0.7444444444444445 0.10677083333333333 0.7925925925925926 0.115625 0.7962962962962963
5 0.7651041666666667 0.8453703703703703 0.7604166666666666 0.812037037037037 0.7614583333333333 0.7888888888888889 0.7557291666666667 0.7694444444444445 0.7510416666666667 0.7722222222222223 0.7484375 0.812037037037037 0.7479166666666667 0.8472222222222222 0.7651041666666667 0.8453703703703703
2 0.8802083333333334 0.6972222222222222 0.8885416666666667 0.6972222222222222 0.8911458333333333 0.6518518518518519 0.8864583333333333 0.6333333333333333 0.884375 0.6324074074074074 0.8817708333333333 0.6388888888888888 0.8786458333333333 0.6648148148148149 0.878125 0.6935185185185185 0.8802083333333334 0.6972222222222222
5 0.7390625 0.6537037037037037 0.7411458333333333 0.65 0.7390625 0.6317898148148148 0.7401041666666667 0.6138888888888889 0.7375 0.6027777777777777 0.734375 0.6037037037037037 0.7317708333333334 0.6222222222222222 0.7302083333333333 0.6537037037037037 0.7390625 0.6537037037037037
4 0.30625 0.7046296296296296 0.3125 0.6990740740740741 0.3140625 0.7055555555555556 0.3177083333333333 0.7046296296296296 0.31875 0.6805555555555556 0.31614583333333335 0.65 0.31197916666666664 0.6481481481481481 0.3078125 0.6611111111111111 0.30416666666666664 0.7027777777777777 0.30625 0.7046296296296296
5 0.1890625 0.6574074074074074 0.19322916666666667 0.6583333333333333 0.19635416666666666 0.6453703703703704 0.19479166666666667 0.6083333333333333 0.19114583333333332 0.6074074074074074 0.18802083333333333 0.6185185185185185 0.18802083333333333 0.6518518518518519 0.1890625 0.6574074074074074
4 0.15052083333333333 0.7129629629629629 0.1578125 0.7083333333333334 0.15989583333333332 0.6768518518518518 0.1578125 0.6472222222222223 0.15364583333333334 0.6425925925925926 0.14583333333333334 0.6583333333333333 0.14375 0.6685185185185185 0.14583333333333334 0.712037037037037 0.15052083333333333 0.7129629629629629
4 0.246875 0.6324074074074074 0.2520833333333333 0.6305555555555555 0.25677083333333334 0.6148148148148148 0.2557291666666667 0.5833333333333334 0.2520833333333333 0.5833333333333334 0.24895833333333334 0.5898148148148148 0.24427083333333333 0.6296296296296297 0.246875 0.6324074074074074
4 0.465625 0.6481481481481481 0.4734375 0.6453703703703704 0.4765625 0.6305555555555555 0.47708333333333336 0.6055555555555555 0.47552083333333334 0.5990740740740741 0.4703125 0.6 0.46875 0.6055555555555555 0.4630208333333333 0.6416666666666667 0.465625 0.6481481481481481
5 0.9005208333333333 0.775 0.9026041666666667 0.7777777777777778 0.9088541666666666 0.775 0.9125 0.7787037037037037 0.915625 0.774074074074074 0.9145833333333333 0.7231481481481481 0.9104166666666667 0.7064814814814815 0.9078125 0.7046296296296296 0.9057291666666667 0.7101851851851851 0.9005208333333333 0.7509259259259259 0.9005208333333333 0.775
5 0.44895833333333335 0.7138888888888889 0.4515625 0.6685185185185185 0.446875 0.6546296296296297 0.44375 0.6555555555555556 0.44114583333333335 0.6620370370370371 0.4390625 0.687962962962963 0.43854166666666666 0.712037037037037 0.44895833333333335 0.7138888888888889
0 0.5807291666666666 0.6555555555555556 0.5791666666666667 0.6416666666666667 0.5760416666666667 0.6398148148148148 0.571875 0.6462962962962963 0.571875 0.6537037037037037 0.5807291666666666 0.6555555555555556
5 0.33229166666666665 0.6074074074074074 0.3421875 0.6037037037037037 0.3453125 0.5666666666666667 0.3416666666666667 0.5592592592592592 0.33697916666666666 0.5601851851851852 0.334375 0.575 0.33125 0.6018518518518519 0.33229166666666665 0.6074074074074074
4 0.353125 0.6759259259259259 0.3572916666666667 0.6611111111111111 0.35625 0.637962962962963 0.353125 0.6194444444444445 0.3494791666666667 0.6185185185185185 0.346875 0.6268518518518519 0.3494791666666667 0.674074074074074 0.353125 0.6759259259259259
3 0.3572916666666667 0.7435185185185185 0.3536458333333333 0.7537037037037037 0.3572916666666667 0.7583333333333333 0.35833333333333334 0.7546296296296297 0.36354166666666665 0.7564814814814815 0.365625 0.7620370370370371 0.371875 0.7407407407407407 0.3729166666666667 0.6972222222222222 0.371875 0.6888888888888889 0.3697916666666667 0.687037037037037 0.3640625 0.687962962962963 0.3619791666666667 0.6935185185185185 0.3619791666666667 0.7388888888888889 0.3572916666666667 0.7435185185185185
5 0.3609375 0.6972222222222222 0.3645833333333333 0.6962962962962963 0.3692708333333333 0.6925925925925925 0.3692708333333333 0.6537037037037037 0.3645833333333333 0.6444444444444445 0.3578125 0.6564814814814814 0.359375 0.6925925925925925 0.3609375 0.6972222222222222
4 0.4395833333333333 0.7138888888888889 0.4427083333333333 0.6731481481481482 0.4401041666666667 0.6537037037037037 0.4354166666666667 0.6555555555555556 0.43125 0.6675925925925926 0.43125 0.712037037037037 0.4395833333333333 0.7138888888888889
4 0.5307291666666667 0.687962962962963 0.5333333333333333 0.6898148148148148 0.5421875 0.6620370370370371 0.5432291666666667 0.6462962962962963 0.5380208333333333 0.6305555555555555 0.5359375 0.6305555555555555 0.5302083333333333 0.6425925925925926 0.5302083333333333 0.6824074074074075 0.5307291666666667 0.687962962962963
3 0.3026041666666667 0.6055555555555555 0.30520833333333336 0.6027777777777777 0.30885416666666665 0.5666666666666667 0.30625 0.5555555555555556 0.3026041666666667 0.5564814814814815 0.30052083333333335 0.562037037037037 0.2994791666666667 0.5833333333333334 0.3026041666666667 0.6055555555555555
3 0.14375 0.6064814814814815 0.15104166666666666 0.6074074074074074 0.15364583333333334 0.6027777777777777 0.15625 0.5833333333333334 0.1546875 0.5638888888888889 0.14895833333333333 0.5611111111111111 0.14479166666666668 0.575925925925926 0.146875 0.5916666666666667 0.14375 0.6064814814814815
4 0.15833333333333333 0.6509259259259259 0.16354166666666667 0.6351851851851852 0.16197916666666667 0.6148148148148148 0.1578125 0.6129629629629629 0.153125 0.6222222222222222 0.15260416666666668 0.6398148148148148 0.15833333333333333 0.6509259259259259