4 0.090625 0.7074074074074074 0.0875 0.6620370370370371 0.0828125 0.6611111111111111 0.08072916666666667 0.6648148148148149 0.07604166666666666 0.6861111111111111 0.07291666666666667 0.7398148148148148 0.075 0.7425925925925926 0.08854166666666667 0.7407407407407407 0.090625 0.7074074074074074
0 0.13020833333333334 0.6398148148148148 0.13020833333333334 0.649074074074074 0.13541666666666666 0.65 0.1359375 0.6407407407407407 0.13020833333333334 0.6398148148148148
4 0.328125 0.8768518518518519 0.3307291666666667 0.8675925925925926 0.3333333333333333 0.8657407407407407 0.33697916666666666 0.8666666666666667 0.34322916666666664 0.9 0.3494791666666667 0.9 0.35052083333333334 0.8953703703703704 0.34479166666666666 0.8740740740740741 0.34010416666666665 0.8379629629629629 0.3375 0.7972222222222223 0.33229166666666665 0.7972222222222223 0.321875 0.825925925925926 0.32447916666666665 0.8546296296296296 0.32083333333333336 0.9027777777777778 0.325 0.9009259259259259 0.328125 0.8768518518518519
4 0.4401041666666667 0.6546296296296297 0.4432291666666667 0.6518518518518519 0.4427083333333333 0.6314814814814815 0.44635416666666666 0.6222222222222222 0.44583333333333336 0.6064814814814815 0.4401041666666667 0.5925925925925926 0.43645833333333334 0.5953703703703703 0.4348958333333333 0.6055555555555555 0.4328125 0.6222222222222222 0.4359375 0.6324074074074074 0.43645833333333334 0.6527777777777778 0.4401041666666667 0.6546296296296297
5 0.3890625 0.6333333333333333 0.390625 0.6046296296296296 0.38645833333333335 0.5907407407407408 0.384375 0.5898148148148148 0.38229166666666664 0.5944444444444444 0.38177083333333334 0.6509259259259259 0.3880208333333333 0.6537037037037037 0.3927083333333333 0.6462962962962963 0.3890625 0.6333333333333333
5 0.7541666666666667 0.7694444444444445 0.7661458333333333 0.766975 0.7666666666666667 0.7787037037037037 0.7708333333333334 0.7768518518518519 0.7713541666666667 0.7305555555555555 0.7635416666666667 0.7083333333333334 0.759375 0.7111111111111111 0.7552083333333334 0.7268518518518519 0.7536458333333333 0.7574074074074074 0.7458333333333333 0.7759259259259259 0.7453125 0.7787037037037037 0.7479166666666667 0.7805555555555556 0.7510416666666667 0.7787037037037037 0.7541666666666667 0.7694444444444445
4 0.10885416666666667 0.6305555555555555 0.11875 0.6416666666666667 0.11927083333333334 0.5990740740740741 0.11510416666666666 0.5805555555555556 0.1109375 0.5768518518518518 0.103125 0.600925925925926 0.10572916666666667 0.6194444444444445 0.10260416666666666 0.6407407407407407 0.10625 0.6388888888888888 0.10885416666666667 0.6305555555555555
5 0.3078125 0.7037037037037037 0.3098958333333333 0.7 0.31302083333333336 0.6546296296296297 0.30625 0.6361111111111111 0.303125 0.637962962962963 0.2989583333333333 0.6537037037037037 0.2984375 0.6675925925925926 0.30364583333333334 0.6851851851851852 0.30416666666666664 0.700925925925926 0.3078125 0.7037037037037037
5 0.559375 0.5527777777777778 0.55625 0.5388888888888889 0.5526041666666667 0.537962962962963 0.5515625 0.5416666666666666 0.5494791666666666 0.5879629629629629 0.553125 0.5925925925925926 0.5583333333333333 0.5879629629629629 0.559375 0.5527777777777778
4 0.571875 0.7861111111111111 0.5729166666666666 0.7777777777777778 0.5791666666666667 0.7777777777777778 0.5802083333333333 0.7833333333333333 0.5833333333333334 0.7833333333333333 0.584375 0.7444444444444445 0.5880208333333333 0.7212962962962963 0.5807291666666666 0.6981481481481482 0.5755208333333334 0.7 0.5703125 0.7240740740740741 0.5677083333333334 0.7277777777777777 0.5708333333333333 0.7324074074074074 0.5708333333333333 0.7398148148148148 0.565625 0.7851851851851852 0.571875 0.7861111111111111
4 0.8645833333333334 0.6481481481481481 0.8645833333333334 0.6296296296296297 0.8666666666666667 0.6222222222222222 0.8661458333333333 0.600925925925926 0.8619791666666666 0.5851851851851851 0.8572916666666667 0.5907407407407408 0.8546875 0.6111111111111112 0.8552083333333333 0.65 0.8625 0.6527777777777778 0.8645833333333334 0.6481481481481481
5 0.8807291666666667 0.6203703703703703 0.8786458333333333 0.5953703703703703 0.8729166666666667 0.5925925925925926 0.8713541666666667 0.6037037037037037 0.8708333333333333 0.6388888888888888 0.8765625 0.6462962962962963 0.8791666666666667 0.6388888888888888 0.8807291666666667 0.6203703703703703
5 0.41041666666666665 0.8018518518518518 0.41770833333333335 0.799074074074074 0.4192708333333333 0.812037037037037 0.4276041666666667 0.8101851851851852 0.42135416666666664 0.7907407407407407 0.42135416666666664 0.7833333333333333 0.4265625 0.7722222222222223 0.4234375 0.7379629629629629 0.42083333333333334 0.7222222222222222 0.4192708333333333 0.7194444444444444 0.41510416666666666 0.7212962962962963 0.39895833333333336 0.8055555555555556 0.4041666666666667 0.812962962962963 0.4083333333333333 0.812037037037037 0.41041666666666665 0.8018518518518518
5 0.6489583333333333 0.7314814814814815 0.6552083333333333 0.7296296296296296 0.65625 0.7240740740740741 0.6395833333333333 0.6555555555555556 0.6364583333333333 0.6592592592592592 0.634375 0.6694444444444444 0.6364583333333333 0.6842592592592592 0.6333333333333333 0.7074074074074074 0.6380208333333334 0.7277777777777777 0.6489583333333333 0.7314814814814815
5 0.5921875 0.6018518518518519 0.5875 0.587037037037037 0.5833333333333334 0.5879629629629629 0.5807291666666666 0.6138888888888889 0.5828125 0.6314814814814815 0.5796875 0.6518518518518519 0.5916666666666667 0.6518518518518519 0.5921875 0.6018518518518519
5 0.8770833333333333 0.7027777777777777 0.8765625 0.6833333333333333 0.8802083333333334 0.662962962962963 0.8765625 0.6296296296296297 0.8729166666666667 0.6268518518518519 0.8677083333333333 0.65 0.8661458333333333 0.674074074074074 0.8713541666666667 0.7083333333333334 0.8734375 0.7092592592592593 0.8770833333333333 0.7027777777777777
4 0.621875 0.7194444444444444 0.6260416666666667 0.7157407407407408 0.6296875 0.7175925925925926 0.6333333333333333 0.7287037037037037 0.6390625 0.7287037037037037 0.6317708333333333 0.7 0.6286458333333333 0.6694444444444444 0.6229166666666667 0.6592592592592592 0.6203125 0.662962962962963 0.6192708333333333 0.6990740740740741 0.6135416666666667 0.7314814814814815 0.61875 0.7333333333333333 0.621875 0.7194444444444444
4 0.6385416666666667 0.6240740740740741 0.6442708333333333 0.6194444444444445 0.6416666666666667 0.6018518518518519 0.6416666666666667 0.5824074074074074 0.6385416666666667 0.5722222222222222 0.634375 0.5648148148148148 0.6328125 0.5666666666666667 0.6291666666666667 0.5833333333333334 0.6302083333333334 0.6083333333333333 0.6338541666666667 0.6222222222222222 0.6385416666666667 0.6240740740740741
4 0.784375 0.5185185185185185 0.7791666666666667 0.5064814814814815 0.775 0.5092592592592593 0.7708333333333334 0.5287037037037037 0.7708333333333334 0.5435185185185185 0.7791666666666667 0.5546296296296296 0.784375 0.5296296296296297 0.784375 0.5185185185185185
3 0.6625 0.49907407407407406 0.6604166666666667 0.49907407407407406 0.6567708333333333 0.5074074074074074 0.6578125 0.5407407407407407 0.6619791666666667 0.5425925925925926 0.6677083333333333 0.5074074074074074 0.6625 0.49907407407407406
5 0.8333333333333334 0.5916666666666667 0.8328125 0.5601851851851852 0.8296875 0.5481481481481482 0.8255208333333334 0.5462962962962963 0.8244791666666667 0.55 0.8239583333333333 0.5953703703703703 0.8260416666666667 0.5990740740740741 0.8307291666666666 0.5981481481481481 0.8333333333333334 0.5916666666666667
4 0.446875 0.549074074074074 0.4515625 0.549074074074074 0.4557291666666667 0.5101851851851852 0.45260416666666664 0.4935185185185185 0.45 0.4925925925925926 0.446875 0.49722222222222223 0.44895833333333335 0.5018518518518519 0.44479166666666664 0.5101851851851852 0.4453125 0.5425925925925926 0.446875 0.549074074074074
3 0.6364583333333333 0.5675925925925925 0.6328125 0.5546296296296296 0.6302083333333334 0.5546296296296296 0.625 0.5638888888888889 0.6265625 0.6148148148148148 0.6317708333333333 0.6166666666666667 0.6328125 0.5884259259259259 0.6364583333333333 0.5675925925925925