5 0.4473958333333333 0.7037037037037037 0.44895833333333335 0.700925925925926 0.4505208333333333 0.6675925925925926 0.44947916666666665 0.6583333333333333 0.4427083333333333 0.649074074074074 0.43854166666666666 0.6611111111111111 0.44166666666666665 0.700925925925926 0.4473958333333333 0.7037037037037037
4 0.5854166666666667 0.6703703703703704 0.5869791666666667 0.6694444444444444 0.5890625 0.6472222222222223 0.5880208333333333 0.6231481481481481 0.5838541666666667 0.6222222222222222 0.5802083333333333 0.6314814814814815 0.5802083333333333 0.6666666666666666 0.5854166666666667 0.6703703703703704
4 0.7947916666666667 0.687962962962963 0.7984375 0.687962962962963 0.8015625 0.6722222222222223 0.8005208333333333 0.6537037037037037 0.7947916666666667 0.6444444444444445 0.7911458333333333 0.6527777777777778 0.7885416666666667 0.6777777777777778 0.7947916666666667 0.687962962962963
4 0.40572916666666664 0.6888888888888889 0.4078125 0.6851851851851852 0.41041666666666665 0.662962962962963 0.40989583333333335 0.637962962962963 0.4041666666666667 0.6351851851851852 0.4005208333333333 0.649074074074074 0.4 0.6861111111111111 0.40572916666666664 0.6888888888888889
4 0.6333333333333333 0.7592592592592593 0.6307291666666667 0.7768518518518519 0.6421875 0.7833333333333333 0.6416666666666667 0.7620370370370371 0.6453125 0.7444444444444445 0.6442708333333333 0.7268518518518519 0.6411458333333333 0.7166666666666667 0.6364583333333333 0.7166666666666667 0.6302083333333334 0.7425925925925926 0.6296875 0.7481481481481481 0.6333333333333333 0.7592592592592593
2 0.15833333333333333 0.6527777777777778 0.15885416666666666 0.6333333333333333 0.1625 0.6185185185185185 0.15416666666666667 0.6064814814814815 0.14791666666666667 0.6111111111111112 0.14895833333333333 0.6518518518518519 0.15833333333333333 0.6527777777777778
4 0.6291666666666667 0.6546296296296297 0.6333333333333333 0.6537037037037037 0.6354166666666666 0.6333333333333333 0.6328125 0.6111111111111112 0.6286458333333333 0.6101851851851852 0.6244791666666667 0.6222222222222222 0.625 0.65 0.6291666666666667 0.6546296296296297
5 0.6583333333333333 0.725 0.6604166666666667 0.7157407407407408 0.6583333333333333 0.6712962962962963 0.6541666666666667 0.6712962962962963 0.6520833333333333 0.6796296296296296 0.6473958333333333 0.7166666666666667 0.6583333333333333 0.725
5 0.7822916666666667 0.6981481481481482 0.7848958333333333 0.7166666666666667 0.7875 0.7203703703703703 0.7984375 0.6944444444444444 0.7994791666666666 0.6824074074074075 0.7984375 0.6768518518518518 0.7958333333333333 0.6787037037037037 0.79375 0.6768518518518518 0.7942708333333334 0.6731481481481482 0.7916666666666666 0.6722222222222223 0.7848958333333333 0.6814814814814815 0.7822916666666667 0.6888888888888889 0.7822916666666667 0.6981481481481482
4 0.8864583333333333 0.7407407407407407 0.896875 0.7425925925925926 0.9005208333333333 0.7398148148148148 0.9010416666666666 0.6962962962962963 0.8963541666666667 0.6814814814814815 0.8921875 0.6842592592592592 0.8895833333333333 0.7240740740740741 0.8864583333333333 0.7407407407407407
3 0.928125 0.6138888888888889 0.9307291666666667 0.6111111111111112 0.9359375 0.5833333333333334 0.9348958333333334 0.575925925925926 0.9322916666666666 0.5731481481481482 0.925 0.5768518518518518 0.925 0.6111111111111112 0.928125 0.6138888888888889
5 0.6104166666666667 0.649074074074074 0.6119791666666666 0.6268518518518519 0.6088541666666667 0.6111111111111112 0.6072916666666667 0.6083333333333333 0.6046875 0.6101851851851852 0.6015625 0.6212962962962963 0.6015625 0.6472222222222223 0.6104166666666667 0.649074074074074
5 0.45208333333333334 0.8046296296296296 0.459375 0.7861111111111111 0.4578125 0.7361111111111112 0.45416666666666666 0.7351851851851852 0.44895833333333335 0.7509259259259259 0.4484375 0.8018518518518518 0.45208333333333334 0.8046296296296296
5 0.5328125 0.6759259259259259 0.5369791666666667 0.6509259259259259 0.5364583333333334 0.6351851851851852 0.5333333333333333 0.6268518518518519 0.53125 0.6268518518518519 0.5276041666666667 0.637962962962963 0.5286458333333334 0.6703703703703704 0.5328125 0.6759259259259259
3 0.6125 0.6694444444444444 0.6151041666666667 0.6722222222222223 0.6182291666666667 0.662962962962963 0.6203125 0.662962962962963 0.6265625 0.674074074074074 0.625 0.6231481481481481 0.621875 0.6222222222222222 0.6166666666666667 0.6305555555555555 0.6161458333333333 0.6487657407407408 0.6125 0.6694444444444444
5 0.6838541666666667 0.6685185185185185 0.6828125 0.6777777777777778 0.6921875 0.6824074074074075 0.6921875 0.6601851851851852 0.6953125 0.6537037037037037 0.6947916666666667 0.649074074074074 0.690625 0.6361111111111111 0.6854166666666667 0.6388888888888888 0.6817708333333333 0.6537037037037037 0.6838541666666667 0.6685185185185185
5 0.6098958333333333 0.575925925925926 0.6130208333333333 0.5888888888888889 0.6161458333333333 0.5888888888888889 0.6213541666666667 0.5731481481481482 0.621875 0.5601851851851852 0.6161458333333333 0.5564814814814815 0.6057291666666667 0.5583333333333333 0.6041666666666666 0.5685185185185185 0.6098958333333333 0.575925925925926
0 0.17447916666666666 0.6574074074074074 0.17083333333333334 0.6527777777777778 0.16822916666666668 0.6546296296296297 0.16822916666666668 0.6620370370370371 0.17447916666666666 0.6574074074074074