4 0.7734375 0.5888888888888889 0.7677083333333333 0.5731481481481482 0.7635416666666667 0.575925925925926 0.7614583333333333 0.5833333333333334 0.7625 0.6268518518518519 0.7677083333333333 0.6314814814814815 0.771875 0.6222222222222222 0.7734375 0.5888888888888889
4 0.8661458333333333 0.6537037037037037 0.8692708333333333 0.65 0.8739583333333333 0.6185185185185185 0.8645833333333334 0.6046296296296296 0.8583333333333333 0.6055555555555555 0.8588541666666667 0.6175925925925926 0.8640625 0.6333333333333333 0.8614583333333333 0.65 0.8661458333333333 0.6537037037037037
4 0.5411458333333333 0.6777777777777778 0.553125 0.687037037037037 0.5567708333333333 0.6694444444444444 0.5578125 0.6370370370370371 0.55625 0.625 0.5510416666666667 0.6259259259259259 0.5453125 0.6407407407407407 0.5473958333333333 0.6518518518518519 0.5463541666666667 0.6675925925925926 0.5411458333333333 0.674074074074074 0.5411458333333333 0.6777777777777778
4 0.5744791666666667 0.6074074074074074 0.5661458333333333 0.6055555555555555 0.5619791666666667 0.6222222222222222 0.5614583333333333 0.6574074074074074 0.56875 0.6657407407407407 0.5729166666666666 0.6657407407407407 0.5744791666666667 0.6074074074074074
5 0.6286458333333333 0.6296296296296297 0.6296875 0.6018518518518519 0.6276041666666666 0.5898148148148148 0.6239583333333333 0.5925925925925926 0.6203125 0.6064814814814815 0.6140625 0.6407407407407407 0.6151041666666667 0.6462962962962963 0.6213541666666667 0.6425925925925926 0.6286458333333333 0.6296296296296297
5 0.6505208333333333 0.6287037037037037 0.6604166666666667 0.6268518518518519 0.6588541666666666 0.6231481481481481 0.6609375 0.5990740740740741 0.6598958333333333 0.575925925925926 0.6583333333333333 0.5722222222222222 0.6536458333333334 0.575925925925926 0.6520833333333333 0.5907407407407408 0.653125 0.6083333333333333 0.6489583333333333 0.6194444444444445 0.6505208333333333 0.6287037037037037
4 0.8536458333333333 0.6148148148148148 0.853125 0.6064814814814815 0.8510416666666667 0.5990740740740741 0.8463541666666666 0.5962962962962963 0.8416666666666667 0.587037037037037 0.8385416666666666 0.5907407407407408 0.8380208333333333 0.5962962962962963 0.8364583333333333 0.6444444444444445 0.8453125 0.6453703703703704 0.8484375 0.6425925925925926 0.8536458333333333 0.6148148148148148
4 0.7921875 0.612037037037037 0.7927083333333333 0.5953703703703703 0.790625 0.5833333333333334 0.7869791666666667 0.5796296296296296 0.7817708333333333 0.5944444444444444 0.7822916666666667 0.6342592592592593 0.7869791666666667 0.6398148148148148 0.7890625 0.6361111111111111 0.7921875 0.612037037037037
5 0.6307291666666667 0.6185185185185185 0.6348958333333333 0.6148148148148148 0.6364583333333333 0.5722222222222222 0.6348958333333333 0.5666666666666667 0.6291666666666667 0.5722222222222222 0.6260416666666667 0.5916666666666667 0.6260416666666667 0.6064814814814815 0.6286458333333333 0.6175925925925926 0.6307291666666667 0.6185185185185185
4 0.8041666666666667 0.6314814814814815 0.8046875 0.5888888888888889 0.7984375 0.5787037037037037 0.79375 0.5907407407407408 0.7947916666666667 0.6351851851851852 0.796875 0.6416666666666667 0.7994791666666666 0.6425925925925926 0.8041666666666667 0.6314814814814815
3 0.8145833333333333 0.6453703703703704 0.8177083333333334 0.6435185185185185 0.8203125 0.6351851851851852 0.81875 0.6222222222222222 0.8208333333333333 0.5981481481481481 0.8145833333333333 0.5842592592592593 0.8119791666666667 0.5851851851851851 0.8104166666666667 0.5916666666666667 0.8114583333333333 0.6166666666666667 0.8098958333333334 0.6268518518518519 0.8119791666666667 0.6416666666666667 0.8145833333333333 0.6453703703703704
5 0.6067708333333334 0.6268518518518519 0.6088541666666667 0.6240740740740741 0.6083333333333333 0.5685185185185185 0.603125 0.5675925925925925 0.5989583333333334 0.5787037037037037 0.5973958333333333 0.6 0.5921875 0.6203703703703703 0.5994791666666667 0.6287037037037037 0.6067708333333334 0.6268518518518519
5 0.8567708333333334 0.6425925925925926 0.85625 0.6064814814814815 0.8526041666666667 0.5981481481481481 0.8479166666666667 0.5962962962962963 0.84375 0.6101851851851852 0.8416666666666667 0.6259259259259259 0.8427083333333333 0.6425925925925926 0.853125 0.6527777777777778 0.8567708333333334 0.6425925925925926
3 0.8057291666666667 0.5444444444444444 0.8067708333333333 0.5166666666666667 0.8026041666666667 0.5083333333333333 0.7958333333333333 0.5148148148148148 0.7963541666666667 0.5453703703703704 0.7984375 0.55 0.8026041666666667 0.55 0.8057291666666667 0.5444444444444444
2 0.5536458333333333 0.5657407407407408 0.5598958333333334 0.5481481481481482 0.5484375 0.5444444444444444 0.54375 0.5638888888888889 0.5442708333333334 0.6074074074074074 0.5526041666666667 0.6092592592592593 0.5541666666666667 0.6074074074074074 0.5536458333333333 0.5657407407407408
5 0.846875 0.6657407407407407 0.85 0.6712962962962963 0.8536458333333333 0.6712962962962963 0.8567708333333334 0.6407407407407407 0.85625 0.6074074074074074 0.8489583333333334 0.6018518518518519 0.8432291666666667 0.6111111111111112 0.8416666666666667 0.6185185185185185 0.8411458333333334 0.6333333333333333 0.8380208333333333 0.6453703703703704 0.846875 0.6518518518518519 0.846875 0.6657407407407407
4 0.80625 0.6435185185185185 0.8083333333333333 0.6277777777777778 0.8057291666666667 0.6111111111111112 0.8057291666666667 0.5916666666666667 0.8020833333333334 0.5824074074074074 0.7973958333333333 0.5833333333333334 0.7953125 0.5907407407407408 0.7963541666666667 0.6388888888888888 0.7989583333333333 0.6435185185185185 0.80625 0.6435185185185185
5 0.7083333333333334 0.6259259259259259 0.7166666666666667 0.625 0.7171875 0.5898148148148148 0.7125 0.5675925925925925 0.7088541666666667 0.5712962962962963 0.70625 0.5916666666666667 0.7072916666666667 0.6037037037037037 0.703125 0.6175925925925926 0.7036458333333333 0.6222222222222222 0.7083333333333334 0.6259259259259259