4 0.6614583333333334 0.6731481481481482 0.6697916666666667 0.6694444444444444 0.671875 0.6777777777777778 0.6755208333333333 0.6796296296296296 0.6828125 0.6703703703703704 0.6890625 0.6777777777777778 0.690625 0.6712962962962963 0.6854166666666667 0.6592592592592592 0.6895833333333333 0.6407407407407407 0.6796875 0.6231481481481481 0.6760416666666667 0.6231481481481481 0.6776041666666667 0.65 0.6739583333333333 0.6648148148148149 0.6682291666666667 0.6657407407407407 0.6614583333333334 0.6731481481481482
4 0.20572916666666666 0.6361111111111111 0.21770833333333334 0.6342592592592593 0.2203125 0.6416666666666667 0.22447916666666667 0.6416666666666667 0.2234375 0.5944444444444444 0.2171875 0.5953703703703703 0.2046875 0.6138888888888889 0.2109375 0.6157407407407407 0.209375 0.6277777777777778 0.2046875 0.6342592592592593 0.20572916666666666 0.6361111111111111
3 0.2796875 0.6787037037037037 0.28177083333333336 0.6861111111111111 0.2864583333333333 0.687037037037037 0.29375 0.6416666666666667 0.290625 0.6203703703703703 0.2869791666666667 0.6194444444444445 0.2828125 0.6305555555555555 0.28072916666666664 0.6648148148148149 0.275 0.6685185185185185 0.275 0.6768518518518518 0.2796875 0.6787037037037037
4 0.25026041666666665 0.6949074074074074 0.25833333333333336 0.6925925925925925 0.259375 0.7018518518518518 0.2635416666666667 0.7027777777777777 0.26510416666666664 0.7 0.26197916666666665 0.6805555555555556 0.26197916666666665 0.6407407407407407 0.25833333333333336 0.6388888888888888 0.25364583333333335 0.65 0.25052083333333336 0.6787037037037037 0.24427083333333333 0.6962962962962963 0.24791666666666667 0.6990740740740741 0.25026041666666665 0.6949074074074074
4 0.19166666666666668 0.737037037037037 0.19583333333333333 0.6925925925925925 0.19895833333333332 0.6796296296296296 0.19791666666666666 0.6712962962962963 0.19427083333333334 0.6722222222222223 0.18854166666666666 0.6824074074074075 0.184375 0.7 0.17552083333333332 0.7148148148148148 0.175 0.7203703703703703 0.18489583333333334 0.7296296296296296 0.18541666666666667 0.7388888888888889 0.19166666666666668 0.737037037037037
5 0.6286458333333333 0.6259259259259259 0.6223958333333334 0.5805555555555556 0.61875 0.5796296296296296 0.6140625 0.6027777777777777 0.6067708333333334 0.6083333333333333 0.6078125 0.6129629629629629 0.6213541666666667 0.6175925925925926 0.6234375 0.625 0.6286458333333333 0.6259259259259259
5 0.14479166666666668 0.5907407407407408 0.14166666666666666 0.5907407407407408 0.1359375 0.6203703703703703 0.1296875 0.6342592592592593 0.13020833333333334 0.6518518518518519 0.14583333333333334 0.6462962962962963 0.14791666666666667 0.6064814814814815 0.14479166666666668 0.5907407407407408
5 0.6666666666666666 0.674074074074074 0.66875 0.6703703703703704 0.6666666666666666 0.6314814814814815 0.653125 0.6185185185185185 0.6510416666666666 0.6222222222222222 0.6567708333333333 0.6407407407407407 0.6609375 0.674074074074074 0.6666666666666666 0.674074074074074
5 0.775 0.7092592592592593 0.7796875 0.700925925925926 0.7807291666666667 0.675 0.7833333333333333 0.6620370370370371 0.7755208333333333 0.6462962962962963 0.7723958333333333 0.6453703703703704 0.7661458333333333 0.6574074074074074 0.7614583333333333 0.6777777777777778 0.7677083333333333 0.6861111111111111 0.7703125 0.7074074074074074 0.775 0.7092592592592593
5 0.3296875 0.6351851851851852 0.3338541666666667 0.6314814814814815 0.3416666666666667 0.6351851851851852 0.34479166666666666 0.6027777777777777 0.34427083333333336 0.5842592592592593 0.33958333333333335 0.5814814814814815 0.3328125 0.5953703703703703 0.33229166666666665 0.612037037037037 0.32760416666666664 0.6268518518518519 0.328125 0.6324074074074074 0.3296875 0.6351851851851852
3 0.165625 0.5564814814814815 0.17395833333333333 0.5518518518518518 0.17395833333333333 0.5287037037037037 0.17135416666666667 0.5194444444444445 0.1671875 0.5185185185185185 0.16145833333333334 0.5333333333333333 0.16145833333333334 0.5444444444444444 0.15052083333333333 0.549074074074074 0.165625 0.5564814814814815
4 0.06458333333333334 0.6805555555555556 0.06770833333333333 0.6944444444444444 0.07239583333333334 0.6925925925925925 0.06666666666666667 0.6546296296296297 0.06770833333333333 0.6370370370370371 0.06614583333333333 0.6314814814814815 0.06354166666666666 0.6305555555555555 0.0609375 0.6351851851851852 0.05572916666666667 0.6537037037037037 0.05260416666666667 0.6925925925925925 0.0578125 0.6925925925925925 0.06041666666666667 0.6768518518518518 0.06458333333333334 0.6805555555555556
4 0.24635416666666668 0.6240740740740741 0.24427083333333333 0.6175925925925926 0.23020833333333332 0.6407407407407407 0.22760416666666666 0.6509259259259259 0.228125 0.6574074074074074 0.2359375 0.6601851851851852 0.24375 0.6537037037037037 0.24635416666666668 0.6240740740740741
5 0.08802083333333334 0.6648148148148149 0.08697916666666666 0.6703703703703704 0.08802083333333334 0.674074074074074 0.09166666666666666 0.674074074074074 0.09375 0.6694444444444444 0.1 0.6759259259259259 0.1 0.6814814814814815 0.103125 0.6851851851851852 0.10729166666666666 0.6796296296296296 0.10572916666666667 0.6731481481481482 0.1078125 0.6388888888888888 0.10625 0.6185185185185185 0.103125 0.6148148148148148 0.09635416666666667 0.6342592592592593 0.096875 0.6564814814814814 0.09479166666666666 0.662962962962963 0.09166666666666666 0.6601851851851852 0.08802083333333334 0.6648148148148149
5 0.8052083333333333 0.6694444444444444 0.80625 0.6638888888888889 0.8140625 0.6657407407407407 0.8140625 0.6694444444444444 0.8182291666666667 0.6712962962962963 0.8197916666666667 0.6648148148148149 0.8135416666666667 0.65 0.8104166666666667 0.6148148148148148 0.80625 0.612037037037037 0.8046875 0.6175925925925926 0.8046875 0.6305555555555555 0.7979166666666667 0.6657407407407407 0.8020833333333334 0.6703703703703704 0.8052083333333333 0.6694444444444444
5 0.3260416666666667 0.7712962962962963 0.334375 0.7555555555555555 0.3359375 0.75 0.33489583333333334 0.7351851851851852 0.3390625 0.7268518518518519 0.334375 0.700925925925926 0.33177083333333335 0.7018518518518518 0.32395833333333335 0.7194444444444444 0.3255208333333333 0.7379629629629629 0.3182291666666667 0.7675925925925926 0.321875 0.7731481481481481 0.3260416666666667 0.7712962962962963
4 0.6395833333333333 0.6138888888888889 0.6463541666666667 0.6074074074074074 0.6494791666666667 0.6185185185185185 0.6557291666666667 0.6231481481481481 0.6567708333333333 0.6175925925925926 0.653125 0.5953703703703703 0.6536458333333334 0.5731481481481482 0.6484375 0.5712962962962963 0.6442708333333333 0.5796296296296296 0.6427083333333333 0.5953703703703703 0.6354166666666666 0.6074074074074074 0.6354166666666666 0.6111111111111112 0.6395833333333333 0.6138888888888889
5 0.22760416666666666 0.6861111111111111 0.228125 0.6944444444444444 0.23333333333333334 0.6962962962962963 0.23489583333333333 0.6935185185185185 0.23489583333333333 0.6768518518518518 0.24010416666666667 0.6731481481481482 0.24427083333333333 0.6777777777777778 0.24635416666666668 0.674074074074074 0.24270833333333333 0.6416666666666667 0.2375 0.637962962962963 0.23125 0.6388888888888888 0.225 0.6620370370370371 0.2140625 0.6814814814814815 0.21354166666666666 0.6851851851851852 0.21614583333333334 0.687962962962963 0.22083333333333333 0.6824074074074075 0.22760416666666666 0.6861111111111111
3 0.8322916666666667 0.9351851851851852 0.8375 0.9453703703703704 0.8572916666666667 0.924074074074074 0.8619791666666666 0.937037037037037 0.859375 0.9490740740740741 0.8614583333333333 0.9537037037037037 0.8651041666666667 0.9490740740740741 0.8677083333333333 0.9333333333333333 0.865625 0.9120370370370371 0.86875 0.9046296296296297 0.8708333333333333 0.887962962962963 0.8682291666666667 0.8675925925925926 0.8645833333333334 0.8629629629629629 0.8520833333333333 0.8805555555555555 0.8442708333333333 0.9157407407407407 0.834375 0.9194444444444444 0.83125 0.9277777777777778 0.8322916666666667 0.9351851851851852
4 0.090625 0.65 0.09427083333333333 0.6305555555555555 0.09166666666666666 0.5935185185185186 0.08802083333333334 0.5944444444444444 0.08385416666666666 0.6055555555555555 0.07708333333333334 0.6407407407407407 0.07708333333333334 0.65 0.07916666666666666 0.6527777777777778 0.090625 0.65
3 0.7057291666666666 0.5203703703703704 0.7010416666666667 0.5138888888888888 0.6942708333333333 0.5231481481481481 0.6979166666666666 0.5611111111111111 0.7010416666666667 0.5648148148148148 0.70625 0.5333333333333333 0.7057291666666666 0.5203703703703704
4 0.21770833333333334 0.5962962962962963 0.215625 0.5907407407407408 0.21666666666666667 0.5694444444444444 0.2125 0.5675925925925925 0.20885416666666667 0.5768518518518518 0.2015625 0.6111111111111112 0.20416666666666666 0.6194444444444445 0.21197916666666666 0.6148148148148148 0.21770833333333334 0.5962962962962963