4 0.8026041666666667 0.5666666666666667 0.8098958333333334 0.5509259259259259 0.8026041666666667 0.5166666666666667 0.7979166666666667 0.5185185185185185 0.7984375 0.5638888888888889 0.8026041666666667 0.5666666666666667
5 0.027604166666666666 0.6148148148148148 0.040625 0.6148148148148148 0.042708333333333334 0.6 0.04010416666666667 0.5814814814814815 0.040625 0.5592592592592592 0.03697916666666667 0.5574074074074075 0.03229166666666667 0.5703703703703704 0.026041666666666668 0.6111111111111112 0.027604166666666666 0.6148148148148148
4 0.83125 0.5916666666666667 0.8302083333333333 0.6064814814814815 0.8416666666666667 0.6259259259259259 0.84375 0.6185185185185185 0.840625 0.5990740740740741 0.84375 0.5916666666666667 0.8364583333333333 0.5675925925925925 0.8338541666666667 0.5638888888888889 0.8317708333333333 0.5666666666666667 0.8296875 0.5851851851851851 0.83125 0.5916666666666667
5 0.1265625 0.6194444444444445 0.13072916666666667 0.6583333333333333 0.134375 0.6592592592592592 0.13697916666666668 0.6305555555555555 0.14583333333333334 0.6185185185185185 0.14583333333333334 0.6148148148148148 0.13177083333333334 0.5953703703703703 0.12395833333333334 0.6083333333333333 0.11875 0.6092592592592593 0.11822916666666666 0.6148148148148148 0.1265625 0.6194444444444445
4 0.1578125 0.5592592592592592 0.16041666666666668 0.5564814814814815 0.1609375 0.5453703703703704 0.15677083333333333 0.5370370370370371 0.15 0.5361111111111111 0.13802083333333334 0.5509259259259259 0.13958333333333334 0.5583333333333333 0.1578125 0.5592592592592592
4 0.5197916666666667 0.5712962962962963 0.5244791666666667 0.5731481481481482 0.528125 0.562037037037037 0.5411458333333333 0.5675925925925925 0.5427083333333333 0.5638888888888889 0.5359375 0.5564814814814815 0.5291666666666667 0.5268518518518519 0.525 0.5287037037037037 0.5234375 0.5537037037037037 0.5197916666666667 0.5712962962962963
5 0.43333333333333335 0.5805555555555556 0.43854166666666666 0.5990740740740741 0.4432291666666667 0.5990740740740741 0.4453125 0.5861111111111111 0.4401041666666667 0.5740740740740741 0.440625 0.5564814814814815 0.43645833333333334 0.5435185185185185 0.43333333333333335 0.5444444444444444 0.43125 0.5601851851851852 0.43333333333333335 0.5805555555555556
4 0.790625 0.6462962962962963 0.7958333333333333 0.649074074074074 0.7984375 0.6453703703703704 0.7994791666666666 0.6370370370370371 0.803125 0.6351851851851852 0.8119791666666667 0.6425925925925926 0.8125 0.6342592592592593 0.8067708333333333 0.6268518518518519 0.8046875 0.6185185185185185 0.80625 0.5981481481481481 0.8026041666666667 0.5833333333333334 0.7984375 0.5842592592592593 0.7947916666666667 0.6018518518518519 0.7932291666666667 0.6328703703703704 0.790625 0.6462962962962963
5 0.74375 0.5638888888888889 0.7567708333333333 0.5740740740740741 0.7583333333333333 0.5722222222222222 0.7567708333333333 0.5462962962962963 0.7526041666666666 0.5277777777777778 0.7484375 0.5287037037037037 0.7484375 0.5453703703703704 0.74375 0.5638888888888889
4 0.7385416666666667 0.5990740740740741 0.7421875 0.6018518518518519 0.7411458333333333 0.6138888888888889 0.7432291666666667 0.6166666666666667 0.7463541666666667 0.6148148148148148 0.75 0.6037037037037037 0.7604166666666666 0.6064814814814815 0.7604166666666666 0.6027777777777777 0.753125 0.5916666666666667 0.7557291666666667 0.575925925925926 0.7510416666666667 0.5601851851851852 0.7473958333333334 0.5555555555555556 0.7442708333333333 0.5611111111111111 0.7359375 0.5833333333333334 0.7385416666666667 0.5990740740740741
5 0.10416666666666667 0.562037037037037 0.11145833333333334 0.5296296296296297 0.10989583333333333 0.5157407407407407 0.10729166666666666 0.5120370370370371 0.1046875 0.5138888888888888 0.10052083333333334 0.5277777777777778 0.09947916666666666 0.5601851851851852 0.10416666666666667 0.562037037037037
5 0.8651041666666667 0.5444444444444444 0.8723958333333334 0.5435185185185185 0.8744791666666667 0.5407407407407407 0.8713541666666667 0.5287037037037037 0.8723958333333334 0.512962962962963 0.86875 0.5009259259259259 0.8651041666666667 0.5009259259259259 0.8640625 0.5064814814814815 0.8635416666666667 0.5407407407407407 0.8651041666666667 0.5444444444444444
4 0.7630208333333334 0.5259259259259259 0.7619791666666667 0.5416666666666666 0.7640625 0.5444444444444444 0.7692708333333333 0.5333333333333333 0.7755208333333333 0.5277777777777778 0.7729166666666667 0.525 0.7692708333333333 0.5009259259259259 0.7630208333333334 0.49722222222222223 0.7609375 0.5175925925925926 0.7630208333333334 0.5259259259259259
3 0.04895833333333333 0.5509259259259259 0.05625 0.55 0.057291666666666664 0.5361111111111111 0.06145833333333333 0.525 0.059895833333333336 0.512962962962963 0.05260416666666667 0.5055555555555555 0.04739583333333333 0.5185185185185185 0.04739583333333333 0.5481481481481482 0.04895833333333333 0.5509259259259259
5 0.22447916666666667 0.5509259259259259 0.22760416666666666 0.5546296296296296 0.23229166666666667 0.5537037037037037 0.23854166666666668 0.5453703703703704 0.23697916666666666 0.5166666666666667 0.2328125 0.5185185185185185 0.2296875 0.5268518518518519 0.228125 0.5407407407407407 0.22447916666666667 0.5509259259259259
4 0.3151041666666667 0.6814814814814815 0.315625 0.6944444444444444 0.31197916666666664 0.7175925925925926 0.31354166666666666 0.7212962962962963 0.3255208333333333 0.7231481481481481 0.32708333333333334 0.7129629629629629 0.3234375 0.7 0.3234375 0.6916666666666667 0.32916666666666666 0.6768518518518518 0.3296875 0.662962962962963 0.3223958333333333 0.6453703703703704 0.31875 0.6472222222222223 0.3140625 0.6611111111111111 0.31197916666666664 0.6731481481481482 0.3151041666666667 0.6814814814814815
4 0.8604166666666667 0.6768518518518518 0.8619791666666666 0.6796296296296296 0.8729166666666667 0.6787037037037037 0.8755208333333333 0.6722222222222223 0.8697916666666666 0.6537037037037037 0.871875 0.6240740740740741 0.8682291666666667 0.6101851851851852 0.8651041666666667 0.6064814814814815 0.8635416666666667 0.6092592592592593 0.8598958333333333 0.6259259259259259 0.8604166666666667 0.6768518518518518
3 0.5098958333333333 0.6083333333333333 0.5078125 0.5861111111111111 0.5114583333333333 0.5592592592592592 0.5088541666666667 0.5472222222222223 0.5041666666666667 0.5481481481481482 0.5005208333333333 0.5675925925925925 0.5005208333333333 0.6064814814814815 0.5098958333333333 0.6083333333333333
5 0.7364583333333333 0.5990740740740741 0.7401041666666667 0.5981481481481481 0.7416666666666667 0.5861111111111111 0.7390625 0.5601851851851852 0.7338541666666667 0.5472222222222223 0.7296875 0.5527777777777778 0.73125 0.5851851851851851 0.7364583333333333 0.5990740740740741
4 0.48125 0.612037037037037 0.4822916666666667 0.6212962962962963 0.4859375 0.6231481481481481 0.4901041666666667 0.5824074074074074 0.48541666666666666 0.5675925925925925 0.4817708333333333 0.5675925925925925 0.4786458333333333 0.5861111111111111 0.478125 0.6064814814814815 0.48125 0.612037037037037
5 0.3416666666666667 0.5583333333333333 0.34791666666666665 0.5398148148148149 0.34791666666666665 0.524074074074074 0.34322916666666664 0.5166666666666667 0.34010416666666665 0.5231481481481481 0.3380208333333333 0.5564814814814815 0.3416666666666667 0.5583333333333333
0 0.2453125 0.5564814814814815 0.24479166666666666 0.5462962962962963 0.240625 0.5472222222222223 0.24166666666666667 0.5564814814814815 0.2453125 0.5564814814814815