4 0.0671875 0.7944444444444444 0.07239583333333334 0.7944444444444444 0.07864583333333333 0.7731481481481481 0.08020833333333334 0.7222222222222222 0.078125 0.7129629629629629 0.07447916666666667 0.7111111111111111 0.06822916666666666 0.7175925925925926 0.06614583333333333 0.7268518518518519 0.065625 0.7398148148148148 0.06770833333333333 0.7518518518518519 0.065625 0.7907407407407407 0.0671875 0.7944444444444444
4 0.18645833333333334 0.7731481481481481 0.18958333333333333 0.762962962962963 0.190625 0.7481481481481481 0.1828125 0.7314814814814815 0.17552083333333332 0.7472222222222222 0.18072916666666666 0.7962962962962963 0.1859375 0.799074074074074 0.18802083333333333 0.7953703703703704 0.18645833333333334 0.7731481481481481
0 0.2916666666666667 0.6805555555555556 0.2869791666666667 0.6731481481481482 0.2828125 0.6796296296296296 0.2828125 0.6925925925925925 0.2869791666666667 0.6953703703703704 0.2916666666666667 0.6861111111111111 0.2916666666666667 0.6805555555555556
5 0.34375 0.6972222222222222 0.3390625 0.6842592592592592 0.33958333333333335 0.6694444444444444 0.3328125 0.6592592592592592 0.32916666666666666 0.6583333333333333 0.32760416666666664 0.6620370370370371 0.32708333333333334 0.674074074074074 0.3333333333333333 0.6898148148148148 0.3411458333333333 0.6990740740740741 0.34375 0.6972222222222222
4 0.23072916666666668 0.6824074074074075 0.234375 0.6814814814814815 0.23385416666666667 0.6666666666666666 0.2359375 0.6564814814814814 0.23229166666666667 0.6388888888888888 0.2265625 0.6398148148148148 0.221875 0.6481481481481481 0.22135416666666666 0.6601851851851852 0.22447916666666667 0.6666666666666666 0.22447916666666667 0.6768518518518518 0.23072916666666668 0.6824074074074075
5 0.2140625 0.6796296296296296 0.2171875 0.6777777777777778 0.21979166666666666 0.6703703703703704 0.22239583333333332 0.6416666666666667 0.2203125 0.6333333333333333 0.21666666666666667 0.6296296296296297 0.2125 0.6305555555555555 0.21041666666666667 0.6370370370370371 0.20885416666666667 0.6518518518518519 0.21197916666666666 0.6638888888888889 0.209375 0.6777777777777778 0.2140625 0.6796296296296296
5 0.3260416666666667 0.6851851851851852 0.32760416666666664 0.6583333333333333 0.3223958333333333 0.6222222222222222 0.3203125 0.6222222222222222 0.3177083333333333 0.6296296296296297 0.31666666666666665 0.6694444444444444 0.3182291666666667 0.6814814814814815 0.32395833333333335 0.6861111111111111 0.3260416666666667 0.6851851851851852
5 0.29270833333333335 0.7314814814814815 0.2947916666666667 0.7287037037037037 0.29375 0.7194444444444444 0.2984375 0.700925925925926 0.29791666666666666 0.6953703703703704 0.2916666666666667 0.6777777777777778 0.2859375 0.6777777777777778 0.2833333333333333 0.6814814814814815 0.2828125 0.6925925925925925 0.2864583333333333 0.7037037037037037 0.28854166666666664 0.725925925925926 0.29270833333333335 0.7314814814814815
4 0.36614583333333334 0.700925925925926 0.37135416666666665 0.7 0.3729166666666667 0.6944444444444444 0.36875 0.6777777777777778 0.36354166666666665 0.6694444444444444 0.3572916666666667 0.6675925925925926 0.35208333333333336 0.6768518518518518 0.35260416666666666 0.6796296296296296 0.359375 0.6833333333333333 0.36614583333333334 0.700925925925926
4 0.7145833333333333 0.7481481481481481 0.7114583333333333 0.7074074074074074 0.7088541666666667 0.6962962962962963 0.7036458333333333 0.6990740740740741 0.6963541666666667 0.7518518518518519 0.7 0.7555555555555555 0.7130208333333333 0.7574074074074074 0.7145833333333333 0.7481481481481481
3 0.6890625 0.5990740740740741 0.684375 0.5925925925925926 0.6770833333333334 0.6064814814814815 0.6807291666666667 0.6324074074074074 0.6875 0.6324074074074074 0.6911458333333333 0.612037037037037 0.6890625 0.5990740740740741
4 0.2203125 0.6157407407407407 0.21666666666666667 0.6166666666666667 0.2125 0.6268518518518519 0.21197916666666666 0.6398148148148148 0.21614583333333334 0.649074074074074 0.22395833333333334 0.6416666666666667 0.2203125 0.6157407407407407
5 0.16927083333333334 0.6685185185185185 0.171875 0.6555555555555556 0.16979166666666667 0.649074074074074 0.16354166666666667 0.6574074074074074 0.1609375 0.6694444444444444 0.16197916666666667 0.6990740740740741 0.17552083333333332 0.6925925925925925 0.1765625 0.6888888888888889 0.16927083333333334 0.6685185185185185
4 0.31197916666666664 0.6324074074074074 0.3067708333333333 0.6175925925925926 0.3026041666666667 0.6194444444444445 0.3026041666666667 0.6444444444444445 0.3104166666666667 0.6620370370370371 0.31354166666666666 0.6574074074074074 0.31197916666666664 0.6324074074074074
4 0.528125 0.6592592592592592 0.525 0.6759259259259259 0.525 0.7074074074074074 0.5369791666666667 0.7046296296296296 0.5322916666666667 0.6611111111111111 0.528125 0.6592592592592592
3 0.4083333333333333 0.6935185185185185 0.41041666666666665 0.6907407407407408 0.41041666666666665 0.6731481481481482 0.40729166666666666 0.6657407407407407 0.40729166666666666 0.6537037037037037 0.40520833333333334 0.6481481481481481 0.39895833333333336 0.6453703703703704 0.3963541666666667 0.6453703703703704 0.3984375 0.6777777777777778 0.4015625 0.687037037037037 0.4083333333333333 0.6935185185185185
5 0.21666666666666667 0.65 0.21614583333333334 0.6287037037037037 0.21875 0.6222222222222222 0.21666666666666667 0.6185185185185185 0.20885416666666667 0.6296296296296297 0.20625 0.65 0.20729166666666668 0.6574074074074074 0.21302083333333333 0.6555555555555556 0.21666666666666667 0.65
4 0.7130208333333333 0.6342592592592593 0.7140625 0.6092592592592593 0.7114583333333333 0.6027777777777777 0.703125 0.6 0.6947916666666667 0.6037037037037037 0.6942708333333333 0.6231481481481481 0.696875 0.6324074074074074 0.7072916666666667 0.6361111111111111 0.7130208333333333 0.6342592592592593
4 0.37864583333333335 0.6481481481481481 0.37447916666666664 0.6435185185185185 0.371875 0.6462962962962963 0.3723958333333333 0.6805555555555556 0.37552083333333336 0.6833333333333333 0.38697916666666665 0.6814814814814815 0.37864583333333335 0.6481481481481481
5 0.14947916666666666 0.7027777777777777 0.14739583333333334 0.687962962962963 0.15 0.6768518518518518 0.14583333333333334 0.6731481481481482 0.14010416666666667 0.6824074074074075 0.13854166666666667 0.6916666666666667 0.14010416666666667 0.7203703703703703 0.14583333333333334 0.7240740740740741 0.1484375 0.7203703703703703 0.14947916666666666 0.7027777777777777
5 0.4125 0.6657407407407407 0.409375 0.6407407407407407 0.40677083333333336 0.6398148148148148 0.4041666666666667 0.6444444444444445 0.4041666666666667 0.6731481481481482 0.4197916666666667 0.6805555555555556 0.4197916666666667 0.6731481481481482 0.4125 0.6657407407407407
5 0.3229166666666667 0.6481481481481481 0.3255208333333333 0.6425925925925926 0.3255208333333333 0.6268518518518519 0.321875 0.6157407407407407 0.3182291666666667 0.6185185185185185 0.31614583333333335 0.6259259259259259 0.3171875 0.6435185185185185 0.31875 0.6481481481481481 0.3229166666666667 0.6481481481481481
4 0.5885416666666666 0.637962962962963 0.5854166666666667 0.6157407407407407 0.5833333333333334 0.6138888888888889 0.5786458333333333 0.6268518518518519 0.5791666666666667 0.6583333333333333 0.5833333333333334 0.6601851851851852 0.5875 0.6546296296296297 0.5885416666666666 0.637962962962963
5 0.525 0.6083333333333333 0.51875 0.6083333333333333 0.5145833333333333 0.6472222222222223 0.5244791666666667 0.65 0.5265625 0.6462962962962963 0.525 0.6083333333333333
4 0.2838541666666667 0.5944444444444444 0.2791666666666667 0.5879629629629629 0.2734375 0.5916666666666667 0.2713541666666667 0.5814814814814815 0.2703125 0.5842592592592593 0.26979166666666665 0.5916666666666667 0.27760416666666665 0.6129629629629629 0.2869791666666667 0.6175925925925926 0.2838541666666667 0.5944444444444444
3 0.7463541666666667 0.9518518518518518 0.7479166666666667 0.9481481481481482 0.7463541666666667 0.9277777777777778 0.7505208333333333 0.8833333333333333 0.7447916666666666 0.8666666666666667 0.7416666666666667 0.8685185185185185 0.7401041666666667 0.875 0.7385416666666667 0.8962962962962963 0.7322916666666667 0.9314814814814815 0.7427083333333333 0.9518518518518518 0.7463541666666667 0.9518518518518518