2 0.71875 0.6944444444444444 0.721875 0.6972222222222222 0.7333333333333333 0.6907407407407408 0.7338541666666667 0.6962962962962963 0.7369791666666666 0.6990740740740741 0.7390625 0.6925925925925925 0.7364583333333333 0.6268518518518519 0.728125 0.6111111111111112 0.7244791666666667 0.6101851851851852 0.7213541666666666 0.6194444444444445 0.71875 0.637962962962963 0.71875 0.6944444444444444
5 0.446875 0.7037037037037037 0.44583333333333336 0.7083333333333334 0.4583333333333333 0.712037037037037 0.45677083333333335 0.7564814814814815 0.4546875 0.7675925925925926 0.4708333333333333 0.7703703703703704 0.4734375 0.7675925925925926 0.4708333333333333 0.7555555555555555 0.47291666666666665 0.712037037037037 0.4661458333333333 0.6861111111111111 0.4609375 0.6833333333333333 0.45625 0.6990740740740741 0.446875 0.7037037037037037
4 0.25104166666666666 0.7212962962962963 0.25625 0.7222222222222222 0.2677083333333333 0.7083333333333334 0.2713541666666667 0.7231481481481481 0.27291666666666664 0.7222222222222222 0.27447916666666666 0.7046296296296296 0.26875 0.6222222222222222 0.2640625 0.6175925925925926 0.2578125 0.6222222222222222 0.25364583333333335 0.6351851851851852 0.253125 0.6444444444444445 0.25364583333333335 0.7037037037037037 0.25104166666666666 0.7212962962962963
4 0.425 0.9472222222222222 0.4270833333333333 0.950925925925926 0.43385416666666665 0.9518518518518518 0.4432291666666667 0.9481481481481482 0.44479166666666664 0.9435185185185185 0.44166666666666665 0.924074074074074 0.4421875 0.9074074074074074 0.446875 0.9018518518518519 0.4479166666666667 0.8916666666666667 0.44427083333333334 0.8324074074074074 0.43854166666666666 0.8342592592592593 0.4296875 0.8611111111111112 0.4296875 0.9018518518518519 0.425 0.9472222222222222
0 0.5328125 0.9314814814814815 0.5369791666666667 0.9314814814814815 0.5411458333333333 0.9259259259259259 0.5401041666666667 0.9185185185185185 0.5354166666666667 0.9120370370370371 0.5317708333333333 0.912962962962963 0.5286458333333334 0.9194444444444444 0.5286458333333334 0.9268518518518518 0.5328125 0.9314814814814815
4 0.3697916666666667 0.7175925925925926 0.3729166666666667 0.725 0.37552083333333336 0.7212962962962963 0.37395833333333334 0.649074074074074 0.36875 0.6351851851851852 0.3645833333333333 0.6314814814814815 0.3619791666666667 0.6425925925925926 0.3567708333333333 0.65 0.36041666666666666 0.7203703703703703 0.3697916666666667 0.7175925925925926
5 0.6265625 0.8527777777777777 0.6239583333333333 0.8194444444444444 0.6244791666666667 0.7712962962962963 0.6197916666666666 0.762962962962963 0.6171875 0.7509259259259259 0.6135416666666667 0.75 0.6104166666666667 0.7564814814814815 0.6088541666666667 0.8407407407407408 0.6265625 0.8527777777777777
3 0.16770833333333332 0.7203703703703703 0.16979166666666667 0.7240740740740741 0.17552083333333332 0.7212962962962963 0.18385416666666668 0.725925925925926 0.18541666666666667 0.7240740740740741 0.18333333333333332 0.7185185185185186 0.184375 0.6798148148148149 0.19166666666666668 0.65 0.18854166666666666 0.6388888888888888 0.18489583333333334 0.6342592592592593 0.17291666666666666 0.6546296296296297 0.17291666666666666 0.6972222222222222 0.16770833333333332 0.7203703703703703
4 0.2833333333333333 0.7212962962962963 0.2947916666666667 0.7092592592592593 0.30052083333333335 0.6962962962962963 0.3020833333333333 0.6731481481481482 0.3 0.6675925925925926 0.29791666666666666 0.6398148148148148 0.290625 0.6388888888888888 0.2869791666666667 0.6453703703703704 0.28229166666666666 0.6555555555555556 0.2786458333333333 0.6768518518518518 0.27395833333333336 0.7185185185185186 0.2833333333333333 0.7212962962962963
5 0.628125 0.8166666666666667 0.6286458333333333 0.8268518518518518 0.628125 0.8388888888888889 0.6244791666666667 0.8453703703703703 0.6244791666666667 0.8527777777777777 0.6380208333333334 0.8555555555555555 0.6411458333333333 0.8425925925925926 0.6395833333333333 0.8166666666666667 0.6421875 0.7694444444444445 0.6348958333333333 0.7472222222222222 0.6307291666666667 0.7435185185185185 0.628125 0.7481481481481481 0.625 0.7675925925925926 0.6239583333333333 0.8037037037037037 0.628125 0.8166666666666667
4 0.10885416666666667 0.8277777777777777 0.1078125 0.8574074074074074 0.109375 0.8611111111111112 0.115625 0.862037037037037 0.1265625 0.8564814814814815 0.12760416666666666 0.8527777777777777 0.1234375 0.8462962962962963 0.12083333333333333 0.8333333333333334 0.11927083333333334 0.8138888888888889 0.11875 0.7518518518518519 0.11197916666666667 0.7518518518518519 0.10677083333333333 0.7722222222222223 0.10677083333333333 0.8111111111111111 0.10885416666666667 0.8277777777777777
4 0.5979166666666667 0.9629629629629629 0.6072916666666667 0.9657407407407408 0.6083333333333333 0.9564814814814815 0.6229166666666667 0.9657407407407408 0.6244791666666667 0.962037037037037 0.6234375 0.9351851851851852 0.6192708333333333 0.912962962962963 0.6197916666666666 0.8685185185185185 0.6171875 0.8555555555555555 0.609375 0.8361111111111111 0.6036458333333333 0.837037037037037 0.6020833333333333 0.8416666666666667 0.5984375 0.8972222222222223 0.6015625 0.9398148148148148 0.5979166666666667 0.9629629629629629
5 0.32395833333333335 0.7083333333333334 0.3255208333333333 0.7138888888888889 0.3307291666666667 0.7083333333333334 0.3375 0.7175925925925926 0.340625 0.7166666666666667 0.34322916666666664 0.7064814814814815 0.34479166666666666 0.6574074074074074 0.3380208333333333 0.6333333333333333 0.3328125 0.6333333333333333 0.32708333333333334 0.6416666666666667 0.32864583333333336 0.6537037037037037 0.32395833333333335 0.7083333333333334
4 0.234375 0.6722222222222223 0.24010416666666667 0.6731481481481482 0.24479166666666666 0.6694444444444444 0.24375 0.6453703703703704 0.246875 0.6240740740740741 0.24270833333333333 0.5935185185185186 0.23802083333333332 0.5916666666666667 0.23229166666666667 0.6092592592592593 0.23177083333333334 0.6657407407407407 0.234375 0.6722222222222223
5 0.34375 0.7046296296296296 0.34479166666666666 0.7166666666666667 0.3515625 0.7194444444444444 0.3536458333333333 0.7175925925925926 0.353125 0.7074074074074074 0.35885416666666664 0.6833333333333333 0.3572916666666667 0.6342592592592593 0.35260416666666666 0.6342592592592593 0.34427083333333336 0.6648148148148149 0.3463541666666667 0.6898148148148148 0.34375 0.7046296296296296
5 0.29010416666666666 0.712037037037037 0.2953125 0.7138888888888889 0.30416666666666664 0.6972222222222222 0.30625 0.6851851851851852 0.30625 0.65 0.30364583333333334 0.6342592592592593 0.2984375 0.6314814814814815 0.29270833333333335 0.6407407407407407 0.2911458333333333 0.6527777777777778 0.29270833333333335 0.675 0.29010416666666666 0.712037037037037
5 0.25052083333333336 0.6537037037037037 0.2526041666666667 0.6537037037037037 0.25625 0.6472222222222223 0.25885416666666666 0.6157407407407407 0.2557291666666667 0.5981481481481481 0.25 0.5972222222222222 0.24739583333333334 0.6175925925925926 0.246875 0.6388888888888888 0.25052083333333336 0.6537037037037037
5 0.29270833333333335 0.6416666666666667 0.296875 0.6351851851851852 0.29791666666666666 0.6231481481481481 0.2953125 0.6148148148148148 0.29010416666666666 0.6138888888888889 0.2890625 0.6370370370370371 0.29270833333333335 0.6416666666666667
4 0.2677083333333333 0.649074074074074 0.26979166666666665 0.6425925925925926 0.2703125 0.6212962962962963 0.2671875 0.6083333333333333 0.2630208333333333 0.6064814814814815 0.2552083333333333 0.6101851851851852 0.2546875 0.6185185185185185 0.2552083333333333 0.65 0.2677083333333333 0.649074074074074
4 0.3223958333333333 0.7129629629629629 0.3265625 0.7166666666666667 0.3307291666666667 0.7092592592592593 0.33125 0.649074074074074 0.32916666666666666 0.6305555555555555 0.3260416666666667 0.6287037037037037 0.31927083333333334 0.6453703703703704 0.31875 0.6666666666666666 0.3223958333333333 0.7129629629629629
5 0.30520833333333336 0.6509259259259259 0.3046875 0.6305555555555555 0.3 0.6175925925925926 0.2947916666666667 0.6185185185185185 0.2947916666666667 0.65 0.30520833333333336 0.6509259259259259