5 0.43020833333333336 0.6555555555555556 0.4348958333333333 0.6620370370370371 0.4395833333333333 0.6620370370370371 0.440625 0.6574074074074074 0.4276041666666667 0.6203703703703703 0.4239583333333333 0.6157407407407407 0.421875 0.6175925925925926 0.41875 0.6259259259259259 0.42083333333333334 0.6462962962962963 0.4270833333333333 0.6583333333333333 0.43020833333333336 0.6555555555555556
4 0.5723958333333333 0.6222222222222222 0.56875 0.6129629629629629 0.5661458333333333 0.5953703703703703 0.5609375 0.587037037037037 0.5578125 0.5907407407407408 0.5572916666666666 0.6157407407407407 0.5598958333333334 0.6259259259259259 0.571875 0.6287037037037037 0.5723958333333333 0.6222222222222222
4 0.9442708333333333 0.7203703703703703 0.940625 0.7046296296296296 0.9380208333333333 0.6731481481481482 0.9338541666666667 0.6620370370370371 0.9291666666666667 0.6638888888888889 0.9276041666666667 0.6805555555555556 0.9286458333333333 0.7240740740740741 0.9432291666666667 0.7240740740740741 0.9442708333333333 0.7203703703703703
4 0.3234375 0.6814814814814815 0.3296875 0.6814814814814815 0.33177083333333335 0.6759259259259259 0.32395833333333335 0.6638888888888889 0.3203125 0.6472222222222223 0.3151041666666667 0.637962962962963 0.31197916666666664 0.6407407407407407 0.3145833333333333 0.6925925925925925 0.31979166666666664 0.6944444444444444 0.321875 0.6925925925925925 0.3234375 0.6814814814814815
5 0.9078125 0.7185185185185186 0.9119791666666667 0.7185185185185186 0.9166666666666666 0.7277777777777777 0.9203125 0.7287037037037037 0.9223958333333333 0.7222222222222222 0.9151041666666667 0.712037037037037 0.9083333333333333 0.6731481481481482 0.9036458333333334 0.6694444444444444 0.9015625 0.674074074074074 0.9015625 0.712037037037037 0.8989583333333333 0.7305555555555555 0.9057291666666667 0.7324074074074074 0.9078125 0.7185185185185186
4 0.4203125 0.7314814814814815 0.43020833333333336 0.737037037037037 0.43125 0.7407407407407407 0.4359375 0.7407407407407407 0.43697916666666664 0.7361111111111112 0.43020833333333336 0.7240740740740741 0.425 0.6925925925925925 0.4203125 0.6888888888888889 0.4114583333333333 0.6888888888888889 0.41041666666666665 0.6916666666666667 0.4109375 0.7018518518518518 0.40625 0.7083333333333334 0.4125 0.7129629629629629 0.4203125 0.7314814814814815
4 0.7203125 0.6925925925925925 0.7333333333333333 0.6925925925925925 0.7359375 0.6888888888888889 0.7265625 0.6518518518518519 0.7208333333333333 0.6425925925925926 0.7166666666666667 0.6462962962962963 0.7151041666666667 0.6574074074074074 0.7182291666666667 0.6638888888888889 0.7171875 0.6777777777777778 0.7203125 0.6925925925925925
5 0.8052083333333333 0.6851851851851852 0.8010416666666667 0.6768518518518518 0.790625 0.637962962962963 0.7875 0.6333333333333333 0.7848958333333333 0.6351851851851852 0.7848958333333333 0.6694444444444444 0.7921875 0.6833333333333333 0.8046875 0.6888888888888889 0.8052083333333333 0.6851851851851852
5 0.9421875 0.825925925925926 0.9421875 0.8175925925925925 0.9348958333333334 0.8101851851851852 0.9354166666666667 0.7916666666666666 0.93125 0.7648148148148148 0.9270833333333334 0.7601851851851852 0.9234375 0.7675925925925926 0.9229166666666667 0.7907407407407407 0.928125 0.8324074074074074 0.9375 0.8333333333333334 0.9421875 0.825925925925926
4 0.7677083333333333 0.7240740740740741 0.7677083333333333 0.7138888888888889 0.7588541666666667 0.7037037037037037 0.7546875 0.6768518518518518 0.75 0.6657407407407407 0.746875 0.6620370370370371 0.7421875 0.6722222222222223 0.74375 0.7194444444444444 0.7463541666666667 0.7240740740740741 0.7588541666666667 0.7305555555555555 0.7677083333333333 0.7240740740740741
4 0.5380208333333333 0.6888888888888889 0.5447916666666667 0.6981481481481482 0.5510416666666667 0.6953703703703704 0.5526041666666667 0.687037037037037 0.5458333333333333 0.6648148148148149 0.5411458333333333 0.6555555555555556 0.5359375 0.6583333333333333 0.5359375 0.6685185185185185 0.5338541666666666 0.6731481481481482 0.5369791666666667 0.6777777777777778 0.5380208333333333 0.6888888888888889
5 0.5489583333333333 0.7101851851851851 0.5588541666666667 0.7268518518518519 0.5630208333333333 0.725925925925926 0.5635416666666667 0.7203703703703703 0.5505208333333333 0.6842592592592592 0.5484375 0.6805555555555556 0.5395833333333333 0.6796296296296296 0.5369791666666667 0.6842592592592592 0.5369791666666667 0.6907407407407408 0.5416666666666666 0.7037037037037037 0.5489583333333333 0.7101851851851851
5 0.7520833333333333 0.625 0.7494791666666667 0.6018518518518519 0.746875 0.5981481481481481 0.7432291666666667 0.5787037037037037 0.7375 0.5777777777777777 0.7369791666666666 0.6 0.7421875 0.625 0.7505208333333333 0.6287037037037037 0.7520833333333333 0.625
5 0.3625 0.7398148148148148 0.3609375 0.7453703703703703 0.3651041666666667 0.7481481481481481 0.36875 0.7444444444444445 0.36770833333333336 0.7361111111111112 0.37135416666666665 0.7287037037037037 0.3807291666666667 0.7342592592592593 0.38229166666666664 0.7277777777777777 0.375 0.7222222222222222 0.3723958333333333 0.6944444444444444 0.3645833333333333 0.6814814814814815 0.3609375 0.6833333333333333 0.3609375 0.6944444444444444 0.3567708333333333 0.7092592592592593 0.3614583333333333 0.7180555555555556 0.3625 0.7398148148148148
4 0.8526041666666667 0.8351851851851851 0.8645833333333334 0.8333333333333334 0.8729166666666667 0.8361111111111111 0.875 0.8333333333333334 0.8692708333333333 0.8064814814814815 0.8692708333333333 0.7870370370370371 0.8609375 0.7546296296296297 0.8583333333333333 0.7518518518518519 0.8546875 0.7546296296296297 0.8557291666666667 0.7717592592592593 0.8536458333333333 0.812037037037037 0.8489583333333334 0.8314814814814815 0.8526041666666667 0.8351851851851851
3 0.4276041666666667 0.5907407407407408 0.42135416666666664 0.562962962962963 0.415625 0.5509259259259259 0.4109375 0.5481481481481482 0.4041666666666667 0.5546296296296296 0.4041666666666667 0.575 0.4114583333333333 0.5787037037037037 0.415625 0.5907407407407408 0.4276041666666667 0.5907407407407408
3 0.6453125 0.5731481481481482 0.6494791666666667 0.5648148148148148 0.6494791666666667 0.5518518518518518 0.6395833333333333 0.5435185185185185 0.6369791666666667 0.5444444444444444 0.6359375 0.5518518518518518 0.6390625 0.5916666666666667 0.6421875 0.5944444444444444 0.6442708333333333 0.5916666666666667 0.6453125 0.5731481481481482
3 0.8046875 0.7481481481481481 0.8135416666666667 0.7648148148148148 0.825 0.7638888888888888 0.8265625 0.7712962962962963 0.8317708333333333 0.7712962962962963 0.8151041666666666 0.712037037037037 0.8078125 0.7055555555555556 0.803125 0.7083333333333334 0.7984375 0.7203703703703703 0.803125 0.725925925925926 0.8072916666666666 0.7379629629629629 0.8046875 0.7481481481481481