2 0.19739583333333333 0.6240740740740741 0.20208333333333334 0.5916666666666667 0.2015625 0.5777777777777777 0.196875 0.5722222222222222 0.19166666666666668 0.5833333333333334 0.1921875 0.6231481481481481 0.19739583333333333 0.6240740740740741
0 0.2640625 0.6342592592592593 0.265625 0.6240740740740741 0.2635416666666667 0.6203703703703703 0.2598958333333333 0.6231481481481481 0.259375 0.6361111111111111 0.2640625 0.6342592592592593
4 0.4734375 0.6824074074074075 0.4744791666666667 0.687037037037037 0.4864583333333333 0.6935185185185185 0.4890625 0.6564814814814814 0.48385416666666664 0.6370370370370371 0.4817708333333333 0.6361111111111111 0.478125 0.6453703703703704 0.478125 0.6648148148148149 0.4734375 0.6824074074074075
4 0.50625 0.6574074074074074 0.5083333333333333 0.6592592592592592 0.5114583333333333 0.6574074074074074 0.5151041666666667 0.6416666666666667 0.5135416666666667 0.6083333333333333 0.509375 0.6064814814814815 0.5041666666666667 0.6148148148148148 0.50625 0.6574074074074074
4 0.4484375 0.6018518518518519 0.45364583333333336 0.575925925925926 0.453125 0.5675925925925925 0.4515625 0.5601851851851852 0.446875 0.5601851851851852 0.44427083333333334 0.5675925925925925 0.44479166666666664 0.5990740740740741 0.4484375 0.6018518518518519
4 0.5640625 0.5879629629629629 0.5682291666666667 0.5879629629629629 0.5708333333333333 0.5666666666666667 0.5677083333333334 0.55 0.5640625 0.5509259259259259 0.5625 0.5638888888888889 0.5614583333333333 0.5824074074074074 0.5640625 0.5879629629629629
4 0.634375 0.6675925925925926 0.6401041666666667 0.6787037037037037 0.6447916666666667 0.6777777777777778 0.6463541666666667 0.662962962962963 0.6453125 0.6305555555555555 0.6421875 0.6296296296296297 0.6385416666666667 0.6351851851851852 0.6333333333333333 0.6574074074074074 0.6302083333333334 0.6611111111111111 0.6307291666666667 0.6685185185185185 0.634375 0.6675925925925926
4 0.7088541666666667 0.6453703703703704 0.71875 0.6444444444444445 0.7182291666666667 0.6194444444444445 0.715625 0.6074074074074074 0.7119791666666667 0.6018518518518519 0.7088541666666667 0.6027777777777777 0.7072916666666667 0.6092592592592593 0.7067708333333333 0.6425925925925926 0.7088541666666667 0.6453703703703704
4 0.4744791666666667 0.5777777777777777 0.4765625 0.5740740740740741 0.4765625 0.5444444444444444 0.4739583333333333 0.537962962962963 0.46927083333333336 0.5416666666666666 0.46927083333333336 0.5731481481481482 0.4744791666666667 0.5777777777777777
4 0.8119791666666667 0.6185185185185185 0.8177083333333334 0.6259259259259259 0.8208333333333333 0.6240740740740741 0.8234375 0.6018518518518519 0.8223958333333333 0.5879629629629629 0.8140625 0.5861111111111111 0.8125 0.6018518518518519 0.8140625 0.6092592592592593 0.8119791666666667 0.6185185185185185
4 0.8296875 0.6796296296296296 0.8348958333333333 0.6425925925925926 0.8302083333333333 0.6296296296296297 0.8265625 0.6296296296296297 0.8229166666666666 0.6407407407407407 0.825 0.6768518518518518 0.8296875 0.6796296296296296
5 0.4973958333333333 0.6620370370370371 0.5015625 0.6472222222222223 0.49947916666666664 0.6351851851851852 0.5005208333333333 0.6212962962962963 0.4979166666666667 0.6129629629629629 0.49375 0.6166666666666667 0.49114583333333334 0.6435185185185185 0.4921875 0.6611111111111111 0.4973958333333333 0.6620370370370371
5 0.5651041666666666 0.6175925925925926 0.5645833333333333 0.575925925925926 0.5598958333333334 0.5796296296296296 0.5583333333333333 0.5935185185185186 0.5578125 0.6148148148148148 0.5651041666666666 0.6175925925925926
5 0.8145833333333333 0.5990740740740741 0.8177083333333334 0.5898148148148148 0.81875 0.5638888888888889 0.8130208333333333 0.5592592592592592 0.8104166666666667 0.5666666666666667 0.8098958333333334 0.5888888888888889 0.8145833333333333 0.5990740740740741
4 0.834375 0.6083333333333333 0.8359375 0.5833333333333334 0.8338541666666667 0.5694444444444444 0.8286458333333333 0.5712962962962963 0.8270833333333333 0.5879629629629629 0.8270833333333333 0.6055555555555555 0.834375 0.6083333333333333
5 0.73125 0.6685185185185185 0.7359375 0.6694444444444444 0.7385416666666667 0.6564814814814814 0.7364583333333333 0.6203703703703703 0.7322916666666667 0.6194444444444445 0.7286458333333333 0.6333333333333333 0.7276041666666667 0.6564814814814814 0.73125 0.6685185185185185
3 0.5989583333333334 0.6509259259259259 0.6052083333333333 0.6537037037037037 0.609375 0.65 0.6109375 0.6175925925925926 0.6072916666666667 0.5972222222222222 0.6036458333333333 0.5990740740740741 0.6015625 0.6148148148148148 0.6020833333333333 0.6305555555555555 0.5989583333333334 0.6509259259259259
3 0.5015625 0.5638888888888889 0.5036458333333333 0.5351851851851852 0.49895833333333334 0.5324074074074074 0.496875 0.537962962962963 0.4953125 0.5601851851851852 0.5015625 0.5638888888888889
3 0.7598958333333333 0.5777777777777777 0.759375 0.549074074074074 0.7557291666666667 0.5425925925925926 0.7520833333333333 0.5481481481481482 0.753125 0.575925925925926 0.7598958333333333 0.5777777777777777
5 0.496875 0.6990740740740741 0.49947916666666664 0.65 0.4973958333333333 0.637962962962963 0.49375 0.637962962962963 0.4859375 0.6620370370370371 0.48541666666666666 0.6694444444444444 0.48541666666666666 0.6953703703703704 0.496875 0.6990740740740741
3 0.8927083333333333 0.8824074074074074 0.8963541666666667 0.8824074074074074 0.9026041666666667 0.8731481481481481 0.9052083333333333 0.8731481481481481 0.9088541666666666 0.8805555555555555 0.9140625 0.8435185185185186 0.9140625 0.825 0.9078125 0.8055555555555556 0.9041666666666667 0.8074074074074075 0.8958333333333334 0.8296296296296296 0.8916666666666667 0.8666666666666667 0.8911458333333333 0.8796296296296297 0.8927083333333333 0.8824074074074074
5 0.5838541666666667 0.6574074074074074 0.5875 0.6537037037037037 0.5911458333333334 0.6185185185185185 0.5875 0.6046296296296296 0.5838541666666667 0.6074074074074074 0.5817708333333333 0.6175925925925926 0.5791666666666667 0.6444444444444445 0.5838541666666667 0.6574074074074074
5 0.8020833333333334 0.7268518518518519 0.8036458333333333 0.7481481481481481 0.8078125 0.75 0.8098958333333334 0.7472222222222222 0.8114583333333333 0.7222222222222222 0.8151041666666666 0.7166666666666667 0.8151041666666666 0.7064814814814815 0.8098958333333334 0.6898148148148148 0.8057291666666667 0.687962962962963 0.7979166666666667 0.7083333333333334 0.796875 0.712037037037037 0.8020833333333334 0.7268518518518519
5 0.5489583333333333 0.65 0.5515625 0.6462962962962963 0.5536458333333333 0.6324074074074074 0.5520833333333334 0.6037037037037037 0.5484375 0.6 0.5453125 0.6129629629629629 0.5453125 0.6435185185185185 0.5489583333333333 0.65