5 0.2911458333333333 0.687037037037037 0.29583333333333334 0.6703703703703704 0.29791666666666666 0.637962962962963 0.2921875 0.6240740740740741 0.28541666666666665 0.6305555555555555 0.278125 0.6425925925925926 0.284375 0.6532407407407408 0.2864583333333333 0.6861111111111111 0.2911458333333333 0.687037037037037
4 0.2421875 0.6462962962962963 0.24375 0.6620370370370371 0.24270833333333333 0.6814814814814815 0.24791666666666667 0.6833333333333333 0.25052083333333336 0.6777777777777778 0.2515625 0.6425925925925926 0.24895833333333334 0.6231481481481481 0.24375 0.6157407407407407 0.240625 0.6268518518518519 0.23541666666666666 0.6305555555555555 0.23541666666666666 0.6342592592592593 0.2421875 0.6462962962962963
5 0.50625 0.5666666666666667 0.503125 0.5555555555555556 0.496875 0.5583333333333333 0.4984375 0.6064814814814815 0.5015625 0.6083333333333333 0.5046875 0.6 0.50625 0.5666666666666667
5 0.4354166666666667 0.712037037037037 0.4427083333333333 0.7157407407407408 0.446875 0.7138888888888889 0.440625 0.6851851851851852 0.4432291666666667 0.6712962962962963 0.4390625 0.6425925925925926 0.4354166666666667 0.6453703703703704 0.4328125 0.6583333333333333 0.4322916666666667 0.6833333333333333 0.42864583333333334 0.712037037037037 0.43125 0.7148148148148148 0.4354166666666667 0.712037037037037
5 0.215625 0.6194444444444445 0.21041666666666667 0.625 0.20729166666666668 0.6444444444444445 0.2078125 0.6851851851851852 0.215625 0.6861111111111111 0.21927083333333333 0.6222222222222222 0.215625 0.6194444444444445
5 0.7083333333333334 0.5879629629629629 0.7046875 0.5879629629629629 0.6994791666666667 0.6212962962962963 0.6984375 0.6388888888888888 0.7072916666666667 0.6425925925925926 0.7114583333333333 0.5990740740740741 0.7083333333333334 0.5879629629629629
5 0.3614583333333333 0.6861111111111111 0.3703125 0.6898148148148148 0.36875 0.6675925925925926 0.371875 0.6611111111111111 0.36666666666666664 0.6314814814814815 0.36302083333333335 0.6324074074074074 0.35989583333333336 0.6453703703703704 0.35833333333333334 0.6712962962962963 0.3536458333333333 0.6898148148148148 0.3572916666666667 0.6972222222222222 0.3614583333333333 0.6861111111111111
4 0.7192708333333333 0.6305555555555555 0.7177083333333333 0.5907407407407408 0.709375 0.5916666666666667 0.7067708333333333 0.5990740740740741 0.7067708333333333 0.6425925925925926 0.7104166666666667 0.649074074074074 0.7151041666666667 0.65 0.7192708333333333 0.6305555555555555
5 0.33177083333333335 0.6712962962962963 0.33229166666666665 0.7046296296296296 0.33489583333333334 0.7092592592592593 0.3416666666666667 0.7046296296296296 0.34375 0.6583333333333333 0.3380208333333333 0.6388888888888888 0.33229166666666665 0.6407407407407407 0.3302083333333333 0.6537037037037037 0.3255208333333333 0.6583333333333333 0.32916666666666666 0.6583333333333333 0.33177083333333335 0.6712962962962963
4 0.38697916666666665 0.7083333333333334 0.384375 0.6935185185185185 0.38645833333333335 0.6527777777777778 0.38229166666666664 0.6425925925925926 0.37864583333333335 0.6435185185185185 0.375 0.6638888888888889 0.37447916666666664 0.6898148148148148 0.37864583333333335 0.712037037037037 0.3848958333333333 0.7138888888888889 0.38697916666666665 0.7083333333333334
3 0.203125 0.6064814814814815 0.20052083333333334 0.6018518518518519 0.19791666666666666 0.6046296296296296 0.19166666666666668 0.6222222222222222 0.19375 0.6731481481481482 0.20052083333333334 0.6768518518518518 0.20572916666666666 0.6305555555555555 0.203125 0.6064814814814815
4 0.6640625 0.6037037037037037 0.6598958333333333 0.5898148148148148 0.6552083333333333 0.5916666666666667 0.653125 0.6074074074074074 0.653125 0.6509259259259259 0.6619791666666667 0.6555555555555556 0.6651041666666667 0.6472222222222223 0.6640625 0.6037037037037037
3 0.603125 0.5287037037037037 0.5994791666666667 0.5212962962962963 0.5921875 0.5287037037037037 0.5932291666666667 0.5435185185185185 0.5911458333333334 0.5611111111111111 0.5989583333333334 0.5666666666666667 0.603125 0.5287037037037037
4 0.871875 0.837037037037037 0.8833333333333333 0.8333333333333334 0.8885416666666667 0.8379629629629629 0.8916666666666667 0.825925925925926 0.8932291666666666 0.7925925925925926 0.8984375 0.7777777777777778 0.8973958333333333 0.7675925925925926 0.8885416666666667 0.7490740740740741 0.884375 0.7490740740740741 0.8822916666666667 0.7546296296296297 0.8807291666666667 0.7842592592592592 0.871875 0.8305555555555556 0.8692708333333333 0.8333333333333334 0.871875 0.837037037037037