5 0.6927083333333334 0.6657407407407407 0.6973958333333333 0.6675925925925926 0.6994791666666667 0.6620370370370371 0.7010416666666667 0.637962962962963 0.7 0.625 0.696875 0.6203703703703703 0.6932291666666667 0.6212962962962963 0.6895833333333333 0.6314814814814815 0.6901041666666666 0.6537037037037037 0.6927083333333334 0.6657407407407407
4 0.49375 0.6370370370370371 0.49895833333333334 0.6351851851851852 0.4984375 0.6018518518518519 0.49375 0.5944444444444444 0.4901041666666667 0.5944444444444444 0.48802083333333335 0.6018518518518519 0.49166666666666664 0.6342592592592593 0.49375 0.6370370370370371
4 0.6229166666666667 0.6370370370370371 0.625 0.65 0.6276041666666666 0.6518518518518519 0.6359375 0.6425925925925926 0.6322916666666667 0.6388888888888888 0.6354166666666666 0.6231481481481481 0.6338541666666667 0.6074074074074074 0.6296875 0.6046296296296296 0.6265625 0.6083333333333333 0.6229166666666667 0.6259259259259259 0.6229166666666667 0.6370370370370371
4 0.3692708333333333 0.7972222222222223 0.37135416666666665 0.7925925925925926 0.375 0.7925925925925926 0.3770833333333333 0.7981481481481482 0.3807291666666667 0.799074074074074 0.3807291666666667 0.787962962962963 0.37604166666666666 0.7675925925925926 0.37604166666666666 0.7518518518518519 0.378125 0.7435185185185185 0.371875 0.725925925925926 0.36822916666666666 0.725 0.3645833333333333 0.7305555555555555 0.3645833333333333 0.7953703703703704 0.3692708333333333 0.7972222222222223
3 0.525 0.6694444444444444 0.5229166666666667 0.6861111111111111 0.5244791666666667 0.6898148148148148 0.5333333333333333 0.6898148148148148 0.5291666666666667 0.6333333333333333 0.525 0.6314814814814815 0.521875 0.6425925925925926 0.5213541666666667 0.6527777777777778 0.525 0.6694444444444444
5 0.39895833333333336 0.6814814814814815 0.4 0.6851851851851852 0.409375 0.6814814814814815 0.4119791666666667 0.6861111111111111 0.41510416666666666 0.6851851851851852 0.4161458333333333 0.6814814814814815 0.4119791666666667 0.6657407407407407 0.41354166666666664 0.65 0.4114583333333333 0.6462962962962963 0.40989583333333335 0.6305555555555555 0.40625 0.6305555555555555 0.4041666666666667 0.6407407407407407 0.403125 0.6648148148148149 0.39895833333333336 0.6814814814814815
4 0.4546875 0.700925925925926 0.4640625 0.6962962962962963 0.465625 0.6537037037037037 0.4630208333333333 0.6472222222222223 0.4583333333333333 0.6546296296296297 0.45364583333333336 0.6888888888888889 0.453125 0.6981481481481482 0.4546875 0.700925925925926
5 0.384375 0.65 0.3885416666666667 0.6518518518518519 0.39375 0.6212962962962963 0.3875 0.6064814814814815 0.38385416666666666 0.6055555555555555 0.38125 0.6111111111111112 0.3807291666666667 0.6324074074074074 0.384375 0.65
4 0.30625 0.7046296296296296 0.321875 0.7046296296296296 0.31927083333333334 0.6935185185185185 0.32083333333333336 0.6731481481481482 0.315625 0.65 0.31145833333333334 0.6537037037037037 0.3098958333333333 0.6648148148148149 0.30833333333333335 0.6962962962962963 0.30625 0.7046296296296296
5 0.1171875 0.7240740740740741 0.12291666666666666 0.7268518518518519 0.13125 0.7092592592592593 0.12916666666666668 0.6990740740740741 0.1328125 0.6925925925925925 0.13177083333333334 0.6703703703703704 0.12708333333333333 0.6694444444444444 0.11979166666666667 0.6851851851851852 0.12135416666666667 0.7092592592592593 0.1171875 0.7240740740740741
5 0.6661458333333333 0.7731481481481481 0.6744791666666666 0.7537037037037037 0.6708333333333333 0.7268518518518519 0.665625 0.7083333333333334 0.6609375 0.7101851851851851 0.6567708333333333 0.725925925925926 0.6604166666666667 0.7712962962962963 0.6661458333333333 0.7731481481481481
4 0.1421875 0.7064814814814815 0.1453125 0.7027777777777777 0.1546875 0.7074074074074074 0.15625 0.6888888888888889 0.15364583333333334 0.6509259259259259 0.15 0.65 0.146875 0.6583333333333333 0.14427083333333332 0.6694444444444444 0.14427083333333332 0.6851851851851852 0.13958333333333334 0.6990740740740741 0.1390625 0.7046296296296296 0.1421875 0.7064814814814815
5 0.215625 0.6592592592592592 0.21770833333333334 0.6611111111111111 0.2203125 0.6555555555555556 0.2234375 0.6555555555555556 0.22604166666666667 0.6620370370370371 0.23020833333333332 0.6620370370370371 0.23020833333333332 0.6546296296296297 0.2359375 0.6472222222222223 0.2375 0.637962962962963 0.23697916666666666 0.6148148148148148 0.23177083333333334 0.6037037037037037 0.22760416666666666 0.6037037037037037 0.22447916666666667 0.6064814814814815 0.2203125 0.625 0.22083333333333333 0.6333333333333333 0.215625 0.6592592592592592
5 0.6098958333333333 0.6898148148148148 0.6083333333333333 0.7018518518518518 0.6109375 0.7074074074074074 0.615625 0.7083333333333334 0.61875 0.6907407407407408 0.615625 0.6555555555555556 0.6109375 0.6518518518518519 0.6072916666666667 0.6601851851851852 0.6067708333333334 0.6722222222222223 0.6098958333333333 0.6898148148148148
4 0.6760416666666667 0.6972222222222222 0.6776041666666667 0.7148148148148148 0.6817708333333333 0.7185185185185186 0.684375 0.712037037037037 0.6833333333333333 0.7046296296296296 0.6890625 0.6888888888888889 0.6854166666666667 0.6694444444444444 0.6807291666666667 0.6601851851851852 0.6770833333333334 0.6583333333333333 0.6734375 0.6685185185185185 0.6723958333333333 0.6888888888888889 0.6760416666666667 0.6972222222222222
4 0.6729166666666667 0.7916666666666666 0.678125 0.7953703703703704 0.6822916666666666 0.7851851851851852 0.6859375 0.7851851851851852 0.6875 0.7944444444444444 0.6901041666666666 0.7953703703703704 0.6927083333333334 0.7935185185185185 0.6932291666666667 0.7851851851851852 0.6890625 0.7722222222222223 0.6890625 0.7379629629629629 0.6854166666666667 0.7212962962962963 0.6817708333333333 0.7175925925925926 0.6791666666666667 0.7203703703703703 0.6770833333333334 0.7787037037037037 0.6729166666666667 0.7916666666666666
5 0.4 0.7268518518518519 0.40208333333333335 0.7342592592592593 0.4041666666666667 0.7555555555555555 0.4161458333333333 0.7555555555555555 0.41302083333333334 0.7398148148148148 0.4140625 0.7231481481481481 0.4078125 0.6990740740740741 0.4036458333333333 0.6962962962962963 0.39739583333333334 0.7129629629629629 0.3963541666666667 0.7240740740740741 0.4 0.7268518518518519
5 0.7473958333333334 0.7194444444444444 0.7614583333333333 0.7203703703703703 0.7614583333333333 0.6768518518518518 0.7552083333333334 0.6611111111111111 0.7510416666666667 0.6620370370370371 0.7484375 0.6842592592592592 0.7494791666666667 0.7018518518518518 0.7473958333333334 0.7194444444444444
4 0.2203125 0.6518518518518519 0.228125 0.6564814814814814 0.2359375 0.649074074074074 0.23802083333333332 0.637962962962963 0.23802083333333332 0.6175925925925926 0.23229166666666667 0.5981481481481481 0.228125 0.5944444444444444 0.22239583333333332 0.6129629629629629 0.2203125 0.6268518518518519 0.2203125 0.6518518518518519
3 0.22447916666666667 0.6092592592592593 0.2265625 0.6055555555555555 0.23229166666666667 0.6074074074074074 0.23229166666666667 0.5981481481481481 0.2359375 0.587037037037037 0.23072916666666668 0.5805555555555556 0.21666666666666667 0.5925925925925926 0.21614583333333334 0.5990740740740741 0.22447916666666667 0.6092592592592593
3 0.5083333333333333 0.6111111111111112 0.5135416666666667 0.6138888888888889 0.515625 0.6111111111111112 0.5151041666666667 0.5972222222222222 0.5182291666666666 0.575925925925926 0.5140625 0.5722222222222222 0.5067708333333333 0.5731481481481482 0.5052083333333334 0.575925925925926 0.5083333333333333 0.6111111111111112
3 0.9151041666666667 0.9777777777777777 0.9151041666666667 0.9833333333333333 0.91875 0.9898148148148148 0.9182291666666667 0.9990740740740741 0.9239583333333333 0.9990740740740741 0.9255208333333333 0.9925925925925926 0.9307291666666667 0.9888888888888889 0.9348958333333334 0.9990740740740741 0.9401041666666666 0.9990740740740741 0.9348958333333334 0.975 0.9359375 0.9638888888888889 0.940625 0.9583333333333334 0.9416666666666667 0.950925925925926 0.9395833333333333 0.9194444444444444 0.934375 0.9120370370370371 0.9328125 0.9018518518518519 0.928125 0.9009259259259259 0.9203125 0.9268518518518518 0.9213541666666667 0.9592592592592593 0.9151041666666667 0.9777777777777777
4 0.4817708333333333 0.700925925925926 0.4864583333333333 0.7046296296296296 0.490625 0.6592592592592592 0.4859375 0.6472222222222223 0.4817708333333333 0.6472222222222223 0.4786458333333333 0.6574074074074074 0.478125 0.6722222222222223 0.4817708333333333 0.700925925925926
4 0.6375 0.6888888888888889 0.6442708333333333 0.6888888888888889 0.646875 0.6851851851851852 0.6447916666666667 0.6768518518518518 0.6453125 0.6564814814814814 0.6395833333333333 0.6398148148148148 0.6369791666666667 0.6398148148148148 0.6338541666666667 0.6472222222222223 0.6333333333333333 0.6592592592592592 0.6375 0.6888888888888889