5 0.6385416666666667 0.6074074074074074 0.6276041666666666 0.575925925925926 0.6229166666666667 0.5694444444444444 0.6208333333333333 0.5731481481481482 0.6213541666666667 0.5879629629629629 0.6270833333333333 0.6064814814814815 0.6307291666666667 0.6111111111111112 0.6385416666666667 0.6074074074074074
4 0.20885416666666667 0.6509259259259259 0.215625 0.65 0.22552083333333334 0.6592592592592592 0.22447916666666667 0.649074074074074 0.21927083333333333 0.6435185185185185 0.215625 0.6314814814814815 0.2125 0.6129629629629629 0.20885416666666667 0.6055555555555555 0.20572916666666666 0.6074074074074074 0.20520833333333333 0.6342592592592593 0.20052083333333334 0.662962962962963 0.20729166666666668 0.6620370370370371 0.20885416666666667 0.6509259259259259
5 0.5494791666666666 0.6833333333333333 0.5515625 0.6814814814814815 0.5515625 0.6333333333333333 0.5484375 0.6231481481481481 0.5447916666666667 0.6203703703703703 0.5395833333333333 0.6342592592592593 0.5390625 0.6509259259259259 0.5432291666666667 0.6777777777777778 0.5447916666666667 0.6824074074074075 0.5494791666666666 0.6833333333333333
5 0.27760416666666665 0.6222222222222222 0.28229166666666666 0.6203703703703703 0.2916666666666667 0.6314814814814815 0.29322916666666665 0.6259259259259259 0.2833333333333333 0.587037037037037 0.2791666666666667 0.5833333333333334 0.27291666666666664 0.5953703703703703 0.2734375 0.6055555555555555 0.2713541666666667 0.6111111111111112 0.275 0.612037037037037 0.27760416666666665 0.6222222222222222
4 0.7880208333333333 0.7111111111111111 0.78125 0.6925925925925925 0.7765625 0.6944444444444444 0.771875 0.7092592592592593 0.7708333333333334 0.7212962962962963 0.7713541666666667 0.7694444444444445 0.7796875 0.774074074074074 0.7885416666666667 0.7342592592592593 0.7880208333333333 0.7111111111111111
4 0.7203125 0.6981481481481482 0.721875 0.6962962962962963 0.7239583333333334 0.6537037037037037 0.7177083333333333 0.637962962962963 0.7130208333333333 0.6388888888888888 0.709375 0.6518518518518519 0.7109375 0.6814814814814815 0.7140625 0.6925925925925925 0.7203125 0.6981481481481482
3 0.5260416666666666 0.6175925925925926 0.5255208333333333 0.6055555555555555 0.5182291666666666 0.587037037037037 0.5125 0.5907407407407408 0.5114583333333333 0.6222222222222222 0.5166666666666667 0.6537037037037037 0.5213541666666667 0.6537037037037037 0.5260416666666666 0.6175925925925926
5 0.3645833333333333 0.6296296296296297 0.36666666666666664 0.6268518518518519 0.3651041666666667 0.6185185185185185 0.36614583333333334 0.5981481481481481 0.35989583333333336 0.5851851851851851 0.35625 0.5851851851851851 0.3546875 0.5907407407407408 0.3536458333333333 0.600925925925926 0.3572916666666667 0.6166666666666667 0.35520833333333335 0.6305555555555555 0.3645833333333333 0.6296296296296297
5 0.5958333333333333 0.7787037037037037 0.5953125 0.7520833333333333 0.5994791666666667 0.7398148148148148 0.5994791666666667 0.7324074074074074 0.596875 0.7185185185185186 0.5911458333333334 0.7046296296296296 0.5875 0.7046296296296296 0.5796875 0.7333333333333333 0.5796875 0.7444444444444445 0.5838541666666667 0.7490740740740741 0.5895833333333333 0.7787037037037037 0.5958333333333333 0.7787037037037037
5 0.7651041666666667 0.6574074074074074 0.7598958333333333 0.637962962962963 0.7567708333333333 0.6342592592592593 0.7536458333333333 0.6370370370370371 0.7510416666666667 0.6518518518518519 0.7505208333333333 0.7037037037037037 0.7609375 0.7101851851851851 0.7640625 0.700925925925926 0.7651041666666667 0.6574074074074074
4 0.5682291666666667 0.5916666666666667 0.571875 0.5833333333333334 0.58125 0.5907407407407408 0.58125 0.5833333333333334 0.5776041666666667 0.5777777777777777 0.5744791666666667 0.5592592592592592 0.5682291666666667 0.5509259259259259 0.5645833333333333 0.562962962962963 0.5635416666666667 0.575925925925926 0.565625 0.5805555555555556 0.5640625 0.5925925925925926 0.5682291666666667 0.5916666666666667
5 0.8026041666666667 0.7592592592592593 0.8078125 0.7592592592592593 0.8140625 0.7537037037037037 0.8109375 0.7351851851851852 0.8125 0.7083333333333334 0.8067708333333333 0.6888888888888889 0.8020833333333334 0.6907407407407408 0.8015625 0.7342592592592593 0.8036458333333333 0.7462962962962963 0.8020833333333334 0.7555555555555555 0.8026041666666667 0.7592592592592593
4 0.4083333333333333 0.7407407407407407 0.4161458333333333 0.7296296296296296 0.41354166666666664 0.7138888888888889 0.41510416666666666 0.6935185185185185 0.41354166666666664 0.6888888888888889 0.415625 0.6851851851851852 0.4010416666666667 0.6703703703703704 0.3984375 0.6731481481481482 0.39739583333333334 0.6842592592592592 0.396875 0.7046296296296296 0.39895833333333336 0.7240740740740741 0.4041666666666667 0.7398148148148148 0.4083333333333333 0.7407407407407407
4 0.5994791666666667 0.8759259259259259 0.6041666666666666 0.8777777777777778 0.6078125 0.8731481481481481 0.6088541666666667 0.8351851851851851 0.6125 0.825 0.6109375 0.8009259259259259 0.6036458333333333 0.7796296296296297 0.5989583333333334 0.7824074074074074 0.5927083333333333 0.799074074074074 0.5890625 0.825 0.5927083333333333 0.8296296296296296 0.5984375 0.85 0.5994791666666667 0.8759259259259259
3 0.23697916666666666 0.5592592592592592 0.23541666666666666 0.5546296296296296 0.228125 0.5527777777777778 0.22447916666666667 0.5583333333333333 0.228125 0.5879629629629629 0.24010416666666667 0.5888888888888889 0.2359375 0.5731481481481482 0.23697916666666666 0.5592592592592592
5 0.7411458333333333 0.6601851851851852 0.7385416666666667 0.6462962962962963 0.7380208333333333 0.6203703703703703 0.734375 0.6092592592592593 0.7302083333333333 0.6101851851851852 0.7317708333333334 0.6546296296296297 0.734375 0.6666666666666666 0.7390625 0.6685185185185185 0.7411458333333333 0.6601851851851852
0 0.26197916666666665 0.6138888888888889 0.2609375 0.6222222222222222 0.265625 0.6240740740740741 0.2671875 0.6148148148148148 0.26197916666666665 0.6138888888888889
3 0.4005208333333333 0.5842592592592593 0.4078125 0.5842592592592593 0.40989583333333335 0.5601851851851852 0.41302083333333334 0.5564814814814815 0.41041666666666665 0.5407407407407407 0.4041666666666667 0.5342592592592592 0.39427083333333335 0.5444444444444444 0.3921875 0.5518518518518518 0.3921875 0.5675925925925925 0.4 0.5773148148148148 0.4005208333333333 0.5842592592592593
5 0.4197916666666667 0.7166666666666667 0.42083333333333334 0.7046296296296296 0.41822916666666665 0.6731481481481482 0.41354166666666664 0.6601851851851852 0.40989583333333335 0.6592592592592592 0.40729166666666666 0.662962962962963 0.40677083333333336 0.6796296296296296 0.4114583333333333 0.7138888888888889 0.415625 0.7240740740740741 0.4197916666666667 0.7166666666666667
4 0.28229166666666666 0.612037037037037 0.2838541666666667 0.6018518518518519 0.2828125 0.5907407407407408 0.2671875 0.5787037037037037 0.2635416666666667 0.5796296296296296 0.265625 0.600925925925926 0.2734375 0.6231481481481481 0.2869791666666667 0.6194444444444445 0.28229166666666666 0.612037037037037
4 0.6151041666666667 0.7203703703703703 0.6166666666666667 0.712037037037037 0.615625 0.7046296296296296 0.6125 0.7055555555555556 0.60625 0.6907407407407408 0.6098958333333333 0.6722222222222223 0.6088541666666667 0.6620370370370371 0.603125 0.649074074074074 0.5989583333333334 0.65 0.5979166666666667 0.6537037037037037 0.5953125 0.6731481481481482 0.5984375 0.7166666666666667 0.6114583333333333 0.7240740740740741 0.6151041666666667 0.7203703703703703
4 0.2604166666666667 0.6055555555555555 0.2526041666666667 0.5907407407407408 0.24895833333333334 0.5981481481481481 0.24479166666666666 0.6157407407407407 0.2484375 0.6425925925925926 0.2526041666666667 0.6453703703703704 0.2604166666666667 0.6055555555555555