4 0.5015625 0.7907407407407407 0.5036458333333333 0.7842592592592592 0.5067708333333333 0.7842592592592592 0.509375 0.7925925925925926 0.5114583333333333 0.787962962962963 0.5109375 0.7712962962962963 0.5135416666666667 0.7472222222222222 0.5083333333333333 0.7287037037037037 0.5057291666666667 0.7268518518518519 0.5020833333333333 0.7333333333333333 0.49895833333333334 0.7509259259259259 0.4979166666666667 0.7898148148148149 0.5015625 0.7907407407407407
4 0.84375 0.7564814814814815 0.8484375 0.7574074074074074 0.8536458333333333 0.7314814814814815 0.853125 0.7111111111111111 0.8494791666666667 0.7 0.8458333333333333 0.6990740740740741 0.8411458333333334 0.7138888888888889 0.8416666666666667 0.75 0.84375 0.7564814814814815
5 0.53125 0.6925925925925925 0.5328125 0.6962962962962963 0.5385416666666667 0.6972222222222222 0.540625 0.7101851851851851 0.5447916666666667 0.7129629629629629 0.5447916666666667 0.6712962962962963 0.5473958333333333 0.6657407407407407 0.540625 0.6574074074074074 0.5354166666666667 0.6731481481481482 0.5359375 0.6787037037037037 0.53125 0.6925925925925925
3 0.5098958333333333 0.7083333333333334 0.5145833333333333 0.700925925925926 0.5140625 0.6712962962962963 0.509375 0.6712962962962963 0.5057291666666667 0.6814814814814815 0.5052083333333334 0.6972222222222222 0.5098958333333333 0.7083333333333334
5 0.4817708333333333 0.8240740740740741 0.48385416666666664 0.8203703703703704 0.48854166666666665 0.8222222222222222 0.4901041666666667 0.8268518518518518 0.49322916666666666 0.8194444444444444 0.49270833333333336 0.7898148148148149 0.4947916666666667 0.7814814814814814 0.4895833333333333 0.7564814814814815 0.4859375 0.7555555555555555 0.48020833333333335 0.7870370370370371 0.478125 0.8212962962962963 0.4817708333333333 0.8240740740740741
5 0.9411458333333333 0.8416666666666667 0.9427083333333334 0.8324074074074074 0.9489583333333333 0.8212962962962963 0.9489583333333333 0.8111111111111111 0.9546875 0.7981481481481482 0.9510416666666667 0.7907407407407407 0.9510416666666667 0.7805555555555556 0.9484375 0.7759259259259259 0.9463541666666667 0.7759259259259259 0.9385416666666667 0.7935185185185185 0.940625 0.8175925925925925 0.9348958333333334 0.8296296296296296 0.9348958333333334 0.8407407407407408 0.9411458333333333 0.8416666666666667
0 0.234375 0.7175925925925926 0.23645833333333333 0.7129629629629629 0.23333333333333334 0.7083333333333334 0.22916666666666666 0.7111111111111111 0.2296875 0.7185185185185186 0.234375 0.7175925925925926
5 0.6890625 0.6731481481481482 0.6932291666666667 0.6731481481481482 0.6958333333333333 0.6537037037037037 0.6932291666666667 0.6472222222222223 0.6875 0.6537037037037037 0.6869791666666667 0.6685185185185185 0.6890625 0.6731481481481482
2 0.21510416666666668 0.712037037037037 0.21770833333333334 0.7083333333333334 0.21666666666666667 0.7055555555555556 0.221875 0.6777777777777778 0.228125 0.6694444444444444 0.21822916666666667 0.6611111111111111 0.21770833333333334 0.6574074074074074 0.2125 0.6583333333333333 0.20833333333333334 0.6657407407407407 0.20833333333333334 0.7111111111111111 0.21510416666666668 0.712037037037037
5 0.7479166666666667 0.7601851851851852 0.7489583333333333 0.7546296296296297 0.7463541666666667 0.7361111111111112 0.7484375 0.7231481481481481 0.7442708333333333 0.7018518518518518 0.7390625 0.7101851851851851 0.7364583333333333 0.7296296296296296 0.7359375 0.7555555555555555 0.7479166666666667 0.7601851851851852
5 0.9645833333333333 0.7027777777777777 0.9635416666666666 0.7175925925925926 0.9671875 0.7212962962962963 0.9703125 0.7175925925925926 0.9729166666666667 0.6898148148148148 0.9703125 0.675 0.9661458333333334 0.6731481481481482 0.9651041666666667 0.6759259259259259 0.9625 0.6851851851851852 0.9645833333333333 0.7027777777777777
5 0.909375 0.7675925925925926 0.9171875 0.7731481481481481 0.91875 0.7712962962962963 0.921875 0.7203703703703703 0.915625 0.712037037037037 0.9119791666666667 0.7129629629629629 0.9078125 0.7314814814814815 0.9067708333333333 0.7555555555555555 0.909375 0.7675925925925926
5 0.6979166666666666 0.7203703703703703 0.7052083333333333 0.7222222222222222 0.70625 0.7194444444444444 0.7026041666666667 0.7055555555555556 0.7026041666666667 0.6768518518518518 0.6979166666666666 0.6731481481481482 0.6953125 0.6796296296296296 0.6942708333333333 0.7129629629629629 0.6979166666666666 0.7203703703703703
4 0.828125 0.6925925925925925 0.8302083333333333 0.6962962962962963 0.8369791666666667 0.6962962962962963 0.8401041666666667 0.6703703703703704 0.8390625 0.6537037037037037 0.8328125 0.6518518518518519 0.8270833333333333 0.6546296296296297 0.8255208333333334 0.6731481481481482 0.828125 0.6925925925925925
3 0.584375 0.6361111111111111 0.5880208333333333 0.6314814814814815 0.5911458333333334 0.6148148148148148 0.5885416666666666 0.6064814814814815 0.5838541666666667 0.6055555555555555 0.58125 0.6101851851851852 0.5796875 0.6342592592592593 0.584375 0.6361111111111111
4 0.43072916666666666 0.7203703703703703 0.4473958333333333 0.7231481481481481 0.45 0.7203703703703703 0.44479166666666664 0.6953703703703704 0.4484375 0.6888888888888889 0.44427083333333334 0.6824074074074075 0.4427083333333333 0.6694444444444444 0.4390625 0.6694444444444444 0.43802083333333336 0.6731481481481482 0.43697916666666664 0.700925925925926 0.43072916666666666 0.7203703703703703
4 0.6885416666666667 0.7194444444444444 0.6958333333333333 0.7203703703703703 0.696875 0.6824074074074075 0.6927083333333334 0.6666666666666666 0.6885416666666667 0.6694444444444444 0.6864583333333333 0.6796296296296296 0.6859375 0.6981481481481482 0.6885416666666667 0.7194444444444444
4 0.9182291666666667 0.7703703703703704 0.9291666666666667 0.775 0.9276041666666667 0.725 0.9223958333333333 0.7166666666666667 0.91875 0.7268518518518519 0.9171875 0.7388888888888889 0.9182291666666667 0.7703703703703704
4 0.50625 0.7333333333333333 0.5114583333333333 0.725925925925926 0.5135416666666667 0.6972222222222222 0.509375 0.6851851851851852 0.5052083333333334 0.6861111111111111 0.5015625 0.6972222222222222 0.5015625 0.7277777777777777 0.50625 0.7333333333333333