5 0.1140625 0.6333333333333333 0.11875 0.6305555555555555 0.11458333333333333 0.5916666666666667 0.11145833333333334 0.5861111111111111 0.10833333333333334 0.5907407407407408 0.10677083333333333 0.6027777777777777 0.10677083333333333 0.6314814814814815 0.1140625 0.6333333333333333
5 0.4015625 0.6388888888888888 0.40572916666666664 0.649074074074074 0.4083333333333333 0.65 0.4114583333333333 0.6361111111111111 0.4114583333333333 0.5990740740740741 0.40572916666666664 0.6027777777777777 0.403125 0.6222222222222222 0.4041666666666667 0.6287037037037037 0.4015625 0.6388888888888888
5 0.6442708333333333 0.7324074074074074 0.6427083333333333 0.7194444444444444 0.6458333333333334 0.6888888888888889 0.6421875 0.6759259259259259 0.6380208333333334 0.6759259259259259 0.6338541666666667 0.6990740740740741 0.6302083333333334 0.7296296296296296 0.6442708333333333 0.7324074074074074
4 0.5833333333333334 0.6481481481481481 0.5890625 0.6222222222222222 0.5890625 0.6018518518518519 0.5838541666666667 0.6037037037037037 0.5755208333333334 0.6305555555555555 0.5776041666666667 0.6453703703703704 0.5833333333333334 0.6481481481481481
4 0.3880208333333333 0.6833333333333333 0.39375 0.6787037037037037 0.3984375 0.6537037037037037 0.39895833333333336 0.6361111111111111 0.396875 0.6314814814814815 0.39010416666666664 0.6416666666666667 0.3854166666666667 0.6722222222222223 0.3854166666666667 0.6796296296296296 0.3880208333333333 0.6833333333333333
5 0.7265625 0.662962962962963 0.7328125 0.6666666666666666 0.7348958333333333 0.6648148148148149 0.7390625 0.6351851851851852 0.7385416666666667 0.6185185185185185 0.7359375 0.6111111111111112 0.7322916666666667 0.6138888888888889 0.7286458333333333 0.6287037037037037 0.7296875 0.6472222222222223 0.7265625 0.662962962962963
5 0.45208333333333334 0.6787037037037037 0.45677083333333335 0.6731481481481482 0.4546875 0.6259259259259259 0.4510416666666667 0.6240740740740741 0.4473958333333333 0.6361111111111111 0.44635416666666666 0.6768518518518518 0.45208333333333334 0.6787037037037037
5 0.20729166666666668 0.7240740740740741 0.20208333333333334 0.6953703703703704 0.20260416666666667 0.6694444444444444 0.20104166666666667 0.6638888888888889 0.196875 0.6657407407407407 0.19427083333333334 0.6805555555555556 0.18958333333333333 0.7240740740740741 0.20729166666666668 0.7240740740740741
4 0.2078125 0.6555555555555556 0.21666666666666667 0.6611111111111111 0.21822916666666667 0.6592592592592592 0.21979166666666666 0.6222222222222222 0.2171875 0.6101851851851852 0.21354166666666666 0.6111111111111112 0.209375 0.6185185185185185 0.20833333333333334 0.6398148148148148 0.20208333333333334 0.6546296296296297 0.20364583333333333 0.6601851851851852 0.2078125 0.6555555555555556
5 0.4666666666666667 0.6194444444444445 0.4744791666666667 0.6287037037037037 0.478125 0.6287037037037037 0.4791666666666667 0.5944444444444444 0.47708333333333336 0.5833333333333334 0.4744791666666667 0.5805555555555556 0.47239583333333335 0.5842592592592593 0.46979166666666666 0.6129629629629629 0.4666666666666667 0.6194444444444445
5 0.4635416666666667 0.6037037037037037 0.4661458333333333 0.6 0.46822916666666664 0.5833333333333334 0.4666666666666667 0.5657407407407408 0.4640625 0.5601851851851852 0.46510416666666665 0.5564814814814815 0.4609375 0.5564814814814815 0.4588541666666667 0.5648148148148148 0.4588541666666667 0.5990740740740741 0.4635416666666667 0.6037037037037037
4 0.12604166666666666 0.625 0.13541666666666666 0.6268518518518519 0.13697916666666668 0.5907407407407408 0.13489583333333333 0.5805555555555556 0.13020833333333334 0.5861111111111111 0.12135416666666667 0.6222222222222222 0.121875 0.6287037037037037 0.12604166666666666 0.625
3 0.2791666666666667 0.5990740740740741 0.2828125 0.5990740740740741 0.2828125 0.5879629629629629 0.28854166666666664 0.5833333333333334 0.29010416666666666 0.5722222222222222 0.28541666666666665 0.5574074074074075 0.28072916666666664 0.5574074074074075 0.2765625 0.562962962962963 0.27760416666666665 0.5953703703703703 0.2791666666666667 0.5990740740740741
4 0.446875 0.7277777777777777 0.446875 0.7351851851851852 0.4609375 0.7388888888888889 0.4630208333333333 0.7361111111111112 0.46145833333333336 0.7194444444444444 0.46510416666666665 0.6925925925925925 0.4588541666666667 0.6712962962962963 0.4510416666666667 0.6768518518518518 0.45260416666666664 0.7101851851851851 0.446875 0.7277777777777777
3 0.2328125 0.6712962962962963 0.2390625 0.6537037037037037 0.2390625 0.6148148148148148 0.23489583333333333 0.6129629629629629 0.23020833333333332 0.6259259259259259 0.2296875 0.6592592592592592 0.2328125 0.6712962962962963
4 0.09947916666666666 0.6962962962962963 0.09947916666666666 0.7 0.109375 0.7 0.1109375 0.7083333333333334 0.11510416666666666 0.712037037037037 0.11875 0.6537037037037037 0.11458333333333333 0.6518518518518519 0.11041666666666666 0.6601851851851852 0.10572916666666667 0.6907407407407408 0.09947916666666666 0.6962962962962963
0 0.6583333333333333 0.6185185185185185 0.6614583333333334 0.6148148148148148 0.6614583333333334 0.6074074074074074 0.6578125 0.6027777777777777 0.6541666666666667 0.6074074074074074 0.6552083333333333 0.6166666666666667 0.6583333333333333 0.6185185185185185
5 0.6515625 0.612037037037037 0.6536458333333334 0.6175925925925926 0.6578125 0.6175925925925926 0.6609375 0.612037037037037 0.6588541666666666 0.6 0.6604166666666667 0.5888888888888889 0.6583333333333333 0.5796296296296296 0.6526041666666667 0.5861111111111111 0.6510416666666666 0.5907407407407408 0.6515625 0.612037037037037
4 0.6255208333333333 0.6027777777777777 0.6348958333333333 0.6055555555555555 0.6385416666666667 0.6148148148148148 0.6427083333333333 0.6157407407407407 0.6369791666666667 0.5768518518518518 0.6338541666666667 0.575925925925926 0.63125 0.5814814814814815 0.6286458333333333 0.6 0.6255208333333333 0.6027777777777777
3 0.041666666666666664 0.6055555555555555 0.0453125 0.6037037037037037 0.0484375 0.5944444444444444 0.04791666666666667 0.5722222222222222 0.04479166666666667 0.562962962962963 0.03854166666666667 0.5712962962962963 0.03802083333333333 0.6027777777777777 0.041666666666666664 0.6055555555555555