5 0.43072916666666666 0.5944444444444444 0.4265625 0.5925925925925926 0.42291666666666666 0.6055555555555555 0.42135416666666664 0.6361111111111111 0.4234375 0.6416666666666667 0.43125 0.6342592592592593 0.43072916666666666 0.5944444444444444
3 0.6453125 0.7 0.6505208333333333 0.7046296296296296 0.65 0.6537037037037037 0.646875 0.6453703703703704 0.6411458333333333 0.6518518518518519 0.6395833333333333 0.6574074074074074 0.6395833333333333 0.7018518518518518 0.64375 0.7046296296296296 0.6453125 0.7
5 0.7052083333333333 0.7472222222222222 0.7078125 0.7435185185185185 0.7125 0.7212962962962963 0.7109375 0.6935185185185185 0.7098958333333333 0.687962962962963 0.7067708333333333 0.6861111111111111 0.7010416666666667 0.6953703703703704 0.6994791666666667 0.700925925925926 0.7015625 0.7203703703703703 0.7005208333333334 0.7407407407407407 0.7052083333333333 0.7472222222222222
2 0.3260416666666667 0.6546296296296297 0.3260416666666667 0.649074074074074 0.32135416666666666 0.6518518518518519 0.3182291666666667 0.6481481481481481 0.321875 0.6268518518518519 0.321875 0.6074074074074074 0.3140625 0.6037037037037037 0.3109375 0.6129629629629629 0.3104166666666667 0.6342592592592593 0.3125 0.6546296296296297 0.3140625 0.6574074074074074 0.3260416666666667 0.6546296296296297
5 0.22864583333333333 0.6888888888888889 0.22604166666666667 0.649074074074074 0.22760416666666666 0.6425925925925926 0.22395833333333334 0.6305555555555555 0.21875 0.6314814814814815 0.21770833333333334 0.649074074074074 0.21979166666666666 0.6888888888888889 0.225 0.6916666666666667 0.22864583333333333 0.6888888888888889
4 0.5119791666666667 0.6611111111111111 0.5125 0.6324074074074074 0.509375 0.6194444444444445 0.5057291666666667 0.6194444444444445 0.5015625 0.6305555555555555 0.5005208333333333 0.6694444444444444 0.5067708333333333 0.6759259259259259 0.509375 0.674074074074074 0.5119791666666667 0.6611111111111111
4 0.38958333333333334 0.6694444444444444 0.384375 0.6638888888888889 0.37864583333333335 0.6768518518518518 0.3807291666666667 0.7194444444444444 0.38958333333333334 0.7203703703703703 0.3927083333333333 0.7138888888888889 0.38958333333333334 0.6694444444444444
4 0.6838541666666667 0.6935185185185185 0.690625 0.6953703703703704 0.6921875 0.6925925925925925 0.6911458333333333 0.6537037037037037 0.6895833333333333 0.6472222222222223 0.6854166666666667 0.6425925925925926 0.6807291666666667 0.6675925925925926 0.68125 0.6796296296296296 0.678125 0.6925925925925925 0.68125 0.6962962962962963 0.6838541666666667 0.6935185185185185
4 0.8010416666666667 0.725 0.8026041666666667 0.6916666666666667 0.7984375 0.6777777777777778 0.7947916666666667 0.6787037037037037 0.7916666666666666 0.6888888888888889 0.7932291666666667 0.7333333333333333 0.7963541666666667 0.7351851851851852 0.7994791666666666 0.7324074074074074 0.8010416666666667 0.725
5 0.5489583333333333 0.8787037037037037 0.5515625 0.8759259259259259 0.5489583333333333 0.8629629629629629 0.5494791666666666 0.8537037037037037 0.5520833333333334 0.8444444444444444 0.55625 0.8425925925925926 0.5572916666666666 0.8379629629629629 0.55625 0.8175925925925925 0.55 0.7953703703703704 0.5473958333333333 0.7953703703703704 0.5401041666666667 0.8101851851851852 0.5380208333333333 0.8314814814814815 0.5416666666666666 0.8629629629629629 0.5395833333333333 0.8722222222222222 0.5489583333333333 0.8787037037037037
5 0.6265625 0.6925925925925925 0.6229166666666667 0.6722222222222223 0.6260416666666667 0.6620370370370371 0.6208333333333333 0.6398148148148148 0.6166666666666667 0.6425925925925926 0.6161458333333333 0.6537037037037037 0.6119791666666666 0.6694444444444444 0.6109375 0.6777777777777778 0.6135416666666667 0.6944444444444444 0.6229166666666667 0.6972222222222222 0.6265625 0.6925925925925925
4 0.540625 0.7925925925925926 0.5458333333333333 0.7916666666666666 0.5401041666666667 0.7277777777777777 0.5364583333333334 0.7231481481481481 0.5296875 0.7388888888888889 0.5291666666666667 0.7898148148148149 0.5328125 0.7935185185185185 0.5380208333333333 0.7888888888888889 0.540625 0.7925925925925926
3 0.5197916666666667 0.5953703703703703 0.5223958333333333 0.562962962962963 0.5177083333333333 0.549074074074074 0.5135416666666667 0.5481481481481482 0.5109375 0.5537037037037037 0.509375 0.5601851851851852 0.5119791666666667 0.5879629629629629 0.5161458333333333 0.5953703703703703 0.5197916666666667 0.5953703703703703
4 0.8927083333333333 0.812962962962963 0.89375 0.7787037037037037 0.8916666666666667 0.7666666666666667 0.8885416666666667 0.7611111111111111 0.884375 0.7666666666666667 0.8822916666666667 0.8055555555555556 0.8817708333333333 0.837037037037037 0.8921875 0.8398148148148148 0.8942708333333333 0.8342592592592593 0.8927083333333333 0.812962962962963
0 0.32760416666666664 0.649074074074074 0.32395833333333335 0.649074074074074 0.32083333333333336 0.6546296296296297 0.32135416666666666 0.6583333333333333 0.3265625 0.6583333333333333 0.3307291666666667 0.6537037037037037 0.32760416666666664 0.649074074074074
5 0.9994791666666667 0.7055555555555556 0.9994791666666667 0.6620370370370371 0.99375 0.6592592592592592 0.9895833333333334 0.6759259259259259 0.990625 0.6953703703703704 0.9885416666666667 0.7046296296296296 0.9953125 0.7101851851851851 0.9994791666666667 0.7055555555555556
4 0.6651041666666667 0.6194444444444445 0.6625 0.6074074074074074 0.6588541666666666 0.6083333333333333 0.6557291666666667 0.6305555555555555 0.6546875 0.6537037037037037 0.6572916666666667 0.6564814814814814 0.6640625 0.6546296296296297 0.6651041666666667 0.6194444444444445
4 0.971875 0.7555555555555555 0.9765625 0.7583333333333333 0.98125 0.7509259259259259 0.98125 0.7324074074074074 0.984375 0.7092592592592593 0.9942708333333333 0.7 0.9885416666666667 0.7046296296296296 0.9833333333333333 0.7027777777777777 0.9791666666666666 0.6916666666666667 0.9734375 0.6953703703703704 0.9729166666666667 0.7083333333333334 0.9677083333333333 0.7175925925925926 0.9723958333333333 0.7425925925925926 0.971875 0.7555555555555555
5 0.5953125 0.6092592592592593 0.590625 0.6064814814814815 0.5880208333333333 0.6194444444444445 0.5875 0.6425925925925926 0.5927083333333333 0.6481481481481481 0.5953125 0.6453703703703704 0.5953125 0.6092592592592593
5 0.6005208333333333 0.7314814814814815 0.6046875 0.7287037037037037 0.60625 0.7175925925925926 0.6151041666666667 0.7203703703703703 0.6125 0.7083333333333334 0.6109375 0.6759259259259259 0.6083333333333333 0.6712962962962963 0.5994791666666667 0.6731481481481482 0.5911458333333334 0.6925925925925925 0.590625 0.6981481481481482 0.5947916666666667 0.7106481481481481 0.5942708333333333 0.7296296296296296 0.6005208333333333 0.7314814814814815