5 0.746875 0.6620370370370371 0.7442708333333333 0.6527777777777778 0.7442708333333333 0.6388888888888888 0.7395833333333334 0.6388888888888888 0.7328125 0.6574074074074074 0.7338541666666667 0.6962962962962963 0.7369791666666666 0.6990740740740741 0.7401041666666667 0.6962962962962963 0.746875 0.6620370370370371
5 0.3536458333333333 0.8166666666666667 0.3609375 0.8138888888888889 0.35625 0.8009259259259259 0.3541666666666667 0.7787037037037037 0.3567708333333333 0.7675925925925926 0.35625 0.7472222222222222 0.3536458333333333 0.7398148148148148 0.3489583333333333 0.7425925925925926 0.3411458333333333 0.7842592592592592 0.3296875 0.7898148148148149 0.3296875 0.799074074074074 0.34791666666666665 0.7925925925925926 0.3515625 0.799074074074074 0.3536458333333333 0.8166666666666667
5 0.6984375 0.6074074074074074 0.6973958333333333 0.5879629629629629 0.6927083333333334 0.5861111111111111 0.6859375 0.5990740740740741 0.6838541666666667 0.6287037037037037 0.6854166666666667 0.6351851851851852 0.6890625 0.6351851851851852 0.6984375 0.6074074074074074
4 0.65 0.6731481481481482 0.6546875 0.6666666666666666 0.659375 0.674074074074074 0.6651041666666667 0.6731481481481482 0.6598958333333333 0.6148148148148148 0.6583333333333333 0.612037037037037 0.6546875 0.6138888888888889 0.6505208333333333 0.625 0.6536458333333334 0.6537037037037037 0.6463541666666667 0.6648148148148149 0.6463541666666667 0.6712962962962963 0.65 0.6731481481481482
4 0.25104166666666666 0.6620370370370371 0.2526041666666667 0.6583333333333333 0.2635416666666667 0.6657407407407407 0.2640625 0.6351851851851852 0.26614583333333336 0.6277777777777778 0.2640625 0.6111111111111112 0.2598958333333333 0.6101851851851852 0.25416666666666665 0.6222222222222222 0.2546875 0.6296296296296297 0.246875 0.6546296296296297 0.24739583333333334 0.6620370370370371 0.25104166666666666 0.6620370370370371
4 0.12552083333333333 0.637962962962963 0.12708333333333333 0.6398148148148148 0.13489583333333333 0.6333333333333333 0.14010416666666667 0.6453703703703704 0.14322916666666666 0.6462962962962963 0.14479166666666668 0.6425925925925926 0.14114583333333333 0.6259259259259259 0.14114583333333333 0.5990740740740741 0.13854166666666667 0.5907407407407408 0.13072916666666667 0.6074074074074074 0.13229166666666667 0.6157407407407407 0.12864583333333332 0.6296296296296297 0.125 0.6342592592592593 0.12552083333333333 0.637962962962963
5 0.1078125 0.7046296296296296 0.11822916666666666 0.7 0.11927083333333334 0.6675925925925926 0.12135416666666667 0.6583333333333333 0.1265625 0.6537037037037037 0.1234375 0.6527777777777778 0.11979166666666667 0.6444444444444445 0.11666666666666667 0.6444444444444445 0.11145833333333334 0.6601851851851852 0.10677083333333333 0.6657407407407407 0.10625 0.6888888888888889 0.103125 0.6935185185185185 0.10260416666666666 0.700925925925926 0.1078125 0.7046296296296296
5 0.16458333333333333 0.6037037037037037 0.16666666666666666 0.5916666666666667 0.165625 0.575925925925926 0.16145833333333334 0.5722222222222222 0.15416666666666667 0.587037037037037 0.15625 0.5944444444444444 0.153125 0.6212962962962963 0.16770833333333332 0.6222222222222222 0.16458333333333333 0.6037037037037037
3 0.3338541666666667 0.5555555555555556 0.33541666666666664 0.524074074074074 0.3302083333333333 0.5120370370370371 0.3260416666666667 0.5138888888888888 0.3234375 0.5287037037037037 0.3265625 0.5555555555555556 0.3302083333333333 0.562037037037037 0.3338541666666667 0.5555555555555556
5 0.440625 0.6851851851851852 0.4432291666666667 0.687037037037037 0.4510416666666667 0.6805555555555556 0.45364583333333336 0.6851851851851852 0.45416666666666666 0.6935185185185185 0.4588541666666667 0.6935185185185185 0.4588541666666667 0.6370370370370371 0.4552083333333333 0.6324074074074074 0.453125 0.6351851851851852 0.44947916666666665 0.662962962962963 0.446875 0.6731481481481482 0.44114583333333335 0.6787037037037037 0.440625 0.6851851851851852
4 0.07552083333333333 0.6240740740740741 0.08020833333333334 0.625 0.08177083333333333 0.5805555555555556 0.0796875 0.5740740740740741 0.07552083333333333 0.575 0.07239583333333334 0.5990740740740741 0.06666666666666667 0.612037037037037 0.0734375 0.6157407407407407 0.07552083333333333 0.6240740740740741
3 0.058854166666666666 0.5333333333333333 0.05572916666666667 0.5314814814814814 0.052083333333333336 0.5370370370370371 0.049479166666666664 0.5657407407407408 0.051041666666666666 0.5703703703703704 0.06145833333333333 0.5611111111111111 0.058854166666666666 0.5333333333333333
4 0.046875 0.6768518518518518 0.051041666666666666 0.674074074074074 0.05572916666666667 0.6546296296296297 0.05625 0.6157407407407407 0.05260416666666667 0.6138888888888889 0.0484375 0.6231481481481481 0.04583333333333333 0.6462962962962963 0.041666666666666664 0.6592592592592592 0.04375 0.6731481481481482 0.046875 0.6768518518518518
0 0.9395833333333333 0.6712962962962963 0.9395833333333333 0.662962962962963 0.9359375 0.6564814814814814 0.9307291666666667 0.6620370370370371 0.9302083333333333 0.6703703703703704 0.9270833333333334 0.6731481481481482 0.9359375 0.6759259259259259 0.9395833333333333 0.6712962962962963
3 0.19322916666666667 0.6990740740740741 0.1953125 0.675 0.19375 0.6333333333333333 0.1890625 0.6324074074074074 0.1859375 0.6453703703703704 0.18541666666666667 0.6814814814814815 0.17916666666666667 0.6851851851851852 0.17760416666666667 0.6935185185185185 0.19322916666666667 0.6990740740740741
5 0.528125 0.5842592592592593 0.521875 0.5740740740740741 0.5177083333333333 0.5833333333333334 0.5192708333333333 0.6185185185185185 0.5223958333333333 0.6222222222222222 0.5286458333333334 0.6222222222222222 0.528125 0.5842592592592593
5 0.1078125 0.6657407407407407 0.10989583333333333 0.6537037037037037 0.10833333333333334 0.6425925925925926 0.10989583333333333 0.6305555555555555 0.10729166666666666 0.6111111111111112 0.103125 0.6129629629629629 0.09947916666666666 0.6259259259259259 0.09947916666666666 0.6407407407407407 0.09635416666666667 0.6546296296296297 0.09010416666666667 0.6574074074074074 0.09114583333333333 0.6648148148148149 0.09479166666666666 0.6592592592592592 0.10052083333333334 0.6583333333333333 0.1078125 0.6657407407407407
4 0.4921875 0.5990740740740741 0.4901041666666667 0.575 0.4859375 0.5740740740740741 0.4822916666666667 0.5861111111111111 0.48072916666666665 0.6203703703703703 0.4864583333333333 0.6259259259259259 0.4901041666666667 0.6231481481481481 0.4921875 0.5990740740740741
4 0.10729166666666666 0.6925925925925925 0.10677083333333333 0.700925925925926 0.1140625 0.7018518518518518 0.12291666666666666 0.7157407407407408 0.1265625 0.7166666666666667 0.128125 0.7129629629629629 0.12708333333333333 0.6787037037037037 0.12864583333333332 0.6518518518518519 0.12708333333333333 0.649074074074074 0.12135416666666667 0.6518518518518519 0.11770833333333333 0.6462962962962963 0.1109375 0.6694444444444444 0.11354166666666667 0.674074074074074 0.11302083333333333 0.6888888888888889 0.11145833333333334 0.6925925925925925 0.10729166666666666 0.6925925925925925
4 0.246875 0.7574074074074074 0.246875 0.7685185185185185 0.2520833333333333 0.7694444444444445 0.25729166666666664 0.7453703703703703 0.25677083333333334 0.7328703703703704 0.2609375 0.7203703703703703 0.25885416666666666 0.7046296296296296 0.2598958333333333 0.6962962962962963 0.2552083333333333 0.6944444444444444 0.2484375 0.7129629629629629 0.2453125 0.7416666666666667 0.24114583333333334 0.7435185185185185 0.24010416666666667 0.7527777777777778 0.246875 0.7574074074074074