4 0.27708333333333335 0.7240740740740741 0.2760416666666667 0.6824074074074075 0.2708333333333333 0.6731481481481482 0.265625 0.6842592592592592 0.2625 0.7092592592592593 0.2677083333333333 0.7314814814814815 0.275 0.7305555555555555 0.27708333333333335 0.7240740740740741
5 0.253125 0.7074074074074074 0.24791666666666667 0.6814814814814815 0.24322916666666666 0.6851851851851852 0.24166666666666667 0.6935185185185185 0.23958333333333334 0.7361111111111112 0.24375 0.7388888888888889 0.24947916666666667 0.7314814814814815 0.253125 0.7074074074074074
4 0.559375 0.7796296296296297 0.5635416666666667 0.7787037037037037 0.5661458333333333 0.7287037037037037 0.5588541666666667 0.7166666666666667 0.5557291666666667 0.7203703703703703 0.553125 0.7314814814814815 0.5526041666666667 0.75 0.5552083333333333 0.7592592592592593 0.5557291666666667 0.775 0.559375 0.7796296296296297
5 0.4588541666666667 0.7638888888888888 0.459375 0.7444444444444445 0.4640625 0.7361111111111112 0.46822916666666664 0.7361111111111112 0.46875 0.7305555555555555 0.45729166666666665 0.7157407407407408 0.4557291666666667 0.7101851851851851 0.4505208333333333 0.712037037037037 0.4484375 0.7166666666666667 0.4510416666666667 0.7638888888888888 0.4552083333333333 0.7703703703703704 0.4588541666666667 0.7638888888888888
5 0.13541666666666666 0.762962962962963 0.14114583333333333 0.7666666666666667 0.14166666666666666 0.7731481481481481 0.14479166666666668 0.7731481481481481 0.14635416666666667 0.7712962962962963 0.14739583333333334 0.7425925925925926 0.14322916666666666 0.7166666666666667 0.13802083333333334 0.7157407407407408 0.13385416666666666 0.7305555555555555 0.134375 0.7388888888888889 0.12708333333333333 0.7722222222222223 0.13020833333333334 0.774074074074074 0.13541666666666666 0.762962962962963
4 0.9145833333333333 0.8 0.9151041666666667 0.7851851851851852 0.9119791666666667 0.7703703703703704 0.9072916666666667 0.7712962962962963 0.9036458333333334 0.799074074074074 0.9057291666666667 0.8268518518518518 0.9026041666666667 0.8416666666666667 0.9182291666666667 0.8407407407407408 0.9145833333333333 0.8
5 0.29270833333333335 0.6731481481481482 0.29010416666666666 0.6731481481481482 0.2869791666666667 0.687037037037037 0.2869791666666667 0.7240740740740741 0.2916666666666667 0.725 0.29791666666666666 0.6962962962962963 0.29270833333333335 0.6731481481481482
5 0.06666666666666667 0.8064814814814815 0.07083333333333333 0.8046296296296296 0.07447916666666667 0.812962962962963 0.07552083333333333 0.825925925925926 0.0796875 0.8268518518518518 0.075 0.7712962962962963 0.06979166666666667 0.7638888888888888 0.06354166666666666 0.7777777777777778 0.0609375 0.8064814814814815 0.05625 0.825925925925926 0.0609375 0.825925925925926 0.06666666666666667 0.8064814814814815
5 0.11875 0.8666666666666667 0.1171875 0.8564814814814815 0.1203125 0.8305555555555556 0.11875 0.8101851851851852 0.10989583333333333 0.8018518518518518 0.10416666666666667 0.8324074074074074 0.103125 0.8490740740740741 0.11197916666666667 0.8583333333333333 0.115625 0.8722222222222222 0.11875 0.8666666666666667
3 0.34739583333333335 0.7824074074074074 0.35 0.7555555555555555 0.3453125 0.7398148148148148 0.3416666666666667 0.7379629629629629 0.34010416666666665 0.7407407407407407 0.3411458333333333 0.8101851851851852 0.346875 0.8111111111111111 0.3494791666666667 0.8083333333333333 0.34739583333333335 0.7824074074074074
5 0.4036458333333333 0.8564814814814815 0.4088541666666667 0.8490740740740741 0.41041666666666665 0.7981481481481482 0.4041666666666667 0.7805555555555556 0.4 0.7833333333333333 0.39895833333333336 0.7935185185185185 0.4005208333333333 0.8416666666666667 0.3984375 0.8527777777777777 0.4 0.8564814814814815 0.4036458333333333 0.8564814814814815
5 0.035416666666666666 0.8462962962962963 0.0390625 0.8453703703703703 0.034375 0.8148148148148148 0.0359375 0.7935185185185185 0.028645833333333332 0.7777777777777778 0.025 0.7777777777777778 0.021354166666666667 0.7898148148148149 0.021354166666666667 0.8481481481481481 0.025 0.8453703703703703 0.025520833333333333 0.8398148148148148 0.035416666666666666 0.8462962962962963
4 0.09270833333333334 0.8925925925925926 0.09583333333333334 0.887962962962963 0.09895833333333333 0.8685185185185185 0.10364583333333334 0.8583333333333333 0.10520833333333333 0.8138888888888889 0.09895833333333333 0.812962962962963 0.09114583333333333 0.825 0.09427083333333333 0.8472222222222222 0.0875 0.8666666666666667 0.0890625 0.8925925925925926 0.09270833333333334 0.8925925925925926
5 0.3723958333333333 0.7166666666666667 0.371875 0.7037037037037037 0.375 0.6888888888888889 0.3729166666666667 0.6648148148148149 0.36875 0.6620370370370371 0.3651041666666667 0.6759259259259259 0.36354166666666665 0.7166666666666667 0.3651041666666667 0.7203703703703703 0.3692708333333333 0.7203703703703703 0.3723958333333333 0.7166666666666667
5 0.26875 0.7333333333333333 0.2677083333333333 0.712037037037037 0.26458333333333334 0.7037037037037037 0.25833333333333336 0.7083333333333334 0.2552083333333333 0.7277777777777777 0.2546875 0.7675925925925926 0.2635416666666667 0.7666666666666667 0.26614583333333336 0.762962962962963 0.26875 0.7333333333333333
0 0.0234375 0.8861111111111111 0.021875 0.8768518518518519 0.0171875 0.8768518518518519 0.014583333333333334 0.8814814814814815 0.014583333333333334 0.887962962962963 0.016666666666666666 0.8907407407407407 0.021875 0.8898148148148148 0.0234375 0.8861111111111111