4 0.63125 0.6148148148148148 0.6260416666666667 0.6027777777777777 0.6192708333333333 0.6157407407407407 0.6192708333333333 0.6527777777777778 0.6229166666666667 0.6601851851851852 0.6265625 0.6537037037037037 0.63125 0.6148148148148148
5 0.15104166666666666 0.6453703703703704 0.15260416666666668 0.65 0.1578125 0.6518518518518519 0.15885416666666666 0.6212962962962963 0.15677083333333333 0.5953703703703703 0.15260416666666668 0.5935185185185186 0.1484375 0.6083333333333333 0.1453125 0.6370370370370371 0.14166666666666666 0.6416666666666667 0.14166666666666666 0.6472222222222223 0.15104166666666666 0.6453703703703704
4 0.29375 0.5481481481481482 0.28958333333333336 0.5472222222222223 0.2864583333333333 0.5592592592592592 0.28177083333333336 0.5916666666666667 0.29791666666666666 0.5916666666666667 0.29375 0.5671296296296297 0.29375 0.5481481481481482
4 0.5171875 0.7861111111111111 0.5234375 0.7824074074074074 0.5260416666666666 0.7481481481481481 0.5244791666666667 0.7287037037037037 0.5203125 0.725925925925926 0.515625 0.7314814814814815 0.5114583333333333 0.7453703703703703 0.5083333333333333 0.7962962962962963 0.509375 0.8046296296296296 0.5135416666666667 0.8018518518518518 0.5171875 0.7861111111111111
4 0.3885416666666667 0.5842592592592593 0.39166666666666666 0.5731481481481482 0.3932291666666667 0.5564814814814815 0.39166666666666666 0.5453703703703704 0.3848958333333333 0.5444444444444444 0.38229166666666664 0.549074074074074 0.38177083333333334 0.5657407407407408 0.37604166666666666 0.5796296296296296 0.3765625 0.587037037037037 0.3885416666666667 0.5842592592592593
4 0.3380208333333333 0.5592592592592592 0.3338541666666667 0.5592592592592592 0.3307291666666667 0.5648148148148148 0.32760416666666664 0.5796296296296296 0.3265625 0.6074074074074074 0.3338541666666667 0.6092592592592593 0.33645833333333336 0.5972222222222222 0.3380208333333333 0.5592592592592592
3 0.259375 0.5740740740740741 0.26197916666666665 0.5722222222222222 0.26510416666666664 0.5444444444444444 0.2640625 0.5305555555555556 0.259375 0.525 0.2552083333333333 0.525 0.24895833333333334 0.5351851851851852 0.24791666666666667 0.5453703703703704 0.25416666666666665 0.5564814814814815 0.2526041666666667 0.5703703703703704 0.259375 0.5740740740740741
5 0.4666666666666667 0.7185185185185186 0.46145833333333336 0.7277777777777777 0.4625 0.7388888888888889 0.471875 0.7287037037037037 0.4739583333333333 0.737037037037037 0.4765625 0.7361111111111112 0.47708333333333336 0.7151231481481481 0.4828125 0.6935185185185185 0.48020833333333335 0.6722222222222223 0.4765625 0.6712962962962963 0.4578125 0.6935185185185185 0.4588541666666667 0.7064814814814815 0.46041666666666664 0.7046296296296296 0.46770833333333334 0.7101851851851851 0.4666666666666667 0.7185185185185186
4 0.5442708333333334 0.5796296296296296 0.5416666666666666 0.5583333333333333 0.5369791666666667 0.5518518518518518 0.5302083333333333 0.5564814814814815 0.5302083333333333 0.5796296296296296 0.5354166666666667 0.5916666666666667 0.5411458333333333 0.5925925925925926 0.5442708333333334 0.5796296296296296
5 0.21197916666666666 0.5972222222222222 0.20885416666666667 0.5592592592592592 0.2046875 0.5592592592592592 0.2015625 0.5796296296296296 0.2015625 0.6037037037037037 0.2046875 0.612037037037037 0.2078125 0.6101851851851852 0.21197916666666666 0.5972222222222222
5 0.5057291666666667 0.5916666666666667 0.509375 0.6 0.5119791666666667 0.5990740740740741 0.5135416666666667 0.5564814814814815 0.5098958333333333 0.5527777777777778 0.5052083333333334 0.5564814814814815 0.4942708333333333 0.587037037037037 0.49375 0.6 0.49583333333333335 0.5925925925925926 0.5020833333333333 0.5898148148148148 0.5057291666666667 0.5916666666666667
4 0.196875 0.649074074074074 0.1984375 0.6462962962962963 0.19947916666666668 0.6194444444444445 0.1984375 0.5925925925925926 0.19739583333333333 0.587037037037037 0.19322916666666667 0.587037037037037 0.1921875 0.5925925925925926 0.18802083333333333 0.6333333333333333 0.18489583333333334 0.637962962962963 0.18489583333333334 0.6435185185185185 0.196875 0.649074074074074
5 0.31927083333333334 0.5740740740740741 0.3140625 0.5768518518518518 0.3104166666666667 0.5944444444444444 0.30885416666666665 0.6222222222222222 0.3182291666666667 0.6259259259259259 0.31979166666666664 0.6231481481481481 0.31927083333333334 0.5740740740740741
5 0.828125 0.6074074074074074 0.8239583333333333 0.6064814814814815 0.8192708333333333 0.6222222222222222 0.8213541666666667 0.6657407407407407 0.8255208333333334 0.6657407407407407 0.8317708333333333 0.6287037037037037 0.828125 0.6074074074074074
0 0.5140625 0.5824074074074074 0.5104166666666666 0.575 0.5072916666666667 0.5777777777777777 0.50625 0.587037037037037 0.509375 0.5981481481481481 0.5119791666666667 0.5953703703703703 0.5140625 0.5824074074074074
3 0.5369791666666667 0.6314814814814815 0.5380208333333333 0.6138888888888889 0.5427083333333333 0.6074074074074074 0.5421875 0.5833333333333334 0.5395833333333333 0.5814814814814815 0.5359375 0.5851851851851851 0.5317708333333333 0.6 0.5307291666666667 0.6185185185185185 0.525 0.6388888888888888 0.5328125 0.6453703703703704 0.5369791666666667 0.6314814814814815
3 0.64375 0.5851851851851851 0.6479166666666667 0.5537037037037037 0.6473958333333333 0.5435185185185185 0.6453125 0.5361111111111111 0.640625 0.5342592592592592 0.6364583333333333 0.5444444444444444 0.6359375 0.5601851851851852 0.6385416666666667 0.5796296296296296 0.6395833333333333 0.5842592592592593 0.64375 0.5851851851851851
4 0.184375 0.7027777777777777 0.18645833333333334 0.7138888888888889 0.18541666666666667 0.7194444444444444 0.18802083333333333 0.7231481481481481 0.19166666666666668 0.7212962962962963 0.1921875 0.6990740740740741 0.1890625 0.6888888888888889 0.19375 0.674074074074074 0.18958333333333333 0.6564814814814814 0.18697916666666667 0.6574074074074074 0.1796875 0.6731481481481482 0.1765625 0.700925925925926 0.17135416666666667 0.7092592592592593 0.1703125 0.7166666666666667 0.17395833333333333 0.7194444444444444 0.18125 0.7046296296296296 0.184375 0.7027777777777777
4 0.853125 0.6712962962962963 0.8557291666666667 0.662962962962963 0.859375 0.6231481481481481 0.8536458333333333 0.6101851851851852 0.8463541666666666 0.6212962962962963 0.8458333333333333 0.6361111111111111 0.8489583333333334 0.6657407407407407 0.85 0.6703703703703704 0.853125 0.6712962962962963
4 0.31354166666666666 0.5611111111111111 0.31927083333333334 0.5611111111111111 0.3223958333333333 0.5518518518518518 0.3234375 0.5287037037037037 0.32083333333333336 0.5212962962962963 0.31614583333333335 0.5231481481481481 0.31197916666666664 0.5407407407407407 0.3078125 0.5444444444444444 0.31145833333333334 0.5462962962962963 0.31354166666666666 0.5611111111111111
5 0.43333333333333335 0.549074074074074 0.4328125 0.5370370370370371 0.43020833333333336 0.5342592592592592 0.4234375 0.537962962962963 0.42135416666666664 0.5444444444444444 0.421875 0.5824074074074074 0.4234375 0.5861111111111111 0.4276041666666667 0.5861111111111111 0.43333333333333335 0.549074074074074
5 0.49375 0.6111111111111112 0.4942708333333333 0.5879629629629629 0.4901041666666667 0.562962962962963 0.48385416666666664 0.5777777777777777 0.48072916666666665 0.6111111111111112 0.4817708333333333 0.6138888888888889 0.4921875 0.6138888888888889 0.49375 0.6111111111111112
5 0.16458333333333333 0.7240740740740741 0.16302083333333334 0.7027777777777777 0.1671875 0.6888888888888889 0.1671875 0.6620370370370371 0.1625 0.662962962962963 0.15520833333333334 0.675 0.1546875 0.6962962962962963 0.14635416666666667 0.7027777777777777 0.14635416666666667 0.7092592592592593 0.15572916666666667 0.7092592592592593 0.1609375 0.725925925925926 0.16458333333333333 0.7240740740740741
4 0.728125 0.6083333333333333 0.728125 0.575 0.7244791666666667 0.5638888888888889 0.7208333333333333 0.5638888888888889 0.7171875 0.575 0.7177083333333333 0.5962962962962963 0.7203125 0.6101851851851852 0.725 0.6148148148148148 0.728125 0.6083333333333333