5 0.63125 0.6333333333333333 0.628125 0.6203703703703703 0.6244791666666667 0.6231481481481481 0.6229166666666667 0.6731481481481482 0.6270833333333333 0.6768518518518518 0.6307291666666667 0.674074074074074 0.63125 0.6333333333333333
3 0.8682291666666667 0.9490740740740741 0.8692708333333333 0.9518518518518518 0.8739583333333333 0.95 0.884375 0.962037037037037 0.8880208333333334 0.9361111111111111 0.8932291666666666 0.9324074074074075 0.9005208333333333 0.962037037037037 0.9015625 0.9481481481481482 0.8989583333333333 0.8888888888888888 0.8885416666666667 0.8657407407407407 0.8854166666666666 0.8685185185185185 0.8807291666666667 0.8833333333333333 0.8802083333333334 0.8962962962962963 0.8739583333333333 0.9268518518518518 0.8682291666666667 0.9351851851851852 0.8682291666666667 0.9490740740740741
3 0.4317708333333333 0.6462962962962963 0.43645833333333334 0.6342592592592593 0.43125 0.6092592592592593 0.4265625 0.6101851851851852 0.4239583333333333 0.6351851851851852 0.4234375 0.6657407407407407 0.4348958333333333 0.6657407407407407 0.4354166666666667 0.6583333333333333 0.4317708333333333 0.6462962962962963
4 0.65 0.7166666666666667 0.6541666666666667 0.7175925925925926 0.6583333333333333 0.7074074074074074 0.6598958333333333 0.6648148148148149 0.65625 0.6555555555555556 0.65 0.6509259259259259 0.6458333333333334 0.6657407407407407 0.64375 0.6851851851851852 0.646875 0.6953703703703704 0.646875 0.7092592592592593 0.65 0.7166666666666667
4 0.7432291666666667 0.7444444444444445 0.7359375 0.725 0.7317708333333334 0.7277777777777777 0.7286458333333333 0.7425925925925926 0.7317708333333334 0.8037037037037037 0.7338541666666667 0.8064814814814815 0.74375 0.8037037037037037 0.7432291666666667 0.7444444444444445
5 0.48489583333333336 0.5990740740740741 0.48125 0.5898148148148148 0.478125 0.5879629629629629 0.47708333333333336 0.5916666666666667 0.4765625 0.6342592592592593 0.4791666666666667 0.6361111111111111 0.4828125 0.6305555555555555 0.48489583333333336 0.5990740740740741
5 0.14375 0.7203703703703703 0.1578125 0.7222222222222222 0.159375 0.7203703703703703 0.15677083333333333 0.7129629629629629 0.15625 0.6944444444444444 0.15989583333333332 0.6620370370370371 0.1546875 0.6620370370370371 0.14739583333333334 0.6768518518518518 0.14322916666666666 0.7027777777777777 0.1375 0.7194444444444444 0.14114583333333333 0.7231481481481481 0.14375 0.7203703703703703
4 0.2046875 0.6981481481481482 0.21041666666666667 0.6953703703703704 0.2125 0.700925925925926 0.2171875 0.7018518518518518 0.21666666666666667 0.6722222222222223 0.21822916666666667 0.6657407407407407 0.215625 0.6444444444444445 0.2125 0.6416666666666667 0.2078125 0.6537037037037037 0.2078125 0.6814814814814815 0.20364583333333333 0.6888888888888889 0.203125 0.6953703703703704 0.2046875 0.6981481481481482
4 0.125 0.6055555555555555 0.1234375 0.5833333333333334 0.11666666666666667 0.5805555555555556 0.1140625 0.5842592592592593 0.1140625 0.6314814814814815 0.11875 0.6333333333333333 0.12291666666666666 0.6305555555555555 0.125 0.6055555555555555
4 0.38125 0.799074074074074 0.3859375 0.8018518518518518 0.39114583333333336 0.7981481481481482 0.39427083333333335 0.7907407407407407 0.39114583333333336 0.7768518518518519 0.39114583333333336 0.7675925925925926 0.3953125 0.7592592592592593 0.39375 0.7361111111111112 0.38697916666666665 0.7240740740740741 0.38333333333333336 0.7240740740740741 0.3765625 0.7537037037037037 0.37604166666666666 0.762962962962963 0.378125 0.7648148148148148 0.38177083333333334 0.7842592592592592 0.38125 0.799074074074074
5 0.3411458333333333 0.6037037037037037 0.3390625 0.5925925925925926 0.3338541666666667 0.5842592592592593 0.32916666666666666 0.587037037037037 0.32708333333333334 0.5925925925925926 0.3260416666666667 0.6064814814814815 0.3328125 0.6194444444444445 0.33697916666666666 0.6185185185185185 0.3411458333333333 0.6037037037037037
5 0.7135416666666666 0.7685185185185185 0.7130208333333333 0.7166666666666667 0.709375 0.7046296296296296 0.70625 0.7055555555555556 0.7046875 0.7129629629629629 0.703125 0.7490740740740741 0.6994791666666667 0.7666666666666667 0.7109375 0.7712962962962963 0.7135416666666666 0.7685185185185185
4 0.32916666666666666 0.5731481481481482 0.32395833333333335 0.5666666666666667 0.31979166666666664 0.5787037037037037 0.31875 0.6083333333333333 0.32864583333333336 0.6074074074074074 0.33125 0.5888888888888889 0.32916666666666666 0.5731481481481482
4 0.34427083333333336 0.6583333333333333 0.3411458333333333 0.649074074074074 0.340625 0.6259259259259259 0.3380208333333333 0.6185185185185185 0.3328125 0.6157407407407407 0.3296875 0.6296296296296297 0.32864583333333336 0.6537037037037037 0.33125 0.6648148148148149 0.34322916666666664 0.6657407407407407 0.34427083333333336 0.6583333333333333
4 0.4088541666666667 0.612037037037037 0.4041666666666667 0.5944444444444444 0.4005208333333333 0.5981481481481481 0.3984375 0.6101851851851852 0.3963541666666667 0.6416666666666667 0.4036458333333333 0.6425925925925926 0.4083333333333333 0.6314814814814815 0.4088541666666667 0.612037037037037
0 0.18125 0.65 0.17760416666666667 0.6527777777777778 0.17708333333333334 0.6574074074074074 0.1796875 0.6592592592592592 0.184375 0.6537037037037037 0.18125 0.65
4 0.17395833333333333 0.6314814814814815 0.171875 0.6101851851851852 0.16822916666666668 0.6092592592592593 0.16510416666666666 0.6194444444444445 0.16197916666666667 0.6509259259259259 0.165625 0.6574074074074074 0.171875 0.6583333333333333 0.17395833333333333 0.6314814814814815
5 0.24010416666666667 0.6935185185185185 0.24114583333333334 0.662962962962963 0.23802083333333332 0.6388888888888888 0.23385416666666667 0.6416666666666667 0.22916666666666666 0.6657407407407407 0.2328125 0.6777777777777778 0.228125 0.6935185185185185 0.23020833333333332 0.6962962962962963 0.24010416666666667 0.6935185185185185
5 0.4114583333333333 0.7333333333333333 0.4119791666666667 0.7287037037037037 0.4083333333333333 0.7203703703703703 0.40729166666666666 0.6796296296296296 0.40520833333333334 0.674074074074074 0.4 0.6777777777777778 0.3984375 0.7324074074074074 0.4 0.7361111111111112 0.4083333333333333 0.7351851851851852 0.4114583333333333 0.7333333333333333
3 0.35052083333333334 0.5481481481481482 0.3453125 0.5555555555555556 0.34479166666666666 0.5925925925925926 0.35 0.5953703703703703 0.35572916666666665 0.5583333333333333 0.35052083333333334 0.5481481481481482
3 0.0875 0.6027777777777777 0.0875 0.5694444444444444 0.08385416666666666 0.5638888888888889 0.07864583333333333 0.5731481481481482 0.07604166666666666 0.5990740740740741 0.07864583333333333 0.6037037037037037 0.08489583333333334 0.6055555555555555 0.0875 0.6027777777777777
5 0.6671875 0.6638888888888889 0.6619791666666667 0.65 0.6588541666666666 0.6527777777777778 0.6572916666666667 0.6620370370370371 0.6567708333333333 0.6972222222222222 0.659375 0.7111111111111111 0.665625 0.7129629629629629 0.6671875 0.6638888888888889
5 0.40208333333333335 0.6787037037037037 0.4041666666666667 0.6824074074074075 0.4125 0.6814814814814815 0.41354166666666664 0.6694444444444444 0.4114583333333333 0.637962962962963 0.4078125 0.6277777777777778 0.4041666666666667 0.6268518518518519 0.4010416666666667 0.6305555555555555 0.40520833333333334 0.6537037037037037 0.40520833333333334 0.6712962962962963 0.40208333333333335 0.6787037037037037