4 0.6114583333333333 0.6314814814814815 0.6135416666666667 0.6194444444444445 0.6130208333333333 0.5824074074074074 0.6078125 0.5703703703703704 0.6026041666666667 0.5805555555555556 0.6 0.6101851851851852 0.5994791666666667 0.6305555555555555 0.6114583333333333 0.6314814814814815
4 0.7614583333333333 0.5777777777777777 0.7640625 0.5861111111111111 0.7640625 0.6101851851851852 0.771875 0.612037037037037 0.7744791666666667 0.6074074074074074 0.7744791666666667 0.575925925925926 0.7713541666666667 0.5564814814814815 0.7671875 0.5527777777777778 0.7645833333333333 0.5601851851851852 0.759375 0.5648148148148148 0.759375 0.5777777777777777 0.7614583333333333 0.5777777777777777
4 0.7963541666666667 0.6518518518518519 0.7989583333333333 0.6462962962962963 0.7989583333333333 0.6 0.7942708333333334 0.5861111111111111 0.7895833333333333 0.5879629629629629 0.7854166666666667 0.6194444444444445 0.7864583333333334 0.6537037037037037 0.7963541666666667 0.6518518518518519
4 0.453125 0.575 0.45260416666666664 0.5833333333333334 0.4583333333333333 0.5861111111111111 0.4625 0.5796296296296296 0.4625 0.5435185185185185 0.4609375 0.537962962962963 0.45416666666666666 0.5361111111111111 0.45208333333333334 0.5444444444444444 0.4510416666666667 0.5675925925925925 0.453125 0.575
5 0.065625 0.6388888888888888 0.06666666666666667 0.6555555555555556 0.06770833333333333 0.6583333333333333 0.071875 0.6574074074074074 0.07552083333333333 0.6231481481481481 0.075 0.6064814814814815 0.07083333333333333 0.5953703703703703 0.06770833333333333 0.5935185185185186 0.0625 0.6074074074074074 0.06197916666666667 0.6240740740740741 0.065625 0.6388888888888888
4 0.6588541666666666 0.5685185185185185 0.659375 0.5842592592592593 0.6614583333333334 0.5879629629629629 0.665625 0.587037037037037 0.6682291666666667 0.5555555555555556 0.6630208333333333 0.537962962962963 0.6567708333333333 0.537962962962963 0.65625 0.5601851851851852 0.6588541666666666 0.5685185185185185
4 0.21145833333333333 0.5740740740740741 0.20989583333333334 0.5925925925925926 0.21302083333333333 0.5953703703703703 0.21614583333333334 0.5851851851851851 0.22239583333333332 0.5777777777777777 0.22083333333333333 0.5722222222222222 0.221875 0.5574074074074075 0.21666666666666667 0.5425925925925926 0.21145833333333333 0.5425925925925926 0.20833333333333334 0.5518518518518518 0.2078125 0.5601851851851852 0.21145833333333333 0.5740740740740741
5 0.4635416666666667 0.700925925925926 0.46770833333333334 0.7046296296296296 0.4708333333333333 0.7018518518518518 0.46979166666666666 0.687962962962963 0.4713541666666667 0.6787037037037037 0.4744791666666667 0.674074074074074 0.475 0.6564814814814814 0.4671875 0.6333333333333333 0.46458333333333335 0.6351851851851852 0.46145833333333336 0.6472222222222223 0.4588541666666667 0.6648148148148149 0.4635416666666667 0.700925925925926
5 0.5208333333333334 0.55 0.5223958333333333 0.5685185185185185 0.5296875 0.5824074074074074 0.534375 0.5694444444444444 0.5338541666666666 0.5416666666666666 0.5307291666666667 0.5314814814814814 0.5260416666666666 0.5333333333333333 0.5208333333333334 0.5444444444444444 0.5208333333333334 0.55
5 0.7515625 0.612037037037037 0.7557291666666667 0.612037037037037 0.759375 0.5638888888888889 0.7552083333333334 0.5546296296296296 0.7515625 0.5546296296296296 0.7484375 0.5666666666666667 0.75 0.6074074074074074 0.7515625 0.612037037037037
5 0.3140625 0.6388888888888888 0.3109375 0.6222222222222222 0.3140625 0.6092592592592593 0.3104166666666667 0.5990740740740741 0.3104166666666667 0.5907407407407408 0.30625 0.5814814814814815 0.3020833333333333 0.5805555555555556 0.30104166666666665 0.5833333333333334 0.3015625 0.6361111111111111 0.3140625 0.6388888888888888
5 0.35625 0.6111111111111112 0.3567708333333333 0.575 0.3536458333333333 0.5564814814814815 0.3494791666666667 0.5555555555555556 0.3453125 0.5675925925925925 0.34479166666666666 0.6111111111111112 0.35625 0.6111111111111112
5 0.71875 0.6722222222222223 0.725 0.6759259259259259 0.7302083333333333 0.6305555555555555 0.725 0.6101851851851852 0.7208333333333333 0.6083333333333333 0.7192708333333333 0.6111111111111112 0.7161458333333334 0.6231481481481481 0.71875 0.6722222222222223