3 0.7104166666666667 0.7240740740740741 0.7067708333333333 0.7027777777777777 0.7067708333333333 0.6833333333333333 0.7015625 0.6703703703703704 0.6994791666666667 0.6703703703703704 0.6989583333333333 0.675 0.6989583333333333 0.7240740740740741 0.7104166666666667 0.7240740740740741
4 0.5697916666666667 0.7148148148148148 0.5760416666666667 0.7305555555555555 0.5796875 0.7296296296296296 0.5807291666666666 0.7175925925925926 0.578125 0.6981481481481482 0.5734375 0.6861111111111111 0.5697916666666667 0.6888888888888889 0.5682291666666667 0.6990740740740741 0.5697916666666667 0.7148148148148148
5 0.2359375 0.762962962962963 0.24114583333333334 0.762962962962963 0.24375 0.7601851851851852 0.24635416666666668 0.7212962962962963 0.24375 0.7129629629629629 0.23958333333333334 0.712037037037037 0.23489583333333333 0.7240740740740741 0.23385416666666667 0.7592592592592593 0.2359375 0.762962962962963
5 0.3963541666666667 0.7296296296296296 0.4005208333333333 0.7277777777777777 0.40260416666666665 0.7046296296296296 0.4015625 0.6953703703703704 0.39427083333333335 0.687962962962963 0.38958333333333334 0.6972222222222222 0.3932291666666667 0.725 0.3963541666666667 0.7296296296296296
5 0.5807291666666666 0.8101851851851852 0.5822916666666667 0.8046296296296296 0.5802083333333333 0.7620370370370371 0.5765625 0.75 0.5739583333333333 0.7518518518518519 0.571875 0.762962962962963 0.5677083333333334 0.8074074074074075 0.5807291666666666 0.8101851851851852
4 0.303125 0.7453703703703703 0.30572916666666666 0.7425925925925926 0.31302083333333336 0.7101851851851851 0.3098958333333333 0.6972222222222222 0.30572916666666666 0.6953703703703704 0.30052083333333335 0.7129629629629629 0.2989583333333333 0.7416666666666667 0.303125 0.7453703703703703
4 0.6942708333333333 0.6694444444444444 0.7010416666666667 0.6731481481481482 0.7 0.637962962962963 0.696875 0.6314814814814815 0.6927083333333334 0.637962962962963 0.6921875 0.6555555555555556 0.6942708333333333 0.6694444444444444
5 0.8432291666666667 0.7472222222222222 0.846875 0.7592592592592593 0.853125 0.7601851851851852 0.853125 0.7148148148148148 0.85 0.7092592592592593 0.8453125 0.7083333333333334 0.8416666666666667 0.7222222222222222 0.8385416666666666 0.7435185185185185 0.8432291666666667 0.7472222222222222
5 0.8854166666666666 0.825925925925926 0.8885416666666667 0.8296296296296296 0.8921875 0.8296296296296296 0.89375 0.825925925925926 0.9041666666666667 0.8296296296296296 0.9057291666666667 0.825 0.9 0.8037037037037037 0.8973958333333333 0.7703703703703704 0.8921875 0.7675925925925926 0.8880208333333334 0.7907407407407407 0.8895833333333333 0.8037037037037037 0.8854166666666666 0.825925925925926
4 0.471875 0.8981481481481481 0.4713541666666667 0.9037037037037037 0.4765625 0.9064814814814814 0.4786458333333333 0.9046296296296297 0.4796875 0.8962962962962963 0.48333333333333334 0.8462962962962963 0.478125 0.8268518518518518 0.4739583333333333 0.8287037037037037 0.4708333333333333 0.8416666666666667 0.46770833333333334 0.8805555555555555 0.471875 0.8981481481481481
4 0.06458333333333334 0.8148148148148148 0.0765625 0.8101851851851852 0.07864583333333333 0.799074074074074 0.0765625 0.7925925925925926 0.07916666666666666 0.7787037037037037 0.07864583333333333 0.7555555555555555 0.07447916666666667 0.7537037037037037 0.06770833333333333 0.7675925925925926 0.0625 0.8064814814814815 0.06458333333333334 0.8148148148148148
3 0.3453125 0.6648148148148149 0.3463541666666667 0.6574074074074074 0.34427083333333336 0.637962962962963 0.3416666666666667 0.6333333333333333 0.3375 0.637962962962963 0.3375 0.6657407407407407 0.3453125 0.6648148148148149
5 0.7213541666666666 0.7777777777777778 0.725 0.7731481481481481 0.7239583333333334 0.7305555555555555 0.7213541666666666 0.7222222222222222 0.7161458333333334 0.7240740740740741 0.7161458333333334 0.7759259259259259 0.7213541666666666 0.7777777777777778
4 0.8041666666666667 0.6768518518518518 0.80625 0.6888888888888889 0.8104166666666667 0.6898148148148148 0.8114583333333333 0.6722222222222223 0.8083333333333333 0.6509259259259259 0.809375 0.6435185185185185 0.8026041666666667 0.6203703703703703 0.7989583333333333 0.6305555555555555 0.7973958333333333 0.674074074074074 0.8041666666666667 0.6768518518518518
5 0.6520833333333333 0.7046296296296296 0.6541666666666667 0.7212962962962963 0.6588541666666666 0.7240740740740741 0.6604166666666667 0.7138888888888889 0.6583333333333333 0.6851851851851852 0.6541666666666667 0.674074074074074 0.6463541666666667 0.6777777777777778 0.6458333333333334 0.6925925925925925 0.6520833333333333 0.7046296296296296
0 0.2796875 0.7101851851851851 0.2833333333333333 0.7 0.2786458333333333 0.6962962962962963 0.2760416666666667 0.7046296296296296 0.2796875 0.7101851851851851
4 0.353125 0.6925925925925925 0.3645833333333333 0.6925925925925925 0.365625 0.687037037037037 0.3614583333333333 0.6731481481481482 0.3625 0.6620370370370371 0.35833333333333334 0.6537037037037037 0.3546875 0.6546296296296297 0.35208333333333336 0.6611111111111111 0.353125 0.6925925925925925
4 0.9416666666666667 0.837037037037037 0.9505208333333334 0.8833333333333333 0.9552083333333333 0.8851851851851852 0.9572916666666667 0.8796296296296297 0.9588541666666667 0.8277777777777777 0.9510416666666667 0.8046296296296296 0.946875 0.8074074074074075 0.9453125 0.8296296296296296 0.9416666666666667 0.837037037037037
3 0.7166666666666667 0.6592592592592592 0.7197916666666667 0.6388888888888888 0.71875 0.625 0.7166666666666667 0.6203703703703703 0.7130208333333333 0.6212962962962963 0.7098958333333333 0.6296296296296297 0.709375 0.6583333333333333 0.7166666666666667 0.6592592592592592
1 0.16927083333333334 0.7194444444444444 0.16979166666666667 0.7351851851851852 0.17395833333333333 0.7379629629629629 0.18125 0.7314814814814815 0.18125 0.725925925925926 0.17760416666666667 0.6972222222222222 0.17291666666666666 0.6888888888888889 0.16875 0.6898148148148148 0.165625 0.7055555555555556 0.16927083333333334 0.7194444444444444
4 0.8348958333333333 0.8037037037037037 0.8427083333333333 0.7981481481481482 0.84375 0.7925925925925926 0.8401041666666667 0.7768518518518519 0.8395833333333333 0.7509259259259259 0.8354166666666667 0.7435185185185185 0.8317708333333333 0.7453703703703703 0.83125 0.8018518518518518 0.8348958333333333 0.8037037037037037
5 0.6510416666666666 0.6944444444444444 0.6552083333333333 0.6861111111111111 0.6552083333333333 0.6805555555555556 0.65 0.6509259259259259 0.6453125 0.6537037037037037 0.6453125 0.6935185185185185 0.6510416666666666 0.6944444444444444
5 0.8046875 0.6777777777777778 0.80625 0.6925925925925925 0.8104166666666667 0.6935185185185185 0.8125 0.6731481481481482 0.8098958333333334 0.6546296296296297 0.80625 0.6453703703703704 0.7989583333333333 0.6537037037037037 0.7979166666666667 0.6759259259259259 0.8046875 0.6777777777777778
4 0.8427083333333333 0.7092592592592593 0.840625 0.7398148148148148 0.8463541666666666 0.7509259259259259 0.8515625 0.7527777777777778 0.8541666666666666 0.7194444444444444 0.8479166666666667 0.6833333333333333 0.8453125 0.6805555555555556 0.84375 0.6842592592592592 0.8401041666666667 0.700925925925926 0.8427083333333333 0.7092592592592593