4 0.5859375 0.6648148148148149 0.5869791666666667 0.6574074074074074 0.5828125 0.6203703703703703 0.5786458333333333 0.6175925925925926 0.5713541666666667 0.6222222222222222 0.575 0.6620370370370371 0.5802083333333333 0.6574074074074074 0.5833333333333334 0.6657407407407407 0.5859375 0.6648148148148149
4 0.11614583333333334 0.7518518518518519 0.11770833333333333 0.7462962962962963 0.115625 0.7333333333333333 0.1265625 0.7333333333333333 0.12708333333333333 0.7287037037037037 0.12083333333333333 0.725 0.11458333333333333 0.7157407407407408 0.11875 0.700925925925926 0.11770833333333333 0.6990740740740741 0.10729166666666666 0.6953703703703704 0.1046875 0.7 0.10416666666666667 0.7194444444444444 0.10989583333333333 0.7379629629629629 0.109375 0.75 0.11614583333333334 0.7518518518518519
5 0.5697916666666667 0.6564814814814814 0.5734375 0.6574074074074074 0.5760416666666667 0.6638888888888889 0.5770833333333333 0.6574074074074074 0.5734375 0.6240740740740741 0.5677083333333334 0.6185185185185185 0.5625 0.6259259259259259 0.5619791666666667 0.6481481481481481 0.5567708333333333 0.6657407407407407 0.5609375 0.6666666666666666 0.5697916666666667 0.6564814814814814
4 0.7984375 0.7111111111111111 0.7984375 0.7018518518518518 0.8026041666666667 0.687962962962963 0.7984375 0.662962962962963 0.7953125 0.6574074074074074 0.7921875 0.6583333333333333 0.7880208333333333 0.6666666666666666 0.7875 0.6888888888888889 0.7901041666666667 0.7129629629629629 0.7953125 0.7166666666666667 0.7984375 0.7111111111111111
5 0.49947916666666664 0.6537037037037037 0.5015625 0.6601851851851852 0.503125 0.6305555555555555 0.49895833333333334 0.6185185185185185 0.4973958333333333 0.6175925925925926 0.49322916666666666 0.6259259259259259 0.4901041666666667 0.637962962962963 0.4895833333333333 0.6657407407407407 0.49375 0.6648148148148149 0.49583333333333335 0.6555555555555556 0.49947916666666664 0.6537037037037037
5 0.528125 0.6527777777777778 0.5296875 0.6342592592592593 0.5239583333333333 0.625 0.5213541666666667 0.625 0.5177083333333333 0.6342592592592593 0.5182291666666666 0.6620370370370371 0.5302083333333333 0.6685185185185185 0.53125 0.6648148148148149 0.528125 0.6527777777777778
5 0.7260416666666667 0.6472222222222223 0.7208333333333333 0.6287037037037037 0.7161458333333334 0.6287037037037037 0.7119791666666667 0.6537037037037037 0.7119791666666667 0.6703703703703704 0.715625 0.6759259259259259 0.7223958333333333 0.6759259259259259 0.7260416666666667 0.6472222222222223
4 0.6635416666666667 0.6333333333333333 0.6645833333333333 0.6194444444444445 0.6630208333333333 0.6074074074074074 0.6572916666666667 0.6064814814814815 0.6541666666666667 0.6175925925925926 0.6546875 0.65 0.6625 0.6527777777777778 0.6661458333333333 0.6462962962962963 0.6635416666666667 0.6333333333333333
3 0.6651041666666667 0.6546296296296297 0.6567708333333333 0.6527777777777778 0.6567708333333333 0.7148148148148148 0.6697916666666667 0.7138888888888889 0.6697916666666667 0.6657407407407407 0.6651041666666667 0.6546296296296297
4 0.6484375 0.6657407407407407 0.6427083333333333 0.6425925925925926 0.6427083333333333 0.6148148148148148 0.6380208333333334 0.6148148148148148 0.6328125 0.6268518518518519 0.6338541666666667 0.6555555555555556 0.6390625 0.6648148148148149 0.646875 0.6685185185185185 0.6484375 0.6657407407407407
5 0.6182291666666667 0.6462962962962963 0.6192708333333333 0.6259259259259259 0.6177083333333333 0.6148148148148148 0.6151041666666667 0.6129629629629629 0.609375 0.6259259259259259 0.6088541666666667 0.65 0.6114583333333333 0.6583333333333333 0.6145833333333334 0.6574074074074074 0.6182291666666667 0.6462962962962963
5 0.6442708333333333 0.6583333333333333 0.6432291666666666 0.6407407407407407 0.6458333333333334 0.6185185185185185 0.6432291666666666 0.6092592592592593 0.6359375 0.6175925925925926 0.6333333333333333 0.6268518518518519 0.634375 0.6537037037037037 0.6421875 0.6620370370370371 0.6442708333333333 0.6583333333333333
5 0.7390625 0.662962962962963 0.7395833333333334 0.637962962962963 0.7364583333333333 0.6222222222222222 0.7317708333333334 0.6212962962962963 0.7291666666666666 0.6277777777777778 0.7317708333333334 0.6694444444444444 0.7364583333333333 0.6722222222222223 0.7390625 0.662962962962963
5 0.7098958333333333 0.6657407407407407 0.7057291666666666 0.6481481481481481 0.7005208333333334 0.649074074074074 0.7010416666666667 0.6981481481481482 0.7052083333333333 0.7 0.7078125 0.6962962962962963 0.7098958333333333 0.6657407407407407
2 0.5208333333333334 0.6324074074074074 0.525 0.6305555555555555 0.5234375 0.612037037037037 0.5197916666666667 0.6083333333333333 0.5135416666666667 0.6101851851851852 0.509375 0.6268518518518519 0.5078125 0.6351851851851852 0.5088541666666667 0.6444444444444445 0.515625 0.6435185185185185 0.5208333333333334 0.6324074074074074
0 0.18177083333333333 0.6888888888888889 0.17708333333333334 0.687962962962963 0.16927083333333334 0.6953703703703704 0.16927083333333334 0.7037037037037037 0.17395833333333333 0.7037037037037037 0.17916666666666667 0.6972222222222222 0.18177083333333333 0.6888888888888889
4 0.51875 0.6583333333333333 0.51875 0.6333333333333333 0.5135416666666667 0.6212962962962963 0.5072916666666667 0.6370370370370371 0.5078125 0.6643518518518519 0.5057291666666667 0.6768518518518518 0.5109375 0.675 0.51875 0.6583333333333333
4 0.9197916666666667 0.6907407407407408 0.9197916666666667 0.649074074074074 0.915625 0.6398148148148148 0.9114583333333334 0.6398148148148148 0.9078125 0.6537037037037037 0.9072916666666667 0.6675925925925926 0.9109375 0.6898148148148148 0.915625 0.6935185185185185 0.9197916666666667 0.6907407407407408
4 0.76875 0.6731481481481482 0.7682291666666666 0.6620370370370371 0.7729166666666667 0.6462962962962963 0.7713541666666667 0.6351851851851852 0.7671875 0.625 0.7635416666666667 0.6231481481481481 0.7588541666666667 0.6342592592592593 0.7583333333333333 0.6453703703703704 0.7619791666666667 0.6731481481481482 0.7671875 0.675 0.76875 0.6731481481481482
4 0.6239583333333333 0.6435185185185185 0.6270833333333333 0.6407407407407407 0.6291666666666667 0.6296296296296297 0.625 0.6074074074074074 0.6208333333333333 0.6055555555555555 0.615625 0.6148148148148148 0.6197916666666666 0.6314814814814815 0.6192708333333333 0.637962962962963 0.6239583333333333 0.6435185185185185
3 0.7442708333333333 0.5638888888888889 0.7380208333333333 0.562037037037037 0.734375 0.575925925925926 0.7338541666666667 0.5953703703703703 0.7390625 0.5981481481481481 0.7447916666666666 0.575925925925926 0.7442708333333333 0.5638888888888889