5 0.4890625 0.5898148148148148 0.48854166666666665 0.5722222222222222 0.484375 0.5611111111111111 0.48125 0.5611111111111111 0.47708333333333336 0.5722222222222222 0.4791666666666667 0.6111111111111112 0.4822916666666667 0.6157407407407407 0.4859375 0.6092592592592593 0.4890625 0.5898148148148148
5 0.7708333333333334 0.6064814814814815 0.7692708333333333 0.5833333333333334 0.7645833333333333 0.5824074074074074 0.7604166666666666 0.5925925925925926 0.759375 0.6314814814814815 0.7651041666666667 0.6351851851851852 0.7671875 0.6342592592592593 0.7708333333333334 0.6064814814814815
4 0.3692708333333333 0.7027777777777777 0.37135416666666665 0.7 0.3723958333333333 0.6689814814814815 0.375 0.6564814814814814 0.378125 0.6537037037037037 0.3734375 0.6462962962962963 0.3723958333333333 0.6361111111111111 0.3692708333333333 0.6351851851851852 0.3651041666666667 0.6453703703703704 0.36302083333333335 0.6675925925925926 0.3640625 0.6805555555555556 0.3619791666666667 0.6925925925925925 0.3645833333333333 0.7027777777777777 0.3692708333333333 0.7027777777777777
5 0.5776041666666667 0.7194444444444444 0.5791666666666667 0.7240740740740741 0.5838541666666667 0.725 0.5859375 0.7203703703703703 0.5833333333333334 0.7148148148148148 0.5786458333333333 0.6787037037037037 0.5791666666666667 0.6611111111111111 0.5765625 0.6537037037037037 0.5703125 0.6675925925925926 0.5645833333333333 0.7203703703703703 0.5697916666666667 0.725 0.5723958333333333 0.7203703703703703 0.5776041666666667 0.7194444444444444
4 0.8151041666666666 0.6287037037037037 0.8130208333333333 0.5907407407407408 0.8109375 0.5851851851851851 0.8057291666666667 0.5944444444444444 0.803125 0.6101851851851852 0.8010416666666667 0.6425925925925926 0.8026041666666667 0.6453703703703704 0.8197916666666667 0.6435185185185185 0.8151041666666666 0.6287037037037037
4 0.6020833333333333 0.6055555555555555 0.5994791666666667 0.5925925925925926 0.5942708333333333 0.5935185185185186 0.5890625 0.612037037037037 0.5828125 0.6231481481481481 0.5838541666666667 0.6583333333333333 0.5901041666666667 0.6537037037037037 0.6015625 0.6537037037037037 0.6020833333333333 0.6055555555555555
4 0.8713541666666667 0.8361111111111111 0.8770833333333333 0.8361111111111111 0.8791666666666667 0.8305555555555556 0.884375 0.8296296296296296 0.8848958333333333 0.8342592592592593 0.8885416666666667 0.8361111111111111 0.8921875 0.8194444444444444 0.8932291666666666 0.7898148148148149 0.8979166666666667 0.7712962962962963 0.8885416666666667 0.7472222222222222 0.884375 0.7490740740740741 0.88125 0.7638888888888888 0.8770833333333333 0.8138888888888889 0.8744791666666667 0.825925925925926 0.8692708333333333 0.8333333333333334 0.8713541666666667 0.8361111111111111
5 0.3260416666666667 0.7712962962962963 0.334375 0.7759259259259259 0.3380208333333333 0.775 0.3416666666666667 0.7231481481481481 0.3390625 0.6990740740740741 0.3375 0.6962962962962963 0.3333333333333333 0.6962962962962963 0.3328125 0.6990740740740741 0.32708333333333334 0.75 0.3223958333333333 0.7555555555555555 0.3223958333333333 0.762962962962963 0.3260416666666667 0.7712962962962963
5 0.2125 0.6222222222222222 0.2078125 0.6194444444444445 0.20416666666666666 0.6231481481481481 0.20260416666666667 0.6462962962962963 0.203125 0.6851851851851852 0.20520833333333333 0.6888888888888889 0.21145833333333333 0.6888888888888889 0.2125 0.6222222222222222
3 0.2046875 0.6361111111111111 0.2078125 0.6222222222222222 0.19791666666666666 0.6018518518518519 0.19427083333333334 0.6064814814814815 0.19114583333333332 0.6185185185185185 0.1921875 0.674074074074074 0.20052083333333334 0.6759259259259259 0.20260416666666667 0.6712962962962963 0.2046875 0.6361111111111111
4 0.3927083333333333 0.6657407407407407 0.39739583333333334 0.6537037037037037 0.3963541666666667 0.6435185185185185 0.3885416666666667 0.6435185185185185 0.38385416666666666 0.6546296296296297 0.38125 0.6694444444444444 0.3796875 0.6962962962962963 0.3921875 0.7 0.39427083333333335 0.6861111111111111 0.3927083333333333 0.6657407407407407
3 0.6052083333333333 0.5259259259259259 0.5947916666666667 0.5212962962962963 0.590625 0.5268518518518519 0.5911458333333334 0.5601851851851852 0.5994791666666667 0.5648148148148148 0.6015625 0.5324074074074074 0.6052083333333333 0.5259259259259259
5 0.5786458333333333 0.6666666666666666 0.5760416666666667 0.674074074074074 0.5796875 0.6796296296296296 0.5947916666666667 0.6731481481481482 0.5927083333333333 0.6675925925925926 0.5953125 0.6611111111111111 0.5932291666666667 0.6472222222222223 0.5953125 0.637962962962963 0.5916666666666667 0.612037037037037 0.5875 0.612037037037037 0.5822916666666667 0.625 0.5828125 0.6462962962962963 0.5807291666666666 0.6555555555555556 0.575 0.6574074074074074 0.5786458333333333 0.6666666666666666