4 0.946875 0.6861111111111111 0.9557291666666666 0.6907407407407408 0.9588541666666667 0.7083333333333334 0.9625 0.7111111111111111 0.965625 0.700925925925926 0.9661458333333334 0.6638888888888889 0.9588541666666667 0.6453703703703704 0.9546875 0.6453703703703704 0.9536458333333333 0.6509259259259259 0.95 0.6546296296296297 0.9494791666666667 0.6648148148148149 0.94375 0.674074074074074 0.9432291666666667 0.6805555555555556 0.946875 0.6861111111111111
5 0.5067708333333333 0.725 0.50625 0.7472222222222222 0.5135416666666667 0.7481481481481481 0.5151041666666667 0.7203703703703703 0.521875 0.7046296296296296 0.5213541666666667 0.6972222222222222 0.5088541666666667 0.687037037037037 0.5046875 0.7055555555555556 0.5041666666666667 0.7166666666666667 0.5067708333333333 0.725
4 0.4432291666666667 0.7333333333333333 0.446875 0.7342592592592593 0.45 0.6925925925925925 0.44895833333333335 0.6805555555555556 0.4453125 0.6712962962962963 0.4427083333333333 0.6703703703703704 0.4354166666666667 0.6833333333333333 0.4348958333333333 0.6944444444444444 0.4432291666666667 0.7333333333333333
4 0.13697916666666668 0.7055555555555556 0.13854166666666667 0.7185185185185186 0.14270833333333333 0.7231481481481481 0.1484375 0.7129629629629629 0.14635416666666667 0.6712962962962963 0.13958333333333334 0.6574074074074074 0.13697916666666668 0.6574074074074074 0.13177083333333334 0.674074074074074 0.13125 0.6888888888888889 0.13697916666666668 0.7055555555555556
0 0.690625 0.6 0.6890625 0.5888888888888889 0.6833333333333333 0.5935185185185186 0.6848958333333334 0.6027777777777777 0.690625 0.6
5 0.32135416666666666 0.6796296296296296 0.32395833333333335 0.6703703703703704 0.3265625 0.6388888888888888 0.31927083333333334 0.6240740740740741 0.315625 0.6259259259259259 0.3125 0.6370370370370371 0.3171875 0.6777777777777778 0.32135416666666666 0.6796296296296296
4 0.6239583333333333 0.6342592592592593 0.6276041666666666 0.6361111111111111 0.6296875 0.6305555555555555 0.6307291666666667 0.5990740740740741 0.6265625 0.587037037037037 0.6208333333333333 0.5907407407407408 0.6213541666666667 0.6222222222222222 0.6239583333333333 0.6342592592592593
5 0.6494791666666667 0.6898148148148148 0.6494791666666667 0.7046296296296296 0.6541666666666667 0.7074074074074074 0.6604166666666667 0.700925925925926 0.6578125 0.6611111111111111 0.6505208333333333 0.6462962962962963 0.6473958333333333 0.6518518518518519 0.6458333333333334 0.6703703703703704 0.6494791666666667 0.6898148148148148
5 0.7286458333333333 0.6222222222222222 0.7317708333333334 0.6407407407407407 0.7369791666666666 0.6453703703703704 0.7395833333333334 0.6111111111111112 0.7364583333333333 0.5981481481481481 0.7317708333333334 0.5972222222222222 0.728125 0.6074074074074074 0.7286458333333333 0.6222222222222222
5 0.18645833333333334 0.6916666666666667 0.18802083333333333 0.7083333333333334 0.18958333333333333 0.712037037037037 0.19322916666666667 0.712037037037037 0.19583333333333333 0.7083333333333334 0.19270833333333334 0.6953703703703704 0.19791666666666666 0.6537037037037037 0.18541666666666667 0.6527777777777778 0.18072916666666666 0.6648148148148149 0.18020833333333333 0.6731481481481482 0.18645833333333334 0.6916666666666667
5 0.2713541666666667 0.6398148148148148 0.278125 0.6398148148148148 0.28020833333333334 0.6268518518518519 0.2786458333333333 0.5990740740740741 0.2755208333333333 0.5916666666666667 0.2713541666666667 0.5907407407407408 0.2671875 0.6018518518518519 0.26666666666666666 0.6148148148148148 0.2713541666666667 0.6398148148148148
4 0.6328125 0.7712962962962963 0.628125 0.7925925925925926 0.6296875 0.799074074074074 0.6427083333333333 0.7935185185185185 0.6416666666666667 0.775 0.64375 0.7583333333333333 0.6463541666666667 0.7490740740740741 0.6505208333333333 0.7509259259259259 0.6505208333333333 0.7472222222222222 0.6447916666666667 0.7407407407407407 0.6421875 0.725925925925926 0.6385416666666667 0.7231481481481481 0.6348958333333333 0.7277777777777777 0.6322916666666667 0.7444444444444445 0.63125 0.7601851851851852 0.6328125 0.7712962962962963
5 0.415625 0.6240740740740741 0.421875 0.6268518518518519 0.4239583333333333 0.6342592592592593 0.4276041666666667 0.6370370370370371 0.43072916666666666 0.6268518518518519 0.4322916666666667 0.6074074074074074 0.42916666666666664 0.5925925925925926 0.4161458333333333 0.5907407407407408 0.42135416666666664 0.5944444444444444 0.415625 0.6240740740740741
3 0.2953125 0.587037037037037 0.29739583333333336 0.5518518518518518 0.29583333333333334 0.5444444444444444 0.2864583333333333 0.5444444444444444 0.2864583333333333 0.5861111111111111 0.2953125 0.587037037037037
3 0.1859375 0.5925925925925926 0.19010416666666666 0.5731481481481482 0.19479166666666667 0.5638888888888889 0.1859375 0.5481481481481482 0.18072916666666666 0.5555555555555556 0.18125 0.587037037037037 0.1859375 0.5925925925925926
4 0.35625 0.7527777777777778 0.3645833333333333 0.7953703703703704 0.36875 0.7981481481481482 0.3703125 0.7944444444444444 0.37083333333333335 0.7518518518518519 0.3671875 0.7407407407407407 0.3651041666666667 0.7222222222222222 0.36041666666666666 0.7203703703703703 0.35260416666666666 0.7407407407407407 0.35208333333333336 0.7453703703703703 0.35625 0.7527777777777778
5 0.19739583333333333 0.6222222222222222 0.19947916666666668 0.6185185185185185 0.19739583333333333 0.6046296296296296 0.19270833333333334 0.5962962962962963 0.18697916666666667 0.5962962962962963 0.18645833333333334 0.6185185185185185 0.19739583333333333 0.6222222222222222
4 0.2786458333333333 0.6444444444444445 0.28072916666666664 0.6657407407407407 0.2833333333333333 0.6722222222222223 0.2869791666666667 0.674074074074074 0.28958333333333336 0.6694444444444444 0.2911458333333333 0.6370370370370371 0.2869791666666667 0.6231481481481481 0.2786458333333333 0.6268518518518519 0.2755208333333333 0.637962962962963 0.2786458333333333 0.6444444444444445
4 0.1875 0.6481481481481481 0.18541666666666667 0.6537037037037037 0.19791666666666666 0.6592592592592592 0.19895833333333332 0.6407407407407407 0.19635416666666666 0.6166666666666667 0.1921875 0.6092592592592593 0.18541666666666667 0.6231481481481481 0.18489583333333334 0.6351851851851852 0.1875 0.6481481481481481
5 0.5947916666666667 0.8212962962962963 0.5916666666666667 0.8407407407407408 0.5953125 0.8425925925925926 0.6046875 0.8379629629629629 0.6020833333333333 0.825 0.6046875 0.7907407407407407 0.5973958333333333 0.7675925925925926 0.5927083333333333 0.7685185185185185 0.5869791666666667 0.7898148148148149 0.5864583333333333 0.8027777777777778 0.5947916666666667 0.8212962962962963
3 0.4197916666666667 0.6787037037037037 0.4234375 0.6796296296296296 0.4234375 0.6509259259259259 0.4276041666666667 0.6407407407407407 0.4276041666666667 0.6296296296296297 0.41875 0.6185185185185185 0.415625 0.6194444444444445 0.4114583333333333 0.6305555555555555 0.4114583333333333 0.6398148148148148 0.4197916666666667 0.6787037037037037
4 0.6286458333333333 0.6990740740740741 0.6307291666666667 0.7027777777777777 0.634375 0.7018518518518518 0.6359375 0.6583333333333333 0.6307291666666667 0.6453703703703704 0.6270833333333333 0.6462962962962963 0.6234375 0.6555555555555556 0.6229166666666667 0.662962962962963 0.6286458333333333 0.6990740740740741