5 0.5640625 0.6046296296296296 0.5645833333333333 0.5990740740740741 0.5598958333333334 0.5953703703703703 0.5578125 0.5861111111111111 0.5583333333333333 0.575925925925926 0.5546875 0.562962962962963 0.5515625 0.5601851851851852 0.5494791666666666 0.5657407407407408 0.5489583333333333 0.6148148148148148 0.553125 0.6166666666666667 0.5611979166666666 0.6046296296296296 0.5640625 0.6046296296296296
4 0.3177083333333333 0.6722222222222223 0.315625 0.6620370370370371 0.3104166666666667 0.6564814814814814 0.3072916666666667 0.625 0.3020833333333333 0.6138888888888889 0.2984375 0.6157407407407407 0.296875 0.6425925925925926 0.296875 0.6796296296296296 0.3026041666666667 0.6796296296296296 0.3046875 0.6675925925925926 0.3177083333333333 0.6722222222222223
4 0.4041666666666667 0.5842592592592593 0.409375 0.5907407407407408 0.41041666666666665 0.5833333333333334 0.4036458333333333 0.5731481481481482 0.40260416666666665 0.5435185185185185 0.4005208333333333 0.5388888888888889 0.39739583333333334 0.5425925925925926 0.3932291666666667 0.5907407407407408 0.3963541666666667 0.5916666666666667 0.39739583333333334 0.5879629629629629 0.4041666666666667 0.5842592592592593
3 0.12291666666666666 0.6620370370370371 0.1203125 0.6351851851851852 0.12447916666666667 0.612037037037037 0.1234375 0.6064814814814815 0.11510416666666666 0.5944444444444444 0.11041666666666666 0.6064814814814815 0.10989583333333333 0.6212962962962963 0.1125 0.6435185185185185 0.11979166666666667 0.6657407407407407 0.12291666666666666 0.6620370370370371
4 0.2171875 0.625 0.22291666666666668 0.6185185185185185 0.22083333333333333 0.6074074074074074 0.22239583333333332 0.5953703703703703 0.21666666666666667 0.575 0.2125 0.5787037037037037 0.21041666666666667 0.5898148148148148 0.209375 0.6027777777777777 0.21302083333333333 0.6351851851851852 0.21614583333333334 0.6333333333333333 0.2171875 0.625
5 0.5723958333333333 0.7231481481481481 0.5760416666666667 0.7027777777777777 0.5953125 0.7129629629629629 0.5958333333333333 0.7037037037037037 0.5859375 0.6981481481481482 0.5817708333333333 0.687037037037037 0.5817708333333333 0.6694444444444444 0.5770833333333333 0.6555555555555556 0.571875 0.6537037037037037 0.5708333333333333 0.6574074074074074 0.5697916666666667 0.675 0.5723958333333333 0.687037037037037 0.5661458333333333 0.7231481481481481 0.5723958333333333 0.7231481481481481
5 0.2635416666666667 0.5925925925925926 0.26197916666666665 0.5601851851851852 0.259375 0.5527777777777778 0.2557291666666667 0.55 0.2526041666666667 0.5592592592592592 0.253125 0.5842592592592593 0.2557291666666667 0.5953703703703703 0.2609375 0.600925925925926 0.2635416666666667 0.5925925925925926
5 0.17135416666666667 0.6268518518518519 0.17552083333333332 0.6166666666666667 0.18541666666666667 0.6231481481481481 0.18645833333333334 0.6175925925925926 0.17864583333333334 0.6055555555555555 0.17708333333333334 0.5879629629629629 0.1734375 0.575925925925926 0.16875 0.5731481481481482 0.1671875 0.575925925925926 0.16875 0.600925925925926 0.16770833333333332 0.6268518518518519 0.17135416666666667 0.6268518518518519
4 0.5505208333333333 0.7305555555555555 0.553125 0.7435185185185185 0.5572916666666666 0.7462962962962963 0.5598958333333334 0.7398148148148148 0.5557291666666667 0.6851851851851852 0.55 0.6703703703703704 0.5479166666666667 0.6694444444444444 0.5458333333333333 0.674074074074074 0.5416666666666666 0.6925925925925925 0.5447916666666667 0.7064814814814815 0.5442708333333334 0.7231481481481481 0.5505208333333333 0.7305555555555555
4 0.6854166666666667 0.6759259259259259 0.68125 0.6555555555555556 0.6828125 0.6240740740740741 0.6776041666666667 0.612037037037037 0.675 0.6129629629629629 0.6697916666666667 0.6194444444444445 0.6708333333333333 0.6805555555555556 0.6734375 0.6842592592592592 0.6854166666666667 0.6759259259259259
5 0.309375 0.7787037037037037 0.3109375 0.775 0.3078125 0.7592592592592593 0.3109375 0.7490740740740741 0.3020833333333333 0.7129629629629629 0.29739583333333336 0.700925925925926 0.29270833333333335 0.700925925925926 0.2947916666666667 0.7555555555555555 0.30104166666666665 0.7657407407407407 0.3046875 0.7787037037037037 0.309375 0.7787037037037037
5 0.3921875 0.6314814814814815 0.39166666666666666 0.6055555555555555 0.39479166666666665 0.5898148148148148 0.384375 0.5768518518518518 0.3807291666666667 0.5953703703703703 0.3807291666666667 0.6268518518518519 0.3875 0.6305555555555555 0.3885416666666667 0.6342592592592593 0.3921875 0.6314814814814815
1 0.9588541666666667 0.6268518518518519 0.9557291666666666 0.5787037037037037 0.9520833333333333 0.5638888888888889 0.9479166666666666 0.5694444444444444 0.9479166666666666 0.5953703703703703 0.940625 0.6268518518518519 0.9557291666666666 0.6305555555555555 0.9588541666666667 0.6268518518518519
0 0.2125 0.5611111111111111 0.20625 0.5638888888888889 0.20572916666666666 0.5740740740740741 0.21302083333333333 0.5805555555555556 0.2140625 0.5638888888888889 0.2125 0.5611111111111111
5 0.1953125 0.5703703703703704 0.1984375 0.5527777777777778 0.196875 0.5435185185185185 0.18645833333333334 0.5444444444444444 0.18177083333333333 0.5592592592592592 0.18125 0.5768518518518518 0.19166666666666668 0.575925925925926 0.19739583333333333 0.5796296296296296 0.1953125 0.5703703703703704
4 0.057291666666666664 0.7601851851851852 0.0578125 0.7703703703703704 0.0671875 0.7833333333333333 0.06875 0.7944444444444444 0.0734375 0.7962962962962963 0.07604166666666666 0.7935185185185185 0.07604166666666666 0.787962962962963 0.07135416666666666 0.7509259259259259 0.07447916666666667 0.7314814814814815 0.06510416666666667 0.7111111111111111 0.06041666666666667 0.7148148148148148 0.058333333333333334 0.725925925925926 0.05364583333333333 0.7314814814814815 0.059895833333333336 0.75 0.057291666666666664 0.7601851851851852
4 0.6697916666666667 0.6351851851851852 0.6713541666666667 0.6296296296296297 0.6713541666666667 0.5879629629629629 0.665625 0.5740740740740741 0.6619791666666667 0.5740740740740741 0.659375 0.5851851851851851 0.6609375 0.6027777777777777 0.6567708333333333 0.6342592592592593 0.6677083333333333 0.6324074074074074 0.6697916666666667 0.6351851851851852
4 0.3927083333333333 0.6555555555555556 0.39427083333333335 0.6481481481481481 0.3885416666666667 0.6333333333333333 0.39114583333333336 0.6231481481481481 0.3890625 0.6 0.3848958333333333 0.5925925925925926 0.3807291666666667 0.5972222222222222 0.37864583333333335 0.6175925925925926 0.378125 0.6574074074074074 0.38125 0.6601851851851852 0.38958333333333334 0.6537037037037037 0.3927083333333333 0.6555555555555556
5 0.21666666666666667 0.5805555555555556 0.21875 0.5768518518518518 0.2171875 0.562962962962963 0.21927083333333333 0.5444444444444444 0.2125 0.5342592592592592 0.20677083333333332 0.5407407407407407 0.20833333333333334 0.5509259259259259 0.20729166666666668 0.5731481481481482 0.21302083333333333 0.5814814814814815 0.21666666666666667 0.5805555555555556