4 0.6541666666666667 0.7305555555555555 0.6541666666666667 0.7481481481481481 0.659375 0.7509259259259259 0.6614583333333334 0.7481481481481481 0.6609375 0.7305555555555555 0.6651041666666667 0.7111111111111111 0.6619791666666667 0.6953703703703704 0.6598958333333333 0.6935185185185185 0.65625 0.6962962962962963 0.6541666666666667 0.7064814814814815 0.6520833333333333 0.7240740740740741 0.6541666666666667 0.7305555555555555
4 0.7192708333333333 0.6861111111111111 0.7239583333333334 0.6851851851851852 0.7255208333333333 0.662962962962963 0.728125 0.6537037037037037 0.7270833333333333 0.6481481481481481 0.7244791666666667 0.6398148148148148 0.721875 0.6398148148148148 0.7161458333333334 0.649074074074074 0.715625 0.6824074074074075 0.7192708333333333 0.6861111111111111
4 0.55625 0.687962962962963 0.5604166666666667 0.6731481481481482 0.559375 0.6416666666666667 0.5567708333333333 0.6388888888888888 0.5536458333333333 0.6407407407407407 0.5510416666666667 0.6518518518518519 0.5505208333333333 0.6768518518518518 0.55625 0.687962962962963
5 0.4546875 0.6777777777777778 0.4625 0.6796296296296296 0.4666666666666667 0.674074074074074 0.46770833333333334 0.6342592592592593 0.4588541666666667 0.6287037037037037 0.45416666666666666 0.6444444444444445 0.45364583333333336 0.674074074074074 0.4546875 0.6777777777777778
3 0.4197916666666667 0.7361111111111112 0.4239583333333333 0.7324074074074074 0.4239583333333333 0.687962962962963 0.4197916666666667 0.6731481481481482 0.4161458333333333 0.675 0.4119791666666667 0.6861111111111111 0.41510416666666666 0.7361111111111112 0.4197916666666667 0.7361111111111112
4 0.93125 0.6685185185185185 0.9364583333333333 0.6537037037037037 0.9380208333333333 0.637962962962963 0.9354166666666667 0.6268518518518519 0.9307291666666667 0.6277777777777778 0.9270833333333334 0.6370370370370371 0.9276041666666667 0.6657407407407407 0.93125 0.6685185185185185
5 0.34322916666666664 0.6731481481481482 0.3458333333333333 0.6805555555555556 0.35208333333333336 0.6768518518518518 0.35520833333333335 0.6583333333333333 0.35520833333333335 0.6416666666666667 0.3536458333333333 0.6361111111111111 0.3494791666666667 0.6333333333333333 0.3453125 0.637962962962963 0.34427083333333336 0.6462962962962963 0.3458333333333333 0.6592592592592592 0.34322916666666664 0.6731481481481482
5 0.5364583333333334 0.6898148148148148 0.5354166666666667 0.7175925925925926 0.5411458333333333 0.7222222222222222 0.54375 0.7175925925925926 0.5447916666666667 0.6814814814814815 0.540625 0.6685185185185185 0.5369791666666667 0.6694444444444444 0.534375 0.6851851851851852 0.5364583333333334 0.6898148148148148
5 0.2921875 0.675 0.2942708333333333 0.6777777777777778 0.30104166666666665 0.6768518518518518 0.3020833333333333 0.6611111111111111 0.30520833333333336 0.6537037037037037 0.30416666666666664 0.6361111111111111 0.2984375 0.6268518518518519 0.2953125 0.6296296296296297 0.29322916666666665 0.637962962962963 0.29375 0.6666666666666666 0.2921875 0.675
3 0.5052083333333334 0.6064814814814815 0.5104166666666666 0.6027777777777777 0.5119791666666667 0.5851851851851851 0.509375 0.5740740740740741 0.5036458333333333 0.5768518518518518 0.5 0.587037037037037 0.49947916666666664 0.5907407407407408 0.5052083333333334 0.6064814814814815
5 0.4828125 0.6518518518518519 0.4859375 0.662962962962963 0.48854166666666665 0.6342592592592593 0.48489583333333336 0.6296296296296297 0.4822916666666667 0.6351851851851852 0.4828125 0.6518518518518519
5 0.46458333333333335 0.6805555555555556 0.46770833333333334 0.6824074074074075 0.4713541666666667 0.674074074074074 0.46979166666666666 0.6333333333333333 0.4661458333333333 0.6314814814814815 0.4630208333333333 0.6481481481481481 0.4630208333333333 0.674074074074074 0.46458333333333335 0.6805555555555556
4 0.4822916666666667 0.6833333333333333 0.4859375 0.6611111111111111 0.4859375 0.6305555555555555 0.4817708333333333 0.6305555555555555 0.4791666666666667 0.6407407407407407 0.4786458333333333 0.6814814814814815 0.4822916666666667 0.6833333333333333
2 0.3463541666666667 0.6592592592592592 0.353125 0.6611111111111111 0.35572916666666665 0.65 0.35520833333333335 0.6222222222222222 0.3494791666666667 0.6203703703703703 0.34375 0.6287037037037037 0.34322916666666664 0.6416666666666667 0.3463541666666667 0.6592592592592592
4 0.49375 0.6759259259259259 0.5005208333333333 0.674074074074074 0.5026041666666666 0.6703703703703704 0.5005208333333333 0.6324074074074074 0.4973958333333333 0.6277777777777778 0.4921875 0.637962962962963 0.49270833333333336 0.6731481481481482 0.49375 0.6759259259259259
5 0.478125 0.6814814814814815 0.4786458333333333 0.6388888888888888 0.475 0.6324074074074074 0.471875 0.6388888888888888 0.471875 0.6814814814814815 0.478125 0.6814814814814815