5 0.15364583333333334 0.687037037037037 0.15416666666666667 0.6666666666666666 0.15260416666666668 0.6620370370370371 0.1546875 0.649074074074074 0.15208333333333332 0.6351851851851852 0.14791666666666667 0.6342592592592593 0.1421875 0.6453703703703704 0.14375 0.6638888888888889 0.13541666666666666 0.6814814814814815 0.13802083333333334 0.6861111111111111 0.15364583333333334 0.687037037037037
4 0.4625 0.6222222222222222 0.4661458333333333 0.6148148148148148 0.47291666666666665 0.6185185185185185 0.47604166666666664 0.6101851851851852 0.47552083333333334 0.5953703703703703 0.47708333333333336 0.5916666666666667 0.47291666666666665 0.5777777777777777 0.46875 0.5796296296296296 0.46510416666666665 0.6027777777777777 0.4583333333333333 0.6166666666666667 0.4588541666666667 0.6231481481481481 0.4625 0.6222222222222222
5 0.7744791666666667 0.6731481481481482 0.7765625 0.6777777777777778 0.7817708333333333 0.6796296296296296 0.7848958333333333 0.6620370370370371 0.7848958333333333 0.6444444444444445 0.7895833333333333 0.637962962962963 0.7890625 0.6342592592592593 0.7828125 0.6185185185185185 0.7791666666666667 0.6185185185185185 0.775 0.6287037037037037 0.7708333333333334 0.6324074074074074 0.7697916666666667 0.6351851851851852 0.7770833333333333 0.6481481481481481 0.7776041666666667 0.6537037037037037 0.7744791666666667 0.6731481481481482
4 0.8255208333333334 0.7101851851851851 0.825 0.687962962962963 0.8270833333333333 0.6694444444444444 0.8255208333333334 0.6574074074074074 0.81875 0.6453703703703704 0.8098958333333334 0.6574074074074074 0.809375 0.6703703703703704 0.815625 0.6938268518518518 0.8151041666666666 0.7101851851851851 0.8255208333333334 0.7101851851851851
0 0.6447916666666667 0.8055555555555556 0.6421875 0.8018518518518518 0.6380208333333334 0.8018518518518518 0.6359375 0.8064814814814815 0.6354166666666666 0.812037037037037 0.6380208333333334 0.8166666666666667 0.6447916666666667 0.8111111111111111 0.6447916666666667 0.8055555555555556
5 0.6203125 0.8101851851851852 0.6229166666666667 0.8157407407407408 0.6270833333333333 0.8166666666666667 0.6328125 0.8018518518518518 0.6354166666666666 0.7833333333333333 0.6395833333333333 0.7787037037037037 0.6354166666666666 0.7398148148148148 0.6317708333333333 0.7435185185185185 0.6208333333333333 0.775 0.6208333333333333 0.7787037037037037 0.625 0.7824074074074074 0.6255208333333333 0.7907407407407407 0.6203125 0.8101851851851852
4 0.29010416666666666 0.6666666666666666 0.29375 0.6583333333333333 0.2947916666666667 0.6481481481481481 0.290625 0.6157407407407407 0.2869791666666667 0.6194444444444445 0.2760416666666667 0.6666666666666666 0.2760416666666667 0.6712962962962963 0.2791666666666667 0.675 0.28229166666666666 0.6694444444444444 0.29010416666666666 0.6666666666666666
4 0.05260416666666667 0.6203703703703703 0.05416666666666667 0.6185185185185185 0.05416666666666667 0.575925925925926 0.0484375 0.575 0.0453125 0.5842592592592593 0.042708333333333334 0.6037037037037037 0.0390625 0.6074074074074074 0.0390625 0.6111111111111112 0.05260416666666667 0.6203703703703703
5 0.07447916666666667 0.5935185185185186 0.07291666666666667 0.5842592592592593 0.06875 0.587037037037037 0.06302083333333333 0.6083333333333333 0.059895833333333336 0.6111111111111112 0.059895833333333336 0.6185185185185185 0.06770833333333333 0.6268518518518519 0.07239583333333334 0.625 0.07447916666666667 0.5935185185185186
5 0.09895833333333333 0.8175925925925925 0.10416666666666667 0.7981481481481482 0.10416666666666667 0.7462962962962963 0.09895833333333333 0.7462962962962963 0.09427083333333333 0.7611111111111111 0.08854166666666667 0.7944444444444444 0.084375 0.8046296296296296 0.0828125 0.812962962962963 0.08385416666666666 0.8231481481481482 0.08802083333333334 0.8175925925925925 0.09895833333333333 0.8175925925925925
4 0.08385416666666666 0.6425925925925926 0.0875 0.6407407407407407 0.090625 0.6305555555555555 0.09010416666666667 0.612037037037037 0.08802083333333334 0.6092592592592593 0.08489583333333334 0.6111111111111112 0.08072916666666667 0.6231481481481481 0.07708333333333334 0.6268518518518519 0.07760416666666667 0.6342592592592593 0.08385416666666666 0.6425925925925926
4 0.64375 0.6074074074074074 0.6348958333333333 0.6064814814814815 0.6333333333333333 0.637962962962963 0.6463541666666667 0.6574074074074074 0.6479166666666667 0.649074074074074 0.64375 0.6074074074074074
5 0.32760416666666664 0.6638888888888889 0.3328125 0.6754629629629629 0.3333333333333333 0.6833333333333333 0.3380208333333333 0.6842592592592592 0.33958333333333335 0.6805555555555556 0.3338541666666667 0.6407407407407407 0.3338541666666667 0.6268518518518519 0.3296875 0.6268518518518519 0.32395833333333335 0.6555555555555556 0.31197916666666664 0.662962962962963 0.3104166666666667 0.674074074074074 0.32760416666666664 0.6638888888888889
4 0.7666666666666667 0.7953703703703704 0.7692708333333333 0.7842592592592592 0.7703125 0.7601851851851852 0.7682291666666666 0.7425925925925926 0.7619791666666667 0.7296296296296296 0.7557291666666667 0.7240740740740741 0.753125 0.725925925925926 0.7520833333333333 0.7398148148148148 0.7541666666666667 0.7657407407407407 0.7520833333333333 0.7907407407407407 0.7666666666666667 0.7953703703703704
3 0.43854166666666666 0.6712962962962963 0.4432291666666667 0.6657407407407407 0.4427083333333333 0.6231481481481481 0.4390625 0.6203703703703703 0.43385416666666665 0.637962962962963 0.4348958333333333 0.6532407407407408 0.43125 0.6851851851851852 0.4354166666666667 0.6842592592592592 0.43854166666666666 0.6712962962962963
4 0.18645833333333334 0.7620370370370371 0.1890625 0.7648148148148148 0.19375 0.762962962962963 0.190625 0.7314814814814815 0.19270833333333334 0.7138888888888889 0.1890625 0.6981481481481482 0.18489583333333334 0.6972222222222222 0.1765625 0.7111111111111111 0.17916666666666667 0.7277777777777777 0.17552083333333332 0.7407407407407407 0.1671875 0.7518518518518519 0.16666666666666666 0.7555555555555555 0.16979166666666667 0.7611111111111111 0.18333333333333332 0.7444444444444445 0.18645833333333334 0.7620370370370371
3 0.103125 0.5675925925925925 0.1015625 0.5462962962962963 0.09791666666666667 0.5453703703703704 0.09375 0.5527777777777778 0.0953125 0.5787037037037037 0.10052083333333334 0.575 0.103125 0.5675925925925925
4 0.8072916666666666 0.6657407407407407 0.8104166666666667 0.6722222222222223 0.8119791666666667 0.6620370370370371 0.8088541666666667 0.6444444444444445 0.8098958333333334 0.6333333333333333 0.80625 0.6194444444444445 0.803125 0.6166666666666667 0.8005208333333333 0.6194444444444445 0.7963541666666667 0.6388888888888888 0.7958333333333333 0.6694444444444444 0.8 0.6703703703703704 0.8015625 0.662962962962963 0.8072916666666666 0.6657407407407407
5 0.6385416666666667 0.6064814814814815 0.6348958333333333 0.5990740740740741 0.63125 0.6027777777777777 0.6286458333333333 0.6101851851851852 0.6296875 0.6305555555555555 0.6338541666666667 0.6333333333333333 0.6385416666666667 0.6064814814814815
3 0.3067708333333333 0.5351851851851852 0.30416666666666664 0.5296296296296297 0.2994791666666667 0.5296296296296297 0.29791666666666666 0.5370370370370371 0.29791666666666666 0.5592592592592592 0.303125 0.5722222222222222 0.30572916666666666 0.5685185185185185 0.3067708333333333 0.5351851851851852
5 0.3140625 0.6370370370370371 0.31614583333333335 0.6342592592592593 0.31666666666666665 0.5916666666666667 0.3140625 0.5888888888888889 0.309375 0.6 0.30416666666666664 0.6222222222222222 0.3078125 0.6259259259259259 0.3109375 0.6361111111111111 0.3140625 0.6370370370370371
5 0.07447916666666667 0.7046296296296296 0.07604166666666666 0.7092592592592593 0.08020833333333334 0.7092592592592593 0.07916666666666666 0.6777777777777778 0.08333333333333333 0.6574074074074074 0.0796875 0.6388888888888888 0.07604166666666666 0.6361111111111111 0.06927083333333334 0.6620370370370371 0.06822916666666666 0.6814814814814815 0.06354166666666666 0.6972222222222222 0.0640625 0.7055555555555556 0.07447916666666667 0.7046296296296296