4 0.7239583333333334 0.6 0.7197916666666667 0.5842592592592593 0.7151041666666667 0.5861111111111111 0.7088541666666667 0.6111111111111112 0.7078125 0.65 0.7223958333333333 0.6518518518518519 0.7260416666666667 0.6305555555555555 0.7239583333333334 0.6
4 0.3182291666666667 0.6638888888888889 0.3229166666666667 0.6611111111111111 0.3260416666666667 0.6703703703703704 0.3302083333333333 0.6722222222222223 0.33229166666666665 0.6685185185185185 0.3265625 0.5990740740740741 0.3223958333333333 0.5981481481481481 0.3182291666666667 0.6111111111111112 0.31302083333333336 0.6592592592592592 0.3098958333333333 0.6694444444444444 0.3151041666666667 0.6731481481481482 0.3182291666666667 0.6638888888888889
5 0.6442708333333333 0.512962962962963 0.6369791666666667 0.512962962962963 0.6348958333333333 0.5277777777777778 0.6364583333333333 0.5638888888888889 0.6421875 0.5666666666666667 0.646875 0.5324074074074074 0.6442708333333333 0.512962962962963
5 0.17708333333333334 0.5212962962962963 0.16979166666666667 0.5101851851851852 0.16510416666666666 0.5138888888888888 0.16510416666666666 0.5277777777777778 0.1734375 0.5481481481481482 0.17760416666666667 0.5453703703703704 0.17708333333333334 0.5212962962962963
4 0.24010416666666667 0.5657407407407408 0.24479166666666666 0.5666666666666667 0.24635416666666668 0.5648148148148148 0.24583333333333332 0.5212962962962963 0.2421875 0.5111111111111111 0.24010416666666667 0.5092592592592593 0.23802083333333332 0.512962962962963 0.23541666666666666 0.5314814814814814 0.2390625 0.549074074074074 0.23854166666666668 0.5601851851851852 0.24010416666666667 0.5657407407407408
5 0.4817708333333333 0.5796296296296296 0.478125 0.5435185185185185 0.4734375 0.5444444444444444 0.4708333333333333 0.5583333333333333 0.4713541666666667 0.5888888888888889 0.4671875 0.6046296296296296 0.47760416666666666 0.6083333333333333 0.4817708333333333 0.5796296296296296
3 0.18229166666666666 0.6185185185185185 0.18854166666666666 0.5796296296296296 0.18802083333333333 0.5527777777777778 0.18489583333333334 0.55 0.18125 0.5537037037037037 0.17708333333333334 0.5694444444444444 0.17864583333333334 0.5944444444444444 0.17291666666666666 0.612037037037037 0.17760416666666667 0.6185185185185185 0.18229166666666666 0.6185185185185185
5 0.9453125 0.6925925925925925 0.9510416666666667 0.6990740740740741 0.9557291666666666 0.6981481481481482 0.9572916666666667 0.6916666666666667 0.9526041666666667 0.6833333333333333 0.9515625 0.6759259259259259 0.9557291666666666 0.6518518518518519 0.9557291666666666 0.6398148148148148 0.9520833333333333 0.6222222222222222 0.9479166666666666 0.6259259259259259 0.946875 0.6407407407407407 0.9421875 0.6611111111111111 0.94375 0.6703703703703704 0.9375 0.6935185185185185 0.9432291666666667 0.6953703703703704 0.9453125 0.6925925925925925
5 0.7010416666666667 0.8101851851851852 0.709375 0.8175925925925925 0.7119791666666667 0.8138888888888889 0.7098958333333333 0.7814814814814814 0.7125 0.7787037037037037 0.7130208333333333 0.7666666666666667 0.70625 0.7268518518518519 0.7005208333333334 0.7277777777777777 0.6932291666666667 0.7546296296296297 0.6947916666666667 0.7712962962962963 0.69375 0.8138888888888889 0.6973958333333333 0.8166666666666667 0.7010416666666667 0.8101851851851852
4 0.5166666666666667 0.5805555555555556 0.5203125 0.5685185185185185 0.5182291666666666 0.5601851851851852 0.5192708333333333 0.5398148148148149 0.5177083333333333 0.5370370370370371 0.5140625 0.5388888888888889 0.5114583333333333 0.5453703703703704 0.5083333333333333 0.562962962962963 0.5078125 0.5935185185185186 0.5140625 0.5962962962962963 0.5166666666666667 0.5916666666666667 0.5166666666666667 0.5805555555555556
5 0.16979166666666667 0.7851851851851852 0.16822916666666668 0.774074074074074 0.16927083333333334 0.7379629629629629 0.16197916666666667 0.7129629629629629 0.15885416666666666 0.7092592592592593 0.15520833333333334 0.7129629629629629 0.15052083333333333 0.7398148148148148 0.1625 0.7907407407407407 0.16614583333333333 0.7935185185185185 0.16979166666666667 0.7851851851851852
4 0.3546875 0.5518518518518518 0.3515625 0.5518518518518518 0.3494791666666667 0.5574074074074075 0.346875 0.5904324074074074 0.34375 0.6027777777777777 0.34322916666666664 0.6111111111111112 0.353125 0.6148148148148148 0.3578125 0.5796296296296296 0.3546875 0.5518518518518518
4 0.4979166666666667 0.712037037037037 0.4947916666666667 0.7027777777777777 0.49114583333333334 0.6694444444444444 0.4864583333333333 0.6722222222222223 0.4828125 0.6916666666666667 0.4828125 0.7592592592592593 0.4859375 0.7620370370370371 0.5005208333333333 0.7601851851851852 0.4979166666666667 0.712037037037037
0 0.9208333333333333 0.6111111111111112 0.9161458333333333 0.5916666666666667 0.9130208333333333 0.5916666666666667 0.9135416666666667 0.6 0.9104166666666667 0.6148148148148148 0.9177083333333333 0.6185185185185185 0.9208333333333333 0.6111111111111112
2 0.9255208333333333 0.562037037037037 0.9197916666666667 0.5481481481481482 0.9161458333333333 0.5537037037037037 0.9166666666666666 0.5740740740740741 0.9114583333333334 0.5916666666666667 0.9104166666666667 0.6148148148148148 0.9208333333333333 0.6175925925925926 0.9265625 0.5731481481481482 0.9255208333333333 0.562037037037037
4 0 0.7638888888888888 0.005729166666666666 0.7583333333333333 0.010416666666666666 0.7592592592592593 0.013020833333333334 0.775 0.017708333333333333 0.7759259259259259 0.019270833333333334 0.7703703703703704 0.016145833333333335 0.7620370370370371 0.013541666666666667 0.729937962962963 0.018229166666666668 0.7129629629629629 0.010416666666666666 0.6842592592592592 0.005208333333333333 0.6824074074074075 0.0026041666666666665 0.6861111111111111 0 0.6916666666666667 0 0.7194444444444444 0.0026041666666666665 0.7212962962962963 0.004166666666666667 0.7388888888888889 0 0.7509259259259259 0 0.7638888888888888
3 0.10885416666666667 0.5166666666666667 0.11041666666666666 0.4981481481481482 0.1140625 0.4935185185185185 0.11197916666666667 0.47685185185185186 0.1078125 0.4685185185185185 0.10208333333333333 0.4666666666666667 0.09895833333333333 0.4777777777777778 0.0984375 0.49722222222222223 0.10208333333333333 0.5175925925925926 0.10677083333333333 0.5203703703703704 0.10885416666666667 0.5166666666666667
4 0.046875 0.6027777777777777 0.043229166666666666 0.5546296296296296 0.04010416666666667 0.5518518518518518 0.03229166666666667 0.5703703703703704 0.03177083333333333 0.6166666666666667 0.04479166666666667 0.6185185185185185 0.046875 0.6148148148148148 0.046875 0.6027777777777777
5 0.08802083333333334 0.6037037037037037 0.0953125 0.6055555555555555 0.09739583333333333 0.6027777777777777 0.09479166666666666 0.5907407407407408 0.09739583333333333 0.5712962962962963 0.09375 0.5611111111111111 0.09322916666666667 0.5453703703703704 0.0875 0.5435185185185185 0.0859375 0.55 0.084375 0.5666666666666667 0.08697916666666666 0.5824074074074074 0.08645833333333333 0.6 0.08802083333333334 0.6037037037037037
5 0.4354166666666667 0.6546296296296297 0.4354166666666667 0.6416666666666667 0.44114583333333335 0.6305555555555555 0.43125 0.6027777777777777 0.4276041666666667 0.6027777777777777 0.42239583333333336 0.625 0.4244791666666667 0.6574074074074074 0.421875 0.6694444444444444 0.43125 0.675 0.4354166666666667 0.6546296296296297