4 0.6760416666666667 0.7157407407407408 0.6776041666666667 0.7203703703703703 0.68125 0.7212962962962963 0.6864583333333333 0.7 0.6864583333333333 0.6851851851851852 0.6817708333333333 0.6759259259259259 0.6776041666666667 0.6768518518518518 0.6744791666666666 0.6833333333333333 0.6734375 0.6935185185185185 0.6760416666666667 0.7157407407407408
4 0.7838541666666666 0.6907407407407408 0.7848958333333333 0.6805555555555556 0.7802083333333333 0.6574074074074074 0.7739583333333333 0.6555555555555556 0.7708333333333334 0.6731481481481482 0.7703125 0.6888888888888889 0.7838541666666666 0.6907407407407408
5 0.5609375 0.712037037037037 0.5640625 0.7083333333333334 0.5682291666666667 0.6842592592592592 0.5677083333333334 0.674074074074074 0.565625 0.6694444444444444 0.5625 0.6694444444444444 0.5598958333333334 0.6722222222222223 0.5578125 0.6833333333333333 0.5567708333333333 0.7092592592592593 0.5609375 0.712037037037037
5 0.40729166666666666 0.7398148148148148 0.4114583333333333 0.7425925925925926 0.41822916666666665 0.7398148148148148 0.41770833333333335 0.7240740740740741 0.4197916666666667 0.712037037037037 0.4161458333333333 0.6935185185185185 0.4114583333333333 0.6925925925925925 0.4078125 0.7074074074074074 0.4088541666666667 0.7324074074074074 0.40729166666666666 0.7398148148148148
5 0.5369791666666667 0.7407407407407407 0.540625 0.7398148148148148 0.5447916666666667 0.7175925925925926 0.5427083333333333 0.6925925925925925 0.5390625 0.6925925925925925 0.5354166666666667 0.7037037037037037 0.534375 0.7351851851851852 0.5369791666666667 0.7407407407407407
5 0.43854166666666666 0.7129629629629629 0.4421875 0.7074074074074074 0.44375 0.6787037037037037 0.44166666666666665 0.6694444444444444 0.43802083333333336 0.6685185185185185 0.43333333333333335 0.6796296296296296 0.43385416666666665 0.7092592592592593 0.43854166666666666 0.7129629629629629
5 0.7552083333333334 0.6944444444444444 0.7598958333333333 0.6962962962962963 0.7635416666666667 0.6935185185185185 0.7598958333333333 0.6694444444444444 0.7552083333333334 0.6611111111111111 0.75 0.6611111111111111 0.7479166666666667 0.674074074074074 0.7552083333333334 0.6944444444444444
4 0.7713541666666667 0.7231481481481481 0.7713541666666667 0.7287037037037037 0.7822916666666667 0.7314814814814815 0.7848958333333333 0.7287037037037037 0.7885416666666667 0.700925925925926 0.7828125 0.6861111111111111 0.7755208333333333 0.6990740740740741 0.7755208333333333 0.7138888888888889 0.7713541666666667 0.7231481481481481
5 0.46770833333333334 0.7666666666666667 0.4713541666666667 0.7444444444444445 0.4713541666666667 0.7148148148148148 0.4666666666666667 0.712037037037037 0.46145833333333336 0.7268518518518519 0.4630208333333333 0.762962962962963 0.46770833333333334 0.7666666666666667
5 0.47239583333333335 0.6898148148148148 0.478125 0.6898148148148148 0.4817708333333333 0.674074074074074 0.4786458333333333 0.6592592592592592 0.47291666666666665 0.6601851851851852 0.4703125 0.6685185185185185 0.465625 0.6731481481481482 0.4666666666666667 0.6888888888888889 0.47239583333333335 0.6898148148148148
5 0.7083333333333334 0.674074074074074 0.7177083333333333 0.6657407407407407 0.71875 0.6388888888888888 0.7125 0.6388888888888888 0.7052083333333333 0.6648148148148149 0.7083333333333334 0.674074074074074
4 0.4666666666666667 0.7157407407407408 0.4703125 0.7166666666666667 0.475 0.6935185185185185 0.4744791666666667 0.6814814814814815 0.4713541666666667 0.6712962962962963 0.4666666666666667 0.6722222222222223 0.46510416666666665 0.6759259259259259 0.46510416666666665 0.7092592592592593 0.4666666666666667 0.7157407407407408
3 0.5020833333333333 0.7148148148148148 0.5057291666666667 0.7129629629629629 0.5088541666666667 0.6962962962962963 0.5130208333333334 0.6898148148148148 0.5130208333333334 0.6703703703703704 0.5057291666666667 0.6675925925925926 0.5005208333333333 0.6768518518518518 0.4979166666666667 0.7083333333333334 0.5020833333333333 0.7148148148148148
4 0.7958333333333333 0.7046296296296296 0.80625 0.7046296296296296 0.7989583333333333 0.6722222222222223 0.7953125 0.6675925925925926 0.7921875 0.6685185185185185 0.7921875 0.700925925925926 0.7958333333333333 0.7046296296296296
4 0.4703125 0.712037037037037 0.471875 0.7037037037037037 0.4708333333333333 0.700925925925926 0.46770833333333334 0.7027777777777777 0.4671875 0.712037037037037 0.4703125 0.712037037037037
4 0.4453125 0.7342592592592593 0.446875 0.7379629629629629 0.46041666666666664 0.7361111111111112 0.4640625 0.7222222222222222 0.4666666666666667 0.7203703703703703 0.4552083333333333 0.687037037037037 0.4505208333333333 0.6935185185185185 0.4473958333333333 0.7111111111111111 0.44947916666666665 0.7212962962962963 0.4453125 0.7342592592592593
4 0.6151041666666667 0.687962962962963 0.61875 0.687037037037037 0.6213541666666667 0.6768518518518518 0.621875 0.6564814814814814 0.6192708333333333 0.649074074074074 0.6135416666666667 0.6537037037037037 0.6119791666666666 0.6833333333333333 0.6151041666666667 0.687962962962963
4 0.49114583333333334 0.7611111111111111 0.4890625 0.7231481481481481 0.4864583333333333 0.7101851851851851 0.4822916666666667 0.7101851851851851 0.4796875 0.7157407407407408 0.47760416666666666 0.7416666666666667 0.478125 0.762962962962963 0.49114583333333334 0.7611111111111111
4 0.7869791666666667 0.7546296296296297 0.7921875 0.7518518518518519 0.7984375 0.7574074074074074 0.8005208333333333 0.7490740740740741 0.8005208333333333 0.7166666666666667 0.7984375 0.700925925925926 0.7947916666666667 0.6972222222222222 0.7895833333333333 0.7166666666666667 0.7848958333333333 0.7518518518518519 0.7869791666666667 0.7546296296296297
5 0.7052083333333333 0.7018518518518518 0.7098958333333333 0.7074074074074074 0.7135416666666666 0.6916666666666667 0.7119791666666667 0.6787037037037037 0.7166666666666667 0.6694444444444444 0.7088541666666667 0.6657407407407407 0.7067708333333333 0.6685185185185185 0.6963541666666667 0.7027777777777777 0.6979166666666666 0.7055555555555556 0.7052083333333333 0.7018518518518518
4 0.6302083333333334 0.700925925925926 0.634375 0.7018518518518518 0.6364583333333333 0.6962962962962963 0.6385416666666667 0.6648148148148149 0.634375 0.6574074074074074 0.628125 0.6638888888888889 0.6291666666666667 0.6972222222222222 0.6302083333333334 0.700925925925926
5 0.7890625 0.7037037037037037 0.7916666666666666 0.712037037037037 0.7989583333333333 0.7175925925925926 0.7994791666666666 0.712037037037037 0.80625 0.7046296296296296 0.80625 0.700925925925926 0.7958333333333333 0.6694444444444444 0.7927083333333333 0.6694444444444444 0.7911458333333333 0.6768518518518518 0.7921875 0.6842592592592592 0.7890625 0.7037037037037037
3 0.4942708333333333 0.65 0.4979166666666667 0.6527777777777778 0.5036458333333333 0.637962962962963 0.5052083333333334 0.6268518518518519 0.5005208333333333 0.6166666666666667 0.49583333333333335 0.6175925925925926 0.4942708333333333 0.6212962962962963 0.4942708333333333 0.65
3 0.43854166666666666 0.65 0.43854166666666666 0.6287037037037037 0.4354166666666667 0.6203703703703703 0.43020833333333336 0.6203703703703703 0.428125 0.6296296296296297 0.4296875 0.65 0.43854166666666666 0.65