4 0.7145833333333333 0.8518518518518519 0.7208333333333333 0.8453703703703703 0.7223958333333333 0.8379629629629629 0.7161458333333334 0.8416666666666667 0.7098958333333333 0.8342592592592593 0.7088541666666667 0.825925925925926 0.7046875 0.825 0.6984375 0.8416666666666667 0.6963541666666667 0.8675925925925926 0.6963541666666667 0.9074074074074074 0.7104166666666667 0.9083333333333333 0.7114583333333333 0.8601851851851852 0.7145833333333333 0.8518518518518519
4 0.6619791666666667 0.7287037037037037 0.6546875 0.7148148148148148 0.6520833333333333 0.7175925925925926 0.65 0.7277777777777777 0.65 0.775 0.6546875 0.7777777777777778 0.6630208333333333 0.7712962962962963 0.6619791666666667 0.7287037037037037
4 0.1734375 0.6592592592592592 0.1671875 0.65 0.15729166666666666 0.6518518518518519 0.159375 0.6916666666666667 0.16302083333333334 0.6962962962962963 0.16927083333333334 0.6962962962962963 0.1734375 0.6592592592592592
4 0.19166666666666668 0.7351851851851852 0.19166666666666668 0.7222222222222222 0.19427083333333334 0.7129629629629629 0.19322916666666667 0.6962962962962963 0.1875 0.6861111111111111 0.184375 0.6888888888888889 0.18125 0.6990740740740741 0.18177083333333333 0.7361111111111112 0.18541666666666667 0.7416666666666667 0.1890625 0.7416666666666667 0.19166666666666668 0.7351851851851852
5 0.44479166666666664 0.7972222222222223 0.4401041666666667 0.775 0.4421875 0.7564814814814815 0.4484375 0.7509259259259259 0.4473958333333333 0.7481481481481481 0.4421875 0.7509259259259259 0.4348958333333333 0.7361111111111112 0.4322916666666667 0.7398148148148148 0.43072916666666666 0.7620370370370371 0.4322916666666667 0.7796296296296297 0.42916666666666664 0.7981481481481482 0.4432291666666667 0.8009259259259259 0.44479166666666664 0.7972222222222223
4 0.5546875 0.7398148148148148 0.5557291666666667 0.7351851851851852 0.5510416666666667 0.6888888888888889 0.5447916666666667 0.6842592592592592 0.5416666666666666 0.6972222222222222 0.540625 0.7416666666666667 0.5453125 0.7435185185185185 0.5484375 0.7388888888888889 0.5546875 0.7398148148148148
5 0.8453125 0.7842592592592592 0.853125 0.7833333333333333 0.853125 0.7777777777777778 0.8484375 0.7657407407407407 0.8463541666666666 0.7388888888888889 0.8416666666666667 0.7277777777777777 0.8375 0.7314814814814815 0.8348958333333333 0.7444444444444445 0.8401041666666667 0.7861111111111111 0.8416666666666667 0.7898148148148149 0.8453125 0.7842592592592592
5 0.134375 0.7083333333333334 0.14583333333333334 0.7046296296296296 0.1421875 0.7027777777777777 0.14010416666666667 0.6944444444444444 0.13645833333333332 0.6657407407407407 0.13385416666666666 0.662962962962963 0.1296875 0.6685185185185185 0.128125 0.6814814814814815 0.12552083333333333 0.6851851851851852 0.12604166666666666 0.7046296296296296 0.134375 0.7083333333333334
4 0.94375 0.8138888888888889 0.9510416666666667 0.7787037037037037 0.9515625 0.7592592592592593 0.9473958333333333 0.7462962962962963 0.9432291666666667 0.7435185185185185 0.934375 0.7657407407407407 0.934375 0.7759259259259259 0.9375 0.7814814814814814 0.9380208333333333 0.8101851851851852 0.94375 0.8138888888888889
5 0.5260416666666666 0.8416666666666667 0.5213541666666667 0.8277777777777777 0.5171875 0.8314814814814815 0.5135416666666667 0.8416666666666667 0.5151041666666667 0.8842592592592593 0.5276041666666667 0.8842592592592593 0.5255208333333333 0.8635805555555556 0.5260416666666666 0.8416666666666667
4 0.7088541666666667 0.7342592592592593 0.7125 0.7314814814814815 0.7166666666666667 0.6944444444444444 0.7088541666666667 0.6777777777777778 0.7020833333333333 0.6851851851851852 0.6973958333333333 0.7064814814814815 0.703125 0.7240740740740741 0.7036458333333333 0.7324074074074074 0.7088541666666667 0.7342592592592593
5 0.6848958333333334 0.8027777777777778 0.6895833333333333 0.8037037037037037 0.6963541666666667 0.799074074074074 0.6979166666666666 0.7935185185185185 0.69375 0.7888888888888889 0.6916666666666667 0.7796296296296297 0.6927083333333334 0.7592592592592593 0.6901041666666666 0.7435185185185185 0.6854166666666667 0.7416666666666667 0.6802083333333333 0.7472222222222222 0.684375 0.7555555555555555 0.6833333333333333 0.7851851851851852 0.6848958333333334 0.8027777777777778
3 0.125 0.6212962962962963 0.11875 0.6111111111111112 0.11354166666666667 0.6212962962962963 0.11510416666666666 0.6462962962962963 0.11875 0.6518518518518519 0.12447916666666667 0.6388888888888888 0.125 0.6212962962962963
0 0.9463541666666667 0.7944444444444444 0.9432291666666667 0.7907407407407407 0.9385416666666667 0.7944444444444444 0.9375 0.8101851851851852 0.9432291666666667 0.8148148148148148 0.9458333333333333 0.8101851851851852 0.9463541666666667 0.7944444444444444
5 0.5552083333333333 0.6851851851851852 0.5494791666666666 0.6648148148148149 0.546875 0.6657407407407407 0.5442708333333334 0.6805555555555556 0.54375 0.6888888888888889 0.5473958333333333 0.6925925925925925 0.5520833333333334 0.6916666666666667 0.5552083333333333 0.6851851851851852
4 0.56875 0.6453703703703704 0.5630208333333333 0.6435185185185185 0.5630208333333333 0.6851851851851852 0.5645833333333333 0.687962962962963 0.5760416666666667 0.6851851851851852 0.56875 0.6453703703703704
5 0.4505208333333333 0.7490740740740741 0.45208333333333334 0.725925925925926 0.4515625 0.7111111111111111 0.4484375 0.6981481481481482 0.44375 0.6981481481481482 0.4401041666666667 0.7101851851851851 0.440625 0.7472222222222222 0.4432291666666667 0.7518518518518519 0.4479166666666667 0.7527777777777778 0.4505208333333333 0.7490740740740741
5 0.1484375 0.799074074074074 0.14791666666666667 0.7657407407407407 0.14427083333333332 0.7388888888888889 0.14010416666666667 0.7379629629629629 0.13541666666666666 0.7537037037037037 0.13645833333333332 0.7796296296296297 0.134375 0.8018518518518518 0.146875 0.8018518518518518 0.1484375 0.799074074074074
1 0.9744791666666667 0.7231481481481481 0.9755208333333333 0.7111111111111111 0.9802083333333333 0.6972222222222222 0.9786458333333333 0.6787037037037037 0.975 0.6694444444444444 0.9697916666666667 0.6685185185185185 0.9666666666666667 0.6620370370370371 0.965625 0.6685185185185185 0.965625 0.6981481481481482 0.96875 0.7064814814814815 0.96875 0.7203703703703703 0.9744791666666667 0.7231481481481481
3 0.5875 0.7833333333333333 0.5885416666666666 0.7611111111111111 0.5838541666666667 0.725 0.5864583333333333 0.7083333333333334 0.5848958333333333 0.7037037037037037 0.578125 0.7148148148148148 0.5755208333333334 0.7277777777777777 0.578125 0.7657407407407407 0.575 0.7787037037037037 0.578125 0.7824074074074074 0.5875 0.7833333333333333
4 0.16666666666666666 0.7972222222222223 0.16979166666666667 0.7907407407407407 0.1703125 0.7546296296296297 0.16197916666666667 0.7379629629629629 0.15416666666666667 0.7398148148148148 0.15989583333333332 0.774074074074074 0.15989583333333332 0.7944444444444444 0.16197916666666667 0.7981481481481482 0.16666666666666666 0.7972222222222223
5 0.7302083333333333 0.7361111111111112 0.73125 0.6990740740740741 0.7244791666666667 0.6805555555555556 0.721875 0.6861111111111111 0.7213541666666666 0.6962962962962963 0.71875 0.7 0.7177083333333333 0.7175925925925926 0.7208333333333333 0.7361111111111112 0.7286458333333333 0.7388888888888889 0.7302083333333333 0.7361111111111112
5 0.1265625 0.7555555555555555 0.13125 0.7555555555555555 0.13489583333333333 0.7481481481481481 0.134375 0.7203703703703703 0.13802083333333334 0.7064814814814815 0.13489583333333333 0.6907407407407408 0.13125 0.6944444444444444 0.12447916666666667 0.712037037037037 0.12291666666666666 0.7305555555555555 0.12552083333333333 0.7379629629629629 0.12604166666666666 0.7527777777777778 0.1265625 0.7555555555555555