4 0.9739583333333334 0.700925925925926 0.9744791666666667 0.6657407407407407 0.9708333333333333 0.6574074074074074 0.9661458333333334 0.6601851851851852 0.9625 0.7 0.9739583333333334 0.700925925925926
4 0.8489583333333334 0.7870370370370371 0.8614583333333333 0.7888888888888889 0.8625 0.7851851851851852 0.8583333333333333 0.7703703703703704 0.8578125 0.7416666666666667 0.8520833333333333 0.7342592592592593 0.8453125 0.7453703703703703 0.8447916666666667 0.762962962962963 0.8489583333333334 0.7870370370370371
2 0.2046875 0.687962962962963 0.21145833333333333 0.6694444444444444 0.21302083333333333 0.6518518518518519 0.2109375 0.637962962962963 0.20625 0.637962962962963 0.20208333333333334 0.649074074074074 0.20104166666666667 0.6824074074074075 0.2046875 0.687962962962963
5 0.8692708333333333 0.7435185185185185 0.8723958333333334 0.75 0.8796875 0.7490740740740741 0.8828125 0.7092592592592593 0.8802083333333334 0.700925925925926 0.8765625 0.6990740740740741 0.871875 0.7129629629629629 0.8723958333333334 0.7324074074074074 0.8692708333333333 0.7435185185185185
5 0.6255208333333333 0.7148148148148148 0.6265625 0.7287037037037037 0.6317708333333333 0.7314814814814815 0.6354166666666666 0.7018518518518518 0.6395833333333333 0.6925925925925925 0.6395833333333333 0.6805555555555556 0.6380208333333334 0.6787037037037037 0.6223958333333334 0.687962962962963 0.61875 0.700925925925926 0.6182291666666667 0.7083333333333334 0.6255208333333333 0.7148148148148148
5 0.4979166666666667 0.7287037037037037 0.503125 0.7481481481481481 0.5020833333333333 0.7592592592592593 0.5078125 0.7611111111111111 0.5114583333333333 0.7407407407407407 0.5125 0.7157407407407408 0.5098958333333333 0.7083333333333334 0.5072916666666667 0.7083333333333334 0.5015625 0.7092592592592593 0.4947916666666667 0.7185185185185186 0.4942708333333333 0.7240740740740741 0.4979166666666667 0.7287037037037037
4 0.5291666666666667 0.7157407407407408 0.5333333333333333 0.7166666666666667 0.5354166666666667 0.6972222222222222 0.5348958333333333 0.6685185185185185 0.5328125 0.6666666666666666 0.5296875 0.6703703703703704 0.5276041666666667 0.6842592592592592 0.5260416666666666 0.7101851851851851 0.5291666666666667 0.7157407407407408
3 0.5734375 0.6175925925925926 0.571875 0.6324074074074074 0.5760416666666667 0.6370370370370371 0.5796875 0.6361111111111111 0.5828125 0.6138888888888889 0.5796875 0.6064814814814815 0.575 0.6083333333333333 0.5713541666666667 0.6148148148148148 0.5734375 0.6175925925925926
4 0.6270833333333333 0.7148148148148148 0.6291666666666667 0.687962962962963 0.6260416666666667 0.6675925925925926 0.6229166666666667 0.6638888888888889 0.6208333333333333 0.6685185185185185 0.615625 0.712037037037037 0.6270833333333333 0.7148148148148148
5 0.5447916666666667 0.7111111111111111 0.5552083333333333 0.7083333333333334 0.5546875 0.6666666666666666 0.5510416666666667 0.6648148148148149 0.5463541666666667 0.6796296296296296 0.5432291666666667 0.7083333333333334 0.5447916666666667 0.7111111111111111
5 0.55625 0.7064814814814815 0.5604166666666667 0.7064814814814815 0.5640625 0.7027777777777777 0.5645833333333333 0.6731481481481482 0.5604166666666667 0.6592592592592592 0.5552083333333333 0.6694444444444444 0.5541666666666667 0.7018518518518518 0.55625 0.7064814814814815
5 0.5015625 0.6990740740740741 0.509375 0.6953703703703704 0.5125 0.6888888888888889 0.509375 0.6694444444444444 0.5052083333333334 0.6712962962962963 0.5005208333333333 0.6833333333333333 0.5 0.6962962962962963 0.5015625 0.6990740740740741
4 0.5119791666666667 0.7055555555555556 0.5145833333333333 0.7129629629629629 0.5182291666666666 0.7138888888888889 0.525 0.7083333333333334 0.5208333333333334 0.7018518518518518 0.521875 0.6861111111111111 0.5203125 0.6731481481481482 0.5140625 0.6638888888888889 0.5114583333333333 0.6675925925925926 0.5104166666666666 0.6898148148148148 0.5119791666666667 0.7055555555555556
3 0.5067708333333333 0.6907407407407408 0.5135416666666667 0.7 0.5208333333333334 0.6888888888888889 0.5192708333333333 0.6731481481481482 0.5140625 0.662962962962963 0.5083333333333333 0.6657407407407407 0.5057291666666667 0.6731481481481482 0.5067708333333333 0.6907407407407408
0 0.2791666666666667 0.6944444444444444 0.28072916666666664 0.6851851851851852 0.2791666666666667 0.6805555555555556 0.2755208333333333 0.6833333333333333 0.2755208333333333 0.6925925925925925 0.2791666666666667 0.6944444444444444
4 0.509375 0.7222222222222222 0.5125 0.7055555555555556 0.5114583333333333 0.6935185185185185 0.5046875 0.6916666666666667 0.5005208333333333 0.7 0.49947916666666664 0.7166666666666667 0.509375 0.7222222222222222
5 0.5838541666666667 0.687962962962963 0.5875 0.6861111111111111 0.5875 0.6462962962962963 0.5822916666666667 0.6472222222222223 0.5796875 0.6685185185185185 0.5796875 0.6833333333333333 0.5838541666666667 0.687962962962963
4 0.9447916666666667 0.7407407407407407 0.9473958333333333 0.7435185185185185 0.95 0.7324074074074074 0.9510416666666667 0.700925925925926 0.9432291666666667 0.6907407407407408 0.9395833333333333 0.700925925925926 0.9348958333333334 0.7425925925925926 0.9447916666666667 0.7407407407407407
5 0.8338541666666667 0.7194444444444444 0.8416666666666667 0.7148148148148148 0.8427083333333333 0.712037037037037 0.8385416666666666 0.7018518518518518 0.8338541666666667 0.6722222222222223 0.8302083333333333 0.6712962962962963 0.8286458333333333 0.6777777777777778 0.8296875 0.7175925925925926 0.8338541666666667 0.7194444444444444
5 0.7416666666666667 0.7203703703703703 0.7447916666666666 0.7157407407407408 0.7473958333333334 0.6925925925925925 0.7453125 0.6759259259259259 0.7411458333333333 0.6768518518518518 0.7375 0.6925925925925925 0.734375 0.7148148148148148 0.7416666666666667 0.7203703703703703
4 0.9026041666666667 0.7537037037037037 0.9041666666666667 0.7509259259259259 0.9052083333333333 0.7129629629629629 0.9 0.700925925925926 0.8963541666666667 0.7018518518518518 0.8942708333333333 0.7194444444444444 0.8916666666666667 0.7518518518518519 0.9026041666666667 0.7537037037037037
3 0.8109375 0.6537037037037037 0.8130208333333333 0.65 0.8135416666666667 0.6148148148148148 0.8104166666666667 0.6101851851851852 0.8052083333333333 0.6194444444444445 0.80625 0.65 0.8109375 0.6537037037037037
5 0.9390625 0.6805555555555556 0.9432291666666667 0.6824074074074075 0.946875 0.6620370370370371 0.9463541666666667 0.6527777777777778 0.94375 0.6444444444444445 0.9375 0.6462962962962963 0.9364583333333333 0.6537037037037037 0.9390625 0.6805555555555556
4 0.6296875 0.6842592592592592 0.6333333333333333 0.6972222222222222 0.6416666666666667 0.6888888888888889 0.6432291666666666 0.6703703703703704 0.6416666666666667 0.6546296296296297 0.6390625 0.65 0.634375 0.6537037037037037 0.634375 0.6666666666666666 0.6296875 0.6842592592592592