4 0.8541666666666666 0.725 0.8567708333333334 0.7351851851851852 0.8614583333333333 0.7351851851851852 0.8630208333333333 0.7277777777777777 0.859375 0.7157407407407408 0.8604166666666667 0.6916666666666667 0.8572916666666667 0.6648148148148149 0.8515625 0.6648148148148149 0.85 0.6851851851851852 0.8453125 0.7 0.846875 0.712037037037037 0.8416666666666667 0.7324074074074074 0.8484375 0.7333333333333333 0.8541666666666666 0.725
4 0.47239583333333335 0.6851851851851852 0.46979166666666666 0.6648148148148149 0.4734375 0.6462962962962963 0.4661458333333333 0.6305555555555555 0.4625 0.6305555555555555 0.4583333333333333 0.6416666666666667 0.4578125 0.6537037037037037 0.4609375 0.6620370370370371 0.4630208333333333 0.6925925925925925 0.47239583333333335 0.6851851851851852
3 0.6515625 0.6962962962962963 0.6578125 0.7046296296296296 0.6625 0.7055555555555556 0.6651041666666667 0.6981481481481482 0.665625 0.6620370370370371 0.6625 0.6333333333333333 0.6578125 0.6314814814814815 0.6515625 0.6509259259259259 0.653125 0.6768518518518518 0.6421875 0.6888888888888889 0.6421875 0.6972222222222222 0.6515625 0.6962962962962963
4 0.5729166666666666 0.7768518518518519 0.5796875 0.7768518518518519 0.5838541666666667 0.7888888888888889 0.5885416666666666 0.7870370370370371 0.5895833333333333 0.7824074074074074 0.5833333333333334 0.7620370370370371 0.5786458333333333 0.7101851851851851 0.5760416666666667 0.7046296296296296 0.5697916666666667 0.7203703703703703 0.5692708333333333 0.762962962962963 0.5661458333333333 0.7870370370370371 0.5729166666666666 0.7870370370370371 0.5729166666666666 0.7768518518518519
5 0.290625 0.7074074074074074 0.2947916666666667 0.6944444444444444 0.29270833333333335 0.6453703703703704 0.2869791666666667 0.6444444444444445 0.2838541666666667 0.6583333333333333 0.2828125 0.7157407407407408 0.2869791666666667 0.7194444444444444 0.2911458333333333 0.7166666666666667 0.290625 0.7074074074074074
5 0.8140625 0.575925925925926 0.8104166666666667 0.5638888888888889 0.8015625 0.575925925925926 0.8010416666666667 0.6111111111111112 0.8026041666666667 0.6148148148148148 0.8083333333333333 0.6148148148148148 0.8140625 0.575925925925926
5 0.9473958333333333 0.5675925925925925 0.9432291666666667 0.5546296296296296 0.9369791666666667 0.5657407407407408 0.9375 0.6037037037037037 0.9395833333333333 0.6074074074074074 0.94375 0.6074074074074074 0.9473958333333333 0.5675925925925925
5 0.6776041666666667 0.7333333333333333 0.6807291666666667 0.7379629629629629 0.6854166666666667 0.7379629629629629 0.6869791666666667 0.7351851851851852 0.6864583333333333 0.7157407407407408 0.6911458333333333 0.7 0.690625 0.6805555555555556 0.6854166666666667 0.6583333333333333 0.68125 0.6583333333333333 0.6802083333333333 0.6620370370370371 0.6765625 0.6842592592592592 0.6786458333333333 0.6907407407407408 0.6791666666666667 0.725 0.6776041666666667 0.7333333333333333
4 0.9229166666666667 0.5907407407407408 0.9208333333333333 0.575925925925926 0.915625 0.5712962962962963 0.9119791666666667 0.587037037037037 0.9078125 0.6277777777777778 0.9203125 0.6296296296296297 0.9223958333333333 0.625 0.9229166666666667 0.5907407407407408
5 0.9552083333333333 0.8962962962962963 0.9546875 0.8861111111111111 0.9572916666666667 0.875 0.9651041666666667 0.8722222222222222 0.9697916666666667 0.8962962962962963 0.9744791666666667 0.9009259259259259 0.9786458333333333 0.899074074074074 0.9802083333333333 0.8962962962962963 0.9739583333333334 0.887962962962963 0.9671875 0.8462962962962963 0.9682291666666667 0.8398148148148148 0.9734375 0.8333333333333334 0.9697916666666667 0.8287037037037037 0.9666666666666667 0.8027777777777778 0.9625 0.8018518518518518 0.9572916666666667 0.8166666666666667 0.9541666666666667 0.8648148148148148 0.9505208333333334 0.8740740740740741 0.946875 0.8953703703703704 0.9552083333333333 0.8962962962962963
4 0.5791666666666667 0.6453703703703704 0.5875 0.6472222222222223 0.5921875 0.6444444444444445 0.5932291666666667 0.6416666666666667 0.5895833333333333 0.6342592592592593 0.5880208333333333 0.6212962962962963 0.5875 0.5916666666666667 0.5833333333333334 0.5824074074074074 0.5796875 0.5824074074074074 0.5765625 0.5953703703703703 0.5760416666666667 0.6148148148148148 0.578125 0.625 0.5765625 0.6351851851851852 0.5791666666666667 0.6453703703703704
5 0.5333333333333333 0.5444444444444444 0.5291666666666667 0.5453703703703704 0.5270833333333333 0.5509259259259259 0.528125 0.6055555555555555 0.5328125 0.6083333333333333 0.5385416666666667 0.575 0.5333333333333333 0.5444444444444444
2 0.33697916666666666 0.6574074074074074 0.3328125 0.6546296296296297 0.33541666666666664 0.6222222222222222 0.33229166666666665 0.5935185185185186 0.3296875 0.5916666666666667 0.32708333333333334 0.5953703703703703 0.325 0.6074074074074074 0.32447916666666665 0.6333333333333333 0.31927083333333334 0.6527777777777778 0.321875 0.6611111111111111 0.33697916666666666 0.6574074074074074
4 0.9994791666666667 0.6277777777777778 0.996875 0.6324074074074074 0.99375 0.6620370370370371 0.9953125 0.6731481481481482 0.9994791666666667 0.6796296296296296 0.9994791666666667 0.6277777777777778
0 0.34322916666666664 0.65 0.3385416666666667 0.6527777777777778 0.33645833333333336 0.6583333333333333 0.3390625 0.6611111111111111 0.3458333333333333 0.6574074074074074 0.34322916666666664 0.65
3 0.665625 0.5277777777777778 0.6630208333333333 0.5138888888888888 0.6578125 0.512962962962963 0.6583333333333333 0.5185185185185185 0.6526041666666667 0.5296296296296297 0.6494791666666667 0.5564814814814815 0.6598958333333333 0.5601851851851852 0.6661458333333333 0.5518518518518518 0.665625 0.5277777777777778