4 0.2171875 0.612037037037037 0.21875 0.6101851851851852 0.21927083333333333 0.5861111111111111 0.22291666666666668 0.5722222222222222 0.228125 0.5675925925925925 0.22239583333333332 0.5675925925925925 0.2171875 0.5601851851851852 0.21354166666666666 0.5601851851851852 0.209375 0.5712962962962963 0.20833333333333334 0.5861111111111111 0.2109375 0.5935185185185186 0.21197916666666666 0.6111111111111112 0.2171875 0.612037037037037
4 0.6854166666666667 0.562962962962963 0.6822916666666666 0.5675925925925925 0.6822916666666666 0.6074074074074074 0.6890625 0.6129629629629629 0.6911458333333333 0.5731481481481482 0.6854166666666667 0.562962962962963
5 0.2390625 0.6962962962962963 0.24114583333333334 0.6814814814814815 0.246875 0.6712962962962963 0.23697916666666666 0.6620370370370371 0.23229166666666667 0.6620370370370371 0.22864583333333333 0.6666666666666666 0.23229166666666667 0.6861111111111111 0.23177083333333334 0.6972222222222222 0.23697916666666666 0.6990740740740741 0.2390625 0.6962962962962963
5 0.353125 0.6046296296296296 0.3546875 0.6027777777777777 0.3572916666666667 0.5675925925925925 0.3536458333333333 0.5601851851851852 0.3489583333333333 0.562962962962963 0.34010416666666665 0.5796296296296296 0.34739583333333335 0.5861111111111111 0.3458333333333333 0.6018518518518519 0.353125 0.6046296296296296
3 0.5104166666666666 0.6074074074074074 0.5119791666666667 0.5740740740740741 0.5057291666666667 0.5675925925925925 0.5005208333333333 0.5740740740740741 0.5015625 0.6148148148148148 0.5026041666666666 0.6212962962962963 0.5057291666666667 0.6222222222222222 0.5104166666666666 0.6074074074074074
4 0.8260416666666667 0.6268518518518519 0.8286458333333333 0.6222222222222222 0.8286458333333333 0.6055555555555555 0.8213541666666667 0.5907407407407408 0.8182291666666667 0.5944444444444444 0.8161458333333333 0.6064814814814815 0.8182291666666667 0.6453703703703704 0.8223958333333333 0.6481481481481481 0.825 0.6444444444444445 0.8260416666666667 0.6268518518518519
4 0.5067708333333333 0.6527777777777778 0.5067708333333333 0.6407407407407407 0.5020833333333333 0.6277777777777778 0.4947916666666667 0.6370370370370371 0.49375 0.65 0.49322916666666666 0.6833333333333333 0.5015625 0.687962962962963 0.5036458333333333 0.6851851851851852 0.5067708333333333 0.6527777777777778
5 0.1671875 0.6259259259259259 0.16666666666666666 0.6129629629629629 0.16197916666666667 0.5796296296296296 0.15729166666666666 0.5787037037037037 0.15572916666666667 0.587037037037037 0.15677083333333333 0.6268518518518519 0.1578125 0.6296296296296297 0.16510416666666666 0.6287037037037037 0.1671875 0.6259259259259259
5 0.7453125 0.5518518518518518 0.7395833333333334 0.5472222222222223 0.7364583333333333 0.5564814814814815 0.7364583333333333 0.5907407407407408 0.7473958333333334 0.5916666666666667 0.7447916666666666 0.5796296296296296 0.7453125 0.5518518518518518
5 0.6015625 0.5555555555555556 0.6052083333333333 0.5444444444444444 0.5994791666666667 0.5333333333333333 0.5953125 0.5370370370370371 0.5942708333333333 0.575925925925926 0.5979166666666667 0.5768518518518518 0.6020833333333333 0.5675925925925925 0.6015625 0.5555555555555556
5 0.3958333333333333 0.5814814814814815 0.39114583333333336 0.5935185185185186 0.3880208333333333 0.6305555555555555 0.4 0.6314814814814815 0.39895833333333336 0.5842592592592593 0.3958333333333333 0.5814814814814815
5 0.44166666666666665 0.6185185185185185 0.43854166666666666 0.6166666666666667 0.43385416666666665 0.6296296296296297 0.4348958333333333 0.6703703703703704 0.4395833333333333 0.674074074074074 0.4432291666666667 0.6592592592592592 0.44166666666666665 0.6185185185185185
4 0.3536458333333333 0.5509259259259259 0.3421875 0.5398148148148149 0.33697916666666666 0.5444444444444444 0.3375 0.5796296296296296 0.3494791666666667 0.575 0.3546875 0.5666666666666667 0.3536458333333333 0.5509259259259259
4 0.69375 0.6666666666666666 0.6927083333333334 0.65 0.6890625 0.6361111111111111 0.6854166666666667 0.6370370370370371 0.68125 0.6472222222222223 0.6817708333333333 0.6935185185185185 0.6890625 0.6962962962962963 0.6916666666666667 0.6907407407407408 0.69375 0.6666666666666666
5 0.1234375 0.5425925925925926 0.12447916666666667 0.5333333333333333 0.11614583333333334 0.5333333333333333 0.11770833333333333 0.5722222222222222 0.1234375 0.575925925925926 0.12552083333333333 0.5527777777777778 0.1234375 0.5425925925925926
4 0.765625 0.5555555555555556 0.7604166666666666 0.5444444444444444 0.7557291666666667 0.549074074074074 0.7567708333333333 0.587037037037037 0.7578125 0.5916666666666667 0.7630208333333334 0.5925925925925926 0.765625 0.5555555555555556
4 0.6296875 0.5601851851851852 0.6291666666666667 0.549074074074074 0.6229166666666667 0.5388888888888889 0.61875 0.5425925925925926 0.6182291666666667 0.5527777777777778 0.6223958333333334 0.5814814814814815 0.6265625 0.5842592592592593 0.6296875 0.5601851851851852
4 0.4875 0.562962962962963 0.4828125 0.5555555555555556 0.4796875 0.5601851851851852 0.4796875 0.5787037037037037 0.47552083333333334 0.6 0.4895833333333333 0.6027777777777777 0.4875 0.562962962962963
5 0.45208333333333334 0.5518518518518518 0.44947916666666665 0.5444444444444444 0.446875 0.5425925925925926 0.4453125 0.5453703703703704 0.44166666666666665 0.5601851851851852 0.44166666666666665 0.5833333333333334 0.446875 0.5861111111111111 0.45208333333333334 0.562962962962963 0.45208333333333334 0.5518518518518518
4 0.525 0.5444444444444444 0.5213541666666667 0.5370370370370371 0.51875 0.5407407407407407 0.5182291666666666 0.5740740740740741 0.5229166666666667 0.5796296296296296 0.525 0.5768518518518518 0.525 0.5444444444444444
3 0.15416666666666667 0.5259259259259259 0.15052083333333333 0.525 0.14739583333333334 0.5333333333333333 0.14635416666666667 0.5611111111111111 0.15364583333333334 0.5611111111111111 0.15729166666666666 0.5324074074074074 0.15416666666666667 0.5259259259259259
3 0.5328125 0.5675925925925925 0.5369791666666667 0.5518518518518518 0.5369791666666667 0.5407407407407407 0.5348958333333333 0.5287037037037037 0.5296875 0.5277777777777778 0.5270833333333333 0.5314814814814814 0.5239583333333333 0.5398148148148149 0.525 0.562962962962963 0.5270833333333333 0.5675925925925925 0.5328125 0.5675925925925925