3 0.6354166666666666 0.6925925925925925 0.6380208333333334 0.6898148148148148 0.6375 0.6703703703703704 0.640625 0.6462962962962963 0.6354166666666666 0.6333333333333333 0.6307291666666667 0.6388888888888888 0.6276041666666666 0.6592592592592592 0.6296875 0.6712962962962963 0.6276041666666666 0.6907407407407408 0.6354166666666666 0.6925925925925925
4 0.8869791666666667 0.649074074074074 0.8880208333333334 0.6268518518518519 0.884375 0.6175925925925926 0.8807291666666667 0.6203703703703703 0.8776041666666666 0.6370370370370371 0.8755208333333333 0.6657407407407407 0.8885416666666667 0.6657407407407407 0.8895833333333333 0.6601851851851852 0.8869791666666667 0.649074074074074
5 0.6588541666666666 0.7277777777777777 0.6619791666666667 0.7074074074074074 0.65625 0.687037037037037 0.6536458333333334 0.687037037037037 0.6520833333333333 0.6916666666666667 0.6505208333333333 0.7194444444444444 0.6494791666666667 0.7472222222222222 0.6588541666666666 0.7509259259259259 0.6604166666666667 0.7481481481481481 0.6588541666666666 0.7277777777777777
4 0.5703125 0.6675925925925926 0.565625 0.6537037037037037 0.5635416666666667 0.6537037037037037 0.5625 0.6583333333333333 0.559375 0.6888888888888889 0.559375 0.7129629629629629 0.571875 0.7083333333333334 0.5692708333333333 0.6944444444444444 0.5703125 0.6675925925925926
3 0.3359375 0.5851851851851851 0.34427083333333336 0.575925925925926 0.3421875 0.5722222222222222 0.33645833333333336 0.5731481481481482 0.3302083333333333 0.5657407407407408 0.3265625 0.575925925925926 0.3260416666666667 0.5953703703703703 0.32916666666666666 0.6027777777777777 0.3359375 0.6027777777777777 0.3359375 0.5851851851851851
5 0.8682291666666667 0.637962962962963 0.8671875 0.625 0.8619791666666666 0.6166666666666667 0.85625 0.6231481481481481 0.8567708333333334 0.6555555555555556 0.8604166666666667 0.6601851851851852 0.8651041666666667 0.6592592592592592 0.8682291666666667 0.637962962962963
5 0.3453125 0.7166666666666667 0.3416666666666667 0.6925925925925925 0.34270833333333334 0.6685185185185185 0.34010416666666665 0.6592592592592592 0.3375 0.6583333333333333 0.3333333333333333 0.6703703703703704 0.3338541666666667 0.6916666666666667 0.328125 0.7055555555555556 0.32916666666666666 0.7157407407407408 0.3359375 0.7101851851851851 0.3411458333333333 0.7175925925925926 0.3453125 0.7166666666666667
4 0.609375 0.6370370370370371 0.6114583333333333 0.6314814814814815 0.6109375 0.6231481481481481 0.6067708333333334 0.6111111111111112 0.603125 0.6092592592592593 0.6 0.6148148148148148 0.5984375 0.6546296296296297 0.6072916666666667 0.6564814814814814 0.6104166666666667 0.6537037037037037 0.609375 0.6370370370370371
4 0.4171875 0.7657407407407407 0.41354166666666664 0.7518518518518519 0.41458333333333336 0.7212962962962963 0.4083333333333333 0.7055555555555556 0.40520833333333334 0.7083333333333334 0.4041666666666667 0.7194444444444444 0.40260416666666665 0.7712962962962963 0.40677083333333336 0.774074074074074 0.415625 0.7722222222222223 0.4171875 0.7657407407407407
5 0.85 0.6564814814814814 0.8447916666666667 0.6555555555555556 0.84375 0.675 0.8411458333333334 0.6842592592592592 0.840625 0.7083333333333334 0.8494791666666667 0.7111111111111111 0.8515625 0.7064814814814815 0.85 0.6564814814814814
4 0.17760416666666667 0.7 0.17760416666666667 0.6527777777777778 0.1734375 0.6407407407407407 0.16927083333333334 0.6425925925925926 0.16614583333333333 0.6731481481481482 0.16822916666666668 0.6796296296296296 0.16458333333333333 0.6962962962962963 0.16927083333333334 0.700925925925926 0.17760416666666667 0.7
4 0.41041666666666665 0.6648148148148149 0.4078125 0.6259259259259259 0.4036458333333333 0.6259259259259259 0.40208333333333335 0.6370370370370371 0.4005208333333333 0.674074074074074 0.40625 0.6768518518518518 0.4088541666666667 0.674074074074074 0.41041666666666665 0.6648148148148149
5 0.4703125 0.6814814814814815 0.47239583333333335 0.6694444444444444 0.47291666666666665 0.6351851851851852 0.46927083333333336 0.6333333333333333 0.46458333333333335 0.6444444444444445 0.46458333333333335 0.6590277777777778 0.4609375 0.6814814814814815 0.4671875 0.6842592592592592 0.4703125 0.6814814814814815
4 0.9286458333333333 0.7398148148148148 0.9213541666666667 0.7240740740740741 0.9213541666666667 0.7074074074074074 0.9166666666666666 0.6953703703703704 0.9114583333333334 0.6962962962962963 0.9088541666666666 0.7203703703703703 0.9088541666666666 0.7425925925925926 0.915625 0.7546296296296297 0.9234375 0.7564814814814815 0.9286458333333333 0.7398148148148148
5 0.5015625 0.725 0.5036458333333333 0.7222222222222222 0.5130208333333334 0.7240740740740741 0.5104166666666666 0.7027777777777777 0.5119791666666667 0.6916666666666667 0.5098958333333333 0.6694444444444444 0.5067708333333333 0.6685185185185185 0.496875 0.6777777777777778 0.49375 0.6851851851851852 0.5010416666666667 0.6990740740740741 0.49895833333333334 0.7212962962962963 0.5015625 0.725
3 0.7359375 0.6138888888888889 0.7416666666666667 0.5944444444444444 0.7447916666666666 0.5916666666666667 0.7427083333333333 0.5879629629629629 0.74375 0.5824074074074074 0.7401041666666667 0.562037037037037 0.7416666666666667 0.5601851851851852 0.7265625 0.5592592592592592 0.7244791666666667 0.5666666666666667 0.7239583333333334 0.6 0.7296875 0.6027777777777777 0.7322916666666667 0.6157407407407407 0.7359375 0.6138888888888889
2 0.0671875 0.6370370370370371 0.0640625 0.6259259259259259 0.06041666666666667 0.625 0.05572916666666667 0.6388888888888888 0.059375 0.6851851851851852 0.0640625 0.6861111111111111 0.06770833333333333 0.6675925925925926 0.0671875 0.6370370370370371
4 0.9005208333333333 0.6648148148148149 0.8963541666666667 0.6537037037037037 0.890625 0.6620370370370371 0.890625 0.712037037037037 0.8963541666666667 0.7148148148148148 0.8994791666666667 0.7064814814814815 0.9005208333333333 0.6648148148148149
5 0.5161458333333333 0.6148148148148148 0.5197916666666667 0.6101851851851852 0.5151041666666667 0.6055555555555555 0.50625 0.6074074074074074 0.5057291666666667 0.6435185185185185 0.5104166666666666 0.6444444444444445 0.5135416666666667 0.6398148148148148 0.5161458333333333 0.6148148148148148
4 0.5088541666666667 0.6638888888888889 0.5125 0.6462962962962963 0.5104166666666666 0.637962962962963 0.5015625 0.65 0.5005208333333333 0.6635805555555556 0.49375 0.6805555555555556 0.49322916666666666 0.6851851851851852 0.4953125 0.687037037037037 0.509375 0.6777777777777778 0.5088541666666667 0.6638888888888889
5 0.3671875 0.6675925925925926 0.36770833333333336 0.6592592592592592 0.36302083333333335 0.6342592592592593 0.359375 0.6361111111111111 0.3567708333333333 0.6601851851851852 0.3567708333333333 0.6861111111111111 0.36875 0.687962962962963 0.3703125 0.6842592592592592 0.3671875 0.6675925925925926
4 0.9104166666666667 0.8138888888888889 0.9166666666666666 0.8101851851851852 0.9151041666666667 0.7657407407407407 0.9161458333333333 0.7592592592592593 0.9234375 0.7555555555555555 0.9234375 0.7472222222222222 0.9197916666666667 0.7490740740740741 0.9151041666666667 0.7416666666666667 0.9078125 0.7416666666666667 0.8989583333333333 0.7666666666666667 0.8984375 0.775 0.9020833333333333 0.7935185185185185 0.9 0.8074074074074075 0.9104166666666667 0.8138888888888889
3 0.9041666666666667 0.8722222222222222 0.9083333333333333 0.8759259259259259 0.9114583333333334 0.8731481481481481 0.9109375 0.8629629629629629 0.9140625 0.8416666666666667 0.9135416666666667 0.8222222222222222 0.9192708333333334 0.8175925925925925 0.9203125 0.812962962962963 0.915625 0.8037037037037037 0.9109375 0.8018518518518518 0.9015625 0.8074074074074075 0.9036458333333334 0.825925925925926 0.9015625 0.8416666666666667 0.9026041666666667 0.8574074074074074 0.9041666666666667 0.8722222222222222
5 0.31666666666666665 0.812962962962963 0.321875 0.812962962962963 0.3260416666666667 0.8222222222222222 0.3265625 0.7824074074074074 0.32864583333333336 0.7675925925925926 0.32395833333333335 0.75 0.31875 0.7518518518518519 0.31354166666666666 0.7814814814814814 0.3140625 0.7953703703703704 0.3109375 0.8138888888888889 0.3145833333333333 0.8185185185185185 0.31666666666666665 0.812962962962963