4 0.7859375 0.65 0.790625 0.6481481481481481 0.7927083333333333 0.6027777777777777 0.7901041666666667 0.5935185185185186 0.7828125 0.5787037037037037 0.7791666666666667 0.5805555555555556 0.7755208333333333 0.5981481481481481 0.775 0.6416666666666667 0.7859375 0.65
4 0.5239583333333333 0.6546296296296297 0.5244791666666667 0.700925925925926 0.5255208333333333 0.7055555555555556 0.5291666666666667 0.7064814814814815 0.5348958333333333 0.700925925925926 0.5338541666666666 0.6944444444444444 0.5364583333333334 0.6814814814814815 0.5380208333333333 0.6518518518518519 0.5369791666666667 0.6268518518518519 0.5296875 0.6064814814814815 0.5208333333333334 0.625 0.5192708333333333 0.637962962962963 0.5239583333333333 0.6546296296296297
4 0.7416666666666667 0.7046296296296296 0.74375 0.7074074074074074 0.7572916666666667 0.7055555555555556 0.7583333333333333 0.6611111111111111 0.7567708333333333 0.65 0.75 0.6416666666666667 0.7479166666666667 0.6305555555555555 0.7453125 0.6305555555555555 0.7401041666666667 0.65 0.7364583333333333 0.6546296296296297 0.7364583333333333 0.6777777777777778 0.7416666666666667 0.7046296296296296
5 0.6375 0.6296296296296297 0.6348958333333333 0.637962962962963 0.6354166666666666 0.6601851851851852 0.6401041666666667 0.6712962962962963 0.6421875 0.6851851851851852 0.65 0.6972222222222222 0.6578125 0.6990740740740741 0.659375 0.6925925925925925 0.6546875 0.675 0.659375 0.6527777777777778 0.6536458333333334 0.6185185185185185 0.6484375 0.6027777777777777 0.6395833333333333 0.5944444444444444 0.6354166666666666 0.5990740740740741 0.6375 0.6101851851851852 0.6375 0.6296296296296297
5 0.20729166666666668 0.6231481481481481 0.20885416666666667 0.6277777777777778 0.21302083333333333 0.6296296296296297 0.21666666666666667 0.6240740740740741 0.2203125 0.587037037037037 0.22447916666666667 0.5703703703703704 0.2171875 0.5425925925925926 0.21197916666666666 0.5444444444444444 0.20572916666666666 0.5648148148148148 0.20885416666666667 0.582562037037037 0.20729166666666668 0.6231481481481481
2 0.8401041666666667 0.6666666666666666 0.8375 0.6787037037037037 0.8463541666666666 0.6814814814814815 0.8484375 0.6768518518518518 0.8458333333333333 0.6472222222222223 0.8479166666666667 0.6175925925925926 0.846875 0.5907407407407408 0.84375 0.5712962962962963 0.8411458333333334 0.5685185185185185 0.8369791666666667 0.5722222222222222 0.8333333333333334 0.587037037037037 0.834375 0.6407407407407407 0.8401041666666667 0.6666666666666666
5 0.46458333333333335 0.6833333333333333 0.45989583333333334 0.7129629629629629 0.4625 0.7166666666666667 0.4661458333333333 0.7101851851851851 0.4786458333333333 0.7138888888888889 0.475 0.7018518518518518 0.4734375 0.6861111111111111 0.471875 0.6537037037037037 0.4734375 0.6203703703703703 0.4708333333333333 0.612037037037037 0.4661458333333333 0.6138888888888889 0.46041666666666664 0.637962962962963 0.45989583333333334 0.6657407407407407 0.46458333333333335 0.6833333333333333
4 0.6885416666666667 0.6768518518518518 0.6859375 0.6851851851851852 0.6864583333333333 0.6972222222222222 0.6885416666666667 0.7018518518518518 0.690625 0.6972222222222222 0.6963541666666667 0.6990740740740741 0.6994791666666667 0.7046296296296296 0.7046875 0.7046296296296296 0.7036458333333333 0.6925925925925925 0.7057291666666666 0.6638888888888889 0.7125 0.6537037037037037 0.7125 0.6462962962962963 0.7088541666666667 0.6185185185185185 0.7015625 0.5953703703703703 0.6994791666666667 0.5953703703703703 0.6953125 0.6083333333333333 0.6921875 0.6111111111111112 0.6885416666666667 0.6342592592592593 0.6901041666666666 0.6518518518518519 0.6885416666666667 0.6768518518518518
5 0.7260416666666667 0.6129629629629629 0.7307291666666667 0.6268518518518519 0.7364583333333333 0.6259259259259259 0.7375 0.5888888888888889 0.734375 0.5740740740740741 0.7354166666666667 0.5675925925925925 0.7322916666666667 0.5574074074074075 0.7260416666666667 0.5601851851851852 0.7229166666666667 0.6111111111111112 0.7260416666666667 0.6129629629629629
5 0.7322916666666667 0.5518518518518518 0.73125 0.5425925925925926 0.7244791666666667 0.5407407407407407 0.7265625 0.5527777777777778 0.7322916666666667 0.5518518518518518
5 0.815625 0.6305555555555555 0.8119791666666667 0.6759259259259259 0.8229166666666666 0.675 0.8260416666666667 0.6805555555555556 0.8322916666666667 0.6805555555555556 0.83125 0.6212962962962963 0.8338541666666667 0.6055555555555555 0.8260416666666667 0.5787037037037037 0.8203125 0.5805555555555556 0.8119791666666667 0.6101851851851852 0.8114583333333333 0.6231481481481481 0.815625 0.6305555555555555
0 0.4375 0.5388888888888889 0.4354166666666667 0.5157407407407407 0.43125 0.5268518518518519 0.43125 0.5361111111111111 0.4375 0.5388888888888889
3 0.28541666666666665 0.6648148148148149 0.28541666666666665 0.6731481481481482 0.290625 0.6759259259259259 0.2947916666666667 0.6722222222222223 0.2984375 0.6342592592592593 0.30104166666666665 0.6185185185185185 0.30416666666666664 0.6138888888888889 0.3020833333333333 0.5694444444444444 0.296875 0.5712962962962963 0.29010416666666666 0.5898148148148148 0.28802083333333334 0.6046296296296296 0.290625 0.6472222222222223 0.28541666666666665 0.6648148148148149
4 0.284375 0.7185185185185186 0.28802083333333334 0.7287037037037037 0.2859375 0.7898148148148149 0.2911458333333333 0.7907407407407407 0.2916666666666667 0.7796296296296297 0.2984375 0.7824074074074074 0.2984375 0.7870370370370371 0.3020833333333333 0.7898148148148149 0.30572916666666666 0.7870370370370371 0.303125 0.6972222222222222 0.2994791666666667 0.674074074074074 0.29375 0.6703703703703704 0.2869791666666667 0.6935185185185185 0.28020833333333334 0.7046296296296296 0.2791666666666667 0.7166666666666667 0.284375 0.7185185185185186
4 0.4817708333333333 0.5287037037037037 0.48385416666666664 0.5324074074074074 0.4947916666666667 0.5324074074074074 0.4953125 0.5222222222222223 0.49114583333333334 0.5064814814814815 0.490625 0.47129629629629627 0.48333333333333334 0.4583333333333333 0.4817708333333333 0.4583333333333333 0.48020833333333335 0.4675925925925926 0.4791666666666667 0.49907407407407406 0.4817708333333333 0.5287037037037037
5 0.725 0.6388888888888888 0.7229166666666667 0.6703703703703704 0.725 0.687037037037037 0.7223958333333333 0.6990740740740741 0.7328125 0.7027777777777777 0.7359375 0.700925925925926 0.7364583333333333 0.6944444444444444 0.7359375 0.6074074074074074 0.728125 0.5990740740740741 0.7234375 0.600925925925926 0.7223958333333333 0.6083333333333333 0.725 0.6388888888888888
5 0.7765625 0.6555555555555556 0.7817708333333333 0.7240740740740741 0.7848958333333333 0.7277777777777777 0.790625 0.7277777777777777 0.7911458333333333 0.7 0.7947916666666667 0.6925925925925925 0.7958333333333333 0.6657407407407407 0.7895833333333333 0.6425925925925926 0.7822916666666667 0.6398148148148148 0.7802083333333333 0.6333333333333333 0.775 0.6370370370370371 0.7739583333333333 0.6509259259259259 0.7765625 0.6555555555555556
4 0.04739583333333333 0.5666666666666667 0.04791666666666667 0.5833333333333334 0.0453125 0.6 0.0484375 0.6046296296296296 0.053125 0.5990740740740741 0.06354166666666666 0.512962962962963 0.04895833333333333 0.5111111111111111 0.041666666666666664 0.5398148148148149 0.04114583333333333 0.5444444444444444 0.04739583333333333 0.5666666666666667
4 0.6036458333333333 0.6796296296296296 0.6026041666666667 0.6981481481481482 0.615625 0.7027777777777777 0.6182291666666667 0.700925925925926 0.6171875 0.6916666666666667 0.6208333333333333 0.675 0.6223958333333334 0.649074074074074 0.6192708333333333 0.5944444444444444 0.6145833333333334 0.5953703703703703 0.60625 0.6268518518518519 0.6067708333333334 0.6666666666666666 0.6036458333333333 0.6796296296296296