5 0.653125 0.712037037037037 0.6520833333333333 0.6972222222222222 0.6546875 0.6851851851851852 0.6552083333333333 0.6638888888888889 0.6526041666666667 0.6537037037037037 0.646875 0.6546296296296297 0.6442708333333333 0.687037037037037 0.6380208333333334 0.7083333333333334 0.6510416666666666 0.7138888888888889 0.653125 0.712037037037037
4 0.3416666666666667 0.6925925925925925 0.34791666666666665 0.6935185185185185 0.3463541666666667 0.674074074074074 0.34791666666666665 0.637962962962963 0.3416666666666667 0.6240740740740741 0.3359375 0.6231481481481481 0.328125 0.6296296296296297 0.32760416666666664 0.6324074074074074 0.33229166666666665 0.6305555555555555 0.3375 0.637962962962963 0.3416666666666667 0.6925925925925925
5 0.8302083333333333 0.5953703703703703 0.8276041666666667 0.6 0.8255208333333334 0.6277777777777778 0.8260416666666667 0.6518518518518519 0.8385416666666666 0.65 0.8359375 0.6074074074074074 0.8302083333333333 0.5953703703703703
5 0.36875 0.6444444444444445 0.3776041666666667 0.6509259259259259 0.37864583333333335 0.6444444444444445 0.3729166666666667 0.6333333333333333 0.3729166666666667 0.6175925925925926 0.3692708333333333 0.6064814814814815 0.3651041666666667 0.6027777777777777 0.3614583333333333 0.6148148148148148 0.36354166666666665 0.6333333333333333 0.36041666666666666 0.6537037037037037 0.3651041666666667 0.6546296296296297 0.36875 0.6444444444444445
4 0.578125 0.6361111111111111 0.5770833333333333 0.6064814814814815 0.5708333333333333 0.5935185185185186 0.5677083333333334 0.5916666666666667 0.5661458333333333 0.5944444444444444 0.565625 0.6148148148148148 0.5703125 0.6388888888888888 0.5760416666666667 0.6416666666666667 0.578125 0.6361111111111111
4 0.49583333333333335 0.7222222222222222 0.5020833333333333 0.7314814814814815 0.5026041666666666 0.7398148148148148 0.5072916666666667 0.7398148148148148 0.5067708333333333 0.6990740740740741 0.4984375 0.6685185185185185 0.4953125 0.6712962962962963 0.49166666666666664 0.6851851851851852 0.49322916666666666 0.7074074074074074 0.4859375 0.7361111111111112 0.4895833333333333 0.7379629629629629 0.49583333333333335 0.7222222222222222
4 0.715625 0.6074074074074074 0.7109375 0.5925925925925926 0.7104166666666667 0.575925925925926 0.6994791666666667 0.5675925925925925 0.6973958333333333 0.5796296296296296 0.6984375 0.587037037037037 0.7104166666666667 0.6074074074074074 0.715625 0.6074074074074074
4 0.853125 0.6953703703703704 0.8588541666666667 0.6925925925925925 0.859375 0.687962962962963 0.8536458333333333 0.6777777777777778 0.8557291666666667 0.662962962962963 0.859375 0.6527777777777778 0.865625 0.6509259259259259 0.8666666666666667 0.6462962962962963 0.8609375 0.6351851851851852 0.8494791666666667 0.6351851851851852 0.8479166666666667 0.637962962962963 0.84375 0.6657407407407407 0.8453125 0.700925925925926 0.8494791666666667 0.7018518518518518 0.853125 0.6953703703703704
5 0.5885416666666666 0.8027777777777778 0.5885416666666666 0.762962962962963 0.5859375 0.7407407407407407 0.5802083333333333 0.7231481481481481 0.5760416666666667 0.7268518518518519 0.5682291666666667 0.7518518518518519 0.5671875 0.7611111111111111 0.5729166666666666 0.7620370370370371 0.5786458333333333 0.8018518518518518 0.5885416666666666 0.8027777777777778
4 0.7661458333333333 0.7518518518518519 0.7723958333333333 0.7546296296296297 0.7755208333333333 0.75 0.7776041666666667 0.6972222222222222 0.771875 0.6777777777777778 0.7666666666666667 0.6805555555555556 0.7666666666666667 0.6935185185185185 0.7625 0.7148148148148148 0.7677083333333333 0.7351851851851852 0.7661458333333333 0.7518518518518519
5 0.2078125 0.6833333333333333 0.2078125 0.6731481481481482 0.2125 0.6518518518518519 0.20885416666666667 0.6212962962962963 0.2046875 0.6259259259259259 0.20104166666666667 0.6416666666666667 0.20260416666666667 0.6592592592592592 0.2 0.6842592592592592 0.2046875 0.687037037037037 0.2078125 0.6833333333333333
5 0.4197916666666667 0.6305555555555555 0.4197916666666667 0.600925925925926 0.4161458333333333 0.5824074074074074 0.4119791666666667 0.5814814814814815 0.4109375 0.5861111111111111 0.41041666666666665 0.6222222222222222 0.41302083333333334 0.6305555555555555 0.4166666666666667 0.6333333333333333 0.4197916666666667 0.6305555555555555
4 0.6739583333333333 0.6916666666666667 0.6703125 0.6796296296296296 0.6734375 0.6611111111111111 0.6697916666666667 0.6407407407407407 0.6640625 0.6324074074074074 0.659375 0.6472222222222223 0.6609375 0.6805555555555556 0.6567708333333333 0.6972222222222222 0.6723958333333333 0.6972222222222222 0.6739583333333333 0.6916666666666667
4 0.4015625 0.5768518518518518 0.39895833333333336 0.575 0.3921875 0.5907407407407408 0.39114583333333336 0.6240740740740741 0.3984375 0.6277777777777778 0.4046875 0.587037037037037 0.4015625 0.5768518518518518
5 0.40208333333333335 0.649074074074074 0.39895833333333336 0.637962962962963 0.3958333333333333 0.6361111111111111 0.38958333333333334 0.65 0.3921875 0.700925925925926 0.4 0.700925925925926 0.4036458333333333 0.6972222222222222 0.40208333333333335 0.649074074074074
4 0.340625 0.6055555555555555 0.340625 0.5990740740740741 0.3359375 0.5879629629629629 0.3338541666666667 0.5879629629629629 0.32708333333333334 0.6018518518518519 0.3255208333333333 0.6388888888888888 0.3375 0.625 0.33697916666666666 0.6166666666666667 0.340625 0.6055555555555555
5 0.25625 0.6268518518518519 0.25052083333333336 0.5981481481481481 0.2484375 0.5731481481481482 0.24010416666666667 0.5805555555555556 0.2421875 0.6046296296296296 0.2484375 0.6240740740740741 0.2515625 0.6277777777777778 0.25625 0.6268518518518519
0 0.3578125 0.6092592592592593 0.35104166666666664 0.6101851851851852 0.35 0.6148148148148148 0.353125 0.6194444444444445 0.36041666666666666 0.6148148148148148 0.3578125 0.6092592592592593
3 0.65625 0.6648148148148149 0.6604166666666667 0.6648148148148149 0.6645833333333333 0.6342592592592593 0.6640625 0.6148148148148148 0.6578125 0.600925925925926 0.6541666666666667 0.6018518518518519 0.653125 0.6055555555555555 0.6520833333333333 0.6222222222222222 0.6546875 0.6296296296296297 0.653125 0.6583333333333333 0.65625 0.6648148148148149
4 0.8677083333333333 0.6462962962962963 0.8625 0.6259259259259259 0.8609375 0.6064814814814815 0.8567708333333334 0.5962962962962963 0.853125 0.5972222222222222 0.8536458333333333 0.6435185185185185 0.8572916666666667 0.6518518518518519 0.865625 0.6518518518518519 0.8677083333333333 0.6462962962962963
5 0.6119791666666666 0.5898148148148148 0.6135416666666667 0.587037037037037 0.6098958333333333 0.575 0.609375 0.5537037037037037 0.6072916666666667 0.55 0.6005208333333333 0.5527777777777778 0.6 0.5648148148148148 0.603125 0.5805555555555556 0.6072916666666667 0.5898148148148148 0.6119791666666666 0.5898148148148148
5 0.5104166666666666 0.5935185185185186 0.5057291666666667 0.5805555555555556 0.5015625 0.5824074074074074 0.5010416666666667 0.5879629629629629 0.49947916666666664 0.6212962962962963 0.5020833333333333 0.6277777777777778 0.5072916666666667 0.6222222222222222 0.5104166666666666 0.5935185185185186
3 0.2515625 0.5518518518518518 0.2484375 0.5407407407407407 0.24270833333333333 0.5425925925925926 0.2390625 0.5546296296296296 0.2390625 0.5824074074074074 0.24791666666666667 0.5833333333333334 0.2515625 0.5768518518518518 0.2515625 0.5518518518518518