5 0.14375 0.6611111111111111 0.14114583333333333 0.637962962962963 0.1390625 0.6324074074074074 0.13489583333333333 0.637962962962963 0.13489583333333333 0.6712962962962963 0.13020833333333334 0.6925925925925925 0.14322916666666666 0.6953703703703704 0.14375 0.6611111111111111
5 0.5229166666666667 0.6175925925925926 0.5171875 0.575 0.5130208333333334 0.575 0.5104166666666666 0.5916666666666667 0.5114583333333333 0.6037037037037037 0.5078125 0.6194444444444445 0.521875 0.6203703703703703 0.5229166666666667 0.6175925925925926
5 0.5265625 0.7101851851851851 0.5296875 0.7046296296296296 0.5291666666666667 0.687037037037037 0.5328125 0.6620370370370371 0.5286458333333334 0.6462962962962963 0.525 0.6444444444444445 0.5234375 0.649074074074074 0.5208333333333334 0.6898148148148148 0.5234375 0.6972222222222222 0.521875 0.7083333333333334 0.5265625 0.7101851851851851
5 0.5421875 0.6527777777777778 0.5390625 0.6527777777777778 0.5338541666666666 0.6648148148148149 0.5390625 0.6685185185185185 0.5447916666666667 0.6657407407407407 0.5421875 0.6527777777777778
4 0.8036458333333333 0.6972222222222222 0.8057291666666667 0.7 0.8177083333333334 0.6990740740740741 0.8203125 0.6962962962962963 0.8166666666666667 0.6777777777777778 0.8197916666666667 0.6694444444444444 0.8177083333333334 0.65 0.8140625 0.6388888888888888 0.8098958333333334 0.6370370370370371 0.8088541666666667 0.6398148148148148 0.803125 0.6611111111111111 0.80625 0.6666666666666666 0.8078125 0.6777777777777778 0.8036458333333333 0.6972222222222222
4 0.48854166666666665 0.5814814814814815 0.4822916666666667 0.5407407407407407 0.475 0.5425925925925926 0.47760416666666666 0.5601851851851852 0.4739583333333333 0.5861111111111111 0.4869791666666667 0.5879629629629629 0.48854166666666665 0.5814814814814815
4 0.2328125 0.5953703703703703 0.23385416666666667 0.5638888888888889 0.2296875 0.5527777777777778 0.22395833333333334 0.5527777777777778 0.22239583333333332 0.5722222222222222 0.22447916666666667 0.5962962962962963 0.23072916666666668 0.5972222222222222 0.2328125 0.5953703703703703
4 0.3260416666666667 0.65 0.321875 0.6361111111111111 0.3182291666666667 0.6342592592592593 0.31354166666666666 0.6444444444444445 0.3104166666666667 0.6648148148148149 0.31197916666666664 0.6768518518518518 0.3098958333333333 0.6962962962962963 0.3234375 0.6972222222222222 0.3260416666666667 0.65
5 0.5578125 0.7666666666666667 0.5734375 0.7694444444444445 0.575 0.7666666666666667 0.5713541666666667 0.75 0.5666666666666667 0.7 0.5645833333333333 0.6972222222222222 0.5614583333333333 0.7 0.5541666666666667 0.7157407407407408 0.5541666666666667 0.7203703703703703 0.5578125 0.7268518518518519 0.5578125 0.7666666666666667
4 0.840625 0.725925925925926 0.8463541666666666 0.7268518518518519 0.8479166666666667 0.7203703703703703 0.84375 0.7027777777777777 0.8442708333333333 0.6888888888888889 0.8375 0.6777777777777778 0.8302083333333333 0.6703703703703704 0.8260416666666667 0.6703703703703704 0.8255208333333334 0.6777777777777778 0.83125 0.6888888888888889 0.8333333333333334 0.7046296296296296 0.840625 0.725925925925926
5 0.18385416666666668 0.6064814814814815 0.1796875 0.5833333333333334 0.18072916666666666 0.5638888888888889 0.175 0.5638888888888889 0.17239583333333333 0.5740740740740741 0.17083333333333334 0.5953703703703703 0.17447916666666666 0.6083333333333333 0.18125 0.6101851851851852 0.18385416666666668 0.6064814814814815
5 0.18333333333333332 0.7601851851851852 0.18177083333333333 0.7185185185185186 0.18385416666666668 0.7083333333333334 0.18125 0.6944444444444444 0.1765625 0.6916666666666667 0.17239583333333333 0.7055555555555556 0.17447916666666666 0.7527777777777778 0.17708333333333334 0.7648148148148148 0.18177083333333333 0.7648148148148148 0.18333333333333332 0.7601851851851852
4 0.17291666666666666 0.65 0.171875 0.6314814814814815 0.175 0.6083333333333333 0.1703125 0.5935185185185186 0.165625 0.5953703703703703 0.15989583333333332 0.6074074074074074 0.16041666666666668 0.6546296296296297 0.16145833333333334 0.6583333333333333 0.16614583333333333 0.6583333333333333 0.17291666666666666 0.65
4 0.6385416666666667 0.7129629629629629 0.6463541666666667 0.7055555555555556 0.6463541666666667 0.6962962962962963 0.6385416666666667 0.6796296296296296 0.6348958333333333 0.6796296296296296 0.6317708333333333 0.687962962962963 0.6286458333333333 0.6898148148148148 0.6270833333333333 0.6935185185185185 0.6291666666666667 0.7046296296296296 0.6322916666666667 0.7092592592592593 0.6385416666666667 0.7129629629629629
5 0.3494791666666667 0.687962962962963 0.3546875 0.6777777777777778 0.3614583333333333 0.6851851851851852 0.36354166666666665 0.6814814814814815 0.365625 0.65 0.3609375 0.6398148148148148 0.35572916666666665 0.6407407407407407 0.35052083333333334 0.6259259259259259 0.3458333333333333 0.6277777777777778 0.34270833333333334 0.6462962962962963 0.3463541666666667 0.6703703703703704 0.34427083333333336 0.6851851851851852 0.3494791666666667 0.687962962962963
3 0.35520833333333335 0.6814814814814815 0.3567708333333333 0.7083333333333334 0.36354166666666665 0.7083333333333334 0.3651041666666667 0.7046296296296296 0.3640625 0.6685185185185185 0.36770833333333336 0.6555555555555556 0.3765625 0.649074074074074 0.3703125 0.6518518518518519 0.3645833333333333 0.649074074074074 0.3614583333333333 0.6407407407407407 0.35208333333333336 0.6425925925925926 0.3494791666666667 0.6388888888888888 0.34791666666666665 0.6416666666666667 0.34739583333333335 0.6611111111111111 0.35104166666666664 0.6712962962962963 0.3489583333333333 0.674074074074074 0.35520833333333335 0.6814814814814815
4 0.7401041666666667 0.6222222222222222 0.7375 0.612037037037037 0.7380208333333333 0.587037037037037 0.7317708333333334 0.5768518518518518 0.7291666666666666 0.5907407407407408 0.7286458333333333 0.6231481481481481 0.73125 0.6268518518518519 0.7369791666666666 0.6259259259259259 0.7401041666666667 0.6222222222222222
4 0.8036458333333333 0.8324074074074074 0.8067708333333333 0.825925925925926 0.8046875 0.8046296296296296 0.8083333333333333 0.7888888888888889 0.8078125 0.7731481481481481 0.7994791666666666 0.7472222222222222 0.79375 0.7481481481481481 0.79375 0.7728398148148149 0.790625 0.7870370370370371 0.796875 0.8296296296296296 0.8036458333333333 0.8324074074074074
4 0.24791666666666667 0.8638888888888889 0.25104166666666666 0.862037037037037 0.25364583333333335 0.8731481481481481 0.259375 0.875 0.26145833333333335 0.8722222222222222 0.2598958333333333 0.8675925925925926 0.2598958333333333 0.7814814814814814 0.2546875 0.7833333333333333 0.24947916666666667 0.8064814814814815 0.2484375 0.825 0.25052083333333336 0.8388888888888889 0.24322916666666666 0.8574074074074074 0.24791666666666667 0.8638888888888889
5 0.68125 0.7175925925925926 0.6817708333333333 0.7111111111111111 0.6770833333333334 0.7018518518518518 0.6729166666666667 0.6620370370370371 0.66875 0.6574074074074074 0.6666666666666666 0.662962962962963 0.6677083333333333 0.6972222222222222 0.6645833333333333 0.7203703703703703 0.6697916666666667 0.7222222222222222 0.68125 0.7175925925925926
0 0.8083333333333333 0.7046296296296296 0.8057291666666667 0.700925925925926 0.7984375 0.7111111111111111 0.7979166666666667 0.7175925925925926 0.803125 0.7203703703703703 0.8067708333333333 0.7166666666666667 0.8083333333333333 0.7046296296296296
5 0.16822916666666668 0.6425925925925926 0.16979166666666667 0.6027777777777777 0.165625 0.5953703703703703 0.15416666666666667 0.6083333333333333 0.15885416666666666 0.6537037037037037 0.16197916666666667 0.6592592592592592 0.16458333333333333 0.6583333333333333 0.16822916666666668 0.6425925925925926
3 0.1828125 0.562962962962963 0.18333333333333332 0.5481481481481482 0.1875 0.537962962962963 0.1875 0.5296296296296297 0.18541666666666667 0.5222222222222223 0.18177083333333333 0.5194444444444445 0.17552083333333332 0.524074074074074 0.1765625 0.562962962962963 0.175 0.5685185185185185 0.17760416666666667 0.5740740740740741 0.1828125 0.562962962962963
5 0.5453125 0.6657407407407407 0.5442708333333334 0.6074074074074074 0.540625 0.6064814814814815 0.5380208333333333 0.6175925925925926 0.5380208333333333 0.6472222222222223 0.5338541666666666 0.6657407407407407 0.5411458333333333 0.6685185185185185 0.5453125 0.6657407407407407