3 0.1875 0.5851851851851851 0.19010416666666666 0.6037037037037037 0.19322916666666667 0.6074074074074074 0.19947916666666668 0.5814814814814815 0.19947916666666668 0.5638888888888889 0.196875 0.5592592592592592 0.18958333333333333 0.5592592592592592 0.18541666666666667 0.5648148148148148 0.18489583333333334 0.5842592592592593 0.1875 0.5851851851851851
5 0.684375 0.6268518518518519 0.6859375 0.6305555555555555 0.6932291666666667 0.6333333333333333 0.6953125 0.6268518518518519 0.69375 0.5953703703703703 0.6901041666666666 0.5861111111111111 0.6864583333333333 0.587037037037037 0.6848958333333334 0.5916666666666667 0.6833333333333333 0.6064814814814815 0.684375 0.6268518518518519
5 0.7911458333333333 0.6546296296296297 0.7953125 0.65 0.7953125 0.6342592592592593 0.790625 0.6175925925925926 0.7864583333333334 0.6194444444444445 0.78125 0.6444444444444445 0.7911458333333333 0.6546296296296297
4 0.7473958333333334 0.6694444444444444 0.7619791666666667 0.6759259259259259 0.7640625 0.6666666666666666 0.7625 0.6564814814814814 0.7640625 0.6305555555555555 0.7598958333333333 0.6185185185185185 0.7552083333333334 0.6175925925925926 0.7505208333333333 0.6444444444444445 0.7510416666666667 0.6583333333333333 0.7473958333333334 0.6694444444444444
4 0.7786458333333334 0.7027777777777777 0.7864583333333334 0.700925925925926 0.7885416666666667 0.6972222222222222 0.7864583333333334 0.6805555555555556 0.7916666666666666 0.6611111111111111 0.7921875 0.6453703703703704 0.7869791666666667 0.6398148148148148 0.7828125 0.6407407407407407 0.7786458333333334 0.649074074074074 0.7770833333333333 0.6648148148148149 0.7760416666666666 0.6990740740740741 0.7786458333333334 0.7027777777777777
2 0.9552083333333333 0.6398148148148148 0.9588541666666667 0.6509259259259259 0.9583333333333334 0.6620370370370371 0.9666666666666667 0.6657407407407407 0.9703125 0.637962962962963 0.9697916666666667 0.6185185185185185 0.9635416666666666 0.6111111111111112 0.9588541666666667 0.6111111111111112 0.9572916666666667 0.6148148148148148 0.9583333333333334 0.6203703703703703 0.9552083333333333 0.6398148148148148
4 0.3380208333333333 0.6138888888888889 0.3411458333333333 0.612037037037037 0.34270833333333334 0.6037037037037037 0.3463541666666667 0.5990740740740741 0.3494791666666667 0.587037037037037 0.3489583333333333 0.5768518518518518 0.3453125 0.5703703703703704 0.3359375 0.575 0.33541666666666664 0.6101851851851852 0.3380208333333333 0.6138888888888889
4 0.4979166666666667 0.6675925925925926 0.4947916666666667 0.65 0.49375 0.6222222222222222 0.490625 0.6148148148148148 0.48541666666666666 0.6231481481481481 0.48333333333333334 0.6425925925925926 0.4828125 0.6694444444444444 0.4979166666666667 0.6675925925925926
0 0.603125 0.5972222222222222 0.6083333333333333 0.5916666666666667 0.6067708333333334 0.5879629629629629 0.6010416666666667 0.5888888888888889 0.6 0.5953703703703703 0.603125 0.5972222222222222
3 0.5 0.6324074074074074 0.5052083333333334 0.6361111111111111 0.5083333333333333 0.5916666666666667 0.5052083333333334 0.5842592592592593 0.5 0.5833333333333334 0.4973958333333333 0.5916666666666667 0.5 0.6324074074074074
4 0.6729166666666667 0.6324074074074074 0.6770833333333334 0.6324074074074074 0.6796875 0.6296296296296297 0.6817708333333333 0.5898148148148148 0.6776041666666667 0.5805555555555556 0.6682291666666667 0.5879629629629629 0.6703125 0.6268518518518519 0.6729166666666667 0.6324074074074074
5 0.5307291666666667 0.6657407407407407 0.5354166666666667 0.6703703703703704 0.5442708333333334 0.6703703703703704 0.5473958333333333 0.6407407407407407 0.5447916666666667 0.6222222222222222 0.540625 0.6203703703703703 0.5364583333333334 0.6333333333333333 0.5359375 0.6574074074074074 0.5307291666666667 0.6657407407407407
4 0.25416666666666665 0.7759259259259259 0.2578125 0.7768518518518519 0.2604166666666667 0.775 0.2598958333333333 0.7657407407407407 0.2630208333333333 0.7537037037037037 0.2640625 0.7361111111111112 0.26145833333333335 0.7046296296296296 0.25677083333333334 0.7037037037037037 0.25364583333333335 0.7157407407407408 0.253125 0.7694444444444445 0.25416666666666665 0.7759259259259259
4 0.5953125 0.5888888888888889 0.6010416666666667 0.5944444444444444 0.6036458333333333 0.5879629629629629 0.6020833333333333 0.5592592592592592 0.6 0.5555555555555556 0.5963541666666666 0.5583333333333333 0.5932291666666667 0.5638888888888889 0.5953125 0.5888888888888889
5 0.4359375 0.6212962962962963 0.4395833333333333 0.6148148148148148 0.44166666666666665 0.5879629629629629 0.4390625 0.5777777777777777 0.4354166666666667 0.5777777777777777 0.4322916666666667 0.587037037037037 0.4322916666666667 0.6185185185185185 0.4359375 0.6212962962962963
4 0.1609375 0.7 0.165625 0.700925925925926 0.16822916666666668 0.6731481481481482 0.17395833333333333 0.6694444444444444 0.17395833333333333 0.6648148148148149 0.1703125 0.6592592592592592 0.165625 0.6388888888888888 0.16145833333333334 0.6407407407407407 0.15677083333333333 0.6509259259259259 0.15885416666666666 0.6944444444444444 0.1609375 0.7
5 0.7078125 0.6462962962962963 0.7114583333333333 0.6462962962962963 0.7135416666666666 0.6425925925925926 0.7145833333333333 0.6074074074074074 0.7088541666666667 0.5953703703703703 0.7041666666666667 0.6074074074074074 0.7057291666666666 0.6398148148148148 0.7078125 0.6462962962962963
4 0.10052083333333334 0.6268518518518519 0.1015625 0.6472222222222223 0.103125 0.65 0.11510416666666666 0.65 0.11875 0.6388888888888888 0.11927083333333334 0.6157407407407407 0.11458333333333333 0.6101851851851852 0.1109375 0.5972222222222222 0.1046875 0.6064814814814815 0.10520833333333333 0.6166666666666667 0.10052083333333334 0.6268518518518519
5 0.6114583333333333 0.6018518518518519 0.6151041666666667 0.5990740740740741 0.6151041666666667 0.5703703703703704 0.6109375 0.5601851851851852 0.6067708333333334 0.5601851851851852 0.60625 0.5916666666666667 0.6114583333333333 0.6018518518518519
5 0.6760416666666667 0.5972222222222222 0.6776041666666667 0.6166666666666667 0.6822916666666666 0.6111111111111112 0.6828125 0.5944444444444444 0.6817708333333333 0.5833333333333334 0.6786458333333333 0.5768518518518518 0.6755208333333333 0.5777777777777777 0.6729166666666667 0.5879629629629629 0.6760416666666667 0.5972222222222222
5 0.109375 0.649074074074074 0.1140625 0.6587962962962963 0.11458333333333333 0.6685185185185185 0.12239583333333333 0.6675925925925926 0.121875 0.6185185185185185 0.11875 0.6148148148148148 0.10625 0.6324074074074074 0.1046875 0.6462962962962963 0.109375 0.649074074074074
5 0.5578125 0.6 0.5682291666666667 0.6037037037037037 0.5703125 0.5990740740740741 0.5692708333333333 0.5601851851851852 0.5682291666666667 0.5564814814814815 0.5614583333333333 0.5601851851851852 0.5609375 0.5935185185185186 0.5578125 0.6
4 0.5677083333333334 0.5944444444444444 0.5677083333333334 0.6027777777777777 0.5828125 0.6037037037037037 0.5838541666666667 0.575 0.5822916666666667 0.5685185185185185 0.5796875 0.5648148148148148 0.5682291666666667 0.575 0.5703125 0.587037037037037 0.5677083333333334 0.5944444444444444
5 0.8036458333333333 0.6888888888888889 0.8145833333333333 0.6907407407407408 0.8161458333333333 0.6851851851851852 0.8125 0.6768518518518518 0.8125 0.6425925925925926 0.8104166666666667 0.6388888888888888 0.80625 0.6425925925925926 0.8036458333333333 0.6648148148148149 0.8036458333333333 0.6888888888888889