5 0.384375 0.6064814814814815 0.3880208333333333 0.5833333333333334 0.38697916666666665 0.575 0.38229166666666664 0.5638888888888889 0.37604166666666666 0.5712962962962963 0.375 0.5814814814814815 0.3770833333333333 0.6027777777777777 0.3807291666666667 0.6083333333333333 0.384375 0.6064814814814815
5 0.11770833333333333 0.5907407407407408 0.12083333333333333 0.575 0.11510416666666666 0.562962962962963 0.10885416666666667 0.575 0.10885416666666667 0.5916666666666667 0.10677083333333333 0.5990740740740741 0.11145833333333334 0.6 0.11770833333333333 0.5907407407407408
4 0.5994791666666667 0.6305555555555555 0.5953125 0.6185185185185185 0.5911458333333334 0.6203703703703703 0.5911458333333334 0.6731481481481482 0.5953125 0.6787037037037037 0.603125 0.6694444444444444 0.5994791666666667 0.6305555555555555
4 0.4192708333333333 0.5990740740740741 0.4276041666666667 0.5944444444444444 0.42291666666666666 0.5685185185185185 0.4203125 0.562037037037037 0.41510416666666666 0.562962962962963 0.41458333333333336 0.5851851851851851 0.4114583333333333 0.6027777777777777 0.4166666666666667 0.6055555555555555 0.4192708333333333 0.5990740740740741
4 0.5182291666666666 0.7537037037037037 0.5208333333333334 0.7675925925925926 0.5255208333333333 0.7666666666666667 0.5276041666666667 0.7592592592592593 0.5239583333333333 0.7435185185185185 0.5239583333333333 0.7111111111111111 0.5177083333333333 0.6935185185185185 0.5135416666666667 0.6972222222222222 0.5104166666666666 0.7157407407407408 0.5130208333333334 0.7296296296296296 0.5130208333333334 0.7453703703703703 0.5182291666666666 0.7537037037037037
5 0.2552083333333333 0.6972222222222222 0.25052083333333336 0.687037037037037 0.24947916666666667 0.6805555555555556 0.2520833333333333 0.6657407407407407 0.246875 0.65 0.24322916666666666 0.6472222222222223 0.2390625 0.6611111111111111 0.2390625 0.7064814814814815 0.240625 0.7092592592592593 0.24947916666666667 0.6953703703703704 0.2552083333333333 0.6972222222222222
4 0.7984375 0.6425925925925926 0.7942708333333334 0.6287037037037037 0.790625 0.6287037037037037 0.7885416666666667 0.637962962962963 0.7880208333333333 0.6814814814814815 0.7911458333333333 0.6916666666666667 0.7984375 0.6925925925925925 0.7984375 0.6425925925925926
4 0.4817708333333333 0.7203703703703703 0.484375 0.712037037037037 0.490625 0.7055555555555556 0.5026041666666666 0.7092592592592593 0.5046875 0.7046296296296296 0.5026041666666666 0.7 0.49583333333333335 0.6972222222222222 0.48802083333333335 0.6611111111111111 0.48489583333333336 0.6583333333333333 0.4828125 0.662962962962963 0.48072916666666665 0.7018518518518518 0.475 0.7157407407407408 0.478125 0.7222222222222222 0.4817708333333333 0.7203703703703703
4 0.6296875 0.6398148148148148 0.6354166666666666 0.6425925925925926 0.6359375 0.6268518518518519 0.6307291666666667 0.6 0.6270833333333333 0.5916666666666667 0.6229166666666667 0.5972222222222222 0.6213541666666667 0.6064814814814815 0.6223958333333334 0.6435185185185185 0.6260416666666667 0.6444444444444445 0.6296875 0.6398148148148148
3 0.415625 0.6722222222222223 0.43125 0.6824074074074075 0.4270833333333333 0.6731481481481482 0.4203125 0.6675925925925926 0.41770833333333335 0.6564814814814814 0.41875 0.6388888888888888 0.4119791666666667 0.6305555555555555 0.4078125 0.6296296296296297 0.40729166666666666 0.6324074074074074 0.40677083333333336 0.6916666666666667 0.41041666666666665 0.6898148148148148 0.4114583333333333 0.6791666666666667 0.415625 0.6722222222222223
5 0.35625 0.7212962962962963 0.3734375 0.7083333333333334 0.36302083333333335 0.7018518518518518 0.35989583333333336 0.6851851851851852 0.3536458333333333 0.6703703703703704 0.3494791666666667 0.6731481481481482 0.35260416666666666 0.6972222222222222 0.3494791666666667 0.7361111111111112 0.3541666666666667 0.7324074074074074 0.35625 0.7212962962962963
5 0.15260416666666668 0.7037037037037037 0.16197916666666667 0.7157407407407408 0.16458333333333333 0.7129629629629629 0.1578125 0.6962962962962963 0.15 0.6592592592592592 0.14635416666666667 0.6583333333333333 0.14427083333333332 0.6796296296296296 0.1453125 0.7074074074074074 0.14270833333333333 0.7203703703703703 0.146875 0.7203703703703703 0.15260416666666668 0.7037037037037037
4 0.22291666666666668 0.5518518518518518 0.21770833333333334 0.5435185185185185 0.2125 0.5425925925925926 0.209375 0.5462962962962963 0.21041666666666667 0.575925925925926 0.21197916666666666 0.5796296296296296 0.21614583333333334 0.5796296296296296 0.22291666666666668 0.5518518518518518
5 0.49947916666666664 0.6370370370370371 0.5057291666666667 0.6481481481481481 0.5052083333333334 0.6305555555555555 0.5 0.6111111111111112 0.503125 0.5990740740740741 0.4979166666666667 0.5851851851851851 0.49375 0.5888888888888889 0.490625 0.600925925925926 0.4890625 0.6398148148148148 0.49322916666666666 0.6416666666666667 0.4953125 0.6370370370370371 0.49947916666666664 0.6370370370370371
4 0.459375 0.6574074074074074 0.4625 0.6509259259259259 0.45677083333333335 0.6240740740740741 0.45677083333333335 0.6111111111111112 0.4515625 0.5990740740740741 0.4473958333333333 0.6064814814814815 0.4453125 0.6185185185185185 0.446875 0.637962962962963 0.4510416666666667 0.6481481481481481 0.459375 0.6574074074074074
5 0.1984375 0.6462962962962963 0.1984375 0.6222222222222222 0.1859375 0.6018518518518519 0.1828125 0.6092592592592593 0.18125 0.649074074074074 0.18489583333333334 0.6481481481481481 0.18697916666666667 0.6388888888888888 0.1984375 0.6462962962962963
4 0.017708333333333333 0.7518518518518519 0.022916666666666665 0.6990740740740741 0.016666666666666666 0.6796296296296296 0.0125 0.6777777777777778 0.010416666666666666 0.6814814814814815 0.0067708333333333336 0.6953703703703704 0.008854166666666666 0.7277777777777777 0.013541666666666667 0.7509259259259259 0.017708333333333333 0.7518518518518519
4 0.2 0.6444444444444445 0.203125 0.6361111111111111 0.2109375 0.6305555555555555 0.20520833333333333 0.6212962962962963 0.20625 0.6092592592592593 0.20104166666666667 0.6 0.196875 0.5981481481481481 0.1953125 0.600925925925926 0.19166666666666668 0.6175925925925926 0.19270833333333334 0.6277777777777778 0.19114583333333332 0.6351851851851852 0.19583333333333333 0.6453703703703704 0.2 0.6444444444444445
1 0.8614583333333333 0.5731481481481482 0.85625 0.5787037037037037 0.8572916666666667 0.6240740740740741 0.865625 0.6287037037037037 0.8666666666666667 0.5861111111111111 0.8614583333333333 0.5731481481481482
5 0.0296875 0.6546296296296297 0.030208333333333334 0.6324074074074074 0.027604166666666666 0.6148148148148148 0.025520833333333333 0.612037037037037 0.021354166666666667 0.6138888888888889 0.0171875 0.6277777777777778 0.017708333333333333 0.6453703703703704 0.023958333333333335 0.6657407407407407 0.027083333333333334 0.6675925925925926 0.0296875 0.6546296296296297