5 0.5604166666666667 0.6990740740740741 0.5645833333333333 0.6722222222222223 0.5625 0.6546296296296297 0.5598958333333334 0.6481481481481481 0.5567708333333333 0.6472222222222223 0.5489583333333333 0.6564814814814814 0.5520833333333334 0.6611111111111111 0.5536458333333333 0.6706018518518518 0.5546875 0.6962962962962963 0.5604166666666667 0.6990740740740741
4 0.696875 0.7305555555555555 0.7026041666666667 0.7231481481481481 0.7010416666666667 0.6925925925925925 0.696875 0.6759259259259259 0.6927083333333334 0.674074074074074 0.6916666666666667 0.6787037037037037 0.6895833333333333 0.700925925925926 0.6927083333333334 0.712037037037037 0.69375 0.7277777777777777 0.696875 0.7305555555555555
5 0.415625 0.7425925925925926 0.4239583333333333 0.7398148148148148 0.42604166666666665 0.7351851851851852 0.42083333333333334 0.7203703703703703 0.42135416666666664 0.6935185185185185 0.4192708333333333 0.6851851851851852 0.415625 0.6814814814814815 0.4114583333333333 0.6935185185185185 0.4109375 0.7018518518518518 0.415625 0.7268518518518519 0.41458333333333336 0.7398148148148148 0.415625 0.7425925925925926
5 0.3932291666666667 0.7944444444444444 0.3984375 0.7638888888888888 0.39791666666666664 0.7351851851851852 0.3958333333333333 0.7314814814814815 0.390625 0.7361111111111112 0.384375 0.7518518518518519 0.3880208333333333 0.7685185185185185 0.3890625 0.7907407407407407 0.3932291666666667 0.7944444444444444
5 0.3338541666666667 0.6703703703703704 0.3296875 0.6620370370370371 0.32395833333333335 0.6712962962962963 0.32395833333333335 0.7055555555555556 0.3333333333333333 0.7092592592592593 0.33489583333333334 0.700925925925926 0.3338541666666667 0.6703703703703704
5 0.11510416666666666 0.6833333333333333 0.1109375 0.6833333333333333 0.10677083333333333 0.6962962962962963 0.10729166666666666 0.737037037037037 0.11145833333333334 0.7407407407407407 0.11666666666666667 0.7111111111111111 0.11510416666666666 0.6833333333333333
5 0.21458333333333332 0.6768518518518518 0.21510416666666668 0.637962962962963 0.20729166666666668 0.637962962962963 0.20625 0.6592592592592592 0.2078125 0.6777777777777778 0.2125 0.6814814814814815 0.21458333333333332 0.6768518518518518
4 0.6552083333333333 0.6537037037037037 0.653125 0.6398148148148148 0.65 0.6333333333333333 0.6463541666666667 0.6324074074074074 0.6421875 0.6444444444444445 0.6453125 0.6759259259259259 0.65 0.6777777777777778 0.6520833333333333 0.6601851851851852 0.6552083333333333 0.6537037037037037
5 0.5197916666666667 0.6925925925925925 0.5182291666666666 0.6898148148148148 0.5145833333333333 0.6916666666666667 0.5109375 0.7074074074074074 0.5119791666666667 0.7231481481481481 0.5083333333333333 0.7398148148148148 0.521875 0.7435185185185185 0.5197916666666667 0.6925925925925925
4 0.1625 0.8648148148148148 0.1671875 0.8601851851851852 0.1703125 0.8185185185185185 0.16927083333333334 0.8055555555555556 0.16510416666666666 0.7898148148148149 0.16197916666666667 0.7861111111111111 0.15416666666666667 0.8046296296296296 0.15364583333333334 0.8148148148148148 0.15989583333333332 0.8490740740740741 0.15833333333333333 0.8611111111111112 0.1625 0.8648148148148148
4 0.16197916666666667 0.7277777777777777 0.165625 0.6972222222222222 0.17083333333333334 0.6851851851851852 0.16197916666666667 0.6824074074074075 0.1546875 0.6916666666666667 0.15364583333333334 0.700925925925926 0.15625 0.7101851851851851 0.15677083333333333 0.725 0.16197916666666667 0.7277777777777777
3 0.3640625 0.6944444444444444 0.36875 0.6990740740740741 0.371875 0.6962962962962963 0.365625 0.6842592592592592 0.36666666666666664 0.6620370370370371 0.3614583333333333 0.6527777777777778 0.3572916666666667 0.6564814814814814 0.3567708333333333 0.6620370370370371 0.35625 0.7055555555555556 0.3578125 0.7074074074074074 0.3614583333333333 0.7046296296296296 0.3640625 0.6944444444444444
4 0.28958333333333336 0.6574074074074074 0.2864583333333333 0.6453703703703704 0.2864583333333333 0.6222222222222222 0.28177083333333336 0.6212962962962963 0.2786458333333333 0.6277777777777778 0.2791666666666667 0.6620370370370371 0.28177083333333336 0.6657407407407407 0.2875 0.6638888888888889 0.28958333333333336 0.6574074074074074
4 0.33125 0.7472222222222222 0.33177083333333335 0.7111111111111111 0.3260416666666667 0.7027777777777777 0.3203125 0.712037037037037 0.31927083333333334 0.7287037037037037 0.32447916666666665 0.7592592592592593 0.32864583333333336 0.7620370370370371 0.33125 0.7472222222222222
4 0.4786458333333333 0.6981481481481482 0.48072916666666665 0.6888888888888889 0.47708333333333336 0.6620370370370371 0.47291666666666665 0.6537037037037037 0.4703125 0.6527777777777778 0.46875 0.6583333333333333 0.4666666666666667 0.6981481481481482 0.4708333333333333 0.7 0.47552083333333334 0.6953703703703704 0.4786458333333333 0.6981481481481482
5 0.475 0.6657407407407407 0.47552083333333334 0.6398148148148148 0.47239583333333335 0.6333333333333333 0.46875 0.6333333333333333 0.4661458333333333 0.637962962962963 0.46770833333333334 0.6555555555555556 0.4703125 0.6666666666666666 0.475 0.6657407407407407
4 0.46041666666666664 0.8675925925925926 0.4635416666666667 0.8518518518518519 0.4552083333333333 0.8277777777777777 0.4505208333333333 0.8296296296296296 0.4453125 0.8481481481481481 0.44635416666666666 0.9157407407407407 0.4546875 0.9166666666666666 0.4588541666666667 0.9046296296296297 0.46041666666666664 0.8675925925925926
0 0.6776041666666667 0.7175925925925926 0.6739583333333333 0.7194444444444444 0.6734375 0.725 0.6755208333333333 0.7277777777777777 0.6807291666666667 0.725 0.6776041666666667 0.7175925925925926
4 0.6442708333333333 0.7453703703703703 0.6463541666666667 0.7194444444444444 0.6385416666666667 0.7046296296296296 0.6359375 0.7092592592592593 0.6369791666666667 0.7638888888888888 0.6427083333333333 0.7666666666666667 0.6453125 0.762962962962963 0.6442708333333333 0.7453703703703703
3 0.9776041666666667 0.9546296296296296 0.978125 0.9583333333333334 0.9828125 0.9583333333333334 0.9833333333333333 0.9527777777777777 0.9802083333333333 0.9444444444444444 0.9817708333333334 0.9314814814814815 0.978125 0.8925925925925926 0.9703125 0.875 0.9671875 0.8777777777777778 0.9625 0.8916666666666667 0.9619791666666667 0.9046296296296297 0.9640625 0.9083333333333333 0.9625 0.9583333333333334 0.9776041666666667 0.9546296296296296
3 0.20208333333333334 0.6305555555555555 0.20208333333333334 0.6222222222222222 0.20572916666666666 0.6092592592592593 0.20416666666666666 0.5962962962962963 0.19583333333333333 0.5916666666666667 0.190625 0.6074074074074074 0.19166666666666668 0.637962962962963 0.19583333333333333 0.6351851851851852 0.20885416666666667 0.637962962962963 0.20208333333333334 0.6305555555555555
4 0.45989583333333334 0.6268518518518519 0.4510416666666667 0.6055555555555555 0.44895833333333335 0.6129629629629629 0.446875 0.6472222222222223 0.4552083333333333 0.649074074074074 0.4583333333333333 0.6444444444444445 0.45989583333333334 0.6268518518518519
5 0.12135416666666667 0.7944444444444444 0.12604166666666666 0.7944444444444444 0.12760416666666666 0.7907407407407407 0.12239583333333333 0.7592592592592593 0.12239583333333333 0.7388888888888889 0.11875 0.7342592592592593 0.115625 0.7388888888888889 0.1109375 0.7388888888888889 0.109375 0.7953703703703704 0.11302083333333333 0.7962962962962963 0.11770833333333333 0.7861111111111111 0.12135416666666667 0.7944444444444444
5 0.18125 0.7175925925925926 0.184375 0.6925925925925925 0.18229166666666666 0.6703703703703704 0.17708333333333334 0.6638888888888889 0.17239583333333333 0.675 0.17135416666666667 0.687962962962963 0.17395833333333333 0.7046296296296296 0.17760416666666667 0.7166666666666667 0.18125 0.7175925925925926