4 0.23958333333333334 0.6888888888888889 0.2390625 0.700925925925926 0.24635416666666668 0.7018518518518518 0.24947916666666667 0.6972222222222222 0.24947916666666667 0.6527777777777778 0.24375 0.6370370370370371 0.24010416666666667 0.637962962962963 0.23645833333333333 0.6527777777777778 0.2359375 0.6694444444444444 0.23958333333333334 0.6888888888888889
5 0.6932291666666667 0.6657407407407407 0.6953125 0.6611111111111111 0.6958333333333333 0.6222222222222222 0.6921875 0.6092592592592593 0.6875 0.6111111111111112 0.6859375 0.6296296296296297 0.6854166666666667 0.6472222222222223 0.6932291666666667 0.6657407407407407
5 0.5802083333333333 0.5990740740740741 0.5916666666666667 0.6148148148148148 0.59375 0.6101851851851852 0.5885416666666666 0.5916666666666667 0.5885416666666666 0.575925925925926 0.5807291666666666 0.5648148148148148 0.578125 0.5675925925925925 0.5776041666666667 0.5805555555555556 0.5802083333333333 0.5990740740740741
5 0.22447916666666667 0.7527777777777778 0.228125 0.7472222222222222 0.22447916666666667 0.6944444444444444 0.21979166666666666 0.6842592592592592 0.21614583333333334 0.6824074074074075 0.21197916666666666 0.7037037037037037 0.21197916666666666 0.7481481481481481 0.22447916666666667 0.7527777777777778
5 0.10052083333333334 0.6472222222222223 0.0984375 0.6111111111111112 0.0953125 0.5972222222222222 0.09114583333333333 0.5944444444444444 0.0875 0.6037037037037037 0.0890625 0.6481481481481481 0.10052083333333334 0.6472222222222223
4 0.8104166666666667 0.700925925925926 0.8088541666666667 0.6444444444444445 0.8026041666666667 0.6314814814814815 0.7994791666666666 0.6361111111111111 0.7947916666666667 0.6972222222222222 0.8104166666666667 0.700925925925926
4 0.06041666666666667 0.8083333333333333 0.06041666666666667 0.8361111111111111 0.058333333333333334 0.8462962962962963 0.059895833333333336 0.85 0.071875 0.8546296296296296 0.0734375 0.8453703703703703 0.06927083333333334 0.8212962962962963 0.0703125 0.8138888888888889 0.07604166666666666 0.8101851851851852 0.07604166666666666 0.7981481481481482 0.07291666666666667 0.7805555555555556 0.065625 0.7666666666666667 0.06145833333333333 0.7694444444444445 0.05416666666666667 0.8018518518518518 0.06041666666666667 0.8083333333333333
3 0.18697916666666667 0.6851851851851852 0.18958333333333333 0.6888888888888889 0.19270833333333334 0.687962962962963 0.19635416666666666 0.6370370370370371 0.18958333333333333 0.6212962962962963 0.18333333333333332 0.6305555555555555 0.18229166666666666 0.6361111111111111 0.18697916666666667 0.6851851851851852
4 0.1734375 0.6518518518518519 0.18125 0.6537037037037037 0.18385416666666668 0.6481481481481481 0.1828125 0.6055555555555555 0.17708333333333334 0.5972222222222222 0.17291666666666666 0.6083333333333333 0.171875 0.6314814814814815 0.1734375 0.6518518518518519
5 0.24635416666666668 0.6111111111111112 0.24895833333333334 0.6129629629629629 0.2520833333333333 0.6101851851851852 0.2557291666666667 0.5907407407407408 0.2557291666666667 0.5787037037037037 0.2520833333333333 0.5694444444444444 0.246875 0.5777777777777777 0.24375 0.5879629629629629 0.24635416666666668 0.6111111111111112
5 0.4354166666666667 0.6972222222222222 0.44375 0.7046296296296296 0.4453125 0.700925925925926 0.4421875 0.6527777777777778 0.43645833333333334 0.637962962962963 0.43333333333333335 0.6398148148148148 0.4328125 0.6777777777777778 0.4354166666666667 0.6972222222222222
4 0.20885416666666667 0.5638888888888889 0.2125 0.5287037037037037 0.20572916666666666 0.5259259259259259 0.20104166666666667 0.5324074074074074 0.2 0.562962962962963 0.20885416666666667 0.5638888888888889
4 0.5822916666666667 0.7796296296296297 0.5838541666666667 0.7981481481481482 0.58125 0.8138888888888889 0.5864583333333333 0.8148148148148148 0.590625 0.8111111111111111 0.5953125 0.8138888888888889 0.5984375 0.8092592592592592 0.5984375 0.8027777777777778 0.5916666666666667 0.7916666666666666 0.5958333333333333 0.7787037037037037 0.5958333333333333 0.7546296296296297 0.5911458333333334 0.7361111111111112 0.5890625 0.7324074074074074 0.5854166666666667 0.7361111111111112 0.5791666666666667 0.7703703703703704 0.5822916666666667 0.7796296296296297
5 0.225 0.5564814814814815 0.228125 0.5592592592592592 0.23229166666666667 0.5518518518518518 0.23177083333333334 0.5222222222222223 0.228125 0.5175925925925926 0.22447916666666667 0.5175925925925926 0.22291666666666668 0.5212962962962963 0.221875 0.5370370370370371 0.225 0.5564814814814815
4 0.5052083333333334 0.65 0.509375 0.6527777777777778 0.5119791666666667 0.6074074074074074 0.5057291666666667 0.5962962962962963 0.5026041666666666 0.5972222222222222 0.49947916666666664 0.6055555555555555 0.4984375 0.6111111111111112 0.5052083333333334 0.65
5 0.03854166666666667 0.7305555555555555 0.0453125 0.7361111111111112 0.05 0.6972222222222222 0.049479166666666664 0.6759259259259259 0.044270833333333336 0.6675925925925926 0.0359375 0.6805555555555556 0.034895833333333334 0.6944444444444444 0.03854166666666667 0.7305555555555555
5 0.209375 0.5564814814814815 0.21302083333333333 0.5583333333333333 0.2171875 0.5555555555555556 0.21822916666666667 0.5314814814814814 0.21510416666666668 0.525 0.215625 0.5194444444444445 0.2125 0.5175925925925926 0.20833333333333334 0.5287037037037037 0.209375 0.5564814814814815
3 0.23072916666666668 0.5564814814814815 0.23541666666666666 0.5592592592592592 0.23958333333333334 0.5564814814814815 0.23854166666666668 0.5509259259259259 0.24479166666666666 0.5342592592592592 0.2421875 0.5203703703703704 0.23229166666666667 0.5185185185185185 0.22864583333333333 0.5333333333333333 0.228125 0.5444444444444444 0.23072916666666668 0.5564814814814815
0 0.5171875 0.5 0.5208333333333334 0.5 0.5223958333333333 0.4935185185185185 0.5208333333333334 0.4824074074074074 0.5171875 0.4787037037037037 0.5135416666666667 0.48055555555555557 0.5130208333333334 0.4935185185185185 0.5171875 0.5
5 0.365625 0.637962962962963 0.3671875 0.6546296296296297 0.37447916666666664 0.6574074074074074 0.37552083333333336 0.65 0.3723958333333333 0.6407407407407407 0.37395833333333334 0.6157407407407407 0.36875 0.6046296296296296 0.36302083333333335 0.6129629629629629 0.3614583333333333 0.6231481481481481 0.365625 0.637962962962963
4 0.45208333333333334 0.5583333333333333 0.45364583333333336 0.562037037037037 0.4588541666666667 0.562962962962963 0.4609375 0.5546296296296296 0.46041666666666664 0.5287037037037037 0.4546875 0.5203703703703704 0.4510416666666667 0.5194444444444445 0.4479166666666667 0.5287037037037037 0.45208333333333334 0.5583333333333333
5 0.11927083333333334 0.6055555555555555 0.12291666666666666 0.6027777777777777 0.1234375 0.5685185185185185 0.11875 0.5583333333333333 0.11510416666666666 0.5666666666666667 0.115625 0.5962962962962963 0.11927083333333334 0.6055555555555555
3 0.09166666666666666 0.562962962962963 0.10052083333333334 0.5611111111111111 0.103125 0.5296296296296297 0.09947916666666666 0.5231481481481481 0.09739583333333333 0.524074074074074 0.09427083333333333 0.5287037037037037 0.09166666666666666 0.5407407407407407 0.09322916666666667 0.5472222222222223 0.09166666666666666 0.562962962962963
4 0.7833333333333333 0.6259259259259259 0.7916666666666666 0.6268518518518519 0.7942708333333334 0.6222222222222222 0.7911458333333333 0.5861111111111111 0.7864583333333334 0.5787037037037037 0.7807291666666667 0.5796296296296296 0.7796875 0.5962962962962963 0.7833333333333333 0.6259259259259259
4 0.0484375 0.6796296296296296 0.053125 0.6731481481481482 0.05364583333333333 0.6305555555555555 0.0484375 0.6157407407407407 0.04479166666666667 0.6157407407407407 0.04114583333333333 0.6296296296296297 0.04114583333333333 0.6731481481481482 0.0484375 0.6796296296296296
5 0.05677083333333333 0.6759259259259259 0.058854166666666666 0.687962962962963 0.06302083333333333 0.6888888888888889 0.065625 0.6861111111111111 0.06458333333333334 0.6638888888888889 0.06614583333333333 0.6453703703703704 0.06041666666666667 0.6296296296296297 0.05625 0.6296296296296297 0.05364583333333333 0.6342592592592593 0.05416666666666667 0.6731481481481482 0.05677083333333333 0.6759259259259259