4 0.4817708333333333 0.7333333333333333 0.4822916666666667 0.7361111111111112 0.4901041666666667 0.7379629629629629 0.490625 0.7212962962962963 0.49270833333333336 0.7157407407407408 0.49114583333333334 0.7046296296296296 0.4875 0.6907407407407408 0.4817708333333333 0.6898148148148148 0.4786458333333333 0.7083333333333334 0.4817708333333333 0.7333333333333333
5 0.53125 0.6962962962962963 0.5291666666666667 0.6611111111111111 0.5270833333333333 0.6583333333333333 0.5244791666666667 0.6592592592592592 0.5192708333333333 0.6888888888888889 0.5197916666666667 0.6972222222222222 0.53125 0.6962962962962963
4 0.8427083333333333 0.7666666666666667 0.8453125 0.7703703703703704 0.8567708333333334 0.7685185185185185 0.8546875 0.7509259259259259 0.8557291666666667 0.7333333333333333 0.853125 0.7203703703703703 0.8494791666666667 0.7157407407407408 0.8432291666666667 0.7342592592592593 0.8458333333333333 0.7527777777777778 0.8427083333333333 0.7666666666666667
5 0.4390625 0.7462962962962963 0.446875 0.7453703703703703 0.44895833333333335 0.7435185185185185 0.4510416666666667 0.7212962962962963 0.446875 0.6972222222222222 0.4427083333333333 0.6953703703703704 0.4390625 0.7083333333333334 0.43802083333333336 0.7435185185185185 0.4390625 0.7462962962962963
4 0.7869791666666667 0.6953703703703704 0.7911458333333333 0.6611111111111111 0.7869791666666667 0.6518518518518519 0.7807291666666667 0.6537037037037037 0.7822916666666667 0.6925925925925925 0.7869791666666667 0.6953703703703704
4 0.5994791666666667 0.7231481481481481 0.6052083333333333 0.7185185185185186 0.6109375 0.7222222222222222 0.6119791666666666 0.7166666666666667 0.6072916666666667 0.6805555555555556 0.603125 0.6768518518518518 0.5973958333333333 0.6888888888888889 0.5958333333333333 0.7203703703703703 0.5994791666666667 0.7231481481481481
4 0.5015625 0.7638888888888888 0.50625 0.7592592592592593 0.5140625 0.762962962962963 0.509375 0.7472222222222222 0.5072916666666667 0.712037037037037 0.5041666666666667 0.7101851851851851 0.49947916666666664 0.7231481481481481 0.4973958333333333 0.7620370370370371 0.5015625 0.7638888888888888
4 0.6692708333333334 0.7240740740740741 0.6734375 0.7287037037037037 0.6770833333333334 0.7277777777777777 0.6791666666666667 0.7129629629629629 0.6776041666666667 0.6814814814814815 0.6734375 0.6824074074074075 0.6697916666666667 0.6916666666666667 0.6713541666666667 0.7092592592592593 0.6692708333333334 0.7240740740740741
3 0.46041666666666664 0.7203703703703703 0.4625 0.7240740740740741 0.4661458333333333 0.7222222222222222 0.4713541666666667 0.7083333333333334 0.4703125 0.6981481481481482 0.4734375 0.6935185185185185 0.4734375 0.6796296296296296 0.4703125 0.6722222222222223 0.4630208333333333 0.6842592592592592 0.4635416666666667 0.7083333333333334 0.46041666666666664 0.7203703703703703
5 0.4901041666666667 0.7129629629629629 0.49375 0.7148148148148148 0.49583333333333335 0.7083333333333334 0.4953125 0.6833333333333333 0.49166666666666664 0.6731481481481482 0.48854166666666665 0.674074074074074 0.4890625 0.7064814814814815 0.4901041666666667 0.7129629629629629
5 0.48489583333333336 0.7712962962962963 0.48333333333333334 0.7361111111111112 0.478125 0.7287037037037037 0.4739583333333333 0.7388888888888889 0.47291666666666665 0.7712962962962963 0.48489583333333336 0.7712962962962963
5 0.6895833333333333 0.7111111111111111 0.6953125 0.7046296296296296 0.6963541666666667 0.6620370370370371 0.6921875 0.6601851851851852 0.6875 0.6731481481481482 0.6859375 0.7055555555555556 0.6895833333333333 0.7111111111111111
5 0.5723958333333333 0.7222222222222222 0.5755208333333334 0.7166666666666667 0.5729166666666666 0.6787037037037037 0.5682291666666667 0.674074074074074 0.565625 0.6833333333333333 0.565625 0.7203703703703703 0.5723958333333333 0.7222222222222222
4 0.47552083333333334 0.7101851851851851 0.4822916666666667 0.7194444444444444 0.48802083333333335 0.7055555555555556 0.4869791666666667 0.674074074074074 0.4822916666666667 0.6712962962962963 0.4796875 0.6787037037037037 0.4791666666666667 0.6930555555555555 0.47552083333333334 0.7101851851851851
5 0.5916666666666667 0.7407407407407407 0.5880208333333333 0.6916666666666667 0.5838541666666667 0.6962962962962963 0.5802083333333333 0.7166666666666667 0.5786458333333333 0.7379629629629629 0.5916666666666667 0.7407407407407407
3 0.6052083333333333 0.6546296296296297 0.6119791666666666 0.6259259259259259 0.60625 0.612037037037037 0.6026041666666667 0.612037037037037 0.5994791666666667 0.6185185185185185 0.6010416666666667 0.65 0.6052083333333333 0.6546296296296297
5 0.8270833333333333 0.7185185185185186 0.8296875 0.6768518518518518 0.8260416666666667 0.6657407407407407 0.8229166666666666 0.6722222222222223 0.8203125 0.6888888888888889 0.8192708333333333 0.7166666666666667 0.8270833333333333 0.7185185185185186
4 0.8302083333333333 0.7231481481481481 0.8375 0.7231481481481481 0.8375 0.6898148148148148 0.8302083333333333 0.675 0.8270833333333333 0.6796296296296296 0.8276041666666667 0.7185185185185186 0.8302083333333333 0.7231481481481481
5 0.7739583333333333 0.6564814814814814 0.7765625 0.6731481481481482 0.7791666666666667 0.6731481481481482 0.7828125 0.6537037037037037 0.7828125 0.637962962962963 0.7791666666666667 0.6324074074074074 0.7744791666666667 0.6351851851851852 0.7729166666666667 0.6416666666666667 0.7739583333333333 0.6564814814814814
0 0.09947916666666666 0.7148148148148148 0.10260416666666666 0.7111111111111111 0.10364583333333334 0.7027777777777777 0.0984375 0.7018518518518518 0.09322916666666667 0.7064814814814815 0.0953125 0.7138888888888889 0.09947916666666666 0.7148148148148148
2 0.05677083333333333 0.7166666666666667 0.06614583333333333 0.7083333333333334 0.06354166666666666 0.6944444444444444 0.065625 0.6824074074074075 0.06770833333333333 0.6805555555555556 0.06302083333333333 0.6722222222222223 0.06041666666666667 0.6601851851851852 0.0546875 0.6657407407407407 0.053125 0.6833333333333333 0.05677083333333333 0.7166666666666667
5 0.8682291666666667 0.7564814814814815 0.8739583333333333 0.7574074074074074 0.8755208333333333 0.7555555555555555 0.8765625 0.7166666666666667 0.8729166666666667 0.6990740740740741 0.8682291666666667 0.6972222222222222 0.8671875 0.700925925925926 0.8666666666666667 0.7518518518518519 0.8682291666666667 0.7564814814814815