3 0.5260416666666666 0.6305555555555555 0.5213541666666667 0.6157407407407407 0.5177083333333333 0.6166666666666667 0.5140625 0.625 0.5151041666666667 0.6722222222222223 0.5182291666666666 0.6759259259259259 0.521875 0.6722222222222223 0.5260416666666666 0.6305555555555555
4 0.6135416666666667 0.562037037037037 0.6072916666666667 0.5592592592592592 0.6041666666666666 0.5685185185185185 0.6036458333333333 0.5879629629629629 0.6052083333333333 0.5953703703703703 0.6083333333333333 0.5962962962962963 0.6135416666666667 0.562037037037037
5 0.55625 0.5981481481481481 0.5520833333333334 0.5935185185185186 0.5484375 0.5675925925925925 0.5442708333333334 0.5675925925925925 0.5427083333333333 0.5787037037037037 0.540625 0.6055555555555555 0.5479166666666667 0.5990740740740741 0.55625 0.6018518518518519 0.55625 0.5981481481481481
2 0.09791666666666667 0.6388888888888888 0.10104166666666667 0.6166666666666667 0.09895833333333333 0.5898148148148148 0.09375 0.5879629629629629 0.0921875 0.5907407407407408 0.08958333333333333 0.6074074074074074 0.09010416666666667 0.6277777777777778 0.08802083333333334 0.6416666666666667 0.09479166666666666 0.6425925925925926 0.09791666666666667 0.6388888888888888
4 0.9390625 0.6694444444444444 0.9411458333333333 0.6657407407407407 0.9395833333333333 0.6287037037037037 0.9354166666666667 0.6166666666666667 0.9317708333333333 0.6175925925925926 0.9307291666666667 0.6212962962962963 0.93125 0.6314814814814815 0.9265625 0.6638888888888889 0.9354166666666667 0.6638888888888889 0.9390625 0.6694444444444444
5 0.24583333333333332 0.6370370370370371 0.24427083333333333 0.6333333333333333 0.23958333333333334 0.6398148148148148 0.23541666666666666 0.6574074074074074 0.23177083333333334 0.6814814814814815 0.23645833333333333 0.6888888888888889 0.24583333333333332 0.6574074074074074 0.24583333333333332 0.6370370370370371
5 0.31666666666666665 0.6537037037037037 0.31666666666666665 0.6222222222222222 0.3140625 0.6092592592592593 0.3104166666666667 0.6074074074074074 0.30572916666666666 0.6203703703703703 0.30625 0.6583333333333333 0.31145833333333334 0.6555555555555556 0.3140625 0.6592592592592592 0.31666666666666665 0.6537037037037037
5 0.4921875 0.6435185185185185 0.4973958333333333 0.6370370370370371 0.5026041666666666 0.6388888888888888 0.5036458333333333 0.6333333333333333 0.5 0.6296296296296297 0.4942708333333333 0.6018518518518519 0.4901041666666667 0.5990740740740741 0.4890625 0.6037037037037037 0.4890625 0.6148148148148148 0.4864583333333333 0.625 0.48854166666666665 0.6435185185185185 0.4921875 0.6435185185185185
4 0.4395833333333333 0.5509259259259259 0.4359375 0.5435185185185185 0.43125 0.5518518518518518 0.42916666666666664 0.5722222222222222 0.42864583333333334 0.5796296296296296 0.43125 0.5814814814814815 0.43645833333333334 0.575925925925926 0.4395833333333333 0.5509259259259259
3 0.4119791666666667 0.5509259259259259 0.4088541666666667 0.5444444444444444 0.4041666666666667 0.5444444444444444 0.40208333333333335 0.5518518518518518 0.40208333333333335 0.5648148148148148 0.39947916666666666 0.5722222222222222 0.4078125 0.575 0.4119791666666667 0.5509259259259259
5 0.43072916666666666 0.612037037037037 0.4270833333333333 0.5796296296296296 0.4234375 0.5768518518518518 0.4197916666666667 0.5796296296296296 0.41770833333333335 0.5833333333333334 0.41875 0.6 0.4244791666666667 0.6129629629629629 0.43072916666666666 0.612037037037037
5 0.8359375 0.7092592592592593 0.8411458333333334 0.6916666666666667 0.8395833333333333 0.6777777777777778 0.8338541666666667 0.6620370370370371 0.8296875 0.6648148148148149 0.8255208333333334 0.6861111111111111 0.8286458333333333 0.7240740740740741 0.834375 0.725925925925926 0.8369791666666667 0.7212962962962963 0.8359375 0.7092592592592593
4 0.4744791666666667 0.575925925925926 0.4703125 0.5731481481481482 0.46510416666666665 0.5824074074074074 0.46145833333333336 0.6055555555555555 0.4708333333333333 0.6074074074074074 0.4744791666666667 0.5916666666666667 0.4744791666666667 0.575925925925926
4 0.3927083333333333 0.6657407407407407 0.39166666666666666 0.649074074074074 0.39479166666666665 0.637962962962963 0.39427083333333335 0.625 0.38958333333333334 0.6092592592592593 0.3848958333333333 0.6111111111111112 0.38125 0.637962962962963 0.384375 0.6657407407407407 0.3890625 0.6694444444444444 0.3927083333333333 0.6657407407407407
5 0.5895833333333333 0.6175925925925926 0.5927083333333333 0.6064814814814815 0.5927083333333333 0.6 0.5875 0.5888888888888889 0.5833333333333334 0.5925925925925926 0.58125 0.6074074074074074 0.5822916666666667 0.6342592592592593 0.590625 0.6287037037037037 0.5895833333333333 0.6175925925925926
4 0.7010416666666667 0.899074074074074 0.7057291666666666 0.8898148148148148 0.7109375 0.8296296296296296 0.7010416666666667 0.8018518518518518 0.6979166666666666 0.8055555555555556 0.69375 0.825 0.6927083333333334 0.8537037037037037 0.696875 0.8666666666666667 0.6973958333333333 0.8935185185185185 0.7010416666666667 0.899074074074074
5 0.4875 0.6268518518518519 0.4822916666666667 0.6148148148148148 0.47760416666666666 0.6259259259259259 0.478125 0.6592592592592592 0.4822916666666667 0.6675925925925926 0.4875 0.6592592592592592 0.4875 0.6268518518518519
4 0.9864583333333333 0.7 0.98125 0.6842592592592592 0.9770833333333333 0.6851851851851852 0.9729166666666667 0.7287037037037037 0.9723958333333333 0.75 0.98125 0.7546296296296297 0.9848958333333333 0.7527777777777778 0.9864583333333333 0.7
5 0.4203125 0.5879629629629629 0.41770833333333335 0.5796296296296296 0.4114583333333333 0.5787037037037037 0.4078125 0.5833333333333334 0.4083333333333333 0.5972222222222222 0.4119791666666667 0.6027777777777777 0.415625 0.6 0.4203125 0.5879629629629629
4 0.6958333333333333 0.637962962962963 0.6901041666666666 0.6268518518518519 0.6838541666666667 0.6370370370370371 0.6854166666666667 0.6731481481481482 0.6890625 0.6824074074074075 0.6921875 0.6768518518518518 0.6958333333333333 0.637962962962963
5 0.4890625 0.7592592592592593 0.49166666666666664 0.7083333333333334 0.4859375 0.6916666666666667 0.4822916666666667 0.6935185185185185 0.4791666666666667 0.7083333333333334 0.478125 0.7324074074074074 0.4817708333333333 0.7601851851851852 0.4859375 0.762962962962963 0.4890625 0.7592592592592593
4 0.26458333333333334 0.7185185185185186 0.2671875 0.7240740740740741 0.2682291666666667 0.712037037037037 0.2640625 0.6990740740740741 0.265625 0.6759259259259259 0.26145833333333335 0.662962962962963 0.25885416666666666 0.6620370370370371 0.2546875 0.6703703703703704 0.2526041666666667 0.6851851851851852 0.25104166666666666 0.7231481481481481 0.2552083333333333 0.7231481481481481 0.2578125 0.7157407407407408 0.26458333333333334 0.7185185185185186
4 0.4390625 0.6481481481481481 0.4390625 0.6435185185185185 0.43645833333333334 0.6185185185185185 0.43125 0.6101851851851852 0.42864583333333334 0.6129629629629629 0.42552083333333335 0.6305555555555555 0.4276041666666667 0.6574074074074074 0.4317708333333333 0.6611111111111111 0.4390625 0.6481481481481481