4 0.7890625 0.7 0.7875 0.6962962962962963 0.7828125 0.6981481481481482 0.7791666666666667 0.7185185185185186 0.7776041666666667 0.7518518518518519 0.7791666666666667 0.7555555555555555 0.7890625 0.7537037037037037 0.7890625 0.7
4 0.840625 0.7092592592592593 0.8411458333333334 0.674074074074074 0.8385416666666666 0.6675925925925926 0.8338541666666667 0.6703703703703704 0.8296875 0.6666666666666666 0.8255208333333334 0.6768518518518518 0.8260416666666667 0.7018518518518518 0.8234375 0.7148148148148148 0.8317708333333333 0.7185185185185186 0.840625 0.7092592592592593
5 0.30104166666666665 0.7462962962962963 0.3 0.7240740740740741 0.2953125 0.7092592592592593 0.2916666666666667 0.7129629629629629 0.28802083333333334 0.7268518518518519 0.290625 0.7759259259259259 0.2953125 0.7805555555555556 0.2984375 0.7722222222222223 0.30104166666666665 0.7462962962962963
4 0.24791666666666667 0.7611111111111111 0.24947916666666667 0.7527777777777778 0.246875 0.700925925925926 0.24427083333333333 0.6972222222222222 0.23958333333333334 0.700925925925926 0.23854166666666668 0.7320990740740742 0.2328125 0.7527777777777778 0.23541666666666666 0.7601851851851852 0.24791666666666667 0.7611111111111111
4 0.3723958333333333 0.7018518518518518 0.371875 0.6824074074074075 0.37395833333333334 0.6694444444444444 0.3703125 0.65 0.365625 0.6518518518518519 0.36302083333333335 0.6601851851851852 0.3625 0.6793212962962963 0.3567708333333333 0.6972222222222222 0.35989583333333336 0.700925925925926 0.3723958333333333 0.7018518518518518
5 0.41354166666666664 0.6342592592592593 0.41041666666666665 0.6324074074074074 0.40729166666666666 0.6407407407407407 0.40260416666666665 0.6731481481481482 0.4036458333333333 0.6759259259259259 0.415625 0.6759259259259259 0.41354166666666664 0.6342592592592593
5 0.3734375 0.7194444444444444 0.37395833333333334 0.6953703703703704 0.37135416666666665 0.6759259259259259 0.3651041666666667 0.674074074074074 0.3625 0.687037037037037 0.3572916666666667 0.6935185185185185 0.3578125 0.700925925925926 0.3625 0.7018518518518518 0.365625 0.7203703703703703 0.3734375 0.7194444444444444
5 0.8421875 0.6953703703703704 0.8411458333333334 0.6657407407407407 0.8296875 0.6666666666666666 0.8260416666666667 0.6777777777777778 0.8255208333333334 0.6888888888888889 0.8255208333333334 0.7148148148148148 0.8333333333333334 0.7185185185185186 0.8401041666666667 0.7111111111111111 0.8421875 0.6953703703703704
4 0.221875 0.6962962962962963 0.22395833333333334 0.6657407407407407 0.22135416666666666 0.6453703703703704 0.21666666666666667 0.6462962962962963 0.2125 0.6583333333333333 0.21197916666666666 0.6759259259259259 0.20833333333333334 0.6814814814814815 0.20885416666666667 0.7083333333333334 0.21302083333333333 0.7092592592592593 0.21458333333333332 0.7037037037037037 0.221875 0.6962962962962963
4 0.5088541666666667 0.6537037037037037 0.5083333333333333 0.6407407407407407 0.5057291666666667 0.6333333333333333 0.5015625 0.6370370370370371 0.5005208333333333 0.6564814814814814 0.5 0.6814814814814815 0.5057291666666667 0.6824074074074075 0.5078125 0.6768518518518518 0.5088541666666667 0.6537037037037037
4 0.24322916666666666 0.6444444444444445 0.24010416666666667 0.6435185185185185 0.2359375 0.6620370370370371 0.2359375 0.6925925925925925 0.24375 0.6953703703703704 0.24739583333333334 0.6564814814814814 0.24322916666666666 0.6444444444444445
4 0.23697916666666666 0.6898148148148148 0.2359375 0.6620370370370371 0.22916666666666666 0.6444444444444445 0.22552083333333334 0.6444444444444445 0.22447916666666667 0.6509259259259259 0.22395833333333334 0.6935185185185185 0.22708333333333333 0.6972222222222222 0.234375 0.6962962962962963 0.23697916666666666 0.6898148148148148
3 0.39895833333333336 0.6148148148148148 0.4 0.5907407407407408 0.3963541666666667 0.5787037037037037 0.39166666666666666 0.5842592592592593 0.39010416666666664 0.5935185185185186 0.3921875 0.6138888888888889 0.3963541666666667 0.6203703703703703 0.39895833333333336 0.6148148148148148
5 0.4359375 0.6583333333333333 0.4296875 0.6694444444444444 0.43072916666666666 0.6768518518518518 0.4270833333333333 0.7027777777777777 0.4270833333333333 0.7148148148148148 0.44166666666666665 0.7138888888888889 0.4390625 0.6675925925925926 0.4359375 0.6583333333333333
4 0.26979166666666665 0.6833333333333333 0.2598958333333333 0.6712962962962963 0.2557291666666667 0.6842592592592592 0.25364583333333335 0.6944444444444444 0.2552083333333333 0.6990740740740741 0.2713541666666667 0.6962962962962963 0.26979166666666665 0.6833333333333333
3 0.9026041666666667 0.9842592592592593 0.9020833333333333 0.9990740740740741 0.9078125 0.9990740740740741 0.9114583333333334 0.9296296296296296 0.9046875 0.9064814814814814 0.9 0.9074074074074074 0.8942708333333333 0.924074074074074 0.8927083333333333 0.9314814814814815 0.8927083333333333 0.9703703703703703 0.8963541666666667 0.9861111111111112 0.9026041666666667 0.9842592592592593
3 0.8072916666666666 0.6472222222222223 0.809375 0.6425925925925926 0.8072916666666666 0.6361111111111111 0.8088541666666667 0.6138888888888889 0.80625 0.6046296296296296 0.8020833333333334 0.6074074074074074 0.8005208333333333 0.6212962962962963 0.8015625 0.6425925925925926 0.8036458333333333 0.6472222222222223 0.8072916666666666 0.6472222222222223
5 0.21666666666666667 0.674074074074074 0.20677083333333332 0.6824074074074075 0.20833333333333334 0.7129629629629629 0.21302083333333333 0.7138888888888889 0.22135416666666666 0.6842592592592592 0.21666666666666667 0.674074074074074
2 0 0.6722222222222223 0.0036458333333333334 0.6657407407407407 0.003125 0.6574074074074074 0.008854166666666666 0.6416666666666667 0.009375 0.6324074074074074 0.009375 0.6259259259259259 0.0026041666666666665 0.6027777777777777 0 0.6027777777777777 0 0.6722222222222223
5 0.26979166666666665 0.6962962962962963 0.26979166666666665 0.6842592592592592 0.2640625 0.6722222222222223 0.26666666666666666 0.6620370370370371 0.2630208333333333 0.6407407407407407 0.25885416666666666 0.637962962962963 0.2557291666666667 0.6518518518518519 0.25677083333333334 0.6706787037037036 0.25364583333333335 0.6962962962962963 0.25885416666666666 0.6990740740740741 0.26979166666666665 0.6962962962962963