4 0.3328125 0.5916666666666667 0.3265625 0.5796296296296296 0.3223958333333333 0.587037037037037 0.32395833333333335 0.6212962962962963 0.3265625 0.625 0.33489583333333334 0.6166666666666667 0.3328125 0.5916666666666667
5 0.2390625 0.6268518518518519 0.2421875 0.6074074074074074 0.2375 0.5962962962962963 0.23125 0.6046296296296296 0.23020833333333332 0.6157407407407407 0.23333333333333334 0.6388888888888888 0.2390625 0.6435185185185185 0.2390625 0.6268518518518519
4 0.4515625 0.6370370370370371 0.45989583333333334 0.6194444444444445 0.459375 0.5972222222222222 0.4552083333333333 0.587037037037037 0.4510416666666667 0.587037037037037 0.4479166666666667 0.5953703703703703 0.4473958333333333 0.6074074074074074 0.4505208333333333 0.6222222222222222 0.44947916666666665 0.6351851851851852 0.4515625 0.6370370370370371
4 0.29375 0.6805555555555556 0.29791666666666666 0.6796296296296296 0.30052083333333335 0.6333333333333333 0.2947916666666667 0.6185185185185185 0.290625 0.6212962962962963 0.2869791666666667 0.6324074074074074 0.2859375 0.6472222222222223 0.29010416666666666 0.6592592592592592 0.29010416666666666 0.6768518518518518 0.29375 0.6805555555555556
5 0.6140625 0.55 0.6109375 0.5453703703703704 0.60625 0.5453703703703704 0.6036458333333333 0.5518518518518518 0.6067708333333334 0.5787037037037037 0.6151041666666667 0.5814814814814815 0.6140625 0.55
4 0.2 0.6074074074074074 0.19322916666666667 0.5953703703703703 0.19375 0.5981481481481481 0.1875 0.6092592592592593 0.190625 0.6435185185185185 0.19270833333333334 0.6481481481481481 0.19635416666666666 0.6472222222222223 0.2 0.6074074074074074
5 0.6369791666666667 0.65 0.6359375 0.6268518518518519 0.6375 0.6138888888888889 0.63125 0.6018518518518519 0.6265625 0.6037037037037037 0.6255208333333333 0.6074074074074074 0.625 0.6203703703703703 0.6317708333333333 0.65 0.634375 0.6537037037037037 0.6369791666666667 0.65
5 0.6625 0.6194444444444445 0.6651041666666667 0.6157407407407407 0.6635416666666667 0.6037037037037037 0.6651041666666667 0.5907407407407408 0.6625 0.575925925925926 0.6572916666666667 0.575 0.6536458333333334 0.5833333333333334 0.653125 0.5916666666666667 0.65625 0.6 0.6578125 0.6185185185185185 0.6625 0.6194444444444445
3 0.28802083333333334 0.5925925925925926 0.2916666666666667 0.587037037037037 0.28489583333333335 0.5740740740740741 0.27708333333333335 0.5814814814814815 0.2786458333333333 0.6111111111111112 0.2833333333333333 0.6222222222222222 0.28854166666666664 0.6148148148148148 0.28802083333333334 0.5925925925925926
4 0.1953125 0.5953703703703703 0.19479166666666667 0.5740740740740741 0.19010416666666666 0.562962962962963 0.1859375 0.5648148148148148 0.1828125 0.5796296296296296 0.1890625 0.5962962962962963 0.19322916666666667 0.5981481481481481 0.1953125 0.5953703703703703
3 0.7760416666666666 0.899074074074074 0.7723958333333333 0.8675925925925926 0.7770833333333333 0.8351851851851851 0.7755208333333333 0.825925925925926 0.7692708333333333 0.812962962962963 0.7645833333333333 0.8138888888888889 0.7614583333333333 0.8398148148148148 0.7619791666666667 0.8527777777777777 0.7515625 0.8675925925925926 0.7520833333333333 0.8787037037037037 0.7609375 0.8787037037037037 0.7640625 0.8972222222222223 0.7760416666666666 0.899074074074074
5 0.503125 0.5638888888888889 0.4979166666666667 0.5592592592592592 0.4942708333333333 0.5666666666666667 0.49375 0.5962962962962963 0.4979166666666667 0.6111111111111112 0.5010416666666667 0.6074074074074074 0.503125 0.5638888888888889
5 0.18125 0.612037037037037 0.18020833333333333 0.5768518518518518 0.17395833333333333 0.562962962962963 0.1703125 0.5675925925925925 0.16927083333333334 0.5805555555555556 0.17395833333333333 0.6064814814814815 0.17760416666666667 0.6129629629629629 0.18125 0.612037037037037
5 0.4114583333333333 0.6462962962962963 0.42135416666666664 0.6324074074074074 0.43333333333333335 0.6462962962962963 0.43697916666666664 0.6462962962962963 0.43802083333333336 0.6425925925925926 0.43020833333333336 0.6333333333333333 0.425 0.6083333333333333 0.4197916666666667 0.6 0.4171875 0.6027777777777777 0.4171875 0.6194444444444445 0.40625 0.6416666666666667 0.40625 0.6462962962962963 0.4114583333333333 0.6462962962962963
4 0.29270833333333335 0.5462962962962963 0.290625 0.5416666666666666 0.2859375 0.5398148148148149 0.2828125 0.5518518518518518 0.2828125 0.5731481481481482 0.28854166666666664 0.5768518518518518 0.29322916666666665 0.5712962962962963 0.29270833333333335 0.5462962962962963
4 0.15989583333333332 0.5916666666666667 0.15416666666666667 0.5805555555555556 0.14947916666666666 0.5898148148148148 0.15052083333333333 0.6064814814814815 0.15833333333333333 0.6296296296296297 0.1609375 0.6240740740740741 0.15989583333333332 0.5916666666666667
5 0.30833333333333335 0.5361111111111111 0.30625 0.5305555555555556 0.3 0.5407407407407407 0.3 0.5611111111111111 0.3026041666666667 0.5703703703703704 0.30625 0.5694444444444444 0.30833333333333335 0.5361111111111111
0 0.4119791666666667 0.6388888888888888 0.40677083333333336 0.6398148148148148 0.40572916666666664 0.6462962962962963 0.40729166666666666 0.649074074074074 0.41354166666666664 0.6416666666666667 0.4119791666666667 0.6388888888888888
3 0.24947916666666667 0.524074074074074 0.24427083333333333 0.5212962962962963 0.23958333333333334 0.5314814814814814 0.23802083333333332 0.5564814814814815 0.24791666666666667 0.5592592592592592 0.25052083333333336 0.537962962962963 0.24947916666666667 0.524074074074074
4 0.3932291666666667 0.6074074074074074 0.3953125 0.6037037037037037 0.3958333333333333 0.575925925925926 0.3921875 0.5638888888888889 0.3880208333333333 0.5638888888888889 0.38645833333333335 0.5722222222222222 0.3875 0.5907407407407408 0.390625 0.6055555555555555 0.3932291666666667 0.6074074074074074
5 0.40989583333333335 0.5953703703703703 0.40520833333333334 0.5675925925925925 0.4015625 0.5666666666666667 0.3984375 0.575 0.4010416666666667 0.5944444444444444 0.39895833333333336 0.6083333333333333 0.4010416666666667 0.6111111111111112 0.40989583333333335 0.5953703703703703
5 0.4822916666666667 0.7231481481481481 0.484375 0.7203703703703703 0.484375 0.6925925925925925 0.4765625 0.6703703703703704 0.471875 0.6685185185185185 0.4713541666666667 0.6851851851851852 0.4744791666666667 0.7064814814814815 0.47760416666666666 0.7203703703703703 0.4822916666666667 0.7231481481481481
3 0.5880208333333333 0.5666666666666667 0.5901041666666667 0.5638888888888889 0.59375 0.5351851851851852 0.5916666666666667 0.5287037037037037 0.5864583333333333 0.5259259259259259 0.5817708333333333 0.5287037037037037 0.5802083333333333 0.5361111111111111 0.5796875 0.5481481481481482 0.5838541666666667 0.5592592592592592 0.5833333333333334 0.5657407407407408 0.5880208333333333 0.5666666666666667