4 0.68125 0.6537037037037037 0.6854166666666667 0.6537037037037037 0.6911458333333333 0.6462962962962963 0.6911458333333333 0.6212962962962963 0.6854166666666667 0.6092592592592593 0.68125 0.6129629629629629 0.6796875 0.6185185185185185 0.6817708333333333 0.6314814814814815 0.6802083333333333 0.65 0.68125 0.6537037037037037
5 0.5140625 0.6462962962962963 0.5135416666666667 0.637962962962963 0.5067708333333333 0.6314814814814815 0.5026041666666666 0.6351851851851852 0.5026041666666666 0.6527777777777778 0.5057291666666667 0.6648148148148149 0.5098958333333333 0.6703703703703704 0.5140625 0.6462962962962963
4 0.6291666666666667 0.7240740740740741 0.6270833333333333 0.7111111111111111 0.6302083333333334 0.6972222222222222 0.6276041666666666 0.6787037037037037 0.6244791666666667 0.6722222222222223 0.6213541666666667 0.6731481481481482 0.61875 0.6981481481481482 0.6208333333333333 0.7296296296296296 0.6239583333333333 0.7314814814814815 0.6291666666666667 0.7240740740740741
5 0.765625 0.5907407407407408 0.7604166666666666 0.5787037037037037 0.75625 0.5861111111111111 0.75625 0.6111111111111112 0.7635416666666667 0.6194444444444445 0.7661458333333333 0.6148148148148148 0.765625 0.5907407407407408
5 0.6791666666666667 0.5990740740740741 0.6734375 0.5777777777777777 0.6708333333333333 0.5740740740740741 0.6661458333333333 0.575925925925926 0.665625 0.6111111111111112 0.6697916666666667 0.612037037037037 0.678125 0.6064814814814815 0.6791666666666667 0.5990740740740741
5 0.41510416666666666 0.5916666666666667 0.4114583333333333 0.5888888888888889 0.4078125 0.5935185185185186 0.409375 0.6259259259259259 0.4119791666666667 0.6287037037037037 0.421875 0.6148148148148148 0.41510416666666666 0.5916666666666667
3 0.5057291666666667 0.6111111111111112 0.5020833333333333 0.6018518518518519 0.5020833333333333 0.5833333333333334 0.5 0.5777777777777777 0.4953125 0.5787037037037037 0.49322916666666666 0.5916666666666667 0.49114583333333334 0.6185185185185185 0.49375 0.6222222222222222 0.49635416666666665 0.6111111111111112 0.5057291666666667 0.6111111111111112
5 0.5333333333333333 0.6027777777777777 0.5291666666666667 0.5777777777777777 0.5239583333333333 0.5768518518518518 0.5244791666666667 0.6129629629629629 0.5354166666666667 0.6111111111111112 0.5359375 0.6064814814814815 0.5333333333333333 0.6027777777777777
4 0.4661458333333333 0.6259259259259259 0.46822916666666664 0.6231481481481481 0.46875 0.6148148148148148 0.4661458333333333 0.5925925925925926 0.459375 0.5824074074074074 0.45677083333333335 0.5851851851851851 0.4552083333333333 0.5925925925925926 0.4583333333333333 0.612037037037037 0.46145833333333336 0.6222222222222222 0.4661458333333333 0.6259259259259259
4 0.2708333333333333 0.6842592592592592 0.2755208333333333 0.6777777777777778 0.27291666666666664 0.6472222222222223 0.2677083333333333 0.6361111111111111 0.2635416666666667 0.6370370370370371 0.26145833333333335 0.6462962962962963 0.2609375 0.6537037037037037 0.26614583333333336 0.6796296296296296 0.2671875 0.6833333333333333 0.2708333333333333 0.6842592592592592
4 0.6223958333333334 0.6083333333333333 0.6151041666666667 0.5851851851851851 0.6109375 0.5777777777777777 0.6072916666666667 0.5768518518518518 0.6078125 0.6148148148148148 0.6114583333333333 0.6166666666666667 0.6171875 0.6083333333333333 0.6223958333333334 0.6083333333333333
4 0.8416666666666667 0.6287037037037037 0.8416666666666667 0.6064814814814815 0.8359375 0.5916666666666667 0.8286458333333333 0.5888888888888889 0.8276041666666667 0.5935185185185186 0.8317708333333333 0.6268518518518519 0.8333333333333334 0.6296296296296297 0.8416666666666667 0.6287037037037037
5 0.31927083333333334 0.6666666666666666 0.3182291666666667 0.6453703703703704 0.31145833333333334 0.6435185185185185 0.3078125 0.6611111111111111 0.30885416666666665 0.6972222222222222 0.3098958333333333 0.700925925925926 0.3145833333333333 0.7027777777777777 0.31927083333333334 0.6666666666666666
5 0.5932291666666667 0.6074074074074074 0.5880208333333333 0.5907407407407408 0.584375 0.5944444444444444 0.5854166666666667 0.6212962962962963 0.5880208333333333 0.6277777777777778 0.5927083333333333 0.6212962962962963 0.5932291666666667 0.6074074074074074
5 0.3296875 0.5925925925925926 0.3260416666666667 0.5861111111111111 0.32135416666666666 0.587037037037037 0.32083333333333336 0.5962962962962963 0.3265625 0.6185185185185185 0.33177083333333335 0.6185185185185185 0.3296875 0.5925925925925926
4 0.3182291666666667 0.6537037037037037 0.31979166666666664 0.65 0.3151041666666667 0.6370370370370371 0.31614583333333335 0.6259259259259259 0.3140625 0.6185185185185185 0.3104166666666667 0.612037037037037 0.3026041666666667 0.6111111111111112 0.30052083333333335 0.6148148148148148 0.30052083333333335 0.6305555555555555 0.30885416666666665 0.6416666666666667 0.3104166666666667 0.6537037037037037 0.3182291666666667 0.6537037037037037
4 0.8026041666666667 0.6148148148148148 0.8036458333333333 0.5833333333333334 0.7989583333333333 0.575925925925926 0.7942708333333334 0.5787037037037037 0.7932291666666667 0.5925925925925926 0.796875 0.6111111111111112 0.7984375 0.6157407407407407 0.8026041666666667 0.6148148148148148
4 0.3020833333333333 0.7092592592592593 0.30052083333333335 0.6666666666666666 0.2984375 0.6638888888888889 0.2953125 0.6657407407407407 0.2911458333333333 0.6768518518518518 0.2942708333333333 0.7027777777777777 0.29270833333333335 0.7166666666666667 0.2994791666666667 0.7222222222222222 0.3020833333333333 0.7092592592592593
0 0.5802083333333333 0.6657407407407407 0.5755208333333334 0.6675925925925926 0.5755208333333334 0.6777777777777778 0.5802083333333333 0.6777777777777778 0.5828125 0.6731481481481482 0.5802083333333333 0.6657407407407407
5 0.2916666666666667 0.6611111111111111 0.29010416666666666 0.6231481481481481 0.2875 0.6185185185185185 0.2838541666666667 0.6203703703703703 0.28125 0.6259259259259259 0.28125 0.6472222222222223 0.2864583333333333 0.6583333333333333 0.2916666666666667 0.6611111111111111
5 0.30520833333333336 0.6148148148148148 0.2989583333333333 0.6037037037037037 0.2947916666666667 0.6074074074074074 0.296875 0.6416666666666667 0.3020833333333333 0.6444444444444445 0.30520833333333336 0.6342592592592593 0.30520833333333336 0.6148148148148148
4 0.2734375 0.6074074074074074 0.26979166666666665 0.6055555555555555 0.2635416666666667 0.6185185185185185 0.2630208333333333 0.6407407407407407 0.26979166666666665 0.6398148148148148 0.275 0.6240740740740741 0.2734375 0.6074074074074074
4 0.36875 0.575 0.3729166666666667 0.5768518518518518 0.3776041666666667 0.5518518518518518 0.378125 0.5370370370370371 0.3765625 0.5333333333333333 0.3729166666666667 0.5342592592592592 0.36770833333333336 0.5425925925925926 0.3651041666666667 0.5481481481481482 0.3651041666666667 0.5601851851851852 0.36875 0.5666666666666667 0.36875 0.575
3 0.29739583333333336 0.5518518518518518 0.2947916666666667 0.5425925925925926 0.2911458333333333 0.5398148148148149 0.2875 0.5453703703703704 0.28854166666666664 0.575 0.2921875 0.5777777777777777 0.29739583333333336 0.5675925925925925 0.29739583333333336 0.5518518518518518