3 0.9536458333333333 0.9046296296296297 0.9640625 0.9111111111111111 0.96875 0.8601851851851852 0.9630208333333333 0.8407407407407408 0.9583333333333334 0.8379629629629629 0.9541666666666667 0.8481481481481481 0.9453125 0.8925925925925926 0.9447916666666667 0.9027777777777778 0.9479166666666666 0.9092592592592592 0.9515625 0.9101851851851852 0.9536458333333333 0.9046296296296297
4 0.5625 0.5842592592592593 0.5578125 0.5833333333333334 0.5520833333333334 0.6 0.5510416666666667 0.6222222222222222 0.5572916666666666 0.6231481481481481 0.5635416666666667 0.5953703703703703 0.5625 0.5842592592592593
4 0.6901041666666666 0.6444444444444445 0.6848958333333334 0.6509259259259259 0.6869791666666667 0.6814814814814815 0.690625 0.6851851851851852 0.6932291666666667 0.6518518518518519 0.6901041666666666 0.6444444444444445
4 0.9125 0.7694444444444445 0.9140625 0.7666666666666667 0.9125 0.7509259259259259 0.9140625 0.7314814814814815 0.9078125 0.7138888888888889 0.9036458333333334 0.7166666666666667 0.9005208333333333 0.7342592592592593 0.9072916666666667 0.7583333333333333 0.9072916666666667 0.7666666666666667 0.9125 0.7694444444444445
5 0.6822916666666666 0.7537037037037037 0.6864583333333333 0.7490740740740741 0.6854166666666667 0.7287037037037037 0.6796875 0.7166666666666667 0.6734375 0.7157407407407408 0.6723958333333333 0.7333333333333333 0.6744791666666666 0.7472222222222222 0.6776041666666667 0.7527777777777778 0.6822916666666666 0.7537037037037037
4 0.7010416666666667 0.7685185185185185 0.7005208333333334 0.7518518518518519 0.6963541666666667 0.7351851851851852 0.6901041666666666 0.7296296296296296 0.684375 0.7324074074074074 0.6838541666666667 0.7398148148148148 0.6864583333333333 0.75 0.696875 0.7685185185185185 0.7010416666666667 0.7685185185185185
5 0.5197916666666667 0.7240740740740741 0.5151041666666667 0.7222222222222222 0.5109375 0.7314814814814815 0.5088541666666667 0.7435185185185185 0.5098958333333333 0.7703703703703704 0.5151041666666667 0.775 0.5197916666666667 0.7240740740740741
5 0.5161458333333333 0.6574074074074074 0.5130208333333334 0.6527777777777778 0.5083333333333333 0.662962962962963 0.5078125 0.6925925925925925 0.5140625 0.6953703703703704 0.5161458333333333 0.6925925925925925 0.5161458333333333 0.6574074074074074
4 0.41510416666666666 0.6694444444444444 0.4125 0.6620370370370371 0.4078125 0.6638888888888889 0.40520833333333334 0.6712962962962963 0.40572916666666664 0.6851851851851852 0.4119791666666667 0.7055555555555556 0.4192708333333333 0.7064814814814815 0.41510416666666666 0.6694444444444444
5 0.3984375 0.6990740740740741 0.39479166666666665 0.6620370370370371 0.3921875 0.6592592592592592 0.3885416666666667 0.6657407407407407 0.3885416666666667 0.7 0.3927083333333333 0.7055555555555556 0.3963541666666667 0.7046296296296296 0.3984375 0.6990740740740741
4 0.44114583333333335 0.6212962962962963 0.4354166666666667 0.6231481481481481 0.43385416666666665 0.6296296296296297 0.43385416666666665 0.6537037037037037 0.4395833333333333 0.6601851851851852 0.4432291666666667 0.6453703703703704 0.44114583333333335 0.6212962962962963
5 0.7598958333333333 0.7287037037037037 0.7666666666666667 0.7277777777777777 0.7671875 0.7324074074074074 0.7713541666666667 0.7333333333333333 0.7708333333333334 0.6972222222222222 0.7661458333333333 0.6907407407407408 0.7604166666666666 0.700925925925926 0.7604166666666666 0.7101851851851851 0.7557291666666667 0.7296296296296296 0.759375 0.7314814814814815 0.7598958333333333 0.7287037037037037
5 0.42552083333333335 0.6305555555555555 0.4234375 0.6268518518518519 0.4203125 0.6277777777777778 0.41875 0.6342592592592593 0.4192708333333333 0.6601851851851852 0.4234375 0.6675925925925926 0.42552083333333335 0.6657407407407407 0.42552083333333335 0.6305555555555555
4 0.44583333333333336 0.6157407407407407 0.44166666666666665 0.6129629629629629 0.4359375 0.6259259259259259 0.4354166666666667 0.6342592592592593 0.4395833333333333 0.6537037037037037 0.44583333333333336 0.6435185185185185 0.44583333333333336 0.6157407407407407
4 0.6010416666666667 0.8231481481481482 0.6026041666666667 0.8268518518518518 0.6072916666666667 0.825925925925926 0.6104166666666667 0.7777777777777778 0.6067708333333334 0.7666666666666667 0.6026041666666667 0.762962962962963 0.5958333333333333 0.7787037037037037 0.5963541666666666 0.7962962962962963 0.5932291666666667 0.8222222222222222 0.5953125 0.825925925925926 0.6010416666666667 0.8231481481481482
5 0.34322916666666664 0.7555555555555555 0.3421875 0.7462962962962963 0.34427083333333336 0.7212962962962963 0.33958333333333335 0.7194444444444444 0.3338541666666667 0.7333333333333333 0.3328125 0.7592592592592593 0.3338541666666667 0.7648148148148148 0.3375 0.7657407407407407 0.34322916666666664 0.7555555555555555
5 0.5572916666666666 0.6222222222222222 0.553125 0.6157407407407407 0.5484375 0.6148148148148148 0.546875 0.6240740740740741 0.546875 0.6481481481481481 0.5536458333333333 0.65 0.5541666666666667 0.6268518518518519 0.5572916666666666 0.6222222222222222
3 0.49583333333333335 0.6888888888888889 0.49583333333333335 0.6685185185185185 0.4942708333333333 0.6657407407407407 0.4901041666666667 0.6703703703703704 0.48854166666666665 0.6824074074074075 0.4875 0.7129629629629629 0.4901041666666667 0.7175925925925926 0.49375 0.7148148148148148 0.49583333333333335 0.6888888888888889
4 0.7505208333333333 0.6361111111111111 0.7447916666666666 0.6277777777777778 0.7401041666666667 0.6342592592592593 0.7390625 0.649074074074074 0.7416666666666667 0.6638888888888889 0.7479166666666667 0.6657407407407407 0.7505208333333333 0.6361111111111111
2 0.1859375 0.6546296296296297 0.1890625 0.6416666666666667 0.1859375 0.6212962962962963 0.18177083333333333 0.6222222222222222 0.17864583333333334 0.6296296296296297 0.178125 0.6444444444444445 0.18125 0.6657407407407407 0.18645833333333334 0.6611111111111111 0.1859375 0.6546296296296297
3 0.7520833333333333 0.6277777777777778 0.7552083333333334 0.6259259259259259 0.75625 0.6055555555555555 0.7515625 0.5935185185185186 0.75 0.5962962962962963 0.7473958333333334 0.6027777777777777 0.7473958333333334 0.6111111111111112 0.7489583333333333 0.6240740740740741 0.7520833333333333 0.6277777777777778
4 0.3541666666666667 0.8157407407407408 0.3567708333333333 0.812037037037037 0.35989583333333336 0.812962962962963 0.3625 0.8231481481481482 0.365625 0.825 0.36666666666666664 0.8157407407407408 0.3645833333333333 0.7972222222222223 0.36614583333333334 0.7851851851851852 0.3614583333333333 0.7703703703703704 0.3572916666666667 0.7694444444444445 0.35104166666666664 0.7842592592592592 0.34739583333333335 0.825925925925926 0.3489583333333333 0.8287037037037037 0.35260416666666666 0.8268518518518518 0.3541666666666667 0.8157407407407408
3 0.5015625 0.6111111111111112 0.5020833333333333 0.5944444444444444 0.4973958333333333 0.5861111111111111 0.4921875 0.5916666666666667 0.4947916666666667 0.6101851851851852 0.4979166666666667 0.6129629629629629 0.5015625 0.6111111111111112
5 0.6307291666666667 0.6481481481481481 0.6265625 0.6472222222222223 0.6234375 0.6574074074074074 0.625 0.6675925925925926 0.6229166666666667 0.6805555555555556 0.6328125 0.6814814814814815 0.6307291666666667 0.6481481481481481
0 0.6833333333333333 0.762962962962963 0.678125 0.762962962962963 0.6776041666666667 0.7712962962962963 0.6817708333333333 0.7731481481481481 0.684375 0.7666666666666667 0.6833333333333333 0.762962962962963