5 0.403125 0.5944444444444444 0.40208333333333335 0.6046296296296296 0.40572916666666664 0.6074074074074074 0.4088541666666667 0.600925925925926 0.4088541666666667 0.5814814814814815 0.41354166666666664 0.5712962962962963 0.40729166666666666 0.5518518518518518 0.4041666666666667 0.549074074074074 0.4005208333333333 0.5592592592592592 0.4 0.575925925925926 0.403125 0.5944444444444444
4 0.6708333333333333 0.6611111111111111 0.684375 0.6611111111111111 0.6864583333333333 0.6527777777777778 0.6817708333333333 0.6388888888888888 0.6828125 0.6027777777777777 0.6770833333333334 0.5925925925925926 0.6739583333333333 0.6046296296296296 0.6739583333333333 0.6444444444444445 0.6708333333333333 0.6611111111111111
3 0.15833333333333333 0.575925925925926 0.159375 0.5574074074074075 0.16354166666666667 0.549074074074074 0.16145833333333334 0.5277777777777778 0.1578125 0.5194444444444445 0.15416666666666667 0.5175925925925926 0.153125 0.5231481481481481 0.14635416666666667 0.5314814814814814 0.1453125 0.5722222222222222 0.15833333333333333 0.575925925925926
5 0.49375 0.5601851851851852 0.4979166666666667 0.5648148148148148 0.5026041666666666 0.5638888888888889 0.5046875 0.5564814814814815 0.5020833333333333 0.5462962962962963 0.5015625 0.512962962962963 0.4973958333333333 0.5101851851851852 0.4942708333333333 0.5194444444444445 0.49270833333333336 0.5361111111111111 0.49375 0.5601851851851852
4 0.603125 0.6555555555555556 0.6078125 0.6074074074074074 0.5994791666666667 0.5898148148148148 0.59375 0.6092592592592593 0.5932291666666667 0.6537037037037037 0.603125 0.6555555555555556
5 0.1328125 0.587037037037037 0.13854166666666667 0.5898148148148148 0.1421875 0.5814814814814815 0.14583333333333334 0.5796296296296296 0.14479166666666668 0.575 0.15 0.5601851851851852 0.14895833333333333 0.5361111111111111 0.14635416666666667 0.5314814814814814 0.14375 0.5351851851851852 0.1359375 0.5333333333333333 0.13229166666666667 0.5425925925925926 0.13072916666666667 0.5611111111111111 0.1328125 0.587037037037037
0 0.4510416666666667 0.6666666666666666 0.45416666666666666 0.6583333333333333 0.45364583333333336 0.6537037037037037 0.4510416666666667 0.6481481481481481 0.4479166666666667 0.6509259259259259 0.446875 0.6574074074074074 0.4510416666666667 0.6666666666666666
4 0.6203125 0.7861111111111111 0.6276041666666666 0.7870370370370371 0.6302083333333334 0.7759259259259259 0.6348958333333333 0.7814814814814814 0.6348958333333333 0.7870370370370371 0.6385416666666667 0.7888888888888889 0.6421875 0.7694444444444445 0.6458333333333334 0.7222222222222222 0.6385416666666667 0.6990740740740741 0.6302083333333334 0.7157407407407408 0.6276041666666666 0.7564814814814815 0.6203125 0.7861111111111111
5 0.43333333333333335 0.6111111111111112 0.4354166666666667 0.6083333333333333 0.434375 0.600925925925926 0.43854166666666666 0.5601851851851852 0.4354166666666667 0.5462962962962963 0.4317708333333333 0.5462962962962963 0.428125 0.5555555555555556 0.42864583333333334 0.6083333333333333 0.43333333333333335 0.6111111111111112
4 0.4864583333333333 0.6666666666666666 0.48854166666666665 0.6648148148148149 0.4901041666666667 0.6546296296296297 0.49166666666666664 0.6138888888888889 0.4859375 0.5972222222222222 0.4822916666666667 0.600925925925926 0.4791666666666667 0.6111111111111112 0.4817708333333333 0.6648148148148149 0.4864583333333333 0.6666666666666666
4 0.7989583333333333 0.625 0.8010416666666667 0.6222222222222222 0.8020833333333334 0.6111111111111112 0.8026041666666667 0.575 0.7984375 0.562962962962963 0.7942708333333334 0.5638888888888889 0.79375 0.5675925925925925 0.7901041666666667 0.6222222222222222 0.7989583333333333 0.625
5 0.4588541666666667 0.6101851851851852 0.45989583333333334 0.6037037037037037 0.45729166666666665 0.5907407407407408 0.4578125 0.5601851851851852 0.4557291666666667 0.5444444444444444 0.4484375 0.5444444444444444 0.44947916666666665 0.5481481481481482 0.44635416666666666 0.5583333333333333 0.446875 0.6074074074074074 0.4588541666666667 0.6101851851851852
4 0.6416666666666667 0.6574074074074074 0.65 0.6675925925925926 0.6526041666666667 0.6601851851851852 0.6526041666666667 0.6435185185185185 0.6557291666666667 0.6296296296296297 0.6546875 0.612037037037037 0.6505208333333333 0.6018518518518519 0.6447916666666667 0.6018518518518519 0.6458333333333334 0.6185185185185185 0.6427083333333333 0.6268518518518519 0.6432291666666666 0.6509259259259259 0.6416666666666667 0.6574074074074074
3 0.16927083333333334 0.5324074074074074 0.17447916666666666 0.5370370370370371 0.178125 0.5324074074074074 0.1796875 0.5148148148148148 0.1765625 0.4935185185185185 0.16979166666666667 0.47962962962962963 0.16510416666666666 0.4824074074074074 0.165625 0.5083333333333333 0.16927083333333334 0.5324074074074074
5 0.4791666666666667 0.5722222222222222 0.48125 0.5685185185185185 0.4796875 0.512962962962963 0.4739583333333333 0.5138888888888888 0.4703125 0.5277777777777778 0.4713541666666667 0.5712962962962963 0.4791666666666667 0.5722222222222222
5 0.4744791666666667 0.5657407407407408 0.4791666666666667 0.5481481481481482 0.47760416666666666 0.5166666666666667 0.4765625 0.512962962962963 0.47291666666666665 0.5120370370370371 0.46979166666666666 0.5203703703703704 0.46927083333333336 0.5518518518518518 0.4744791666666667 0.5657407407407408
4 0.5880208333333333 0.6092592592592593 0.5869791666666667 0.6296296296296297 0.5921875 0.6324074074074074 0.6005208333333333 0.5851851851851851 0.5953125 0.5694444444444444 0.590625 0.5722222222222222 0.5848958333333333 0.5953703703703703 0.5880208333333333 0.6092592592592593
4 0.6098958333333333 0.5648148148148148 0.6083333333333333 0.5796296296296296 0.61875 0.5814814814814815 0.6203125 0.5796296296296296 0.6197916666666666 0.5370370370370371 0.6166666666666667 0.5277777777777778 0.6104166666666667 0.5277777777777778 0.6067708333333334 0.5518518518518518 0.6098958333333333 0.5648148148148148
3 0.4322916666666667 0.525 0.4322916666666667 0.5361111111111111 0.43645833333333334 0.5407407407407407 0.4390625 0.5361111111111111 0.43854166666666666 0.5166666666666667 0.440625 0.5055555555555555 0.4390625 0.4898148148148148 0.4354166666666667 0.4861111111111111 0.42864583333333334 0.49722222222222223 0.42864583333333334 0.5138888888888888 0.4322916666666667 0.525