2 0.9192708333333334 0.6296296296296297 0.9213541666666667 0.637962962962963 0.9197916666666667 0.6537037037037037 0.9328125 0.6555555555555556 0.9328125 0.6240740740740741 0.9286458333333333 0.6083333333333333 0.9213541666666667 0.6074074074074074 0.9208333333333333 0.6132712962962963 0.915625 0.6222222222222222 0.9151041666666667 0.6305555555555555 0.9192708333333334 0.6296296296296297
4 0.3203125 0.612037037037037 0.31979166666666664 0.5861111111111111 0.3145833333333333 0.5777777777777777 0.3104166666666667 0.5833333333333334 0.3140625 0.6129629629629629 0.3203125 0.612037037037037
4 0.35520833333333335 0.65 0.35572916666666665 0.6435185185185185 0.3484375 0.6175925925925926 0.3453125 0.6101851851851852 0.3416666666666667 0.6092592592592593 0.34270833333333334 0.65 0.35520833333333335 0.65
5 0.8682291666666667 0.6462962962962963 0.8682291666666667 0.6574074074074074 0.8729166666666667 0.6703703703703704 0.8765625 0.6703703703703704 0.878125 0.6537037037037037 0.8755208333333333 0.6398148148148148 0.86875 0.6259259259259259 0.865625 0.6296296296296297 0.8645833333333334 0.637962962962963 0.8682291666666667 0.6462962962962963
4 0.5625 0.6564814814814814 0.56875 0.6694444444444444 0.5723958333333333 0.6712962962962963 0.5734375 0.6564814814814814 0.5697916666666667 0.6398148148148148 0.5640625 0.6296296296296297 0.5604166666666667 0.6287037037037037 0.5598958333333334 0.6444444444444445 0.5625 0.6564814814814814
5 0.6421875 0.6685185185185185 0.6453125 0.6583333333333333 0.6557291666666667 0.6648148148148149 0.65625 0.6592592592592592 0.6526041666666667 0.6555555555555556 0.6427083333333333 0.6287037037037037 0.6380208333333334 0.6296296296296297 0.6380208333333334 0.6685185185185185 0.6421875 0.6685185185185185
4 0.5911458333333334 0.7462962962962963 0.5989583333333334 0.7481481481481481 0.6005208333333333 0.7398148148148148 0.5984375 0.712037037037037 0.590625 0.6888888888888889 0.5859375 0.6888888888888889 0.5875 0.725 0.5911458333333334 0.7462962962962963
5 0.8177083333333334 0.7509259259259259 0.821875 0.7407407407407407 0.8255208333333334 0.7416666666666667 0.8333333333333334 0.7564814814814815 0.8354166666666667 0.7555555555555555 0.8364583333333333 0.75 0.8276041666666667 0.725925925925926 0.8265625 0.7129629629629629 0.81875 0.7027777777777777 0.8145833333333333 0.7074074074074074 0.8135416666666667 0.7212962962962963 0.8177083333333334 0.7509259259259259
5 0.7125 0.6185185185185185 0.7208333333333333 0.6185185185185185 0.721875 0.612037037037037 0.71875 0.6037037037037037 0.7182291666666667 0.5916666666666667 0.7130208333333333 0.5842592592592593 0.7098958333333333 0.5879629629629629 0.7088541666666667 0.5953703703703703 0.7125 0.6185185185185185
5 0.015104166666666667 0.7129629629629629 0.019791666666666666 0.7166666666666667 0.030729166666666665 0.6898148148148148 0.03125 0.6694444444444444 0.029166666666666667 0.6601851851851852 0.020833333333333332 0.674074074074074 0.017708333333333333 0.6907407407407408 0.018229166666666668 0.7018518518518518 0.015104166666666667 0.7129629629629629
5 0.3104166666666667 0.6972222222222222 0.31614583333333335 0.6962962962962963 0.3177083333333333 0.6925925925925925 0.31302083333333336 0.6787037037037037 0.3140625 0.6611111111111111 0.3078125 0.6509259259259259 0.3046875 0.6518518518518519 0.3067708333333333 0.6842592592592592 0.3104166666666667 0.6972222222222222
4 0.65 0.6064814814814815 0.6526041666666667 0.6101851851851852 0.6552083333333333 0.6259259259259259 0.6635416666666667 0.6268518518518519 0.6635416666666667 0.6148148148148148 0.6609375 0.6083333333333333 0.6598958333333333 0.5953703703703703 0.6515625 0.5888888888888889 0.65 0.5898148148148148 0.65 0.6064814814814815
5 0.4234375 0.6074074074074074 0.42916666666666664 0.6101851851851852 0.43125 0.6074074074074074 0.43125 0.600925925925926 0.42916666666666664 0.5962962962962963 0.42864583333333334 0.5833333333333334 0.4239583333333333 0.575 0.42083333333333334 0.5805555555555556 0.4203125 0.5888888888888889 0.4234375 0.6074074074074074
4 0.7354166666666667 0.6611111111111111 0.7348958333333333 0.6814814814814815 0.7364583333333333 0.6851851851851852 0.7401041666666667 0.6851851851851852 0.7473958333333334 0.6777777777777778 0.7489583333333333 0.6703703703703704 0.7442708333333333 0.6574074074074074 0.7453125 0.6537037037037037 0.7369791666666666 0.6388888888888888 0.734375 0.6398148148148148 0.7328125 0.6472222222222223 0.7354166666666667 0.6611111111111111
4 0.13489583333333333 0.6814814814814815 0.14166666666666666 0.7083333333333334 0.15208333333333332 0.7046296296296296 0.15416666666666667 0.7092592592592593 0.15833333333333333 0.7101851851851851 0.15885416666666666 0.7046296296296296 0.15364583333333334 0.6944444444444444 0.15052083333333333 0.6703703703703704 0.1421875 0.6638888888888889 0.13802083333333334 0.6657407407407407 0.13802083333333334 0.674074074074074 0.13489583333333333 0.6814814814814815
3 0.0640625 0.5935185185185186 0.0609375 0.5703703703703704 0.05260416666666667 0.5657407407407408 0.05416666666666667 0.5916666666666667 0.0640625 0.5935185185185186
5 0.42291666666666666 0.6583333333333333 0.4328125 0.6574074074074074 0.434375 0.6509259259259259 0.428125 0.6342592592592593 0.4197916666666667 0.6185185185185185 0.4171875 0.6203703703703703 0.4161458333333333 0.6231481481481481 0.42291666666666666 0.6583333333333333
5 0.1578125 0.6027777777777777 0.15572916666666667 0.5879629629629629 0.15052083333333333 0.575925925925926 0.14791666666666667 0.575925925925926 0.14427083333333332 0.587037037037037 0.14635416666666667 0.6074074074074074 0.1578125 0.6027777777777777
4 0.1390625 0.6583333333333333 0.14427083333333332 0.6314814814814815 0.14322916666666666 0.6129629629629629 0.13802083333333334 0.6111111111111112 0.13385416666666666 0.6231481481481481 0.134375 0.6574074074074074 0.1390625 0.6583333333333333
4 0.051041666666666666 0.6407407407407407 0.06041666666666667 0.6398148148148148 0.06041666666666667 0.6185185185185185 0.0578125 0.6064814814814815 0.052083333333333336 0.6018518518518519 0.046875 0.6111111111111112 0.046875 0.6222222222222222 0.051041666666666666 0.6407407407407407
3 0.18958333333333333 0.5833333333333334 0.19270833333333334 0.5796296296296296 0.19114583333333332 0.5638888888888889 0.19375 0.5518518518518518 0.19010416666666666 0.5444444444444444 0.18489583333333334 0.5472222222222223 0.18541666666666667 0.575925925925926 0.18958333333333333 0.5833333333333334
3 0.40520833333333334 0.6731481481481482 0.4078125 0.6759259259259259 0.4119791666666667 0.6666666666666666 0.40989583333333335 0.6425925925925926 0.4036458333333333 0.6268518518518519 0.4 0.6287037037037037 0.39895833333333336 0.6462962962962963 0.40520833333333334 0.6731481481481482
5 0.034375 0.6611111111111111 0.0375 0.6546296296296297 0.04010416666666667 0.6351851851851852 0.03958333333333333 0.6222222222222222 0.03697916666666667 0.6157407407407407 0.0328125 0.6148148148148148 0.0296875 0.6259259259259259 0.027604166666666666 0.6592592592592592 0.034375 0.6611111111111111