4 0.3578125 0.6675925925925926 0.36041666666666666 0.6648148148148149 0.3619791666666667 0.6342592592592593 0.35833333333333334 0.6259259259259259 0.35625 0.6259259259259259 0.35208333333333336 0.6361111111111111 0.353125 0.662962962962963 0.3578125 0.6675925925925926
5 0.1578125 0.7231481481481481 0.159375 0.7212962962962963 0.1578125 0.6768518518518518 0.15416666666666667 0.6768518518518518 0.15104166666666666 0.6851851851851852 0.14947916666666666 0.7203703703703703 0.1578125 0.7231481481481481
3 0.4140625 0.8138888888888889 0.4161458333333333 0.8148148148148148 0.42552083333333335 0.8046296296296296 0.428125 0.8138888888888889 0.43125 0.8092592592592592 0.4239583333333333 0.7805555555555556 0.4270833333333333 0.762962962962963 0.42604166666666665 0.7564814814814815 0.4197916666666667 0.7425925925925926 0.4161458333333333 0.7435185185185185 0.41510416666666666 0.7472222222222222 0.41302083333333334 0.7611111111111111 0.4140625 0.8138888888888889
5 0.48541666666666666 0.8268518518518518 0.48854166666666665 0.8351851851851851 0.49114583333333334 0.8361111111111111 0.49375 0.8342592592592593 0.4984375 0.8175925925925925 0.5036458333333333 0.7787037037037037 0.4979166666666667 0.7787037037037037 0.4895833333333333 0.8 0.4901041666666667 0.8111111111111111 0.48541666666666666 0.8268518518518518
5 0.5859375 0.7712962962962963 0.5958333333333333 0.7796296296296297 0.5963541666666666 0.7518518518518519 0.6005208333333333 0.7361111111111112 0.5953125 0.7203703703703703 0.5911458333333334 0.725925925925926 0.5869791666666667 0.7453703703703703 0.5890625 0.7574074074074074 0.5859375 0.7712962962962963
4 0.7796875 0.7509259259259259 0.784375 0.7555555555555555 0.7854166666666667 0.7490740740740741 0.7822916666666667 0.7342592592592593 0.784375 0.712037037037037 0.775 0.700925925925926 0.7723958333333333 0.7194444444444444 0.7713541666666667 0.7509259259259259 0.7796875 0.7509259259259259
4 0.8119791666666667 0.8490740740740741 0.8125 0.8564814814814815 0.821875 0.8574074074074074 0.8182291666666667 0.837037037037037 0.8192708333333333 0.8148148148148148 0.8171875 0.7981481481481482 0.8109375 0.7851851851851852 0.8083333333333333 0.7870370370370371 0.8078125 0.7944444444444444 0.8078125 0.8388888888888889 0.8119791666666667 0.8490740740740741
5 0.384375 0.725925925925926 0.3859375 0.7212962962962963 0.3932291666666667 0.725 0.3958333333333333 0.7194444444444444 0.39427083333333335 0.6944444444444444 0.39114583333333336 0.6805555555555556 0.3880208333333333 0.6787037037037037 0.38333333333333336 0.6898148148148148 0.3802083333333333 0.725925925925926 0.384375 0.725925925925926
4 0.20833333333333334 0.6925925925925925 0.20416666666666666 0.6611111111111111 0.20104166666666667 0.6527777777777778 0.196875 0.6537037037037037 0.19479166666666667 0.6694444444444444 0.19479166666666667 0.6962962962962963 0.20833333333333334 0.6925925925925925
5 0.08385416666666666 0.7861111111111111 0.08645833333333333 0.7814814814814814 0.090625 0.7444444444444445 0.0875 0.7240740740740741 0.0828125 0.725 0.07916666666666666 0.7416666666666667 0.078125 0.7824074074074074 0.08385416666666666 0.7861111111111111
5 0.5583333333333333 0.9037037037037037 0.5625 0.9037037037037037 0.5635416666666667 0.9 0.571875 0.9027777777777778 0.5723958333333333 0.8953703703703704 0.5635416666666667 0.8694444444444445 0.5619791666666667 0.8453703703703703 0.5567708333333333 0.8333333333333334 0.5526041666666667 0.8314814814814815 0.5484375 0.8462962962962963 0.5479166666666667 0.862037037037037 0.5583333333333333 0.9037037037037037
3 0.3958333333333333 0.6527777777777778 0.3984375 0.6537037037037037 0.4015625 0.65 0.4046875 0.6222222222222222 0.40208333333333335 0.6138888888888889 0.3958333333333333 0.6092592592592593 0.3885416666666667 0.6268518518518519 0.3958333333333333 0.6527777777777778
4 0.39947916666666666 0.7398148148148148 0.403125 0.7296296296296296 0.4078125 0.7305555555555555 0.4109375 0.7398148148148148 0.41510416666666666 0.7361111111111112 0.40989583333333335 0.7203703703703703 0.4083333333333333 0.6944444444444444 0.4041666666666667 0.687037037037037 0.4015625 0.6916666666666667 0.39739583333333334 0.7268518518518519 0.396875 0.7361111111111112 0.39947916666666666 0.7398148148148148
5 0.3234375 0.7555555555555555 0.32916666666666666 0.7555555555555555 0.328125 0.7361111111111112 0.3296875 0.7212962962962963 0.3265625 0.7 0.3229166666666667 0.7027777777777777 0.31979166666666664 0.7148148148148148 0.31927083333333334 0.7509259259259259 0.3234375 0.7555555555555555
0 0.7625 0.8675925925925926 0.7677083333333333 0.8611111111111112 0.7635416666666667 0.85 0.759375 0.85 0.7578125 0.8555555555555555 0.7567708333333333 0.8611111111111112 0.7625 0.8675925925925926
4 0.6697916666666667 0.8638888888888889 0.6682291666666667 0.875 0.671875 0.8777777777777778 0.6776041666666667 0.9074074074074074 0.6776041666666667 0.9166666666666666 0.6822916666666666 0.9185185185185185 0.6848958333333334 0.9157407407407407 0.684375 0.9064814814814814 0.6895833333333333 0.9027777777777778 0.6901041666666666 0.8953703703703704 0.6848958333333334 0.887962962962963 0.684375 0.8611111111111112 0.6796875 0.8425925925925926 0.6765625 0.8398148148148148 0.6739583333333333 0.8453703703703703 0.6729166666666667 0.8611111111111112 0.6697916666666667 0.8638888888888889
3 0.165625 0.6555555555555556 0.17135416666666667 0.637962962962963 0.171875 0.6222222222222222 0.165625 0.6111111111111112 0.16145833333333334 0.6166666666666667 0.16041666666666668 0.6231481481481481 0.16197916666666667 0.6537037037037037 0.165625 0.6555555555555556
5 0.06510416666666667 0.8944444444444445 0.06979166666666667 0.8703703703703703 0.06979166666666667 0.8185185185185185 0.06822916666666666 0.8157407407407408 0.0640625 0.8185185185185185 0.059375 0.8398148148148148 0.059375 0.8888888888888888 0.06510416666666667 0.8944444444444445
5 0.1796875 0.8148148148148148 0.18958333333333333 0.8194444444444444 0.19166666666666668 0.8175925925925925 0.19270833333333334 0.8027777777777778 0.19322916666666667 0.7546296296296297 0.1890625 0.7555555555555555 0.184375 0.7787037037037037 0.18385416666666668 0.7981481481481482 0.1796875 0.8148148148148148
4 0.4984375 0.7833333333333333 0.5130208333333334 0.8018518518518518 0.5135416666666667 0.8064814814814815 0.5177083333333333 0.8083333333333333 0.5197916666666667 0.8009259259259259 0.5171875 0.7907407407407407 0.5166666666666667 0.7694444444444445 0.509375 0.7537037037037037 0.5046875 0.7555555555555555 0.5052083333333334 0.7712962962962963 0.4984375 0.7833333333333333
4 0.17760416666666667 0.7435185185185185 0.18385416666666668 0.7398148148148148 0.18958333333333333 0.7416666666666667 0.19010416666666666 0.7351851851851852 0.1859375 0.725 0.1875 0.7083333333333334 0.1859375 0.6981481481481482 0.18072916666666666 0.6907407407407408 0.1765625 0.700925925925926 0.17447916666666666 0.7166666666666667 0.17760416666666667 0.7435185185185185
4 0.12760416666666666 0.762962962962963 0.1328125 0.7472222222222222 0.13333333333333333 0.7083333333333334 0.13125 0.700925925925926 0.1265625 0.6962962962962963 0.11979166666666667 0.7129629629629629 0.12395833333333334 0.7592592592592593 0.12760416666666666 0.762962962962963
4 0.007291666666666667 0.8777777777777778 0.013541666666666667 0.8814814814814815 0.015625 0.8777777777777778 0.019791666666666666 0.8481481481481481 0.020833333333333332 0.8055555555555556 0.015104166666666667 0.8046296296296296 0.009895833333333333 0.8240740740740741 0.009375 0.8648148148148148 0.007291666666666667 0.8777777777777778