5 0.5635416666666667 0.6611111111111111 0.5640625 0.6657407407407407 0.5692708333333333 0.6657407407407407 0.5661458333333333 0.6453703703703704 0.5682291666666667 0.6333333333333333 0.565625 0.625 0.5645833333333333 0.6064814814814815 0.5598958333333334 0.6046296296296296 0.55625 0.6194444444444445 0.5526041666666667 0.6648148148148149 0.5635416666666667 0.6611111111111111
5 0.6958333333333333 0.6777777777777778 0.7015625 0.6814814814814815 0.7067708333333333 0.6768518518518518 0.7098958333333333 0.6333333333333333 0.7046875 0.6148148148148148 0.7010416666666667 0.6148148148148148 0.6989583333333333 0.6222222222222222 0.7 0.6370370370370371 0.6958333333333333 0.6777777777777778
5 0.5114583333333333 0.6046296296296296 0.5135416666666667 0.6083333333333333 0.5177083333333333 0.6083333333333333 0.521875 0.5768518518518518 0.5197916666666667 0.5601851851851852 0.5177083333333333 0.5564814814814815 0.5135416666666667 0.5574074074074075 0.5104166666666666 0.5685185185185185 0.509375 0.5842592592592593 0.5114583333333333 0.6046296296296296
4 0.4630208333333333 0.6083333333333333 0.4666666666666667 0.6083333333333333 0.46458333333333335 0.5898148148148148 0.4671875 0.5703703703703704 0.4661458333333333 0.5583333333333333 0.4609375 0.5555555555555556 0.45625 0.562962962962963 0.45677083333333335 0.5916666666666667 0.4630208333333333 0.6083333333333333
2 0.45 0.6027777777777777 0.453125 0.6046296296296296 0.4557291666666667 0.6 0.45677083333333335 0.5555555555555556 0.4546875 0.5462962962962963 0.4505208333333333 0.5462962962962963 0.44635416666666666 0.5555555555555556 0.4484375 0.5953703703703703 0.45 0.6027777777777777
5 0.3619791666666667 0.6398148148148148 0.3609375 0.6555555555555556 0.3640625 0.6592592592592592 0.37083333333333335 0.6574074074074074 0.37395833333333334 0.6407407407407407 0.3828125 0.6305555555555555 0.3770833333333333 0.6175925925925926 0.35989583333333336 0.6231481481481481 0.35885416666666664 0.6268518518518519 0.3619791666666667 0.6398148148148148
2 0.2515625 0.6101851851851852 0.2635416666666667 0.6074074074074074 0.2609375 0.5712962962962963 0.2625 0.5518518518518518 0.25885416666666666 0.5509259259259259 0.25364583333333335 0.5601851851851852 0.2526041666666667 0.5824074074074074 0.24791666666666667 0.5981481481481481 0.24791666666666667 0.6064814814814815 0.2515625 0.6101851851851852
5 0.5354166666666667 0.5564814814814815 0.5375 0.5592592592592592 0.5411458333333333 0.5564814814814815 0.5432291666666667 0.5222222222222223 0.540625 0.5120370370370371 0.5364583333333334 0.512962962962963 0.5348958333333333 0.5370370370370371 0.5354166666666667 0.5564814814814815
3 0.5296875 0.5564814814814815 0.5359375 0.549074074074074 0.5369791666666667 0.5203703703703704 0.5333333333333333 0.5120370370370371 0.5291666666666667 0.5101851851851852 0.5270833333333333 0.512962962962963 0.5265625 0.549074074074074 0.5296875 0.5564814814814815
2 0.9703125 0.7092592592592593 0.9682291666666667 0.7129629629629629 0.9760416666666667 0.7157407407407408 0.9796875 0.7101851851851851 0.98125 0.6574074074074074 0.978125 0.6444444444444445 0.9744791666666667 0.6444444444444445 0.9723958333333333 0.6537037037037037 0.9723958333333333 0.6861111111111111 0.9703125 0.7092592592592593
5 0.9125 0.6222222222222222 0.9161458333333333 0.5907407407407408 0.9151041666666667 0.575925925925926 0.9119791666666667 0.5685185185185185 0.9057291666666667 0.5796296296296296 0.9046875 0.5944444444444444 0.9046875 0.6175925925925926 0.9125 0.6222222222222222
5 0.3723958333333333 0.6185185185185185 0.36875 0.6185185185185185 0.36875 0.6222222222222222 0.3765625 0.6333333333333333 0.3807291666666667 0.6342592592592593 0.38645833333333335 0.6222222222222222 0.3875 0.6111111111111112 0.3848958333333333 0.575 0.3807291666666667 0.5722222222222222 0.3765625 0.5851851851851851 0.3765625 0.6129629629629629 0.3723958333333333 0.6185185185185185
4 0.88125 0.6657407407407407 0.8802083333333334 0.675 0.8848958333333333 0.6777777777777778 0.8885416666666667 0.6657407407407407 0.8947916666666667 0.6648148148148149 0.896875 0.6759259259259259 0.9015625 0.6777777777777778 0.9036458333333334 0.6731481481481482 0.8984375 0.6574074074074074 0.8973958333333333 0.6407407407407407 0.9046875 0.6342592592592593 0.9 0.6333333333333333 0.8953125 0.612037037037037 0.8921875 0.612037037037037 0.8885416666666667 0.6231481481481481 0.8859375 0.6555555555555556 0.88125 0.6657407407407407
5 0.5244791666666667 0.5555555555555556 0.5270833333333333 0.5555555555555556 0.5317708333333333 0.5342592592592592 0.5307291666666667 0.5166666666666667 0.5286458333333334 0.5120370370370371 0.525 0.5120370370370371 0.521875 0.5203703703703704 0.5223958333333333 0.549074074074074 0.5244791666666667 0.5555555555555556
4 0.2671875 0.575925925925926 0.275 0.5814814814814815 0.278125 0.5768518518518518 0.27760416666666665 0.5694444444444444 0.2828125 0.5407407407407407 0.2791666666666667 0.5314814814814814 0.2708333333333333 0.5361111111111111 0.2713541666666667 0.5611111111111111 0.2671875 0.575925925925926
4 0.965625 0.6296296296296297 0.9744791666666667 0.6287037037037037 0.9760416666666667 0.5842592592592593 0.9729166666666667 0.575 0.96875 0.5740740740740741 0.9645833333333333 0.5851851851851851 0.9640625 0.6268518518518519 0.965625 0.6296296296296297
3 0.9489583333333333 0.5796296296296296 0.9526041666666667 0.5833333333333334 0.9552083333333333 0.5787037037037037 0.9588541666666667 0.5407407407407407 0.9541666666666667 0.5305555555555556 0.95 0.5370370370370371 0.9484375 0.5453703703703704 0.946875 0.5601851851851852 0.9489583333333333 0.5796296296296296