5 0.2635416666666667 0.6509259259259259 0.26510416666666664 0.6425925925925926 0.26875 0.6416666666666667 0.2755208333333333 0.6518518518518519 0.2791666666666667 0.6509259259259259 0.2786458333333333 0.6435185185185185 0.271875 0.6324074074074074 0.26614583333333336 0.6074074074074074 0.2635416666666667 0.6037037037037037 0.2609375 0.6074074074074074 0.25885416666666666 0.6509259259259259 0.2635416666666667 0.6509259259259259
5 0.6822916666666666 0.6592592592592592 0.6807291666666667 0.6694444444444444 0.6890625 0.6851851851851852 0.6932291666666667 0.6861111111111111 0.6942708333333333 0.6805555555555556 0.6901041666666666 0.6666666666666666 0.6875 0.637962962962963 0.6854166666666667 0.6314814814814815 0.6817708333333333 0.6314814814814815 0.6807291666666667 0.6370370370370371 0.6796875 0.65 0.6822916666666666 0.6592592592592592
4 0.35260416666666666 0.700925925925926 0.3541666666666667 0.7027777777777777 0.35885416666666664 0.700925925925926 0.359375 0.6925925925925925 0.3619791666666667 0.687962962962963 0.37395833333333334 0.6814814814814815 0.3723958333333333 0.6759259259259259 0.36666666666666664 0.6731481481481482 0.36614583333333334 0.6574074074074074 0.36041666666666666 0.6425925925925926 0.3567708333333333 0.6425925925925926 0.353125 0.6657407407407407 0.3546875 0.6824074074074075 0.35260416666666666 0.700925925925926
4 0.8609375 0.6944444444444444 0.8651041666666667 0.6972222222222222 0.8708333333333333 0.6861111111111111 0.8770833333333333 0.6888888888888889 0.878125 0.6851851851851852 0.8703125 0.6731481481481482 0.8703125 0.6527777777777778 0.8666666666666667 0.637962962962963 0.8640625 0.6361111111111111 0.8614583333333333 0.6425925925925926 0.8598958333333333 0.6851851851851852 0.8609375 0.6944444444444444
5 0.18072916666666666 0.7175925925925926 0.18125 0.7222222222222222 0.18541666666666667 0.7222222222222222 0.19322916666666667 0.7138888888888889 0.19895833333333332 0.6981481481481482 0.209375 0.6888888888888889 0.20885416666666667 0.6814814814814815 0.19739583333333333 0.6648148148148149 0.18802083333333333 0.6814814814814815 0.18854166666666666 0.6888888888888889 0.18072916666666666 0.7175925925925926
4 0.759375 0.6324074074074074 0.7645833333333333 0.6342592592592593 0.7697916666666667 0.6277777777777778 0.7755208333333333 0.6342592592592593 0.7770833333333333 0.6259259259259259 0.76875 0.5907407407407408 0.7651041666666667 0.5861111111111111 0.7614583333333333 0.5888888888888889 0.7625 0.5953703703703703 0.759375 0.6324074074074074
5 0.21302083333333333 0.7694444444444445 0.21145833333333333 0.7870370370370371 0.21666666666666667 0.7870370370370371 0.21927083333333333 0.7694444444444445 0.22395833333333334 0.7648148148148148 0.240625 0.7787037037037037 0.24010416666666667 0.7666666666666667 0.23177083333333334 0.7620370370370371 0.22552083333333334 0.7324074074074074 0.22083333333333333 0.7231481481481481 0.215625 0.725925925925926 0.20989583333333334 0.7361111111111112 0.20885416666666667 0.7592592592592593 0.21302083333333333 0.7694444444444445
4 0.7796875 0.8101851851851852 0.7838541666666666 0.8240740740740741 0.7864583333333334 0.8453703703703703 0.7848958333333333 0.8564814814814815 0.7911458333333333 0.8574074074074074 0.7927083333333333 0.850925925925926 0.7989583333333333 0.8425925925925926 0.8026041666666667 0.8481481481481481 0.8046875 0.8416666666666667 0.8026041666666667 0.8342592592592593 0.796875 0.8324074074074074 0.7942708333333334 0.8208333333333333 0.79375 0.7935185185185185 0.7895833333333333 0.775 0.7869791666666667 0.7712962962962963 0.7828125 0.7777777777777778 0.7833333333333333 0.7888888888888889 0.7796875 0.8101851851851852
4 0.37916666666666665 0.6148148148148148 0.3796875 0.6074074074074074 0.384375 0.6046296296296296 0.3859375 0.5990740740740741 0.38177083333333334 0.5916666666666667 0.37864583333333335 0.575925925925926 0.3729166666666667 0.5703703703703704 0.37135416666666665 0.5722222222222222 0.37395833333333334 0.612037037037037 0.37916666666666665 0.6148148148148148
5 0.7473958333333334 0.8537037037037037 0.7546875 0.8546296296296296 0.7546875 0.8416666666666667 0.759375 0.8361111111111111 0.7713541666666667 0.8425925925925926 0.7729166666666667 0.8379629629629629 0.7661458333333333 0.8287037037037037 0.7598958333333333 0.7870370370370371 0.7552083333333334 0.7712962962962963 0.7505208333333333 0.7768518518518519 0.7494791666666667 0.7981481481481482 0.7505208333333333 0.8055555555555556 0.7473958333333334 0.8537037037037037
5 0.9802083333333333 0.6944444444444444 0.9838541666666667 0.7314814814814815 0.9875 0.7333333333333333 0.990625 0.7305555555555555 0.9994791666666667 0.7351851851851852 0.9994791666666667 0.725 0.9958333333333333 0.7212962962962963 0.9916666666666667 0.7037037037037037 0.9901041666666667 0.6805555555555556 0.9822916666666667 0.662962962962963 0.978125 0.6694444444444444 0.9776041666666667 0.6916666666666667 0.9802083333333333 0.6944444444444444
5 0.45677083333333335 0.7398148148148148 0.4557291666666667 0.7333333333333333 0.46041666666666664 0.7240740740740741 0.475 0.7407407407407407 0.475 0.7324074074074074 0.46510416666666665 0.7092592592592593 0.4640625 0.6833333333333333 0.459375 0.6805555555555556 0.4546875 0.6833333333333333 0.4510416666666667 0.7175925925925926 0.4510416666666667 0.7416666666666667 0.45677083333333335 0.7398148148148148
4 0.79375 0.7462962962962963 0.7958333333333333 0.7694444444444445 0.7994791666666666 0.7712962962962963 0.8078125 0.7592592592592593 0.8125 0.7722222222222223 0.815625 0.7722222222222223 0.8166666666666667 0.7638888888888888 0.8078125 0.7388888888888889 0.8072916666666666 0.7166666666666667 0.8015625 0.7 0.7984375 0.6981481481481482 0.7963541666666667 0.700925925925926 0.7963541666666667 0.712037037037037 0.7942708333333334 0.7175925925925926 0.7963541666666667 0.7314814814814815 0.79375 0.7462962962962963
4 0.45364583333333336 0.687962962962963 0.4546875 0.6916666666666667 0.4630208333333333 0.6935185185185185 0.4666666666666667 0.6888888888888889 0.4666666666666667 0.6675925925925926 0.4625 0.6574074074074074 0.45729166666666665 0.6583333333333333 0.453125 0.6694444444444444 0.45364583333333336 0.687962962962963
3 0.5869791666666667 0.5675925925925925 0.5875 0.575925925925926 0.5953125 0.5768518518518518 0.5963541666666666 0.5722222222222222 0.6078125 0.5638888888888889 0.6083333333333333 0.5546296296296296 0.6046875 0.5416666666666666 0.5994791666666667 0.5398148148148149 0.5942708333333333 0.5324074074074074 0.5911458333333334 0.5314814814814814 0.5828125 0.5481481481481482 0.5822916666666667 0.5601851851851852 0.5869791666666667 0.5675925925925925
5 0.4828125 0.7166666666666667 0.48541666666666666 0.7555555555555555 0.490625 0.7592592592592593 0.49270833333333336 0.7407407407407407 0.4979166666666667 0.7407407407407407 0.5 0.7361111111111112 0.49583333333333335 0.7212962962962963 0.4973958333333333 0.6972222222222222 0.4875 0.6851851851851852 0.48541666666666666 0.6851851851851852 0.48385416666666664 0.6916666666666667 0.484375 0.7111111111111111 0.4828125 0.7166666666666667
4 0.5395833333333333 0.8231481481481482 0.546875 0.8240740740740741 0.5510416666666667 0.8083333333333333 0.5661458333333333 0.8101851851851852 0.565625 0.8018518518518518 0.5572916666666666 0.799074074074074 0.5546875 0.7935185185185185 0.5578125 0.7638888888888888 0.55 0.7435185185185185 0.5458333333333333 0.7462962962962963 0.5427083333333333 0.775 0.5442708333333334 0.8018518518518518 0.5395833333333333 0.8231481481481482
3 0.3296875 0.5740740740740741 0.34427083333333336 0.5722222222222222 0.3411458333333333 0.5425925925925926 0.3385416666666667 0.5361111111111111 0.3333333333333333 0.5324074074074074 0.3296875 0.5416666666666666 0.3265625 0.5416666666666666 0.3307291666666667 0.562037037037037 0.3296875 0.5740740740740741
3 0.48385416666666664 0.7314814814814815 0.4859375 0.7398148148148148 0.4901041666666667 0.7435185185185185 0.49895833333333334 0.737037037037037 0.4942708333333333 0.7296296296296296 0.4947916666666667 0.7231481481481481 0.5057291666666667 0.7231481481481481 0.5067708333333333 0.7185185185185186 0.5057291666666667 0.7148148148148148 0.5010416666666667 0.7138888888888889 0.49635416666666665 0.6814814814814815 0.49166666666666664 0.6694444444444444 0.48802083333333335 0.6675925925925926 0.4859375 0.6703703703703704 0.48333333333333334 0.687962962962963 0.48385416666666664 0.7314814814814815
4 0.20260416666666667 0.7111111111111111 0.20572916666666666 0.7240740740740741 0.20833333333333334 0.7574074074074074 0.21354166666666666 0.7601851851851852 0.2171875 0.7472222222222222 0.21822916666666667 0.7240740740740741 0.21510416666666668 0.6962962962962963 0.20885416666666667 0.6842592592592592 0.20677083333333332 0.6851851851851852 0.20208333333333334 0.6972222222222222 0.20260416666666667 0.7111111111111111
5 0.921875 0.7981481481481482 0.9291666666666667 0.8018518518518518 0.9322916666666666 0.7861111111111111 0.9385416666666667 0.7861111111111111 0.9416666666666667 0.7916666666666666 0.9427083333333334 0.8009259259259259 0.946875 0.8009259259259259 0.95 0.7944444444444444 0.9494791666666667 0.7907407407407407 0.9395833333333333 0.7731481481481481 0.9375 0.7546296296296297 0.9390625 0.7425925925925926 0.9354166666666667 0.725 0.93125 0.7222222222222222 0.928125 0.7287037037037037 0.9265625 0.7870370370370371 0.921875 0.7981481481481482
5 0.19375 0.712037037037037 0.19479166666666667 0.7212962962962963 0.19322916666666667 0.725925925925926 0.19375 0.7518518518518519 0.196875 0.7537037037037037 0.20104166666666667 0.7472222222222222 0.20833333333333334 0.7453703703703703 0.209375 0.7361111111111112 0.2046875 0.7106481481481481 0.20625 0.6907407407407408 0.20364583333333333 0.687962962962963 0.19322916666666667 0.6925925925925925 0.19114583333333332 0.7083333333333334 0.19375 0.712037037037037