5 0.2796875 0.6166666666666667 0.2791666666666667 0.6342592592592593 0.28020833333333334 0.637962962962963 0.2875 0.6398148148148148 0.28958333333333336 0.6370370370370371 0.28854166666666664 0.6175925925925926 0.2911458333333333 0.6074074074074074 0.290625 0.5990740740740741 0.2833333333333333 0.5861111111111111 0.2791666666666667 0.5916666666666667 0.27760416666666665 0.6092592592592593 0.2796875 0.6166666666666667
5 0.3171875 0.5888888888888889 0.32083333333333336 0.5907407407407408 0.3229166666666667 0.5861111111111111 0.32447916666666665 0.5555555555555556 0.31875 0.5453703703703704 0.3145833333333333 0.5555555555555556 0.3151041666666667 0.5796296296296296 0.3171875 0.5888888888888889
3 0.20208333333333334 0.6898148148148148 0.20520833333333333 0.6935185185185185 0.20885416666666667 0.6888888888888889 0.20625 0.6722222222222223 0.2140625 0.6472222222222223 0.21354166666666666 0.6388888888888888 0.20885416666666667 0.625 0.20364583333333333 0.6259259259259259 0.2 0.6537037037037037 0.19947916666666668 0.674074074074074 0.20208333333333334 0.6898148148148148
4 0.24479166666666666 0.7046296296296296 0.24791666666666667 0.687962962962963 0.2598958333333333 0.7027777777777777 0.26145833333333335 0.6953703703703704 0.25364583333333335 0.6787037037037037 0.2526041666666667 0.65 0.2484375 0.6388888888888888 0.24427083333333333 0.6425925925925926 0.23958333333333334 0.7046296296296296 0.24479166666666666 0.7046296296296296
3 0.19635416666666666 0.5564814814814815 0.20104166666666667 0.5564814814814815 0.20208333333333334 0.5398148148148149 0.2046875 0.5314814814814814 0.20104166666666667 0.5157407407407407 0.196875 0.5194444444444445 0.19427083333333334 0.5324074074074074 0.19375 0.5518518518518518 0.19635416666666666 0.5564814814814815
5 0.5369791666666667 0.6694444444444444 0.5526041666666667 0.6712962962962963 0.55 0.6222222222222222 0.5479166666666667 0.6138888888888889 0.5442708333333334 0.6111111111111112 0.5427083333333333 0.6148148148148148 0.5421875 0.6462962962962963 0.5369791666666667 0.6694444444444444
5 0.6114583333333333 0.7277777777777777 0.6140625 0.7240740740740741 0.6151041666666667 0.675 0.6109375 0.6583333333333333 0.6072916666666667 0.6583333333333333 0.6057291666666667 0.6638888888888889 0.6041666666666666 0.6972222222222222 0.6036458333333333 0.7268518518518519 0.6114583333333333 0.7277777777777777
5 0.1609375 0.625 0.16145833333333334 0.6555555555555556 0.15885416666666666 0.6620370370370371 0.16979166666666667 0.6694444444444444 0.17291666666666666 0.6648148148148149 0.16979166666666667 0.65 0.175 0.6268518518518519 0.1671875 0.612037037037037 0.1578125 0.6148148148148148 0.15677083333333333 0.6222222222222222 0.1609375 0.625
5 0.058854166666666666 0.6212962962962963 0.06145833333333333 0.6240740740740741 0.06927083333333334 0.6222222222222222 0.07291666666666667 0.6157407407407407 0.07395833333333333 0.6027777777777777 0.07239583333333334 0.5916666666666667 0.06927083333333334 0.5851851851851851 0.059375 0.5907407407407408 0.06197916666666667 0.6055555555555555 0.058854166666666666 0.6212962962962963
0 0.008333333333333333 0.674074074074074 0.016666666666666666 0.6703703703703704 0.013020833333333334 0.6592592592592592 0.0078125 0.6592592592592592 0.0067708333333333336 0.6703703703703704 0.008333333333333333 0.674074074074074
4 0.17708333333333334 0.6444444444444445 0.18125 0.6462962962962963 0.1828125 0.6425925925925926 0.18125 0.6287037037037037 0.18333333333333332 0.612037037037037 0.18125 0.5962962962962963 0.18229166666666666 0.5907407407407408 0.1765625 0.5898148148148148 0.17291666666666666 0.6046296296296296 0.17239583333333333 0.6268518518518519 0.17708333333333334 0.6444444444444445
4 0.5020833333333333 0.6185185185185185 0.5067708333333333 0.6194444444444445 0.5088541666666667 0.6157407407407407 0.5104166666666666 0.5768518518518518 0.5072916666666667 0.5675925925925925 0.5026041666666666 0.5675925925925925 0.5005208333333333 0.6055555555555555 0.5020833333333333 0.6185185185185185
4 0.6890625 0.6898148148148148 0.6932291666666667 0.6851851851851852 0.696875 0.6509259259259259 0.6942708333333333 0.6425925925925926 0.6864583333333333 0.6314814814814815 0.6817708333333333 0.6333333333333333 0.6838541666666667 0.6851851851851852 0.6890625 0.6898148148148148
5 0.0984375 0.7092592592592593 0.103125 0.7083333333333334 0.10416666666666667 0.7046296296296296 0.09947916666666666 0.6907407407407408 0.10052083333333334 0.6657407407407407 0.0953125 0.6444444444444445 0.09114583333333333 0.6462962962962963 0.08958333333333333 0.6694444444444444 0.08958333333333333 0.6925925925925925 0.0984375 0.7092592592592593
5 0.7010416666666667 0.6722222222222223 0.7145833333333333 0.6694444444444444 0.7135416666666666 0.6222222222222222 0.7104166666666667 0.612037037037037 0.7072916666666667 0.6138888888888889 0.7015625 0.637962962962963 0.7026041666666667 0.6537037037037037 0.7 0.6574074074074074 0.6994791666666667 0.6694444444444444 0.7010416666666667 0.6722222222222223
3 0.7864583333333334 0.9222222222222223 0.7932291666666667 0.8740740740740741 0.7848958333333333 0.8481481481481481 0.7791666666666667 0.85 0.7723958333333333 0.8740740740740741 0.7703125 0.9074074074074074 0.7864583333333334 0.9222222222222223
4 0 0.6574074074074074 0.009895833333333333 0.6601851851851852 0.013020833333333334 0.6546296296296297 0.015625 0.6277777777777778 0.017708333333333333 0.6231481481481481 0.0171875 0.6138888888888889 0.0125 0.5990740740740741 0.009375 0.5981481481481481 0.004166666666666667 0.6074074074074074 0 0.6212962962962963 0 0.6574074074074074
4 0.0484375 0.6796296296296296 0.05520833333333333 0.6731481481481482 0.0546875 0.6416666666666667 0.05677083333333333 0.6333333333333333 0.05520833333333333 0.6212962962962963 0.050520833333333334 0.6185185185185185 0.0453125 0.6324074074074074 0.0453125 0.675 0.0484375 0.6796296296296296
4 0.15677083333333333 0.6185185185185185 0.15885416666666666 0.6203703703703703 0.1640625 0.6148148148148148 0.16354166666666667 0.6037037037037037 0.16875 0.5953703703703703 0.16614583333333333 0.5740740740740741 0.16145833333333334 0.5703703703703704 0.15677083333333333 0.587037037037037 0.15416666666666667 0.6046296296296296 0.15677083333333333 0.6185185185185185
4 0.1375 0.712037037037037 0.13697916666666668 0.7203703703703703 0.1421875 0.7222222222222222 0.14739583333333334 0.7101851851851851 0.14270833333333333 0.6935185185185185 0.14583333333333334 0.6694444444444444 0.13854166666666667 0.65 0.1328125 0.6657407407407407 0.1296875 0.6824074074074075 0.1375 0.712037037037037
3 0.7005208333333334 0.5638888888888889 0.703125 0.5194444444444445 0.6963541666666667 0.5120370370370371 0.6921875 0.5212962962962963 0.69375 0.562037037037037 0.7005208333333334 0.5638888888888889
4 0.058854166666666666 0.6722222222222223 0.06145833333333333 0.6787037037037037 0.06458333333333334 0.6796296296296296 0.0671875 0.6759259259259259 0.0703125 0.6555555555555556 0.07447916666666667 0.6435185185185185 0.07239583333333334 0.625 0.0671875 0.6231481481481481 0.05677083333333333 0.6388888888888888 0.05572916666666667 0.6537037037037037 0.058854166666666666 0.6722222222222223