4 0.6338541666666667 0.6805555555555556 0.6421875 0.6824074074074075 0.6458333333333334 0.6694444444444444 0.6473958333333333 0.6518518518518519 0.6463541666666667 0.6351851851851852 0.6421875 0.6342592592592593 0.6375 0.6444444444444445 0.6369791666666667 0.662962962962963 0.6338541666666667 0.6805555555555556
4 0.5494791666666666 0.6342592592592593 0.5520833333333334 0.6027777777777777 0.5484375 0.5953703703703703 0.5447916666666667 0.5981481481481481 0.5432291666666667 0.6166666666666667 0.5427083333333333 0.6342592592592593 0.5494791666666666 0.6342592592592593
4 0.9067708333333333 0.7046296296296296 0.9161458333333333 0.7074074074074074 0.9192708333333334 0.7018518518518518 0.921875 0.6694444444444444 0.9161458333333333 0.6555555555555556 0.9114583333333334 0.662962962962963 0.9098958333333333 0.6907407407407408 0.9067708333333333 0.7046296296296296
5 0.5828125 0.6648148148148149 0.5885416666666666 0.6666666666666666 0.590625 0.6620370370370371 0.5921875 0.6305555555555555 0.5875 0.6212962962962963 0.584375 0.6268518518518519 0.5822916666666667 0.637962962962963 0.5828125 0.6648148148148149
3 0.4083333333333333 0.6537037037037037 0.40989583333333335 0.649074074074074 0.40520833333333334 0.6111111111111112 0.3984375 0.6101851851851852 0.39791666666666664 0.6388888888888888 0.4083333333333333 0.6537037037037037
4 0.40260416666666665 0.687962962962963 0.4041666666666667 0.6842592592592592 0.4036458333333333 0.6638888888888889 0.40677083333333336 0.65 0.4010416666666667 0.6388888888888888 0.3958333333333333 0.6398148148148148 0.39114583333333336 0.6462962962962963 0.3953125 0.6861111111111111 0.40260416666666665 0.687962962962963
5 0.4942708333333333 0.6324074074074074 0.4953125 0.5990740740740741 0.49375 0.5953703703703703 0.4901041666666667 0.5953703703703703 0.4859375 0.6064814814814815 0.4859375 0.6305555555555555 0.4942708333333333 0.6324074074074074
5 0.3489583333333333 0.7203703703703703 0.353125 0.7185185185185186 0.35572916666666665 0.712037037037037 0.3541666666666667 0.6898148148148148 0.3484375 0.6851851851851852 0.34479166666666666 0.6925925925925925 0.3458333333333333 0.7157407407407408 0.3489583333333333 0.7203703703703703
4 0.4666666666666667 0.6861111111111111 0.46927083333333336 0.6833333333333333 0.4713541666666667 0.649074074074074 0.465625 0.6351851851851852 0.4625 0.6370370370370371 0.4609375 0.65 0.45989583333333334 0.6777777777777778 0.4666666666666667 0.6861111111111111
5 0.3260416666666667 0.6583333333333333 0.3338541666666667 0.6564814814814814 0.3359375 0.6388888888888888 0.3380208333333333 0.6361111111111111 0.3333333333333333 0.6259259259259259 0.3333333333333333 0.6138888888888889 0.3296875 0.612037037037037 0.328125 0.6148148148148148 0.32447916666666665 0.6416666666666667 0.32395833333333335 0.6527777777777778 0.3260416666666667 0.6583333333333333
4 0.5057291666666667 0.65 0.5109375 0.6296296296296297 0.50625 0.6092592592592593 0.5036458333333333 0.6111111111111112 0.5005208333333333 0.6268518518518519 0.5 0.6342592592592593 0.5057291666666667 0.65
4 0.8895833333333333 0.6425925925925926 0.8911458333333333 0.6583333333333333 0.8963541666666667 0.6611111111111111 0.9015625 0.6398148148148148 0.9005208333333333 0.6287037037037037 0.8963541666666667 0.6194444444444445 0.8911458333333333 0.6212962962962963 0.8880208333333334 0.6277777777777778 0.8864583333333333 0.637962962962963 0.8895833333333333 0.6425925925925926
5 0.8802083333333334 0.6481481481481481 0.884375 0.6472222222222223 0.8864583333333333 0.637962962962963 0.8864583333333333 0.6111111111111112 0.8796875 0.6092592592592593 0.8765625 0.6212962962962963 0.8770833333333333 0.6425925925925926 0.8802083333333334 0.6481481481481481
3 0.9901041666666667 0.9148148148148149 0.9932291666666667 0.899074074074074 0.9994791666666667 0.8925925925925926 0.9994791666666667 0.8351851851851851 0.9958333333333333 0.837037037037037 0.9890625 0.8527777777777777 0.9828125 0.9 0.9838541666666667 0.9138888888888889 0.9901041666666667 0.9148148148148149
5 0.3927083333333333 0.6453703703703704 0.3984375 0.6398148148148148 0.39895833333333336 0.6111111111111112 0.3921875 0.6074074074074074 0.38958333333333334 0.6166666666666667 0.38958333333333334 0.6388888888888888 0.3927083333333333 0.6453703703703704
4 0.3536458333333333 0.6564814814814814 0.35989583333333336 0.6462962962962963 0.3567708333333333 0.6370370370370371 0.3578125 0.6194444444444445 0.3536458333333333 0.6074074074074074 0.3489583333333333 0.6157407407407407 0.35 0.6537037037037037 0.3536458333333333 0.6564814814814814
3 0.7671875 0.6046296296296296 0.76875 0.6027777777777777 0.7677083333333333 0.5907407407407408 0.7692708333333333 0.5833333333333334 0.7677083333333333 0.5722222222222222 0.7640625 0.5731481481481482 0.7625 0.5796296296296296 0.7619791666666667 0.6027777777777777 0.7671875 0.6046296296296296
5 0.3416666666666667 0.65 0.3463541666666667 0.6296296296296297 0.34479166666666666 0.6027777777777777 0.3416666666666667 0.6 0.34010416666666665 0.6027777777777777 0.3390625 0.6148148148148148 0.3385416666666667 0.6388888888888888 0.3416666666666667 0.65
4 0.4625 0.6416666666666667 0.4666666666666667 0.6435185185185185 0.46875 0.6407407407407407 0.46979166666666666 0.6203703703703703 0.46770833333333334 0.6129629629629629 0.4640625 0.6148148148148148 0.46145833333333336 0.6342592592592593 0.4625 0.6416666666666667
5 0.3703125 0.6592592592592592 0.3729166666666667 0.6638888888888889 0.3802083333333333 0.6657407407407407 0.3854166666666667 0.6453703703703704 0.3848958333333333 0.6148148148148148 0.37916666666666665 0.6148148148148148 0.37395833333333334 0.6305555555555555 0.3734375 0.6462962962962963 0.3703125 0.6592592592592592
0 0.3098958333333333 0.6416666666666667 0.3067708333333333 0.6324074074074074 0.303125 0.6370370370370371 0.30416666666666664 0.6444444444444445 0.3098958333333333 0.6416666666666667
5 0.50625 0.6564814814814814 0.5078125 0.6694444444444444 0.5130208333333334 0.6731481481481482 0.515625 0.6712962962962963 0.5177083333333333 0.6296296296296297 0.5130208333333334 0.6287037037037037 0.509375 0.6361111111111111 0.5057291666666667 0.6342592592592593 0.503125 0.6407407407407407 0.5020833333333333 0.6537037037037037 0.50625 0.6564814814814814
2 0.11458333333333333 0.6203703703703703 0.11822916666666666 0.6027777777777777 0.11770833333333333 0.5833333333333334 0.11041666666666666 0.5787037037037037 0.10364583333333334 0.5916666666666667 0.103125 0.6222222222222222 0.11458333333333333 0.6203703703703703
4 0.3765625 0.6425925925925926 0.384375 0.6444444444444445 0.3875 0.6370370370370371 0.3880208333333333 0.6111111111111112 0.38385416666666666 0.6074074074074074 0.378125 0.6185185185185185 0.37604166666666666 0.6296296296296297 0.3765625 0.6425925925925926
4 0.459375 0.5851851851851851 0.4640625 0.5796296296296296 0.4609375 0.5722222222222222 0.4635416666666667 0.5601851851851852 0.46145833333333336 0.5564814814814815 0.4578125 0.5546296296296296 0.45260416666666664 0.5601851851851852 0.45208333333333334 0.5805555555555556 0.459375 0.5851851851851851