5 0.1421875 0.5703703703703704 0.14114583333333333 0.6231481481481481 0.15416666666666667 0.6240740740740741 0.15364583333333334 0.6018518518518519 0.159375 0.5777777777777777 0.15833333333333333 0.5685185185185185 0.14895833333333333 0.5407407407407407 0.1453125 0.5388888888888889 0.14010416666666667 0.5537037037037037 0.1296875 0.5648148148148148 0.13958333333333334 0.5648148148148148 0.1421875 0.5703703703703704
5 0.34375 0.674074074074074 0.3484375 0.6694444444444444 0.35 0.6620370370370371 0.3484375 0.649074074074074 0.35260416666666666 0.6231481481481481 0.353125 0.6018518518518519 0.35260416666666666 0.5916666666666667 0.34739583333333335 0.5842592592592593 0.3453125 0.575925925925926 0.3416666666666667 0.575 0.33958333333333335 0.5787037037037037 0.3385416666666667 0.6101851851851852 0.3338541666666667 0.6231481481481481 0.34010416666666665 0.6731481481481482 0.34375 0.674074074074074
4 0.8567708333333334 0.7018518518518518 0.8598958333333333 0.7083333333333334 0.8572916666666667 0.7166666666666667 0.8729166666666667 0.7185185185185186 0.8765625 0.7240740740740741 0.8765625 0.7287037037037037 0.8817708333333333 0.7287037037037037 0.8838541666666667 0.7222222222222222 0.875 0.7027777777777777 0.8723958333333334 0.6787037037037037 0.8776041666666666 0.6694444444444444 0.8765625 0.662962962962963 0.8609375 0.6259259259259259 0.85625 0.6259259259259259 0.8515625 0.637962962962963 0.8479166666666667 0.6620370370370371 0.8552083333333333 0.6694444444444444 0.8578125 0.6810185185185185 0.8567708333333334 0.7018518518518518
4 0.2708333333333333 0.7814814814814814 0.275 0.7805555555555556 0.2869791666666667 0.7703703703703704 0.28854166666666664 0.7787037037037037 0.2953125 0.7787037037037037 0.29739583333333336 0.774074074074074 0.2921875 0.7657407407407407 0.2869791666666667 0.7305555555555555 0.28854166666666664 0.7240740740740741 0.2921875 0.7240740740740741 0.29791666666666666 0.7305555555555555 0.3 0.7277777777777777 0.2890625 0.7055555555555556 0.2869791666666667 0.6731481481481482 0.2828125 0.6768518518518518 0.2765625 0.6925925925925925 0.2734375 0.7268518518518519 0.27395833333333336 0.7490740740740741 0.2671875 0.7777777777777778 0.2708333333333333 0.7814814814814814
5 0.728125 0.6231481481481481 0.7322916666666667 0.6240740740740741 0.7359375 0.6314814814814815 0.7421875 0.6259259259259259 0.7385416666666667 0.5972222222222222 0.7322916666666667 0.5703703703703704 0.7286458333333333 0.5722222222222222 0.7265625 0.5796296296296296 0.7270833333333333 0.5935185185185186 0.725 0.6092592592592593 0.7229166666666667 0.6111111111111112 0.728125 0.6231481481481481
5 0.7776041666666667 0.65 0.7739583333333333 0.6574074074074074 0.7776041666666667 0.6601851851851852 0.7932291666666667 0.6583333333333333 0.7927083333333333 0.6027777777777777 0.7864583333333334 0.5611111111111111 0.7817708333333333 0.5592592592592592 0.7786458333333334 0.5722222222222222 0.7796875 0.5907407407407408 0.7776041666666667 0.6129629629629629 0.7791666666666667 0.6243824074074074 0.7776041666666667 0.65
4 0.2625 0.6481481481481481 0.25833333333333336 0.6777777777777778 0.2635416666666667 0.6796296296296296 0.275 0.6731481481481482 0.275 0.6694444444444444 0.26979166666666665 0.6620370370370371 0.26927083333333335 0.6370370370370371 0.27239583333333334 0.6231481481481481 0.2796875 0.6259259259259259 0.28072916666666664 0.6222222222222222 0.27395833333333336 0.6129629629629629 0.2671875 0.5814814814814815 0.2635416666666667 0.5814814814814815 0.2557291666666667 0.6074074074074074 0.2552083333333333 0.6157407407407407 0.25729166666666664 0.6166666666666667 0.2598958333333333 0.6277777777777778 0.2625 0.6481481481481481
5 0.6822916666666666 0.6574074074074074 0.6859375 0.687962962962963 0.6833333333333333 0.7 0.6901041666666666 0.7018518518518518 0.6932291666666667 0.6972222222222222 0.690625 0.6703703703703704 0.6921875 0.6518518518518519 0.6911458333333333 0.6212962962962963 0.6854166666666667 0.600925925925926 0.6828125 0.5972222222222222 0.6791666666666667 0.6 0.678125 0.6074074074074074 0.68125 0.6305555555555555 0.6786458333333333 0.6537037037037037 0.6822916666666666 0.6574074074074074
0 0.43125 0.5287037037037037 0.43125 0.5351851851851852 0.4390625 0.5370370370370371 0.4354166666666667 0.5231481481481481 0.43125 0.5287037037037037
4 0.6375 0.7129629629629629 0.646875 0.7194444444444444 0.6479166666666667 0.6916666666666667 0.6453125 0.6620370370370371 0.646875 0.637962962962963 0.6390625 0.6240740740740741 0.6354166666666666 0.6240740740740741 0.63125 0.6342592592592593 0.6302083333333334 0.6555555555555556 0.6333333333333333 0.7166666666666667 0.6348958333333333 0.7203703703703703 0.6375 0.7129629629629629
3 0.29791666666666666 0.6842592592592592 0.30416666666666664 0.6824074074074075 0.3098958333333333 0.6777777777777778 0.30520833333333336 0.6638888888888889 0.30572916666666666 0.6129629629629629 0.30885416666666665 0.5796296296296296 0.30625 0.575925925925926 0.3026041666666667 0.5777777777777777 0.29270833333333335 0.6055555555555555 0.2921875 0.6268518518518519 0.296875 0.65 0.2953125 0.6814814814814815 0.29791666666666666 0.6842592592592592
4 0.6463541666666667 0.6324074074074074 0.6510416666666666 0.6324074074074074 0.6541666666666667 0.6212962962962963 0.653125 0.600925925925926 0.6505208333333333 0.5962962962962963 0.6458333333333334 0.6 0.6447916666666667 0.6092592592592593 0.6416666666666667 0.6148148148148148 0.6427083333333333 0.6259259259259259 0.6463541666666667 0.6324074074074074
5 0.8098958333333334 0.6185185185185185 0.8135416666666667 0.6222222222222222 0.8098958333333334 0.6398148148148148 0.8109375 0.6546296296296297 0.8083333333333333 0.6694444444444444 0.8135416666666667 0.6722222222222223 0.8171875 0.6694444444444444 0.8171875 0.6546296296296297 0.8270833333333333 0.6268518518518519 0.825 0.5879629629629629 0.8203125 0.5731481481481482 0.815625 0.575 0.8125 0.6027777777777777 0.80625 0.6175925925925926 0.80625 0.6222222222222222 0.8098958333333334 0.6185185185185185
4 0.6614583333333334 0.6842592592592592 0.6625 0.6694444444444444 0.66875 0.65 0.6682291666666667 0.6231481481481481 0.6645833333333333 0.5962962962962963 0.6604166666666667 0.5935185185185186 0.6546875 0.6111111111111112 0.6557291666666667 0.6537037037037037 0.6541666666666667 0.6666666666666666 0.6572916666666667 0.6833333333333333 0.6614583333333334 0.6842592592592592
4 0.4875 0.5314814814814814 0.490625 0.5268518518518519 0.490625 0.47314814814814815 0.4859375 0.4601851851851852 0.4822916666666667 0.4564814814814815 0.47604166666666664 0.46574074074074073 0.47552083333333334 0.4861111111111111 0.478125 0.512962962962963 0.48072916666666665 0.524074074074074 0.4875 0.5314814814814814
5 0.7333333333333333 0.6981481481481482 0.7328125 0.637962962962963 0.728125 0.6194444444444445 0.7234375 0.6129629629629629 0.721875 0.6055555555555555 0.7161458333333334 0.6037037037037037 0.7151041666666667 0.6148148148148148 0.7192708333333333 0.6972222222222222 0.7307291666666667 0.700925925925926 0.7333333333333333 0.6981481481481482
2 0.8276041666666667 0.6814814814814815 0.8338541666666667 0.6851851851851852 0.8380208333333333 0.6787037037037037 0.8375 0.6444444444444445 0.840625 0.6083333333333333 0.8317708333333333 0.5768518518518518 0.828125 0.5768518518518518 0.8255208333333334 0.587037037037037 0.8270833333333333 0.6138888888888889 0.8255208333333334 0.6416666666666667 0.8307291666666666 0.6703703703703704 0.8276041666666667 0.6814814814814815
5 0.6385416666666667 0.6212962962962963 0.6416666666666667 0.612037037037037 0.6416666666666667 0.5990740740740741 0.6364583333333333 0.5796296296296296 0.6338541666666667 0.5777777777777777 0.6302083333333334 0.5833333333333334 0.6296875 0.600925925925926 0.6265625 0.6111111111111112 0.6348958333333333 0.6240740740740741 0.6385416666666667 0.6212962962962963