4 0.8609375 0.7537037037037037 0.8640625 0.7481481481481481 0.8645833333333334 0.7166666666666667 0.8609375 0.7074074074074074 0.8572916666666667 0.7064814814814815 0.85625 0.712037037037037 0.8567708333333334 0.7481481481481481 0.8609375 0.7537037037037037
4 0.3703125 0.8 0.3697916666666667 0.8175925925925925 0.3729166666666667 0.8212962962962963 0.3765625 0.812037037037037 0.384375 0.8157407407407408 0.378125 0.799074074074074 0.3802083333333333 0.7833333333333333 0.37916666666666665 0.7759259259259259 0.3734375 0.7666666666666667 0.36822916666666666 0.774074074074074 0.36666666666666664 0.7833333333333333 0.3703125 0.8
4 0.6380208333333334 0.6972222222222222 0.6401041666666667 0.700925925925926 0.65 0.700925925925926 0.6479166666666667 0.6703703703703704 0.6463541666666667 0.6657407407407407 0.6411458333333333 0.6685185185185185 0.6416666666666667 0.6768518518518518 0.6380208333333334 0.6972222222222222
5 0.4703125 0.6814814814814815 0.47239583333333335 0.674074074074074 0.46822916666666664 0.6555555555555556 0.4666666666666667 0.65 0.4625 0.6509259259259259 0.46197916666666666 0.6759259259259259 0.4703125 0.6814814814814815
3 0.48385416666666664 0.65 0.4901041666666667 0.65 0.4890625 0.6305555555555555 0.4864583333333333 0.625 0.4828125 0.6277777777777778 0.48125 0.6462962962962963 0.48385416666666664 0.65
5 0.4197916666666667 0.7037037037037037 0.4239583333333333 0.7064814814814815 0.4197916666666667 0.6796296296296296 0.4140625 0.6805555555555556 0.4109375 0.6888888888888889 0.4119791666666667 0.7129629629629629 0.4197916666666667 0.7037037037037037
5 0.4703125 0.7166666666666667 0.475 0.7129629629629629 0.4817708333333333 0.7138888888888889 0.471875 0.6842592592592592 0.46770833333333334 0.6842592592592592 0.46822916666666664 0.7129629629629629 0.4703125 0.7166666666666667
5 0.7552083333333334 0.7314814814814815 0.7635416666666667 0.7342592592592593 0.7630208333333334 0.6981481481481482 0.759375 0.6935185185185185 0.7520833333333333 0.6990740740740741 0.7520833333333333 0.7212962962962963 0.7552083333333334 0.7314814814814815
4 0.6375 0.7870370370370371 0.64375 0.7888888888888889 0.6463541666666667 0.7861111111111111 0.6442708333333333 0.7462962962962963 0.6395833333333333 0.7361111111111112 0.6369791666666667 0.7398148148148148 0.6359375 0.7712962962962963 0.6375 0.7870370370370371
4 0.4348958333333333 0.7222222222222222 0.43645833333333334 0.6898148148148148 0.428125 0.6842592592592592 0.4239583333333333 0.7046296296296296 0.4234375 0.7222222222222222 0.4348958333333333 0.7222222222222222
5 0.5192708333333333 0.7046296296296296 0.5213541666666667 0.6990740740740741 0.5161458333333333 0.6768518518518518 0.5135416666666667 0.6685185185185185 0.509375 0.6685185185185185 0.5088541666666667 0.700925925925926 0.5192708333333333 0.7046296296296296
5 0.5421875 0.7046296296296296 0.5484375 0.6990740740740741 0.546875 0.6814814814814815 0.5411458333333333 0.674074074074074 0.5380208333333333 0.6777777777777778 0.5380208333333333 0.7018518518518518 0.5421875 0.7046296296296296
5 0.5692708333333333 0.6972222222222222 0.5760416666666667 0.700925925925926 0.5765625 0.6851851851851852 0.575 0.6712962962962963 0.5723958333333333 0.6657407407407407 0.5697916666666667 0.6685185185185185 0.5671875 0.6814814814814815 0.5666666666666667 0.6888888888888889 0.5692708333333333 0.6972222222222222
3 0.7828125 0.6527777777777778 0.7838541666666666 0.6712962962962963 0.7869791666666667 0.674074074074074 0.7916666666666666 0.6694444444444444 0.790625 0.6564814814814814 0.7921875 0.65 0.7890625 0.6388888888888888 0.7833333333333333 0.637962962962963 0.7848958333333333 0.6398148148148148 0.7828125 0.6527777777777778
4 0.35520833333333335 0.7398148148148148 0.35885416666666664 0.7361111111111112 0.3625 0.7046296296296296 0.35833333333333334 0.6953703703703704 0.3546875 0.6962962962962963 0.35104166666666664 0.7046296296296296 0.3484375 0.7268518518518519 0.3489583333333333 0.7379629629629629 0.35520833333333335 0.7398148148148148
4 0.5276041666666667 0.6592592592592592 0.5307291666666667 0.6388888888888888 0.5265625 0.6305555555555555 0.5203125 0.6333333333333333 0.5213541666666667 0.6583333333333333 0.5276041666666667 0.6592592592592592
5 0.603125 0.7203703703703703 0.6151041666666667 0.7240740740740741 0.6151041666666667 0.7 0.6114583333333333 0.6851851851851852 0.6078125 0.6888888888888889 0.6052083333333333 0.700925925925926 0.60625 0.7074074074074074 0.603125 0.7203703703703703
5 0.3328125 0.7527777777777778 0.3375 0.7518518518518519 0.3390625 0.7166666666666667 0.3333333333333333 0.712037037037037 0.32864583333333336 0.7203703703703703 0.3296875 0.7481481481481481 0.3328125 0.7527777777777778
3 0.5265625 0.7046296296296296 0.525 0.7287037037037037 0.5291666666666667 0.7287037037037037 0.5317708333333333 0.7203703703703703 0.540625 0.7268518518518519 0.53125 0.6935185185185185 0.5291666666666667 0.6898148148148148 0.525 0.6916666666666667 0.5244791666666667 0.700925925925926 0.5265625 0.7046296296296296
4 0.7546875 0.7203703703703703 0.759375 0.7203703703703703 0.7635416666666667 0.7148148148148148 0.7630208333333334 0.6990740740740741 0.7557291666666667 0.6814814814814815 0.7505208333333333 0.6824074074074075 0.7510416666666667 0.712037037037037 0.7546875 0.7203703703703703
4 0.5515625 0.700925925925926 0.5572916666666666 0.7046296296296296 0.5604166666666667 0.712037037037037 0.5640625 0.712037037037037 0.5640625 0.6888888888888889 0.5614583333333333 0.6777777777777778 0.5578125 0.6768518518518518 0.5567708333333333 0.6842592592592592 0.5526041666666667 0.6805555555555556 0.5515625 0.6851851851851852 0.55 0.6925925925925925 0.5515625 0.700925925925926
2 0.209375 0.6962962962962963 0.20625 0.6805555555555556 0.2078125 0.6694444444444444 0.20572916666666666 0.6601851851851852 0.19739583333333333 0.6620370370370371 0.19479166666666667 0.6722222222222223 0.19583333333333333 0.6990740740740741 0.209375 0.6962962962962963
5 0.3697916666666667 0.7212962962962963 0.3734375 0.725 0.3765625 0.7203703703703703 0.37604166666666666 0.7087962962962963 0.37916666666666665 0.6953703703703704 0.3765625 0.6907407407407408 0.37395833333333334 0.6916666666666667 0.36770833333333336 0.700925925925926 0.36666666666666664 0.7046296296296296 0.3697916666666667 0.7212962962962963
3 0.9041666666666667 0.9305555555555556 0.9114583333333334 0.9351851851851852 0.909375 0.9175925925925926 0.9114583333333334 0.9018518518518519 0.9104166666666667 0.8907407407407407 0.9046875 0.8768518518518519 0.9015625 0.8796296296296297 0.9 0.8888888888888888 0.8994791666666667 0.9351851851851852 0.9041666666666667 0.9305555555555556
4 0.5484375 0.7037037037037037 0.5520833333333334 0.7037037037037037 0.5546875 0.6953703703703704 0.5536458333333333 0.675 0.5505208333333333 0.6666666666666666 0.5484375 0.6648148148148149 0.546875 0.6685185185185185 0.5458333333333333 0.6972222222222222 0.5484375 0.7037037037037037