5 0.9145833333333333 0.6787037037037037 0.9130208333333333 0.6712962962962963 0.909375 0.6722222222222223 0.9057291666666667 0.6796296296296296 0.9036458333333334 0.6944444444444444 0.8989583333333333 0.7074074074074074 0.8989583333333333 0.7129629629629629 0.9046875 0.7138888888888889 0.9125 0.7027777777777777 0.9145833333333333 0.6787037037037037
5 0.6109375 0.7537037037037037 0.615625 0.7611111111111111 0.61875 0.7555555555555555 0.6203125 0.7148148148148148 0.61875 0.7092592592592593 0.6145833333333334 0.7092592592592593 0.60625 0.7453703703703703 0.6020833333333333 0.7518518518518519 0.603125 0.7583333333333333 0.6109375 0.7537037037037037
5 0.5057291666666667 0.687962962962963 0.5104166666666666 0.6861111111111111 0.5140625 0.6777777777777778 0.5145833333333333 0.6527777777777778 0.5083333333333333 0.649074074074074 0.5057291666666667 0.6574074074074074 0.5052083333333334 0.6703703703703704 0.5015625 0.6814814814814815 0.5015625 0.6851851851851852 0.5057291666666667 0.687962962962963
5 0.4390625 0.7944444444444444 0.43802083333333336 0.7907407407407407 0.44114583333333335 0.7777777777777778 0.4401041666666667 0.7657407407407407 0.44427083333333334 0.7518518518518519 0.43645833333333334 0.7361111111111112 0.43072916666666666 0.7490740740740741 0.4296875 0.7787037037037037 0.4270833333333333 0.7851851851851852 0.4265625 0.7953703703703704 0.428125 0.7981481481481482 0.4354166666666667 0.7981481481481482 0.4390625 0.7944444444444444
2 0.04583333333333333 0.7203703703703703 0.0421875 0.7083333333333334 0.04375 0.6972222222222222 0.04010416666666667 0.6759259259259259 0.0359375 0.6712962962962963 0.03125 0.6814814814814815 0.03125 0.7268518518518519 0.0328125 0.7305555555555555 0.04479166666666667 0.7268518518518519 0.04583333333333333 0.7203703703703703
4 0.9994791666666667 0.6824074074074075 0.9932291666666667 0.6814814814814815 0.9911458333333333 0.6851851851851852 0.9916666666666667 0.7277777777777777 0.9953125 0.7305555555555555 0.9994791666666667 0.7287037037037037 0.9994791666666667 0.6824074074074075
4 0.7869791666666667 0.7527777777777778 0.7911458333333333 0.7527777777777778 0.796875 0.7398148148148148 0.8026041666666667 0.7194444444444444 0.8026041666666667 0.712037037037037 0.7989583333333333 0.7018518518518518 0.790625 0.7037037037037037 0.7864583333333334 0.7166666666666667 0.7885416666666667 0.7240740740740741 0.7885416666666667 0.737037037037037 0.7854166666666667 0.7481481481481481 0.7869791666666667 0.7527777777777778
5 0.7755208333333333 0.7296296296296296 0.7791666666666667 0.7296296296296296 0.7885416666666667 0.7194444444444444 0.7942708333333334 0.7046296296296296 0.7916666666666666 0.6861111111111111 0.7869791666666667 0.6861111111111111 0.7828125 0.700925925925926 0.7817708333333333 0.7148148148148148 0.7744791666666667 0.7277777777777777 0.7755208333333333 0.7296296296296296
5 0.6572916666666667 0.7268518518518519 0.6692708333333334 0.7240740740740741 0.66875 0.6851851851851852 0.6671875 0.6796296296296296 0.6625 0.6787037037037037 0.659375 0.6833333333333333 0.6541666666666667 0.6842592592592592 0.6541666666666667 0.7212962962962963 0.6572916666666667 0.7268518518518519
4 0.6427083333333333 0.6537037037037037 0.6375 0.65 0.6338541666666667 0.6648148148148149 0.634375 0.6833333333333333 0.6421875 0.6824074074074075 0.64375 0.6759259259259259 0.6427083333333333 0.6537037037037037
5 0.9572916666666667 0.7305555555555555 0.95 0.687962962962963 0.946875 0.6861111111111111 0.94375 0.6898148148148148 0.9401041666666666 0.7074074074074074 0.9416666666666667 0.7148148148148148 0.9390625 0.7296296296296296 0.9447916666666667 0.725 0.9572916666666667 0.7305555555555555
4 0.4484375 0.712037037037037 0.4473958333333333 0.6888888888888889 0.4453125 0.6694444444444444 0.4427083333333333 0.662962962962963 0.43854166666666666 0.6666666666666666 0.4354166666666667 0.6805555555555556 0.434375 0.712037037037037 0.4427083333333333 0.7212962962962963 0.446875 0.7203703703703703 0.4484375 0.712037037037037
3 0.38958333333333334 0.6185185185185185 0.38645833333333335 0.6074074074074074 0.3807291666666667 0.6064814814814815 0.3807291666666667 0.637962962962963 0.38385416666666666 0.6462962962962963 0.3885416666666667 0.6462962962962963 0.38958333333333334 0.6185185185185185
3 0.6302083333333334 0.7157407407407408 0.6322916666666667 0.7083333333333334 0.6359375 0.7083333333333334 0.6385416666666667 0.7175925925925926 0.6421875 0.7166666666666667 0.6427083333333333 0.6675925925925926 0.6380208333333334 0.662962962962963 0.634375 0.6694444444444444 0.6317708333333333 0.6916666666666667 0.6255208333333333 0.7129629629629629 0.6260416666666667 0.7157407407407408 0.6302083333333334 0.7157407407407408
4 0.9390625 0.7083333333333334 0.9416666666666667 0.6925925925925925 0.9479166666666666 0.6925925925925925 0.946875 0.6888888888888889 0.9432291666666667 0.6888888888888889 0.940625 0.6685185185185185 0.9359375 0.6694444444444444 0.9322916666666666 0.6777777777777778 0.9270833333333334 0.6972222222222222 0.93125 0.7092592592592593 0.9359375 0.7111111111111111 0.9390625 0.7083333333333334
4 0.23958333333333334 0.7277777777777777 0.24479166666666666 0.6796296296296296 0.23958333333333334 0.6787037037037037 0.22552083333333334 0.7111111111111111 0.2265625 0.7157407407407408 0.23072916666666668 0.7166666666666667 0.234375 0.7268518518518519 0.23958333333333334 0.7277777777777777
3 0.6666666666666666 0.6268518518518519 0.665625 0.6148148148148148 0.6583333333333333 0.6064814814814815 0.6541666666666667 0.612037037037037 0.6526041666666667 0.6175925925925926 0.6536458333333334 0.65 0.6583333333333333 0.6537037037037037 0.6666666666666666 0.6268518518518519
5 0.4432291666666667 0.7157407407407408 0.446875 0.7083333333333334 0.44583333333333336 0.6888888888888889 0.4427083333333333 0.6796296296296296 0.4432291666666667 0.6657407407407407 0.4348958333333333 0.6768518518518518 0.43072916666666666 0.6722222222222223 0.4270833333333333 0.687962962962963 0.4276041666666667 0.7212962962962963 0.4317708333333333 0.7231481481481481 0.4354166666666667 0.7129629629629629 0.4432291666666667 0.7157407407407408
4 0.44895833333333335 0.8 0.453125 0.8 0.45729166666666665 0.8092592592592592 0.46197916666666666 0.8083333333333333 0.4630208333333333 0.8064814814814815 0.4557291666666667 0.7842592592592592 0.45364583333333336 0.7509259259259259 0.4505208333333333 0.7462962962962963 0.4453125 0.7537037037037037 0.44635416666666666 0.7583333333333333 0.44166666666666665 0.8064814814814815 0.4473958333333333 0.8083333333333333 0.44895833333333335 0.8
4 0.7166666666666667 0.7175925925925926 0.725 0.7277777777777777 0.7270833333333333 0.7240740740740741 0.725 0.7074074074074074 0.7276041666666667 0.6851851851851852 0.7244791666666667 0.6768518518518518 0.7223958333333333 0.6768518518518518 0.715625 0.687962962962963 0.7135416666666666 0.7101851851851851 0.7088541666666667 0.7138888888888889 0.7083333333333334 0.7203703703703703 0.7166666666666667 0.7175925925925926
5 0.45208333333333334 0.7435185185185185 0.4473958333333333 0.700925925925926 0.44114583333333335 0.7101851851851851 0.43802083333333336 0.7435185185185185 0.4395833333333333 0.7490740740740741 0.4432291666666667 0.7509259259259259 0.45208333333333334 0.7435185185185185