5 0.3770833333333333 0.6166666666666667 0.38125 0.5916666666666667 0.3807291666666667 0.5740740740740741 0.3765625 0.5657407407407408 0.37135416666666665 0.5787037037037037 0.3729166666666667 0.612037037037037 0.3770833333333333 0.6166666666666667
5 0.5213541666666667 0.7083333333333334 0.5213541666666667 0.7129629629629629 0.5270833333333333 0.7166666666666667 0.5265625 0.7240740740740741 0.5302083333333333 0.7268518518518519 0.5338541666666666 0.7175925925925926 0.5390625 0.6888888888888889 0.5380208333333333 0.6657407407407407 0.5333333333333333 0.6648148148148149 0.5286458333333334 0.6787037037037037 0.5255208333333333 0.7037037037037037 0.5213541666666667 0.7083333333333334
5 0.6895833333333333 0.6416666666666667 0.6854166666666667 0.6462962962962963 0.6848958333333334 0.6546296296296297 0.6890625 0.6546296296296297 0.6953125 0.6462962962962963 0.7041666666666667 0.6555555555555556 0.7088541666666667 0.6555555555555556 0.7088541666666667 0.6509259259259259 0.7 0.6314814814814815 0.6989583333333333 0.6083333333333333 0.6963541666666667 0.6064814814814815 0.69375 0.6111111111111112 0.6921875 0.6299379629629629 0.6895833333333333 0.6416666666666667
4 0.4979166666666667 0.6361111111111111 0.5015625 0.6324074074074074 0.5057291666666667 0.6083333333333333 0.5036458333333333 0.5916666666666667 0.49895833333333334 0.5925925925925926 0.4942708333333333 0.6064814814814815 0.49270833333333336 0.6305555555555555 0.4979166666666667 0.6361111111111111
5 0.5755208333333334 0.6212962962962963 0.5796875 0.6212962962962963 0.5828125 0.5833333333333334 0.5786458333333333 0.5722222222222222 0.5760416666666667 0.5722222222222222 0.5729166666666666 0.5805555555555556 0.5734375 0.6175925925925926 0.5755208333333334 0.6212962962962963
5 0.14739583333333334 0.6583333333333333 0.14427083333333332 0.6351851851851852 0.14375 0.6064814814814815 0.13854166666666667 0.6092592592592593 0.13385416666666666 0.6388888888888888 0.13385416666666666 0.6601851851851852 0.14739583333333334 0.6583333333333333
5 0.5192708333333333 0.5916666666666667 0.5208333333333334 0.5953703703703703 0.5255208333333333 0.5953703703703703 0.5291666666666667 0.5916666666666667 0.528125 0.562962962962963 0.525 0.5527777777777778 0.5213541666666667 0.5527777777777778 0.5192708333333333 0.5592592592592592 0.5177083333333333 0.5675925925925925 0.5192708333333333 0.5916666666666667
4 0.42552083333333335 0.6888888888888889 0.43697916666666664 0.6537037037037037 0.4354166666666667 0.6305555555555555 0.43125 0.6305555555555555 0.4265625 0.6388888888888888 0.42135416666666664 0.6703703703703704 0.42083333333333334 0.6861111111111111 0.42552083333333335 0.6888888888888889
5 0.17760416666666667 0.6074074074074074 0.18177083333333333 0.6074074074074074 0.184375 0.5907407407407408 0.1828125 0.5611111111111111 0.17864583333333334 0.5638888888888889 0.1765625 0.5851851851851851 0.17395833333333333 0.5907407407407408 0.1734375 0.5990740740740741 0.17760416666666667 0.6074074074074074
4 0.8041666666666667 0.6518518518518519 0.8078125 0.6546296296296297 0.8182291666666667 0.6518518518518519 0.8161458333333333 0.6074074074074074 0.8104166666666667 0.600925925925926 0.8041666666666667 0.6222222222222222 0.8067708333333333 0.6453703703703704 0.8041666666666667 0.6518518518518519
4 0.5604166666666667 0.5888888888888889 0.5640625 0.5888888888888889 0.5666666666666667 0.5796296296296296 0.5671875 0.5527777777777778 0.5640625 0.5435185185185185 0.5598958333333334 0.5453703703703704 0.5583333333333333 0.5518518518518518 0.5588541666666667 0.5842592592592593 0.5604166666666667 0.5888888888888889
5 0.3494791666666667 0.6537037037037037 0.3541666666666667 0.6305555555555555 0.35520833333333335 0.6064814814814815 0.353125 0.6037037037037037 0.35 0.6055555555555555 0.34322916666666664 0.6222222222222222 0.34010416666666665 0.6481481481481481 0.3494791666666667 0.6537037037037037
5 0.1578125 0.6990740740740741 0.15885416666666666 0.7222222222222222 0.16197916666666667 0.7268518518518519 0.1671875 0.7203703703703703 0.1671875 0.687962962962963 0.17083333333333334 0.6694444444444444 0.16666666666666666 0.6592592592592592 0.16458333333333333 0.6592592592592592 0.1546875 0.6777777777777778 0.15416666666666667 0.6888888888888889 0.1578125 0.6990740740740741
3 0.32708333333333334 0.6370370370370371 0.3328125 0.6407407407407407 0.33541666666666664 0.5953703703703703 0.3302083333333333 0.5824074074074074 0.32447916666666665 0.5944444444444444 0.32395833333333335 0.6083333333333333 0.32708333333333334 0.6370370370370371
4 0.2203125 0.6064814814814815 0.22135416666666666 0.5990740740740741 0.21875 0.562962962962963 0.21510416666666668 0.5611111111111111 0.21145833333333333 0.5712962962962963 0.20833333333333334 0.6046296296296296 0.2203125 0.6064814814814815
4 0.6953125 0.7907407407407407 0.696875 0.7962962962962963 0.7015625 0.7972222222222223 0.709375 0.7787037037037037 0.7098958333333333 0.7564814814814815 0.7135416666666666 0.7509259259259259 0.7088541666666667 0.7194444444444444 0.7046875 0.7203703703703703 0.6994791666666667 0.7342592592592593 0.6994791666666667 0.7759259259259259 0.6953125 0.7907407407407407
4 0.12239583333333333 0.7490740740740741 0.12239583333333333 0.8064814814814815 0.12291666666666666 0.8138888888888889 0.12708333333333333 0.8166666666666667 0.13645833333333332 0.8092592592592592 0.13645833333333332 0.7796296296296297 0.13854166666666667 0.7712962962962963 0.13697916666666668 0.75 0.13072916666666667 0.7324074074074074 0.125 0.7351851851851852 0.11510416666666666 0.7222222222222222 0.11458333333333333 0.7268518518518519 0.12239583333333333 0.7490740740740741
4 0.31145833333333334 0.6425925925925926 0.31354166666666666 0.6166666666666667 0.31145833333333334 0.5916666666666667 0.3067708333333333 0.5898148148148148 0.3020833333333333 0.6027777777777777 0.3026041666666667 0.637962962962963 0.31145833333333334 0.6425925925925926
4 0.15416666666666667 0.65 0.16145833333333334 0.65 0.16197916666666667 0.5935185185185186 0.15677083333333333 0.5944444444444444 0.15260416666666668 0.6175925925925926 0.1515625 0.6453703703703704 0.15416666666666667 0.65
5 0.16979166666666667 0.6435185185185185 0.17291666666666666 0.637962962962963 0.1765625 0.6055555555555555 0.17135416666666667 0.5879629629629629 0.16770833333333332 0.5907407407407408 0.1640625 0.6027777777777777 0.16666666666666666 0.6361111111111111 0.16979166666666667 0.6435185185185185
4 0.8125 0.6027777777777777 0.815625 0.6083333333333333 0.821875 0.6111111111111112 0.8234375 0.6064814814814815 0.8223958333333333 0.5685185185185185 0.8171875 0.562962962962963 0.8130208333333333 0.5740740740740741 0.8140625 0.5953703703703703 0.8125 0.6027777777777777
0 0.8026041666666667 0.6537037037037037 0.8005208333333333 0.6453703703703704 0.7958333333333333 0.6481481481481481 0.7979166666666667 0.6555555555555556 0.8026041666666667 0.6537037037037037
3 0.19166666666666668 0.5601851851851852 0.19375 0.537962962962963 0.1921875 0.5314814814814814 0.18541666666666667 0.524074074074074 0.18229166666666666 0.5333333333333333 0.18177083333333333 0.5611111111111111 0.19166666666666668 0.5601851851851852