5 0 0.7129629629629629 0.004166666666666667 0.7083333333333334 0.018229166666666668 0.7129629629629629 0.019791666666666666 0.7083333333333334 0.015104166666666667 0.662962962962963 0.016145833333333335 0.6425925925925926 0.0109375 0.6407407407407407 0.008333333333333333 0.6509259259259259 0.00625 0.6851851851851852 0.0036458333333333334 0.6962962962962963 0 0.7 0 0.7129629629629629
4 0.6260416666666667 0.525 0.6307291666666667 0.5222222222222223 0.63125 0.5166666666666667 0.6239583333333333 0.5111111111111111 0.61875 0.49537037037037035 0.6151041666666667 0.49166666666666664 0.6130208333333333 0.4962962962962963 0.6119791666666666 0.5138888888888888 0.6151041666666667 0.5324074074074074 0.6265625 0.5388888888888889 0.6260416666666667 0.525
5 0.17395833333333333 0.5472222222222223 0.16979166666666667 0.5481481481481482 0.16614583333333333 0.5740740740740741 0.165625 0.600925925925926 0.17291666666666666 0.6037037037037037 0.17552083333333332 0.5546296296296296 0.17395833333333333 0.5472222222222223
4 0.4822916666666667 0.637962962962963 0.484375 0.6074074074074074 0.48125 0.5787037037037037 0.47604166666666664 0.5805555555555556 0.47239583333333335 0.5962962962962963 0.4734375 0.6185185185185185 0.46979166666666666 0.6277777777777778 0.46979166666666666 0.6342592592592593 0.4822916666666667 0.637962962962963
4 0.5239583333333333 0.5398148148148149 0.5265625 0.5259259259259259 0.5276041666666667 0.5092592592592593 0.525 0.49074074074074076 0.5213541666666667 0.487962962962963 0.5171875 0.5037037037037037 0.5177083333333333 0.5185185185185185 0.5125 0.5370370370370371 0.5135416666666667 0.5425925925925926 0.5239583333333333 0.5398148148148149
5 0.2125 0.5574074074074075 0.2171875 0.5370370370370371 0.215625 0.5138888888888888 0.2125 0.5120370370370371 0.20833333333333334 0.525 0.20885416666666667 0.5361111111111111 0.20572916666666666 0.5481481481481482 0.20885416666666667 0.5564814814814815 0.2125 0.5574074074074075
4 0.2734375 0.7509259259259259 0.28020833333333334 0.7527777777777778 0.28177083333333336 0.7509259259259259 0.28229166666666666 0.7296296296296296 0.2864583333333333 0.7111111111111111 0.2796875 0.6694444444444444 0.275 0.6712962962962963 0.2708333333333333 0.6861111111111111 0.2713541666666667 0.7092592592592593 0.27447916666666666 0.7212962962962963 0.2713541666666667 0.7435185185185185 0.2734375 0.7509259259259259
1 0.9 0.6064814814814815 0.8963541666666667 0.5592592592592592 0.8921875 0.5453703703703704 0.8869791666666667 0.549074074074074 0.8859375 0.5740740740740741 0.8880208333333334 0.6074074074074074 0.8979166666666667 0.6101851851851852 0.9 0.6064814814814815
4 0.6697916666666667 0.5935185185185186 0.6713541666666667 0.5777777777777777 0.6692708333333334 0.5444444444444444 0.6619791666666667 0.5333333333333333 0.6567708333333333 0.5435185185185185 0.6557291666666667 0.5574074074074075 0.659375 0.5879629629629629 0.6619791666666667 0.5935185185185186 0.6697916666666667 0.5935185185185186
5 0.5536458333333333 0.5481481481481482 0.5484375 0.5472222222222223 0.5458333333333333 0.5527777777777778 0.5411458333333333 0.575 0.5380208333333333 0.6027777777777777 0.5489583333333333 0.6074074074074074 0.5552083333333333 0.5601851851851852 0.5536458333333333 0.5481481481481482
4 0.6052083333333333 0.5212962962962963 0.6010416666666667 0.5157407407407407 0.5979166666666667 0.5166666666666667 0.5911458333333334 0.5370370370370371 0.5901041666666667 0.5601851851851852 0.6036458333333333 0.562962962962963 0.6052083333333333 0.5592592592592592 0.6052083333333333 0.5212962962962963
5 0.6145833333333334 0.525 0.6109375 0.4962962962962963 0.6072916666666667 0.4925925925925926 0.6026041666666667 0.5027777777777778 0.6010416666666667 0.5175925925925926 0.6041666666666666 0.5305555555555556 0.6119791666666666 0.5314814814814814 0.6145833333333334 0.525
5 0.4505208333333333 0.5361111111111111 0.4546875 0.5398148148148149 0.4546875 0.4962962962962963 0.4515625 0.49722222222222223 0.44583333333333336 0.5092592592592593 0.446875 0.5138888888888888 0.4421875 0.5324074074074074 0.4427083333333333 0.5398148148148149 0.4505208333333333 0.5361111111111111
3 0.4552083333333333 0.5685185185185185 0.45677083333333335 0.5518518518518518 0.4552083333333333 0.5324074074074074 0.45208333333333334 0.5222222222222223 0.44947916666666665 0.5203703703703704 0.4473958333333333 0.5212962962962963 0.4432291666666667 0.5351851851851852 0.4427083333333333 0.5842592592592593 0.4479166666666667 0.5861111111111111 0.4510416666666667 0.5833333333333334 0.4552083333333333 0.5685185185185185
4 0.7270833333333333 0.6212962962962963 0.7322916666666667 0.6333333333333333 0.740625 0.6074074074074074 0.7432291666666667 0.5685185185185185 0.7427083333333333 0.5601851851851852 0.7364583333333333 0.5481481481481482 0.7322916666666667 0.5555555555555556 0.73125 0.5666666666666667 0.7244791666666667 0.5879629629629629 0.7244791666666667 0.6046296296296296 0.71875 0.6277777777777778 0.7203125 0.6305555555555555 0.7270833333333333 0.6212962962962963
5 0.434375 0.6092592592592593 0.4375 0.5990740740740741 0.43802083333333336 0.5592592592592592 0.43645833333333334 0.5555555555555556 0.43385416666666665 0.5555555555555556 0.43125 0.562037037037037 0.42864583333333334 0.5796296296296296 0.428125 0.6148148148148148 0.4317708333333333 0.6194444444444445 0.4348958333333333 0.6175925925925926 0.434375 0.6092592592592593
4 0.5557291666666667 0.5287037037037037 0.5526041666666667 0.5268518518518519 0.5473958333333333 0.5435185185185185 0.546875 0.5611111111111111 0.5526041666666667 0.5731481481481482 0.5572916666666666 0.5574074074074075 0.5557291666666667 0.5287037037037037
0 0.6223958333333334 0.5203703703703704 0.6135416666666667 0.5203703703703704 0.6140625 0.5324074074074074 0.6177083333333333 0.5398148148148149 0.6265625 0.5388888888888889 0.6223958333333334 0.5203703703703704