5 0.4166666666666667 0.7046296296296296 0.4161458333333333 0.6925925925925925 0.40989583333333335 0.6824074074074075 0.409375 0.6768518518518518 0.40729166666666666 0.6768518518518518 0.4078125 0.6814814814814815 0.40208333333333335 0.687962962962963 0.39895833333333336 0.7027777777777777 0.39947916666666666 0.7324074074074074 0.39791666666666664 0.737037037037037 0.4041666666666667 0.7407407407407407 0.4166666666666667 0.7046296296296296
5 0.1734375 0.5907407407407408 0.17916666666666667 0.5879629629629629 0.17552083333333332 0.5722222222222222 0.17604166666666668 0.5564814814814815 0.17291666666666666 0.5444444444444444 0.16979166666666667 0.5398148148148149 0.165625 0.5398148148148149 0.1625 0.5481481481481482 0.16145833333333334 0.5601851851851852 0.16510416666666666 0.5657407407407408 0.16927083333333334 0.5879629629629629 0.1734375 0.5907407407407408
3 0.3625 0.6222222222222222 0.36875 0.6324074074074074 0.37447916666666664 0.6277777777777778 0.3776041666666667 0.6305555555555555 0.37916666666666665 0.6259259259259259 0.3729166666666667 0.6157407407407407 0.3671875 0.5842592592592593 0.3614583333333333 0.5768518518518518 0.3572916666666667 0.5796296296296296 0.35520833333333335 0.5990740740740741 0.3567708333333333 0.6037037037037037 0.3609375 0.6055555555555555 0.3625 0.6222222222222222
4 0.30885416666666665 0.5287037037037037 0.3020833333333333 0.525 0.30052083333333335 0.5314814814814814 0.3020833333333333 0.5601851851851852 0.3140625 0.562962962962963 0.3140625 0.5527777777777778 0.30885416666666665 0.5287037037037037
4 0.013541666666666667 0.625 0.025 0.6222222222222222 0.0234375 0.5861111111111111 0.025 0.5787037037037037 0.0296875 0.5787037037037037 0.03177083333333333 0.5722222222222222 0.024479166666666666 0.5722222222222222 0.021354166666666667 0.5648148148148148 0.017708333333333333 0.5638888888888889 0.010416666666666666 0.575925925925926 0.004166666666666667 0.5796296296296296 0.0026041666666666665 0.5833333333333334 0.0125 0.5962962962962963 0.011458333333333333 0.6222222222222222 0.013541666666666667 0.625
4 0.478125 0.5611111111111111 0.47708333333333336 0.5212962962962963 0.4703125 0.5185185185185185 0.46770833333333334 0.524074074074074 0.4661458333333333 0.5296296296296297 0.4671875 0.5574074074074075 0.46979166666666666 0.5611111111111111 0.478125 0.5611111111111111
4 0.5354166666666667 0.6527777777777778 0.5385416666666667 0.6462962962962963 0.5385416666666667 0.637962962962963 0.5328125 0.625 0.5317708333333333 0.6074074074074074 0.5213541666666667 0.5990740740740741 0.5177083333333333 0.6037037037037037 0.5119791666666667 0.6194444444444445 0.5223958333333333 0.625 0.5291666666666667 0.65 0.5354166666666667 0.6527777777777778
2 0.9479166666666666 0.6148148148148148 0.95 0.5833333333333334 0.9489583333333333 0.5638888888888889 0.9432291666666667 0.5546296296296296 0.9395833333333333 0.5592592592592592 0.9385416666666667 0.5935185185185186 0.934375 0.6074074074074074 0.9354166666666667 0.6111111111111112 0.9479166666666666 0.6148148148148148
5 0.7203125 0.7166666666666667 0.7229166666666667 0.7129629629629629 0.7213541666666666 0.6962962962962963 0.7234375 0.6814814814814815 0.7166666666666667 0.6555555555555556 0.7088541666666667 0.649074074074074 0.7041666666666667 0.6620370370370371 0.7119791666666667 0.674074074074074 0.715625 0.7157407407407408 0.7203125 0.7166666666666667
5 0.5510416666666667 0.5879629629629629 0.5520833333333334 0.5555555555555556 0.5484375 0.5444444444444444 0.5453125 0.5425925925925926 0.5395833333333333 0.5555555555555556 0.5395833333333333 0.5740740740740741 0.5364583333333334 0.587037037037037 0.5484375 0.5916666666666667 0.5510416666666667 0.5879629629629629
4 0.584375 0.6564814814814814 0.5802083333333333 0.6564814814814814 0.5791666666666667 0.662962962962963 0.5838541666666667 0.6648148148148149 0.5869791666666667 0.6611111111111111 0.584375 0.6564814814814814
4 0.5651041666666666 0.6601851851851852 0.5692708333333333 0.6638888888888889 0.5703125 0.6731481481481482 0.5744791666666667 0.6731481481481482 0.5755208333333334 0.6694444444444444 0.5697916666666667 0.6305555555555555 0.5661458333333333 0.6194444444444445 0.5651041666666666 0.6064814814814815 0.5604166666666667 0.600925925925926 0.5567708333333333 0.6148148148148148 0.5557291666666667 0.6361111111111111 0.5567708333333333 0.662962962962963 0.5552083333333333 0.6694444444444444 0.5614583333333333 0.6703703703703704 0.5651041666666666 0.6601851851851852
5 0.6072916666666667 0.6185185185185185 0.6052083333333333 0.600925925925926 0.6057291666666667 0.5768518518518518 0.5994791666666667 0.5648148148148148 0.5958333333333333 0.575 0.5947916666666667 0.5916666666666667 0.6 0.6185185185185185 0.603125 0.6222222222222222 0.6072916666666667 0.6185185185185185
4 0.303125 0.6953703703703704 0.3078125 0.6935185185185185 0.3078125 0.6694444444444444 0.3098958333333333 0.6611111111111111 0.30625 0.6296296296296297 0.3020833333333333 0.6268518518518519 0.29270833333333335 0.6518518518518519 0.2869791666666667 0.6481481481481481 0.2833333333333333 0.6620370370370371 0.2828125 0.6694444444444444 0.290625 0.6925925925925925 0.3 0.6888888888888889 0.303125 0.6953703703703704
5 0.4401041666666667 0.6888888888888889 0.44479166666666664 0.6888888888888889 0.446875 0.6935185185185185 0.4505208333333333 0.6925925925925925 0.44427083333333334 0.6388888888888888 0.43802083333333336 0.6314814814814815 0.4317708333333333 0.6509259259259259 0.4322916666666667 0.6666666666666666 0.42916666666666664 0.6907407407407408 0.4375 0.6935185185185185 0.4401041666666667 0.6888888888888889
3 0.9848958333333333 0.7703703703703704 0.9817708333333334 0.7592592592592593 0.9744791666666667 0.7462962962962963 0.9697916666666667 0.7472222222222222 0.9635416666666666 0.7907407407407407 0.9625 0.8101851851851852 0.9666666666666667 0.8314814814814815 0.9786458333333333 0.8314814814814815 0.9848958333333333 0.7703703703703704
4 0.14010416666666667 0.700925925925926 0.146875 0.7064814814814815 0.15 0.7018518518518518 0.15 0.6805555555555556 0.1546875 0.6620370370370371 0.15104166666666666 0.6574074074074074 0.14635416666666667 0.6333333333333333 0.14270833333333333 0.6370370370370371 0.140625 0.6453703703703704 0.1390625 0.6666666666666666 0.13541666666666666 0.6694444444444444 0.14166666666666666 0.6888888888888889 0.14010416666666667 0.700925925925926
4 0.12916666666666668 0.6722222222222223 0.1265625 0.6759259259259259 0.1265625 0.6824074074074075 0.13072916666666667 0.6824074074074075 0.13229166666666667 0.6731481481481482 0.12916666666666668 0.6722222222222223
4 0.29322916666666665 0.8222222222222222 0.2984375 0.825 0.3 0.8222222222222222 0.2989583333333333 0.812962962962963 0.30520833333333336 0.812037037037037 0.3104166666666667 0.8212962962962963 0.31197916666666664 0.8185185185185185 0.3109375 0.8101851851851852 0.3026041666666667 0.787962962962963 0.3015625 0.7592592592592593 0.290625 0.7435185185185185 0.2864583333333333 0.7425925925925926 0.28489583333333335 0.7472222222222222 0.2828125 0.7592592592592593 0.2838541666666667 0.7814814814814814 0.29010416666666666 0.8 0.29322916666666665 0.8222222222222222
5 0.296875 0.7166666666666667 0.296875 0.6833333333333333 0.3 0.6694444444444444 0.2947916666666667 0.6657407407407407 0.2911458333333333 0.6509259259259259 0.28802083333333334 0.6481481481481481 0.28541666666666665 0.65 0.28229166666666666 0.6620370370370371 0.28177083333333336 0.6731481481481482 0.284375 0.6851851851851852 0.29375 0.7157407407407408 0.296875 0.7166666666666667
4 0.6921875 0.7305555555555555 0.6973958333333333 0.7287037037037037 0.7 0.7185185185185186 0.6942708333333333 0.7055555555555556 0.6947916666666667 0.6842592592592592 0.6916666666666667 0.6694444444444444 0.6859375 0.6555555555555556 0.6817708333333333 0.6564814814814814 0.6822916666666666 0.6925925925925925 0.6895833333333333 0.7175925925925926 0.6890625 0.7277777777777777 0.6921875 0.7305555555555555
0 0.4390625 0.6768518518518518 0.4348958333333333 0.6768518518518518 0.4322916666666667 0.6814814814814815 0.4296875 0.6925925925925925 0.43697916666666664 0.6944444444444444 0.4395833333333333 0.6916666666666667 0.4390625 0.6768518518518518
5 0.13854166666666667 0.6787037037037037 0.14010416666666667 0.6731481481481482 0.13229166666666667 0.6212962962962963 0.128125 0.6194444444444445 0.12552083333333333 0.6277777777777778 0.12552083333333333 0.6814814814814815 0.13072916666666667 0.6833333333333333 0.134375 0.6787037037037037 0.13854166666666667 0.6787037037037037
5 0.5848958333333333 0.6648148148148149 0.5880208333333333 0.6611111111111111 0.5880208333333333 0.6194444444444445 0.5828125 0.6027777777777777 0.5796875 0.600925925925926 0.5776041666666667 0.6046296296296296 0.5760416666666667 0.6175925925925926 0.578125 0.6324074074074074 0.5776041666666667 0.6620370370370371 0.5848958333333333 0.6648148148148149
5 0.5677083333333334 0.6101851851851852 0.5630208333333333 0.6 0.559375 0.5972222222222222 0.55625 0.6027777777777777 0.5546875 0.6111111111111112 0.55625 0.6222222222222222 0.5666666666666667 0.6222222222222222 0.5677083333333334 0.6101851851851852