4 0.04635416666666667 0.6851851851851852 0.0515625 0.6861111111111111 0.05364583333333333 0.6814814814814815 0.0546875 0.662962962962963 0.0546875 0.6435185185185185 0.052083333333333336 0.6342592592592593 0.04791666666666667 0.6342592592592593 0.044270833333333336 0.6564814814814814 0.04375 0.6694444444444444 0.04635416666666667 0.6851851851851852
4 0.4901041666666667 0.6314814814814815 0.49270833333333336 0.6694444444444444 0.49583333333333335 0.6731481481481482 0.5057291666666667 0.6657407407407407 0.5057291666666667 0.6620370370370371 0.5020833333333333 0.6574074074074074 0.4984375 0.6351851851851852 0.4942708333333333 0.625 0.4901041666666667 0.625 0.4901041666666667 0.6314814814814815
4 0.27395833333333336 0.7324074074074074 0.275 0.7351851851851852 0.2791666666666667 0.7333333333333333 0.2869791666666667 0.737037037037037 0.28541666666666665 0.687962962962963 0.2796875 0.6759259259259259 0.27708333333333335 0.6777777777777778 0.2760416666666667 0.6851851851851852 0.2765625 0.7148148148148148 0.27395833333333336 0.7324074074074074
5 0.30625 0.6657407407407407 0.30833333333333335 0.6648148148148149 0.3098958333333333 0.662962962962963 0.30833333333333335 0.6240740740740741 0.3026041666666667 0.6194444444444445 0.30052083333333335 0.6287037037037037 0.30104166666666665 0.6537037037037037 0.30625 0.6657407407407407
5 0.225 0.7694444444444445 0.2234375 0.7796296296296297 0.23125 0.7805555555555556 0.23333333333333334 0.7703703703703704 0.23072916666666668 0.7333333333333333 0.22916666666666666 0.7296296296296296 0.225 0.7296296296296296 0.221875 0.7398148148148148 0.22083333333333333 0.7555555555555555 0.225 0.7694444444444445
4 0.403125 0.7490740740740741 0.4083333333333333 0.7814814814814814 0.4078125 0.8018518518518518 0.4119791666666667 0.8046296296296296 0.415625 0.7981481481481482 0.4140625 0.7907407407407407 0.41770833333333335 0.7620370370370371 0.41875 0.7305555555555555 0.41510416666666666 0.7268518518518519 0.4083333333333333 0.7277777777777777 0.4046875 0.7388888888888889 0.3984375 0.7444444444444445 0.39739583333333334 0.7472222222222222 0.403125 0.7490740740740741
5 0.2421875 0.7083333333333334 0.2375 0.7203703703703703 0.24114583333333334 0.7231481481481481 0.24583333333333332 0.7175925925925926 0.25364583333333335 0.7231481481481481 0.25729166666666664 0.7212962962962963 0.25364583333333335 0.7037037037037037 0.2520833333333333 0.6777777777777778 0.24791666666666667 0.6638888888888889 0.24427083333333333 0.6657407407407407 0.2453125 0.6777777777777778 0.24010416666666667 0.6888888888888889 0.24427083333333333 0.6935185185185185 0.2421875 0.7083333333333334
4 0.5760416666666667 0.6916666666666667 0.5807291666666666 0.6861111111111111 0.578125 0.6351851851851852 0.5744791666666667 0.6333333333333333 0.5713541666666667 0.6425925925925926 0.5697916666666667 0.6814814814814815 0.5760416666666667 0.6916666666666667
5 0.0984375 0.700925925925926 0.09947916666666666 0.7046296296296296 0.10260416666666666 0.7046296296296296 0.10729166666666666 0.6925925925925925 0.11302083333333333 0.7027777777777777 0.1171875 0.700925925925926 0.1140625 0.6842592592592592 0.11510416666666666 0.6805555555555556 0.10729166666666666 0.6518518518518519 0.103125 0.6527777777777778 0.10364583333333334 0.662962962962963 0.10052083333333334 0.6731481481481482 0.10364583333333334 0.6814814814814815 0.0984375 0.700925925925926
4 0.6541666666666667 0.7444444444444445 0.6619791666666667 0.75 0.6661458333333333 0.7240740740740741 0.6635416666666667 0.7 0.6588541666666666 0.687037037037037 0.6557291666666667 0.6888888888888889 0.653125 0.6962962962962963 0.6520833333333333 0.7166666666666667 0.6541666666666667 0.7444444444444445
5 0.6854166666666667 0.6953703703703704 0.6885416666666667 0.6925925925925925 0.6916666666666667 0.6592592592592592 0.6859375 0.6398148148148148 0.6807291666666667 0.6509259259259259 0.6807291666666667 0.6685185185185185 0.6854166666666667 0.6953703703703704
5 0.8895833333333333 0.7175925925925926 0.8880208333333334 0.7314814814814815 0.8916666666666667 0.7361111111111112 0.896875 0.7351851851851852 0.8989583333333333 0.7324074074074074 0.896875 0.7111111111111111 0.8989583333333333 0.7018518518518518 0.9010416666666666 0.700925925925926 0.9015625 0.6935185185185185 0.8973958333333333 0.6796296296296296 0.8927083333333333 0.674074074074074 0.8869791666666667 0.687962962962963 0.8854166666666666 0.700925925925926 0.8895833333333333 0.7175925925925926
3 0.35208333333333336 0.7314814814814815 0.365625 0.7314814814814815 0.36666666666666664 0.7277777777777777 0.36354166666666665 0.7185185185185186 0.36354166666666665 0.708025 0.36666666666666664 0.6972222222222222 0.3614583333333333 0.6675925925925926 0.3572916666666667 0.6685185185185185 0.35260416666666666 0.6888888888888889 0.35520833333333335 0.7148148148148148 0.35208333333333336 0.7314814814814815
4 0.09947916666666666 0.837037037037037 0.10208333333333333 0.8333333333333334 0.103125 0.8175925925925925 0.10729166666666666 0.8175925925925925 0.11510416666666666 0.8305555555555556 0.11770833333333333 0.8296296296296296 0.1171875 0.8212962962962963 0.10833333333333334 0.8027777777777778 0.10885416666666667 0.775 0.10364583333333334 0.7592592592592593 0.09947916666666666 0.762962962962963 0.0953125 0.7870370370370371 0.09479166666666666 0.8351851851851851 0.09947916666666666 0.837037037037037
5 0.7182291666666667 0.7675925925925926 0.7197916666666667 0.7768518518518519 0.7244791666666667 0.7796296296296297 0.7265625 0.7583333333333333 0.7296875 0.75 0.7291666666666666 0.7351851851851852 0.7244791666666667 0.7157407407407408 0.7197916666666667 0.7166666666666667 0.7161458333333334 0.7296296296296296 0.7182291666666667 0.7675925925925926
4 0.14427083333333332 0.7166666666666667 0.14635416666666667 0.7212962962962963 0.15 0.7212962962962963 0.15364583333333334 0.6851851851851852 0.15208333333333332 0.6657407407407407 0.15 0.6620370370370371 0.14635416666666667 0.662962962962963 0.14479166666666668 0.6694444444444444 0.14270833333333333 0.6851851851851852 0.14427083333333332 0.7166666666666667
5 0.4140625 0.7351851851851852 0.4192708333333333 0.7462962962962963 0.4244791666666667 0.7472222222222222 0.42604166666666665 0.7435185185185185 0.425 0.7203703703703703 0.41770833333333335 0.6888888888888889 0.4140625 0.6898148148148148 0.409375 0.7157407407407408 0.4083333333333333 0.7324074074074074 0.4140625 0.7351851851851852
5 0.334375 0.7175925925925926 0.334375 0.6731481481481482 0.3307291666666667 0.6583333333333333 0.3265625 0.6611111111111111 0.32447916666666665 0.6851851851851852 0.32447916666666665 0.7175925925925926 0.334375 0.7175925925925926
0 0.7130208333333333 0.6935185185185185 0.7145833333333333 0.6898148148148148 0.7135416666666666 0.674074074074074 0.7067708333333333 0.6712962962962963 0.7041666666666667 0.675 0.7041666666666667 0.6888888888888889 0.7130208333333333 0.6935185185185185
2 0.7151041666666667 0.6888888888888889 0.7166666666666667 0.6694444444444444 0.7145833333333333 0.65 0.7088541666666667 0.6435185185185185 0.7020833333333333 0.6564814814814814 0.7041666666666667 0.687962962962963 0.7151041666666667 0.6888888888888889