5 0.5744791666666667 0.6537037037037037 0.5713541666666667 0.65 0.5651041666666666 0.6574074074074074 0.5645833333333333 0.6777777777777778 0.5677083333333334 0.6888888888888889 0.5723958333333333 0.6898148148148148 0.5744791666666667 0.6537037037037037
5 0.7041666666666667 0.6861111111111111 0.7036458333333333 0.6537037037037037 0.7 0.65 0.6963541666666667 0.6601851851851852 0.6958333333333333 0.6888888888888889 0.6973958333333333 0.6925925925925925 0.7010416666666667 0.6925925925925925 0.7041666666666667 0.6861111111111111
4 0.753125 0.7101851851851851 0.7557291666666667 0.7064814814814815 0.7578125 0.6851851851851852 0.7567708333333333 0.6694444444444444 0.7552083333333334 0.6648148148148149 0.7479166666666667 0.6657407407407407 0.7458333333333333 0.6694444444444444 0.7479166666666667 0.6944444444444444 0.75 0.7083333333333334 0.753125 0.7101851851851851
5 0.44895833333333335 0.6814814814814815 0.446875 0.6675925925925926 0.434375 0.6648148148148149 0.4328125 0.6694444444444444 0.4348958333333333 0.7037037037037037 0.44895833333333335 0.7092592592592593 0.44895833333333335 0.6814814814814815
4 0.8385416666666666 0.6472222222222223 0.8338541666666667 0.6435185185185185 0.8317708333333333 0.6518518518518519 0.8302083333333333 0.6814814814814815 0.8401041666666667 0.6842592592592592 0.8442708333333333 0.6814814814814815 0.8385416666666666 0.6472222222222223
4 0.47760416666666666 0.6768518518518518 0.478125 0.6657407407407407 0.47708333333333336 0.6388888888888888 0.4734375 0.637962962962963 0.4703125 0.6481481481481481 0.4703125 0.675 0.471875 0.6796296296296296 0.47552083333333334 0.6805555555555556 0.47760416666666666 0.6768518518518518
4 0.415625 0.737037037037037 0.41302083333333334 0.7138888888888889 0.41354166666666664 0.6935185185185185 0.4114583333333333 0.6898148148148148 0.39947916666666666 0.6990740740740741 0.3984375 0.7203703703703703 0.4005208333333333 0.7444444444444445 0.4041666666666667 0.7481481481481481 0.415625 0.737037037037037
5 0.8885416666666667 0.7666666666666667 0.890625 0.7287037037037037 0.8869791666666667 0.7148148148148148 0.8828125 0.7129629629629629 0.8802083333333334 0.7157407407407408 0.8786458333333333 0.7324074074074074 0.8828125 0.7648148148148148 0.8859375 0.7685185185185185 0.8885416666666667 0.7666666666666667
4 0.8953125 0.6675925925925926 0.8901041666666667 0.6768518518518518 0.8901041666666667 0.7129629629629629 0.9010416666666666 0.7129629629629629 0.9010416666666666 0.6759259259259259 0.8953125 0.6675925925925926
4 0.6109375 0.6370370370370371 0.6072916666666667 0.6333333333333333 0.6026041666666667 0.6425925925925926 0.6026041666666667 0.6694444444444444 0.6104166666666667 0.6694444444444444 0.6119791666666666 0.6657407407407407 0.6109375 0.6370370370370371
4 0.6364583333333333 0.7287037037037037 0.6385416666666667 0.725925925925926 0.6421875 0.700925925925926 0.6416666666666667 0.6907407407407408 0.6369791666666667 0.6777777777777778 0.634375 0.6768518518518518 0.6307291666666667 0.6851851851851852 0.6302083333333334 0.7037037037037037 0.6328125 0.7240740740740741 0.6338541666666667 0.7287037037037037 0.6364583333333333 0.7287037037037037
5 0.41458333333333336 0.6935185185185185 0.4109375 0.6888888888888889 0.40677083333333336 0.6972222222222222 0.40677083333333336 0.737037037037037 0.4078125 0.7416666666666667 0.415625 0.7388888888888889 0.41458333333333336 0.6935185185185185
5 0.8135416666666667 0.6583333333333333 0.8098958333333334 0.6481481481481481 0.8052083333333333 0.649074074074074 0.8057291666666667 0.6814814814814815 0.809375 0.6851851851851852 0.8140625 0.6833333333333333 0.8135416666666667 0.6583333333333333
5 0.5864583333333333 0.6777777777777778 0.584375 0.6712962962962963 0.578125 0.6768518518518518 0.5786458333333333 0.7129629629629629 0.5838541666666667 0.7185185185185186 0.5854166666666667 0.7157407407407408 0.5864583333333333 0.6777777777777778
4 0.9078125 0.7555555555555555 0.9119791666666667 0.7583333333333333 0.9145833333333333 0.7518518518518519 0.915625 0.7194444444444444 0.9104166666666667 0.7083333333333334 0.9078125 0.7064814814814815 0.9057291666666667 0.7092592592592593 0.9026041666666667 0.7166666666666667 0.9026041666666667 0.7314814814814815 0.9072916666666667 0.7435185185185185 0.9078125 0.7555555555555555
4 0.4395833333333333 0.7037037037037037 0.4421875 0.6981481481481482 0.44114583333333335 0.6685185185185185 0.43854166666666666 0.6537037037037037 0.4359375 0.65 0.43333333333333335 0.6537037037037037 0.43385416666666665 0.6574074074074074 0.43125 0.6620370370370371 0.43385416666666665 0.7018518518518518 0.4395833333333333 0.7037037037037037
5 0.7479166666666667 0.6712962962962963 0.7520833333333333 0.6611111111111111 0.7526041666666666 0.65 0.7520833333333333 0.6370370370370371 0.7453125 0.637962962962963 0.7411458333333333 0.6574074074074074 0.7411458333333333 0.6657407407407407 0.74375 0.6722222222222223 0.7479166666666667 0.6712962962962963
3 0.5177083333333333 0.5981481481481481 0.5171875 0.5833333333333334 0.5125 0.5777777777777777 0.5067708333333333 0.5824074074074074 0.50625 0.5953703703703703 0.5098958333333333 0.6101851851851852 0.5140625 0.6148148148148148 0.5177083333333333 0.5981481481481481
4 0.7567708333333333 0.6370370370370371 0.7520833333333333 0.6351851851851852 0.7494791666666667 0.6416666666666667 0.7494791666666667 0.6648148148148149 0.7510416666666667 0.6694444444444444 0.7557291666666667 0.6703703703703704 0.7567708333333333 0.6370370370370371
3 0.6510416666666666 0.5833333333333334 0.646875 0.5944444444444444 0.646875 0.6185185185185185 0.65 0.6194444444444445 0.6557291666666667 0.5990740740740741 0.6510416666666666 0.5833333333333334
5 0.4401041666666667 0.6537037037037037 0.43645833333333334 0.6462962962962963 0.43125 0.6527777777777778 0.43020833333333336 0.662962962962963 0.4317708333333333 0.6685185185185185 0.44166666666666665 0.6657407407407407 0.4401041666666667 0.6537037037037037
2 0 0.6722222222222223 0.00625 0.6712962962962963 0.010416666666666666 0.675 0.011979166666666667 0.6731481481481482 0.011979166666666667 0.6342592592592593 0.0046875 0.6268518518518519 0.0026041666666666665 0.6361111111111111 0 0.637962962962963 0 0.6722222222222223
5 0.5052083333333334 0.6925925925925925 0.5109375 0.6620370370370371 0.509375 0.649074074074074 0.5057291666666667 0.6462962962962963 0.5020833333333333 0.6592592592592592 0.5026041666666666 0.674074074074074 0.5005208333333333 0.6851851851851852 0.5020833333333333 0.6916666666666667 0.5052083333333334 0.6925925925925925
5 0.5260416666666666 0.6342592592592593 0.5213541666666667 0.6333333333333333 0.5182291666666666 0.6462962962962963 0.5177083333333333 0.662962962962963 0.5213541666666667 0.6675925925925926 0.5260416666666666 0.6592592592592592 0.5260416666666666 0.6342592592592593