5 0.3302083333333333 0.6731481481481482 0.33489583333333334 0.6796296296296296 0.3421875 0.6777777777777778 0.3421875 0.6351851851851852 0.34010416666666665 0.6333333333333333 0.3328125 0.637962962962963 0.3338541666666667 0.6462962962962963 0.3302083333333333 0.6731481481481482
4 0.8109375 0.6787037037037037 0.8151041666666666 0.675 0.8192708333333333 0.6777777777777778 0.8197916666666667 0.6722222222222223 0.8166666666666667 0.662962962962963 0.8182291666666667 0.65 0.8145833333333333 0.6388888888888888 0.8098958333333334 0.6388888888888888 0.8072916666666666 0.649074074074074 0.8067708333333333 0.6768518518518518 0.8109375 0.6787037037037037
4 0.4901041666666667 0.6759259259259259 0.49375 0.6759259259259259 0.49635416666666665 0.6675925925925926 0.496875 0.6342592592592593 0.49375 0.6259259259259259 0.4869791666666667 0.6305555555555555 0.4869791666666667 0.6666666666666666 0.4901041666666667 0.6759259259259259
3 0.4390625 0.7240740740740741 0.4432291666666667 0.6981481481481482 0.44166666666666665 0.6759259259259259 0.4390625 0.6666666666666666 0.4354166666666667 0.6648148148148149 0.43072916666666666 0.6777777777777778 0.43385416666666665 0.7212962962962963 0.4390625 0.7240740740740741
5 0.5109375 0.7138888888888889 0.5140625 0.7092592592592593 0.5125 0.700925925925926 0.5182291666666666 0.6888888888888889 0.5125 0.6648148148148149 0.509375 0.6620370370370371 0.5067708333333333 0.6685185185185185 0.5067708333333333 0.7092592592592593 0.5109375 0.7138888888888889
3 0.49322916666666666 0.5981481481481481 0.4921875 0.6027777777777777 0.49583333333333335 0.6064814814814815 0.5015625 0.6037037037037037 0.5052083333333334 0.5824074074074074 0.5046875 0.5731481481481482 0.5005208333333333 0.5694444444444444 0.49270833333333336 0.575 0.49114583333333334 0.5796296296296296 0.4901041666666667 0.5907407407407408 0.49322916666666666 0.5981481481481481
4 0.7291666666666666 0.6814814814814815 0.7260416666666667 0.637962962962963 0.7208333333333333 0.6388888888888888 0.7166666666666667 0.6574074074074074 0.7161458333333334 0.6796296296296296 0.7291666666666666 0.6814814814814815
4 0.6734375 0.6851851851851852 0.6807291666666667 0.6851851851851852 0.6828125 0.6537037037037037 0.6776041666666667 0.6407407407407407 0.6697916666666667 0.6398148148148148 0.6723958333333333 0.6814814814814815 0.6734375 0.6851851851851852
4 0.4703125 0.6768518518518518 0.478125 0.6787037037037037 0.48125 0.6731481481481482 0.4822916666666667 0.637962962962963 0.47760416666666666 0.6296296296296297 0.47291666666666665 0.6314814814814815 0.46822916666666664 0.6407407407407407 0.46770833333333334 0.6694444444444444 0.4703125 0.6768518518518518
4 0.45677083333333335 0.6759259259259259 0.4588541666666667 0.6814814814814815 0.4640625 0.6814814814814815 0.4661458333333333 0.6777777777777778 0.46510416666666665 0.6416666666666667 0.4588541666666667 0.6296296296296297 0.45364583333333336 0.6407407407407407 0.453125 0.6518518518518519 0.45677083333333335 0.6759259259259259
4 0.5145833333333333 0.6833333333333333 0.515625 0.6888888888888889 0.5213541666666667 0.6907407407407408 0.5255208333333333 0.6851851851851852 0.528125 0.65 0.525 0.6407407407407407 0.5213541666666667 0.6398148148148148 0.5161458333333333 0.6509259259259259 0.5140625 0.6657407407407407 0.5145833333333333 0.6833333333333333
2 0.3416666666666667 0.6509259259259259 0.34322916666666664 0.6342592592592593 0.3416666666666667 0.6240740740740741 0.334375 0.6185185185185185 0.33177083333333335 0.6203703703703703 0.3333333333333333 0.6527777777777778 0.3416666666666667 0.6509259259259259
5 0.2828125 0.6787037037037037 0.29322916666666665 0.6768518518518518 0.2916666666666667 0.637962962962963 0.2869791666666667 0.6277777777777778 0.2833333333333333 0.6314814814814815 0.28125 0.637962962962963 0.2828125 0.6787037037037037
5 0.4901041666666667 0.6814814814814815 0.4942708333333333 0.6787037037037037 0.49635416666666665 0.6694444444444444 0.49583333333333335 0.6342592592592593 0.49166666666666664 0.6314814814814815 0.48541666666666666 0.637962962962963 0.48541666666666666 0.6666666666666666 0.4901041666666667 0.6814814814814815
5 0.453125 0.6759259259259259 0.4546875 0.674074074074074 0.453125 0.6675925925925926 0.4546875 0.6472222222222223 0.453125 0.6324074074074074 0.44947916666666665 0.6305555555555555 0.44583333333333336 0.6407407407407407 0.446875 0.6731481481481482 0.453125 0.6759259259259259
4 0.65 0.7518518518518519 0.6520833333333333 0.7472222222222222 0.6526041666666667 0.7027777777777777 0.6458333333333334 0.6861111111111111 0.640625 0.6851851851851852 0.6447916666666667 0.7472222222222222 0.65 0.7518518518518519