4 0.34270833333333334 0.6925925925925925 0.34270833333333334 0.700925925925926 0.3453125 0.7074074074074074 0.35 0.7083333333333334 0.35260416666666666 0.7046296296296296 0.35 0.6861111111111111 0.35572916666666665 0.6694444444444444 0.3536458333333333 0.6638888888888889 0.3489583333333333 0.6638888888888889 0.340625 0.6722222222222223 0.3390625 0.6805555555555556 0.34270833333333334 0.6925925925925925
4 0.3109375 0.6074074074074074 0.31354166666666666 0.6018518518518519 0.31614583333333335 0.5796296296296296 0.321875 0.562962962962963 0.3171875 0.562037037037037 0.30885416666666665 0.5787037037037037 0.3078125 0.6037037037037037 0.3109375 0.6074074074074074
2 0.23020833333333332 0.6185185185185185 0.23177083333333334 0.6092592592592593 0.22604166666666667 0.5861111111111111 0.221875 0.5842592592592593 0.21770833333333334 0.5916666666666667 0.21666666666666667 0.6203703703703703 0.23020833333333332 0.6185185185185185
4 0.5411458333333333 0.5675925925925925 0.5432291666666667 0.5462962962962963 0.540625 0.5324074074074074 0.5359375 0.5398148148148149 0.5364583333333334 0.5638888888888889 0.5411458333333333 0.5675925925925925
4 0.5145833333333333 0.6111111111111112 0.5213541666666667 0.6194444444444445 0.5239583333333333 0.6129629629629629 0.5260416666666666 0.5796296296296296 0.5171875 0.575 0.5109375 0.5824074074074074 0.5145833333333333 0.5935185185185186 0.5145833333333333 0.6111111111111112
4 0.6145833333333334 0.6527777777777778 0.6234375 0.6527777777777778 0.6260416666666667 0.65 0.6223958333333334 0.6287037037037037 0.6244791666666667 0.6074074074074074 0.6203125 0.6037037037037037 0.6140625 0.6064814814814815 0.6130208333333333 0.65 0.6145833333333334 0.6527777777777778
4 0.4588541666666667 0.6296296296296297 0.4640625 0.6203703703703703 0.4640625 0.5981481481481481 0.459375 0.5833333333333334 0.4557291666666667 0.5888888888888889 0.4552083333333333 0.6194444444444445 0.4588541666666667 0.6296296296296297
5 0.5796875 0.6768518518518518 0.5848958333333333 0.6416666666666667 0.5828125 0.6268518518518519 0.578125 0.6277777777777778 0.5739583333333333 0.6462962962962963 0.5713541666666667 0.6731481481481482 0.5796875 0.6768518518518518
5 0.3885416666666667 0.6768518518518518 0.3958333333333333 0.6759259259259259 0.3984375 0.6731481481481482 0.3963541666666667 0.6601851851851852 0.3963541666666667 0.6222222222222222 0.3921875 0.6222222222222222 0.3880208333333333 0.6398148148148148 0.3875 0.674074074074074 0.3885416666666667 0.6768518518518518
5 0.3932291666666667 0.6416666666666667 0.3963541666666667 0.6361111111111111 0.39791666666666664 0.625 0.3963541666666667 0.5879629629629629 0.3932291666666667 0.5898148148148148 0.390625 0.6018518518518519 0.39010416666666664 0.6388888888888888 0.3932291666666667 0.6416666666666667
4 0.709375 0.6537037037037037 0.7135416666666666 0.6601851851851852 0.7119791666666667 0.6814814814814815 0.7213541666666666 0.6805555555555556 0.7244791666666667 0.6861111111111111 0.7244791666666667 0.6462962962962963 0.7203125 0.6333333333333333 0.7166666666666667 0.6361111111111111 0.7140625 0.6472222222222223 0.709375 0.6537037037037037
4 0.6989583333333333 0.6064814814814815 0.7015625 0.5842592592592593 0.7005208333333334 0.5703703703703704 0.6963541666666667 0.5675925925925925 0.6932291666666667 0.5787037037037037 0.6927083333333334 0.6037037037037037 0.6989583333333333 0.6064814814814815
5 0.4276041666666667 0.6259259259259259 0.4322916666666667 0.6231481481481481 0.4390625 0.5916666666666667 0.4354166666666667 0.5796296296296296 0.42916666666666664 0.5796296296296296 0.4270833333333333 0.5842592592592593 0.425 0.6203703703703703 0.4276041666666667 0.6259259259259259
5 0.4395833333333333 0.6064814814814815 0.4421875 0.5925925925925926 0.44166666666666665 0.5666666666666667 0.4401041666666667 0.5638888888888889 0.4375 0.5648148148148148 0.4348958333333333 0.5796296296296296 0.4354166666666667 0.6037037037037037 0.4395833333333333 0.6064814814814815
5 0.6572916666666667 0.5787037037037037 0.6583333333333333 0.6064814814814815 0.6630208333333333 0.6092592592592593 0.6677083333333333 0.5824074074074074 0.6635416666666667 0.5703703703703704 0.6598958333333333 0.5703703703703704 0.6557291666666667 0.575925925925926 0.6572916666666667 0.5787037037037037
3 0.9369791666666667 0.5888888888888889 0.9395833333333333 0.587037037037037 0.940625 0.5601851851851852 0.9380208333333333 0.5537037037037037 0.9338541666666667 0.5537037037037037 0.9333333333333333 0.5861111111111111 0.9369791666666667 0.5888888888888889
3 0.5229166666666667 0.5555555555555556 0.5260416666666666 0.5611111111111111 0.5296875 0.5518518518518518 0.528125 0.5287037037037037 0.5239583333333333 0.5259259259259259 0.521875 0.5277777777777778 0.5229166666666667 0.5555555555555556
5 0.353125 0.6148148148148148 0.35260416666666666 0.575925925925926 0.3489583333333333 0.5731481481481482 0.34479166666666666 0.587037037037037 0.34375 0.6148148148148148 0.353125 0.6148148148148148
3 0.4859375 0.5898148148148148 0.4875 0.637962962962963 0.4901041666666667 0.6453703703703704 0.4953125 0.6425925925925926 0.4973958333333333 0.6185185185185185 0.496875 0.5907407407407408 0.49322916666666666 0.5888888888888889 0.4890625 0.5925925925925926 0.4859375 0.5898148148148148
5 0.45989583333333334 0.6287037037037037 0.4630208333333333 0.6027777777777777 0.45989583333333334 0.5842592592592593 0.4546875 0.5888888888888889 0.4505208333333333 0.6148148148148148 0.4505208333333333 0.6287037037037037 0.45989583333333334 0.6287037037037037
4 0.75625 0.6333333333333333 0.7619791666666667 0.6277777777777778 0.7614583333333333 0.6194444444444445 0.7645833333333333 0.6055555555555555 0.7598958333333333 0.5925925925925926 0.7536458333333333 0.6027777777777777 0.753125 0.6296296296296297 0.75625 0.6333333333333333
4 0.5395833333333333 0.5962962962962963 0.5416666666666666 0.6046296296296296 0.5442708333333334 0.6259259259259259 0.5484375 0.6296296296296297 0.5520833333333334 0.6268518518518519 0.553125 0.6185185185185185 0.5458333333333333 0.5888888888888889 0.5411458333333333 0.5842592592592593 0.5380208333333333 0.5879629629629629 0.5369791666666667 0.5953703703703703 0.5395833333333333 0.5962962962962963
5 0.3614583333333333 0.6425925925925926 0.365625 0.6240740740740741 0.36666666666666664 0.5990740740740741 0.3651041666666667 0.5944444444444444 0.35989583333333336 0.600925925925926 0.3578125 0.6129629629629629 0.3572916666666667 0.6416666666666667 0.3614583333333333 0.6425925925925926