4 0.6026041666666667 0.7240740740740741 0.5994791666666667 0.7324074074074074 0.6151041666666667 0.7444444444444445 0.615625 0.7333333333333333 0.6119791666666666 0.7092592592592593 0.6229166666666667 0.6972222222222222 0.615625 0.6703703703703704 0.609375 0.6564814814814814 0.6057291666666667 0.6555555555555556 0.5994791666666667 0.674074074074074 0.5994791666666667 0.6833333333333333 0.603125 0.6907407407407408 0.6036458333333333 0.7055555555555556 0.6026041666666667 0.7240740740740741
5 0.503125 0.6777777777777778 0.50625 0.6657407407407407 0.5114583333333333 0.6648148148148149 0.5130208333333334 0.6777777777777778 0.5166666666666667 0.6777777777777778 0.51875 0.6277777777777778 0.5135416666666667 0.6037037037037037 0.509375 0.6 0.5020833333333333 0.6101851851851852 0.49583333333333335 0.6055555555555555 0.5020833333333333 0.6138888888888889 0.5052083333333334 0.6319444444444444 0.49895833333333334 0.6768518518518518 0.503125 0.6777777777777778
5 0.35104166666666664 0.7018518518518518 0.35520833333333335 0.6777777777777778 0.3536458333333333 0.6527777777777778 0.3463541666666667 0.6342592592592593 0.3390625 0.6518518518518519 0.33958333333333335 0.7194444444444444 0.35 0.7240740740740741 0.35208333333333336 0.7212962962962963 0.35104166666666664 0.7018518518518518
2 0.6421875 0.5879629629629629 0.6463541666666667 0.5879629629629629 0.6489583333333333 0.5555555555555556 0.6515625 0.5481481481481482 0.6520833333333333 0.5277777777777778 0.6479166666666667 0.5212962962962963 0.6411458333333333 0.5212962962962963 0.6364583333333333 0.5342592592592592 0.6359375 0.5601851851851852 0.6390625 0.5685185185185185 0.6401041666666667 0.5842592592592593 0.6421875 0.5879629629629629
3 0.28020833333333334 0.6777777777777778 0.28177083333333336 0.6666666666666666 0.28802083333333334 0.6657407407407407 0.290625 0.6787037037037037 0.296875 0.6777777777777778 0.2916666666666667 0.6546296296296297 0.29322916666666665 0.6370370370370371 0.290625 0.5972222222222222 0.2859375 0.5981481481481481 0.27708333333333335 0.6370370370370371 0.27708333333333335 0.6425925925925926 0.28125 0.649074074074074 0.275 0.6759259259259259 0.28020833333333334 0.6777777777777778
4 0.23854166666666668 0.575 0.23541666666666666 0.5555555555555556 0.23072916666666668 0.5527777777777778 0.22604166666666667 0.5694444444444444 0.22552083333333334 0.6101851851851852 0.23229166666666667 0.6157407407407407 0.23541666666666666 0.6111111111111112 0.23854166666666668 0.575
5 0.4453125 0.5990740740740741 0.446875 0.5972222222222222 0.44635416666666666 0.5527777777777778 0.4427083333333333 0.537962962962963 0.4390625 0.5370370370370371 0.43697916666666664 0.5435185185185185 0.43802083333333336 0.5537037037037037 0.4354166666666667 0.562962962962963 0.4354166666666667 0.5990740740740741 0.4453125 0.5990740740740741
5 0.040625 0.5916666666666667 0.03802083333333333 0.5703703703703704 0.0328125 0.5694444444444444 0.029166666666666667 0.5824074074074074 0.0296875 0.6351851851851852 0.03697916666666667 0.6398148148148148 0.0390625 0.6342592592592593 0.040625 0.5916666666666667
4 0.31354166666666666 0.7314814814814815 0.31979166666666664 0.7324074074074074 0.3182291666666667 0.6805555555555556 0.3145833333333333 0.6666666666666666 0.3145833333333333 0.6527777777777778 0.3098958333333333 0.65 0.3046875 0.6657407407407407 0.30520833333333336 0.700925925925926 0.3020833333333333 0.7314814814814815 0.3046875 0.7361111111111112 0.31354166666666666 0.7314814814814815
5 0.7322916666666667 0.7277777777777777 0.7369791666666666 0.7277777777777777 0.7421875 0.6833333333333333 0.7395833333333334 0.6620370370370371 0.7348958333333333 0.6518518518518519 0.73125 0.65 0.721875 0.6787037037037037 0.7223958333333333 0.6888888888888889 0.7265625 0.6953703703703704 0.7302083333333333 0.7101851851851851 0.7322916666666667 0.7277777777777777
5 0.4276041666666667 0.662962962962963 0.43072916666666666 0.6601851851851852 0.43333333333333335 0.5990740740740741 0.43125 0.5981481481481481 0.4276041666666667 0.5851851851851851 0.4234375 0.5861111111111111 0.4203125 0.5953703703703703 0.41875 0.6222222222222222 0.421875 0.6296296296296297 0.421875 0.6546296296296297 0.4276041666666667 0.662962962962963
4 0.025 0.5444444444444444 0.0234375 0.5166666666666667 0.020833333333333332 0.5092592592592593 0.0171875 0.5083333333333333 0.0140625 0.5185185185185185 0.015104166666666667 0.5601851851851852 0.016145833333333335 0.5638888888888889 0.021354166666666667 0.5657407407407408 0.025 0.5444444444444444
4 0.3958333333333333 0.5953703703703703 0.39791666666666664 0.5814814814814815 0.3963541666666667 0.5407407407407407 0.3921875 0.5305555555555556 0.3880208333333333 0.5333333333333333 0.3854166666666667 0.5509259259259259 0.3848958333333333 0.5944444444444444 0.3885416666666667 0.5990740740740741 0.3932291666666667 0.5981481481481481 0.3958333333333333 0.5953703703703703
5 0.2869791666666667 0.5916666666666667 0.2911458333333333 0.5879629629629629 0.29375 0.5425925925925926 0.2875 0.5296296296296297 0.2838541666666667 0.5324074074074074 0.28177083333333336 0.5398148148148149 0.28229166666666666 0.5638888888888889 0.28489583333333335 0.5879629629629629 0.2869791666666667 0.5916666666666667
4 0.353125 0.5898148148148148 0.3536458333333333 0.5703703703703704 0.3572916666666667 0.5583333333333333 0.35572916666666665 0.5351851851851852 0.353125 0.5268518518518519 0.3489583333333333 0.524074074074074 0.34322916666666664 0.537962962962963 0.3416666666666667 0.5592592592592592 0.34479166666666666 0.575 0.34427083333333336 0.587037037037037 0.353125 0.5898148148148148
4 0.8057291666666667 0.7870370370370371 0.8166666666666667 0.7870370370370371 0.8161458333333333 0.7533333333333333 0.81875 0.7398148148148148 0.8177083333333334 0.7287037037037037 0.8109375 0.7157407407407408 0.8098958333333334 0.7083333333333334 0.8067708333333333 0.7055555555555556 0.8041666666666667 0.7083333333333334 0.7994791666666666 0.7277777777777777 0.8005208333333333 0.7861111111111111 0.8026041666666667 0.7944444444444444 0.8057291666666667 0.7870370370370371
3 0.9411458333333333 0.7694444444444445 0.9473958333333333 0.7722222222222223 0.9494791666666667 0.7703703703703704 0.9505208333333334 0.7611111111111111 0.953125 0.712037037037037 0.9510416666666667 0.7027777777777777 0.9432291666666667 0.6898148148148148 0.9385416666666667 0.6962962962962963 0.9380208333333333 0.7231481481481481 0.9338541666666667 0.7398148148148148 0.9385416666666667 0.7509259259259259 0.9411458333333333 0.7694444444444445
0 0.8578125 0.774074074074074 0.8526041666666667 0.7768518518518519 0.853125 0.7888888888888889 0.8609375 0.7888888888888889 0.8598958333333333 0.7768518518518519 0.8578125 0.774074074074074
5 0.8364583333333333 0.7175925925925926 0.8291666666666667 0.6990740740740741 0.8255208333333334 0.6972222222222222 0.8229166666666666 0.7046296296296296 0.821875 0.7351851851851852 0.8333333333333334 0.7870370370370371 0.8375 0.7870370370370371 0.8364583333333333 0.7175925925925926
5 0.5057291666666667 0.6037037037037037 0.5135416666666667 0.6092592592592593 0.5166666666666667 0.6 0.5171875 0.5814814814814815 0.5203125 0.5712962962962963 0.5130208333333334 0.5564814814814815 0.5041666666666667 0.562037037037037 0.4984375 0.5601851851851852 0.49583333333333335 0.5638888888888889 0.5057291666666667 0.5703703703703704 0.5072916666666667 0.5777777777777777 0.5057291666666667 0.6037037037037037