4 0.25052083333333336 0.6564814814814814 0.25104166666666666 0.6620370370370371 0.2635416666666667 0.6657407407407407 0.26458333333333334 0.6240740740740741 0.26614583333333336 0.6222222222222222 0.2635416666666667 0.6101851851851852 0.25677083333333334 0.6148148148148148 0.2515625 0.637962962962963 0.25416666666666665 0.649074074074074 0.25052083333333336 0.6564814814814814
4 0.22760416666666666 0.6481481481481481 0.23177083333333334 0.6462962962962963 0.23645833333333333 0.65 0.23802083333333332 0.6425925925925926 0.23645833333333333 0.6055555555555555 0.23177083333333334 0.6018518518518519 0.23020833333333332 0.6074074074074074 0.22604166666666667 0.6435185185185185 0.22760416666666666 0.6481481481481481
5 0.24375 0.6527777777777778 0.24739583333333334 0.6509259259259259 0.24583333333333332 0.6083333333333333 0.24166666666666667 0.6074074074074074 0.2390625 0.6166666666666667 0.23854166666666668 0.6481481481481481 0.24375 0.6527777777777778
5 0.3984375 0.6805555555555556 0.4 0.6703703703703704 0.39947916666666666 0.637962962962963 0.396875 0.6305555555555555 0.3927083333333333 0.637962962962963 0.3885416666666667 0.6722222222222223 0.3885416666666667 0.6824074074074075 0.3984375 0.6805555555555556
4 0.2125 0.7333333333333333 0.21822916666666667 0.7277777777777777 0.2203125 0.7314814814814815 0.22552083333333334 0.7314814814814815 0.2265625 0.7277777777777777 0.22135416666666666 0.7138888888888889 0.21666666666666667 0.662962962962963 0.21197916666666666 0.6694444444444444 0.21041666666666667 0.6814814814814815 0.20885416666666667 0.7324074074074074 0.2125 0.7333333333333333
5 0.21875 0.6814814814814815 0.21875 0.6574074074074074 0.2140625 0.6574074074074074 0.21145833333333333 0.6657407407407407 0.2109375 0.6814814814814815 0.21875 0.6814814814814815
4 0.465625 0.6481481481481481 0.4703125 0.6537037037037037 0.4713541666666667 0.6370370370370371 0.46927083333333336 0.6037037037037037 0.4666666666666667 0.6018518518518519 0.4640625 0.6074074074074074 0.4588541666666667 0.6370370370370371 0.4588541666666667 0.6472222222222223 0.465625 0.6481481481481481
5 0.19427083333333334 0.6777777777777778 0.19739583333333333 0.6768518518518518 0.19791666666666666 0.6305555555555555 0.196875 0.6259259259259259 0.19270833333333334 0.6277777777777778 0.1875 0.6666666666666666 0.19427083333333334 0.6777777777777778
5 0.6895833333333333 0.6666666666666666 0.6927083333333334 0.6185185185185185 0.6890625 0.6148148148148148 0.6822916666666666 0.6222222222222222 0.6838541666666667 0.6620370370370371 0.6895833333333333 0.6666666666666666
4 0.7619791666666667 0.7046296296296296 0.7671875 0.7064814814814815 0.771875 0.6935185185185185 0.7723958333333333 0.6657407407407407 0.7671875 0.6527777777777778 0.7635416666666667 0.6509259259259259 0.7625 0.6537037037037037 0.759375 0.6657407407407407 0.7619791666666667 0.7046296296296296
5 0.6661458333333333 0.6425925925925926 0.6692708333333334 0.6481481481481481 0.6770833333333334 0.6314814814814815 0.6786458333333333 0.6231481481481481 0.6776041666666667 0.6055555555555555 0.6739583333333333 0.6064814814814815 0.6703125 0.6175925925925926 0.6697916666666667 0.6305555555555555 0.6661458333333333 0.6425925925925926
4 0.7442708333333333 0.6675925925925926 0.7473958333333334 0.6620370370370371 0.7505208333333333 0.6277777777777778 0.7442708333333333 0.6157407407407407 0.740625 0.6222222222222222 0.7411458333333333 0.6648148148148149 0.7442708333333333 0.6675925925925926
3 0.9546875 0.8111111111111111 0.9546875 0.8222222222222222 0.9588541666666667 0.825925925925926 0.9666666666666667 0.825 0.9739583333333334 0.8101851851851852 0.9734375 0.775 0.9671875 0.7574074074074074 0.9598958333333333 0.775 0.959375 0.7981481481481482 0.9546875 0.8111111111111111
5 0.7401041666666667 0.7472222222222222 0.74375 0.7398148148148148 0.7458333333333333 0.725 0.7458333333333333 0.6990740740740741 0.7411458333333333 0.6861111111111111 0.7375 0.687037037037037 0.734375 0.6962962962962963 0.734375 0.7138888888888889 0.7401041666666667 0.7472222222222222
3 0.2359375 0.575 0.240625 0.5731481481481482 0.24114583333333334 0.5472222222222223 0.2359375 0.5435185185185185 0.23177083333333334 0.549074074074074 0.23229166666666667 0.5722222222222222 0.2359375 0.575
5 0.4354166666666667 0.6509259259259259 0.4395833333333333 0.6509259259259259 0.44166666666666665 0.649074074074074 0.44427083333333334 0.6342592592592593 0.44479166666666664 0.6101851851851852 0.4390625 0.6037037037037037 0.4348958333333333 0.6157407407407407 0.43333333333333335 0.6462962962962963 0.4354166666666667 0.6509259259259259
3 0.440625 0.649074074074074 0.44635416666666666 0.637962962962963 0.4473958333333333 0.5962962962962963 0.4453125 0.5898148148148148 0.4427083333333333 0.5888888888888889 0.43854166666666666 0.5972222222222222 0.4354166666666667 0.6166666666666667 0.4348958333333333 0.6453703703703704 0.440625 0.649074074074074
5 0.5645833333333333 0.6712962962962963 0.5661458333333333 0.6666666666666666 0.5692708333333333 0.6666666666666666 0.571875 0.675 0.5744791666666667 0.675 0.5760416666666667 0.6731481481481482 0.5729166666666666 0.6259259259259259 0.56875 0.6259259259259259 0.5671875 0.6324074074074074 0.5609375 0.6694444444444444 0.5645833333333333 0.6712962962962963
3 0.3223958333333333 0.5712962962962963 0.32760416666666664 0.5444444444444444 0.3223958333333333 0.5361111111111111 0.3171875 0.537962962962963 0.3151041666666667 0.5444444444444444 0.3177083333333333 0.5675925925925925 0.3223958333333333 0.5712962962962963
4 0.6869791666666667 0.649074074074074 0.6947916666666667 0.6620370370370371 0.6984375 0.662962962962963 0.7 0.6611111111111111 0.6984375 0.637962962962963 0.6947916666666667 0.6185185185185185 0.6921875 0.6138888888888889 0.6869791666666667 0.6194444444444445 0.6854166666666667 0.6259259259259259 0.6869791666666667 0.649074074074074
4 0.6526041666666667 0.6370370370370371 0.6552083333333333 0.6370370370370371 0.6651041666666667 0.6231481481481481 0.6661458333333333 0.6064814814814815 0.6635416666666667 0.5953703703703703 0.6598958333333333 0.5953703703703703 0.6546875 0.6111111111111112 0.65 0.6305555555555555 0.6526041666666667 0.6370370370370371
4 0.559375 0.6166666666666667 0.5677083333333334 0.6194444444444445 0.5697916666666667 0.6157407407407407 0.5692708333333333 0.5907407407407408 0.5651041666666666 0.5787037037037037 0.5604166666666667 0.5842592592592593 0.5583333333333333 0.5944444444444444 0.559375 0.6166666666666667
5 0.26197916666666665 0.6333333333333333 0.2671875 0.6361111111111111 0.2703125 0.6305555555555555 0.2682291666666667 0.5953703703703703 0.2671875 0.5925925925925926 0.2630208333333333 0.5935185185185186 0.2598958333333333 0.6231481481481481 0.26197916666666665 0.6333333333333333
4 0.5526041666666667 0.6435185185185185 0.5567708333333333 0.6203703703703703 0.5546875 0.5962962962962963 0.55 0.5972222222222222 0.5479166666666667 0.6092592592592593 0.5479166666666667 0.6388888888888888 0.5526041666666667 0.6435185185185185