4 0.46197916666666666 0.8037037037037037 0.4666666666666667 0.8037037037037037 0.4744791666666667 0.7453703703703703 0.4625 0.737037037037037 0.45729166666666665 0.7481481481481481 0.459375 0.799074074074074 0.46197916666666666 0.8037037037037037
4 0.41770833333333335 0.7518518518518519 0.4203125 0.7481481481481481 0.421875 0.7361111111111112 0.42239583333333336 0.7018518518518518 0.415625 0.6925925925925925 0.4088541666666667 0.7083333333333334 0.4114583333333333 0.7490740740740741 0.41770833333333335 0.7518518518518519
5 0.9119791666666667 0.7796296296296297 0.9166666666666666 0.775 0.9166666666666666 0.7583333333333333 0.9192708333333334 0.7472222222222222 0.9182291666666667 0.7314814814814815 0.915625 0.7194444444444444 0.9119791666666667 0.7148148148148148 0.90625 0.7296296296296296 0.9078125 0.7759259259259259 0.9119791666666667 0.7796296296296297
5 0.9703125 0.7407407407407407 0.9734375 0.7398148148148148 0.9791666666666666 0.7305555555555555 0.9796875 0.7092592592592593 0.9786458333333333 0.6916666666666667 0.9744791666666667 0.6805555555555556 0.9708333333333333 0.6842592592592592 0.9682291666666667 0.7027777777777777 0.9671875 0.7361111111111112 0.9703125 0.7407407407407407
5 0.7375 0.7277777777777777 0.7395833333333334 0.7324074074074074 0.7427083333333333 0.7324074074074074 0.7447916666666666 0.7277777777777777 0.7458333333333333 0.687037037037037 0.7401041666666667 0.6722222222222223 0.7375 0.675 0.734375 0.687962962962963 0.7338541666666667 0.700925925925926 0.7375 0.7277777777777777
4 0.88125 0.7416666666666667 0.8822916666666667 0.700925925925926 0.8770833333333333 0.6861111111111111 0.8739583333333333 0.6898148148148148 0.871875 0.6990740740740741 0.8703125 0.7407407407407407 0.88125 0.7416666666666667
2 0.22447916666666667 0.687037037037037 0.2265625 0.6851851851851852 0.22552083333333334 0.674074074074074 0.22760416666666666 0.6546296296296297 0.23072916666666668 0.65 0.22604166666666667 0.637962962962963 0.22135416666666666 0.6333333333333333 0.21666666666666667 0.6481481481481481 0.21666666666666667 0.6851851851851852 0.22447916666666667 0.687037037037037
5 0.38697916666666665 0.8037037037037037 0.3890625 0.8101851851851852 0.3927083333333333 0.8111111111111111 0.3963541666666667 0.8074074074074075 0.403125 0.7712962962962963 0.40260416666666665 0.7481481481481481 0.39895833333333336 0.7472222222222222 0.39010416666666664 0.762962962962963 0.39114583333333336 0.7805555555555556 0.38697916666666665 0.8037037037037037
3 0.4557291666666667 0.7055555555555556 0.4583333333333333 0.6990740740740741 0.46041666666666664 0.6620370370370371 0.4557291666666667 0.65 0.45260416666666664 0.6518518518518519 0.4515625 0.6611111111111111 0.45260416666666664 0.6990740740740741 0.4557291666666667 0.7055555555555556
4 0.8635416666666667 0.8333333333333334 0.8682291666666667 0.8342592592592593 0.871875 0.8222222222222222 0.8760416666666667 0.8240740740740741 0.8796875 0.8361111111111111 0.8833333333333333 0.837037037037037 0.8854166666666666 0.8333333333333334 0.88125 0.8175925925925925 0.8796875 0.7824074074074074 0.88125 0.7787037037037037 0.8791666666666667 0.7675925925925926 0.8739583333333333 0.7666666666666667 0.8703125 0.7787037037037037 0.8697916666666666 0.799074074074074 0.8635416666666667 0.8333333333333334
5 0.4703125 0.7472222222222222 0.4744791666666667 0.7472222222222222 0.471875 0.700925925925926 0.4666666666666667 0.6916666666666667 0.4630208333333333 0.700925925925926 0.46197916666666666 0.7398148148148148 0.4703125 0.7472222222222222
4 0.6859375 0.6888888888888889 0.6890625 0.6861111111111111 0.6911458333333333 0.649074074074074 0.6854166666666667 0.637962962962963 0.6817708333333333 0.649074074074074 0.6828125 0.6861111111111111 0.6859375 0.6888888888888889
4 0.7963541666666667 0.7703703703703704 0.8 0.7666666666666667 0.8015625 0.725925925925926 0.7984375 0.7101851851851851 0.7947916666666667 0.7083333333333334 0.7927083333333333 0.7148148148148148 0.7916666666666666 0.7675925925925926 0.7963541666666667 0.7703703703703704
4 0.42239583333333336 0.6972222222222222 0.4276041666666667 0.7018518518518518 0.43645833333333334 0.6962962962962963 0.43333333333333335 0.6824074074074075 0.4317708333333333 0.6518518518518519 0.4276041666666667 0.6435185185185185 0.4244791666666667 0.6518518518518519 0.4244791666666667 0.6842592592592592 0.42239583333333336 0.6972222222222222
5 0.16770833333333332 0.7361111111111112 0.16927083333333334 0.7407407407407407 0.171875 0.7407407407407407 0.18020833333333333 0.7361111111111112 0.1796875 0.7083333333333334 0.178125 0.6814814814814815 0.1734375 0.6796296296296296 0.1703125 0.687037037037037 0.16979166666666667 0.725 0.16770833333333332 0.7361111111111112
3 0.490625 0.6342592592592593 0.49322916666666666 0.6296296296296297 0.49322916666666666 0.6064814814814815 0.4901041666666667 0.5953703703703703 0.48489583333333336 0.6046296296296296 0.484375 0.6268518518518519 0.490625 0.6342592592592593
5 0.37916666666666665 0.6583333333333333 0.3807291666666667 0.6638888888888889 0.3828125 0.6638888888888889 0.3875 0.6574074074074074 0.3885416666666667 0.6342592592592593 0.3848958333333333 0.6157407407407407 0.3802083333333333 0.6175925925925926 0.378125 0.6231481481481481 0.37916666666666665 0.6583333333333333
5 0.309375 0.8083333333333333 0.3125 0.8444444444444444 0.3145833333333333 0.8481481481481481 0.3171875 0.8425925925925926 0.32135416666666666 0.8083333333333333 0.3255208333333333 0.8055555555555556 0.3177083333333333 0.7722222222222223 0.3145833333333333 0.7712962962962963 0.31145833333333334 0.7814814814814814 0.3067708333333333 0.7870370370370371 0.30520833333333336 0.799074074074074 0.309375 0.8083333333333333
0 0.253125 0.6925925925925925 0.259375 0.687037037037037 0.2557291666666667 0.6787037037037037 0.2526041666666667 0.6842592592592592 0.2515625 0.6916666666666667 0.253125 0.6925925925925925
5 0.6541666666666667 0.6694444444444444 0.6567708333333333 0.6462962962962963 0.6541666666666667 0.6277777777777778 0.65 0.6268518518518519 0.6489583333333333 0.6416666666666667 0.6484375 0.6666666666666666 0.6541666666666667 0.6694444444444444