5 0.26927083333333335 0.7407407407407407 0.2625 0.737037037037037 0.25625 0.7537037037037037 0.2578125 0.7787037037037037 0.2677083333333333 0.7805555555555556 0.2703125 0.7481481481481481 0.26927083333333335 0.7407407407407407
4 0.2526041666666667 0.6703703703703704 0.2557291666666667 0.6305555555555555 0.2515625 0.6203703703703703 0.24895833333333334 0.6194444444444445 0.24479166666666666 0.6305555555555555 0.24427083333333333 0.6462962962962963 0.24739583333333334 0.6574074074074074 0.24739583333333334 0.6694444444444444 0.2526041666666667 0.6703703703703704
4 0.43802083333333336 0.6268518518518519 0.4348958333333333 0.6166666666666667 0.43125 0.6175925925925926 0.428125 0.6361111111111111 0.42864583333333334 0.6638888888888889 0.4401041666666667 0.6638888888888889 0.44114583333333335 0.6574074074074074 0.43802083333333336 0.6268518518518519
5 0.22083333333333333 0.7425925925925926 0.2234375 0.7388888888888889 0.2234375 0.7231481481481481 0.22604166666666667 0.7129629629629629 0.22291666666666668 0.6814814814814815 0.21927083333333333 0.6805555555555556 0.215625 0.6916666666666667 0.21458333333333332 0.7064814814814815 0.2171875 0.7212962962962963 0.2171875 0.7407407407407407 0.22083333333333333 0.7425925925925926
4 0.10885416666666667 0.7185185185185186 0.10729166666666666 0.700925925925926 0.11197916666666667 0.6888888888888889 0.10729166666666666 0.6611111111111111 0.103125 0.6592592592592592 0.0953125 0.6814814814814815 0.09479166666666666 0.6898148148148148 0.1 0.7 0.09947916666666666 0.7166666666666667 0.10885416666666667 0.7185185185185186
4 0.3171875 0.7166666666666667 0.3140625 0.7037037037037037 0.3104166666666667 0.700925925925926 0.3046875 0.7138888888888889 0.30364583333333334 0.7222222222222222 0.30625 0.762962962962963 0.31875 0.7611111111111111 0.3171875 0.7166666666666667
5 0.1953125 0.687037037037037 0.19583333333333333 0.6620370370370371 0.19375 0.6574074074074074 0.18958333333333333 0.6611111111111111 0.1875 0.6722222222222223 0.18645833333333334 0.7092592592592593 0.19479166666666667 0.712037037037037 0.1984375 0.7083333333333334 0.1953125 0.687037037037037
5 0.296875 0.7638888888888888 0.2994791666666667 0.7398148148148148 0.30052083333333335 0.7074074074074074 0.2989583333333333 0.6972222222222222 0.29322916666666665 0.7 0.28802083333333334 0.7166666666666667 0.2869791666666667 0.7333333333333333 0.29010416666666666 0.7675925925925926 0.29322916666666665 0.7685185185185185 0.296875 0.7638888888888888
5 0.009895833333333333 0.6888888888888889 0.016145833333333335 0.6694444444444444 0.013020833333333334 0.6648148148148149 0.0078125 0.6638888888888889 0.0026041666666666665 0.6703703703703704 0.0046875 0.7 0.009375 0.7027777777777777 0.0109375 0.700925925925926 0.009895833333333333 0.6888888888888889
4 0.49322916666666666 0.7824074074074074 0.49895833333333334 0.7833333333333333 0.503125 0.7787037037037037 0.5041666666666667 0.7731481481481481 0.5052083333333334 0.7425925925925926 0.49895833333333334 0.7268518518518519 0.4895833333333333 0.7231481481481481 0.4890625 0.7305555555555555 0.4947916666666667 0.7472222222222222 0.49583333333333335 0.7592592592592593 0.49322916666666666 0.7824074074074074
5 0.36875 0.6185185185185185 0.3651041666666667 0.6185185185185185 0.36302083333333335 0.6259259259259259 0.3640625 0.662962962962963 0.3692708333333333 0.6648148148148149 0.3729166666666667 0.6324074074074074 0.36875 0.6185185185185185
3 0.7973958333333333 0.8805555555555555 0.8041666666666667 0.8722222222222222 0.8104166666666667 0.8796296296296297 0.8119791666666667 0.8722222222222222 0.8088541666666667 0.8518518518518519 0.809375 0.8203703703703704 0.8036458333333333 0.8018518518518518 0.8 0.8009259259259259 0.7973958333333333 0.8074074074074075 0.7979166666666667 0.8226851851851852 0.7932291666666667 0.8601851851851852 0.7958333333333333 0.8657407407407407 0.7973958333333333 0.8805555555555555
4 0.5286458333333334 0.7407407407407407 0.5302083333333333 0.7314814814814815 0.5270833333333333 0.7157407407407408 0.5286458333333334 0.7064814814814815 0.5276041666666667 0.6898148148148148 0.521875 0.6777777777777778 0.51875 0.6824074074074075 0.5151041666666667 0.6972222222222222 0.5171875 0.7148148148148148 0.5151041666666667 0.7398148148148148 0.5286458333333334 0.7407407407407407
3 0.17708333333333334 0.7796296296296297 0.178125 0.7638888888888888 0.178125 0.7111111111111111 0.1734375 0.7092592592592593 0.16875 0.7240740740740741 0.1703125 0.75 0.16875 0.7824074074074074 0.1734375 0.7833333333333333 0.17708333333333334 0.7796296296296297
1 0.8328125 0.6796296296296296 0.8375 0.6777777777777778 0.8359375 0.6611111111111111 0.8380208333333333 0.6537037037037037 0.8354166666666667 0.6277777777777778 0.8333333333333334 0.625 0.8270833333333333 0.6342592592592593 0.8255208333333334 0.6546296296296297 0.8286458333333333 0.6657407407407407 0.8276041666666667 0.674074074074074 0.8328125 0.6796296296296296
3 0.029166666666666667 0.6222222222222222 0.03125 0.6092592592592593 0.034895833333333334 0.6027777777777777 0.03333333333333333 0.5777777777777777 0.03125 0.5740740740740741 0.025520833333333333 0.5731481481481482 0.019791666666666666 0.5842592592592593 0.018229166666666668 0.6157407407407407 0.020833333333333332 0.6203703703703703 0.025 0.6175925925925926 0.029166666666666667 0.6222222222222222
4 0.3046875 0.6694444444444444 0.2989583333333333 0.6537037037037037 0.2942708333333333 0.6537037037037037 0.29375 0.6583333333333333 0.29375 0.7046296296296296 0.2984375 0.7083333333333334 0.3020833333333333 0.7 0.3046875 0.6694444444444444
4 0.334375 0.7287037037037037 0.3333333333333333 0.6972222222222222 0.3302083333333333 0.6898148148148148 0.325 0.6861111111111111 0.32447916666666665 0.725 0.3260416666666667 0.7314814814814815 0.3328125 0.7314814814814815 0.334375 0.7287037037037037
5 0.478125 0.6712962962962963 0.478125 0.6620370370370371 0.4744791666666667 0.6509259259259259 0.4703125 0.6555555555555556 0.46770833333333334 0.6759259259259259 0.46927083333333336 0.7083333333333334 0.4739583333333333 0.7111111111111111 0.4765625 0.7027777777777777 0.478125 0.6712962962962963
4 0.5182291666666666 0.6805555555555556 0.5135416666666667 0.6527777777777778 0.5088541666666667 0.6537037037037037 0.5078125 0.6648148148148149 0.5067708333333333 0.7083333333333334 0.509375 0.712037037037037 0.5177083333333333 0.700925925925926 0.5182291666666666 0.6805555555555556
4 0.3390625 0.7787037037037037 0.3411458333333333 0.7425925925925926 0.3338541666666667 0.725925925925926 0.3265625 0.7277777777777777 0.3260416666666667 0.7416666666666667 0.3255208333333333 0.7601851851851852 0.3296875 0.7944444444444444 0.3338541666666667 0.7962962962962963 0.3390625 0.7787037037037037