4 0.3723958333333333 0.6611111111111111 0.3703125 0.637962962962963 0.365625 0.6305555555555555 0.3625 0.6342592592592593 0.3614583333333333 0.6546296296296297 0.365625 0.6731481481481482 0.37135416666666665 0.6666666666666666 0.3723958333333333 0.6611111111111111
5 0.6546875 0.7481481481481481 0.6578125 0.725925925925926 0.6572916666666667 0.7083333333333334 0.6541666666666667 0.6972222222222222 0.65 0.6962962962962963 0.6427083333333333 0.7157407407407408 0.6427083333333333 0.7324074074074074 0.6484375 0.7509259259259259 0.6520833333333333 0.7527777777777778 0.6546875 0.7481481481481481
5 0.3338541666666667 0.8027777777777778 0.3390625 0.8055555555555556 0.3416666666666667 0.8157407407407408 0.3453125 0.8157407407407408 0.3416666666666667 0.7861111111111111 0.3380208333333333 0.7731481481481481 0.3380208333333333 0.7546296296296297 0.3333333333333333 0.7509259259259259 0.328125 0.7620370370370371 0.3296875 0.787962962962963 0.3255208333333333 0.812962962962963 0.3296875 0.812962962962963 0.3338541666666667 0.8027777777777778
4 0.7421875 0.7472222222222222 0.7453125 0.700925925925926 0.7390625 0.6925925925925925 0.734375 0.6925925925925925 0.7296875 0.7203703703703703 0.73125 0.725925925925926 0.7286458333333333 0.7435185185185185 0.73125 0.7481481481481481 0.7421875 0.7472222222222222
4 0.42552083333333335 0.7 0.42135416666666664 0.6898148148148148 0.41822916666666665 0.6916666666666667 0.4119791666666667 0.7435185185185185 0.4276041666666667 0.7481481481481481 0.43020833333333336 0.7435185185185185 0.42552083333333335 0.7
5 0.4630208333333333 0.7083333333333334 0.45677083333333335 0.6898148148148148 0.4552083333333333 0.6777777777777778 0.4510416666666667 0.6694444444444444 0.44895833333333335 0.6703703703703704 0.4473958333333333 0.6731481481481482 0.4484375 0.7157407407407408 0.4625 0.7157407407407408 0.4630208333333333 0.7083333333333334
5 0.4354166666666667 0.899074074074074 0.4390625 0.899074074074074 0.4401041666666667 0.8935185185185185 0.4505208333333333 0.8925925925925926 0.45208333333333334 0.9 0.45729166666666665 0.9 0.4583333333333333 0.8731481481481481 0.453125 0.8527777777777777 0.4546875 0.8490740740740741 0.4484375 0.8416666666666667 0.44479166666666664 0.8490740740740741 0.44427083333333334 0.8731481481481481 0.44166666666666665 0.8824074074074074 0.4354166666666667 0.8898148148148148 0.4354166666666667 0.899074074074074
4 0.5473958333333333 0.7861111111111111 0.5567708333333333 0.7962962962962963 0.5572916666666666 0.787962962962963 0.5505208333333333 0.7675925925925926 0.5515625 0.7546296296296297 0.5484375 0.7379629629629629 0.5442708333333334 0.7351851851851852 0.5411458333333333 0.7472222222222222 0.5375 0.7944444444444444 0.540625 0.7981481481481482 0.5442708333333334 0.7962962962962963 0.5473958333333333 0.7861111111111111
3 0.6739583333333333 0.7518518518518519 0.665625 0.7351851851851852 0.6625 0.7379629629629629 0.659375 0.7481481481481481 0.6609375 0.7712962962962963 0.6578125 0.8064814814814815 0.6692708333333334 0.8074074074074075 0.6739583333333333 0.7518518518518519
4 0.1609375 0.7870370370370371 0.16302083333333334 0.7870370370370371 0.16510416666666666 0.7981481481481482 0.16927083333333334 0.7981481481481482 0.17083333333333334 0.7944444444444444 0.16979166666666667 0.7861111111111111 0.16510416666666666 0.7731481481481481 0.1640625 0.75 0.165625 0.7398148148148148 0.15833333333333333 0.7305555555555555 0.15364583333333334 0.737037037037037 0.15052083333333333 0.7981481481481482 0.153125 0.8009259259259259 0.15729166666666666 0.799074074074074 0.1609375 0.7870370370370371
5 0.10729166666666666 0.762962962962963 0.1109375 0.7555555555555555 0.11354166666666667 0.7268518518518519 0.11041666666666666 0.7083333333333334 0.1078125 0.7046296296296296 0.10208333333333333 0.7148148148148148 0.10104166666666667 0.725925925925926 0.103125 0.7416666666666667 0.1015625 0.7518518518518519 0.10729166666666666 0.762962962962963
5 0.3494791666666667 0.7611111111111111 0.3515625 0.7564814814814815 0.35989583333333336 0.762962962962963 0.36302083333333335 0.7611111111111111 0.359375 0.7444444444444445 0.3614583333333333 0.7305555555555555 0.35885416666666664 0.7083333333333334 0.353125 0.7092592592592593 0.3453125 0.7361111111111112 0.3453125 0.7444444444444445 0.3421875 0.7509259259259259 0.34479166666666666 0.7601851851851852 0.3494791666666667 0.7611111111111111
5 0.615625 0.799074074074074 0.621875 0.7833333333333333 0.634375 0.7944444444444444 0.6354166666666666 0.787962962962963 0.628125 0.7805555555555556 0.6234375 0.75 0.61875 0.7398148148148148 0.6151041666666667 0.7398148148148148 0.6135416666666667 0.7472222222222222 0.6135416666666667 0.7648148148148148 0.615625 0.7703703703703704 0.6114583333333333 0.7962962962962963 0.615625 0.799074074074074
5 0.5078125 0.8240740740740741 0.5145833333333333 0.8240740740740741 0.5166666666666667 0.8296296296296296 0.5213541666666667 0.8287037037037037 0.5223958333333333 0.825925925925926 0.515625 0.8074074074074075 0.5145833333333333 0.7666666666666667 0.5098958333333333 0.7657407407407407 0.5041666666666667 0.7833333333333333 0.50625 0.8018518518518518 0.5 0.8296296296296296 0.5057291666666667 0.8324074074074074 0.5078125 0.8240740740740741
5 0.13229166666666667 0.7157407407407408 0.13020833333333334 0.7083333333333334 0.12864583333333332 0.6731481481481482 0.12447916666666667 0.6722222222222223 0.121875 0.6842592592592592 0.12135416666666667 0.7037037037037037 0.11875 0.7157407407407408 0.13072916666666667 0.7185185185185186 0.13229166666666667 0.7157407407407408
0 0.9578125 0.8333333333333334 0.9557291666666666 0.825925925925926 0.9515625 0.8231481481481482 0.9473958333333333 0.8296296296296296 0.946875 0.8333333333333334 0.95 0.837037037037037 0.9552083333333333 0.8379629629629629 0.9578125 0.8333333333333334
3 0.1109375 0.6148148148148148 0.10572916666666667 0.6203703703703703 0.10572916666666667 0.65 0.1109375 0.6518518518518519 0.11458333333333333 0.6231481481481481 0.1109375 0.6148148148148148
4 0.16614583333333333 0.6972222222222222 0.16041666666666668 0.6888888888888889 0.1546875 0.7055555555555556 0.15416666666666667 0.7388888888888889 0.16875 0.7398148148148148 0.16875 0.7111111111111111 0.16614583333333333 0.6972222222222222
4 0.15416666666666667 0.6712962962962963 0.15729166666666666 0.6601851851851852 0.15729166666666666 0.6342592592592593 0.15260416666666668 0.6277777777777778 0.146875 0.637962962962963 0.14635416666666667 0.649074074074074 0.14895833333333333 0.6555555555555556 0.15 0.6694444444444444 0.15416666666666667 0.6712962962962963
5 0.13177083333333334 0.7694444444444445 0.12708333333333333 0.7407407407407407 0.12291666666666666 0.7425925925925926 0.12135416666666667 0.7546296296296297 0.121875 0.787962962962963 0.11875 0.8018518518518518 0.13072916666666667 0.8074074074074075 0.13177083333333334 0.7694444444444445
1 0.9994791666666667 0.7472222222222222 0.9994791666666667 0.6888888888888889 0.9942708333333333 0.7 0.9927083333333333 0.7222222222222222 0.9963541666666667 0.7361111111111112 0.9963541666666667 0.7444444444444445 0.9994791666666667 0.7472222222222222
4 0.6270833333333333 0.9185185185185185 0.6307291666666667 0.9185185185185185 0.6338541666666667 0.9120370370370371 0.6270833333333333 0.85 0.6234375 0.8351851851851851 0.6182291666666667 0.8379629629629629 0.6078125 0.9120370370370371 0.6151041666666667 0.9157407407407407 0.6177083333333333 0.9064814814814814 0.6270833333333333 0.9185185185185185
4 0.19583333333333333 0.6324074074074074 0.19947916666666668 0.6268518518518519 0.19479166666666667 0.6064814814814815 0.19322916666666667 0.6046296296296296 0.18802083333333333 0.6101851851851852 0.18541666666666667 0.6185185185185185 0.18489583333333334 0.6268518518518519 0.18854166666666666 0.6462962962962963 0.19427083333333334 0.6462962962962963 0.19583333333333333 0.6324074074074074