4 0.6661458333333333 0.5814814814814815 0.6692708333333334 0.5361111111111111 0.6614583333333334 0.5175925925925926 0.6536458333333334 0.5370370370370371 0.653125 0.5537037037037037 0.6583333333333333 0.5833333333333334 0.6630208333333333 0.587037037037037 0.6661458333333333 0.5814814814814815
5 0.4625 0.5833333333333334 0.4661458333333333 0.5342592592592592 0.4630208333333333 0.5212962962962963 0.4588541666666667 0.5175925925925926 0.45416666666666666 0.5259259259259259 0.45208333333333334 0.5361111111111111 0.45416666666666666 0.575925925925926 0.4552083333333333 0.5833333333333334 0.4588541666666667 0.587037037037037 0.4625 0.5833333333333334
4 0.6973958333333333 0.5481481481481482 0.6973958333333333 0.5055555555555555 0.6932291666666667 0.4888888888888889 0.6895833333333333 0.48703703703703705 0.6880208333333333 0.4898148148148148 0.6833333333333333 0.512962962962963 0.6864583333333333 0.5254629629629629 0.6838541666666667 0.5444444444444444 0.6973958333333333 0.5481481481481482
5 0.39375 0.6148148148148148 0.39895833333333336 0.6027777777777777 0.3875 0.575 0.3875 0.5564814814814815 0.3854166666666667 0.5537037037037037 0.3828125 0.5555555555555556 0.37864583333333335 0.5685185185185185 0.3776041666666667 0.5842592592592593 0.37864583333333335 0.6148148148148148 0.37552083333333336 0.6268518518518519 0.39166666666666666 0.6277777777777778 0.39375 0.6148148148148148
3 0.5192708333333333 0.4685185185185185 0.5177083333333333 0.4648148148148148 0.5104166666666666 0.4675925925925926 0.5109375 0.525 0.5135416666666667 0.5287037037037037 0.51875 0.5287037037037037 0.5192708333333333 0.4685185185185185
5 0.553125 0.5222222222222223 0.5489583333333333 0.5444444444444444 0.5473958333333333 0.5833333333333334 0.5640625 0.5833333333333334 0.5578125 0.5185185185185185 0.553125 0.5222222222222223
4 0.25416666666666665 0.5555555555555556 0.2557291666666667 0.5398148148148149 0.253125 0.5296296296296297 0.2520833333333333 0.4962962962962963 0.24791666666666667 0.49444444444444446 0.24635416666666668 0.4981481481481482 0.24479166666666666 0.5092592592592593 0.2453125 0.5564814814814815 0.24947916666666667 0.5611111111111111 0.25416666666666665 0.5555555555555556
5 0.2682291666666667 0.5481481481481482 0.26614583333333336 0.5055555555555555 0.2630208333333333 0.4898148148148148 0.259375 0.49074074074074076 0.2578125 0.5018518518518519 0.25625 0.5333333333333333 0.2578125 0.5444444444444444 0.259375 0.549074074074074 0.2682291666666667 0.5481481481481482
4 0.5364583333333334 0.5314814814814814 0.5380208333333333 0.49537037037037035 0.5411458333333333 0.4898148148148148 0.5333333333333333 0.4722222222222222 0.5302083333333333 0.47314814814814815 0.528125 0.48055555555555557 0.5276041666666667 0.5098768518518518 0.5234375 0.5287037037037037 0.5348958333333333 0.5324074074074074 0.5364583333333334 0.5314814814814814
4 0.5182291666666666 0.48148148148148145 0.5135416666666667 0.4861111111111111 0.5125 0.4925925925925926 0.5119791666666667 0.525 0.5140625 0.5287037037037037 0.51875 0.5287037037037037 0.5182291666666666 0.48148148148148145
5 0.2630208333333333 0.6064814814814815 0.2640625 0.6027777777777777 0.2552083333333333 0.5435185185185185 0.24791666666666667 0.5407407407407407 0.24635416666666668 0.5444444444444444 0.24427083333333333 0.5638888888888889 0.24947916666666667 0.5787037037037037 0.25 0.6027777777777777 0.2630208333333333 0.6064814814814815
4 0.815625 0.5916666666666667 0.821875 0.5814814814814815 0.828125 0.5388888888888889 0.821875 0.5185185185185185 0.8125 0.5398148148148149 0.8119791666666667 0.5537037037037037 0.8151041666666666 0.5740740740740741 0.8119791666666667 0.5879629629629629 0.815625 0.5916666666666667
5 0.5697916666666667 0.49722222222222223 0.5645833333333333 0.47962962962962963 0.5598958333333334 0.48148148148148145 0.5588541666666667 0.5175925925925926 0.5625 0.5388888888888889 0.5677083333333334 0.5398148148148149 0.5697916666666667 0.49722222222222223
4 0.7979166666666667 0.5712962962962963 0.8026041666666667 0.5712962962962963 0.80625 0.5675925925925925 0.8078125 0.55 0.80625 0.5212962962962963 0.8026041666666667 0.5101851851851852 0.7984375 0.5055555555555555 0.7953125 0.524074074074074 0.7942708333333334 0.5416666666666666 0.7973958333333333 0.5583333333333333 0.7963541666666667 0.5675925925925925 0.7979166666666667 0.5712962962962963
4 0.7473958333333334 0.5157407407407407 0.7515625 0.4981481481481482 0.7505208333333333 0.49074074074074076 0.7458333333333333 0.4777777777777778 0.7411458333333333 0.4777777777777778 0.7322916666666667 0.4935185185185185 0.7359375 0.4962962962962963 0.740625 0.5148148148148148 0.7473958333333334 0.5157407407407407
5 0.2947916666666667 0.5777777777777777 0.296875 0.5370370370370371 0.29375 0.5120370370370371 0.2911458333333333 0.5092592592592593 0.28802083333333334 0.5148148148148148 0.2833333333333333 0.5472222222222223 0.28489583333333335 0.5518518518518518 0.28229166666666666 0.5731481481481482 0.2869791666666667 0.5712962962962963 0.2947916666666667 0.5777777777777777
4 0.8328125 0.6037037037037037 0.8354166666666667 0.5527777777777778 0.834375 0.5416666666666666 0.8302083333333333 0.5361111111111111 0.8260416666666667 0.5388888888888889 0.8208333333333333 0.5722222222222222 0.8203125 0.5842592592592593 0.8260416666666667 0.6055555555555555 0.8302083333333333 0.6083333333333333 0.8328125 0.6037037037037037
5 0.7833333333333333 0.5444444444444444 0.7838541666666666 0.5018518518518519 0.7786458333333334 0.4898148148148148 0.7744791666666667 0.49074074074074076 0.7713541666666667 0.5018518518518519 0.771875 0.5435185185185185 0.7755208333333333 0.549074074074074 0.7833333333333333 0.5444444444444444
5 0.7489583333333333 0.5777777777777777 0.7526041666666666 0.5675925925925925 0.75 0.5157407407407407 0.7479166666666667 0.5083333333333333 0.740625 0.5138888888888888 0.7395833333333334 0.5287037037037037 0.7427083333333333 0.549074074074074 0.7416666666666667 0.575 0.7489583333333333 0.5777777777777777
4 0.8552083333333333 0.5388888888888889 0.8494791666666667 0.5212962962962963 0.8416666666666667 0.5342592592592592 0.84375 0.587037037037037 0.8453125 0.5916666666666667 0.8494791666666667 0.5916666666666667 0.8552083333333333 0.5388888888888889
3 0.17395833333333333 0.4787037037037037 0.18020833333333333 0.4583333333333333 0.18645833333333334 0.4546296296296296 0.18645833333333334 0.4361111111111111 0.18177083333333333 0.4166666666666667 0.17864583333333334 0.4222222222222222 0.1703125 0.4148148148148148 0.16458333333333333 0.41944444444444445 0.16302083333333334 0.45092592592592595 0.16770833333333332 0.4759259259259259 0.16979166666666667 0.47962962962962963 0.17395833333333333 0.4787037037037037
4 0.7989583333333333 0.5055555555555555 0.790625 0.487962962962963 0.7880208333333333 0.4898148148148148 0.7848958333333333 0.5 0.784375 0.5481481481481482 0.7869791666666667 0.5527777777777778 0.7927083333333333 0.5453703703703704 0.7989583333333333 0.5055555555555555
5 0.7630208333333334 0.5694444444444444 0.7619791666666667 0.5120370370370371 0.7598958333333333 0.5018518518518519 0.7557291666666667 0.5046296296296297 0.753125 0.5185185185185185 0.7526041666666666 0.5481481481481482 0.7505208333333333 0.5555555555555556 0.7515625 0.5675925925925925 0.7630208333333334 0.5694444444444444