4 0.5609375 0.6509259259259259 0.5645833333333333 0.6425925925925926 0.5661458333333333 0.6092592592592593 0.5609375 0.6092592592592593 0.5572916666666666 0.6185185185185185 0.5541666666666667 0.637962962962963 0.5609375 0.6509259259259259
5 0.8864583333333333 0.6583333333333333 0.8885416666666667 0.662962962962963 0.8927083333333333 0.6620370370370371 0.8984375 0.6509259259259259 0.8989583333333333 0.6333333333333333 0.8921875 0.6166666666666667 0.8869791666666667 0.6240740740740741 0.884375 0.6351851851851852 0.8864583333333333 0.6583333333333333
5 0.5895833333333333 0.6277777777777778 0.5911458333333334 0.6314814814814815 0.6 0.6333333333333333 0.6 0.6166666666666667 0.6020833333333333 0.6074074074074074 0.6 0.5916666666666667 0.5927083333333333 0.5916666666666667 0.5932291666666667 0.612037037037037 0.5895833333333333 0.6277777777777778
5 0.44166666666666665 0.6592592592592592 0.44635416666666666 0.6583333333333333 0.44635416666666666 0.6231481481481481 0.4432291666666667 0.6083333333333333 0.43854166666666666 0.6092592592592593 0.4348958333333333 0.6268518518518519 0.4348958333333333 0.6546296296296297 0.44166666666666665 0.6592592592592592
4 0.22135416666666666 0.6537037037037037 0.22135416666666666 0.6574074074074074 0.22916666666666666 0.6620370370370371 0.23229166666666667 0.674074074074074 0.2359375 0.6731481481481482 0.23802083333333332 0.6231481481481481 0.23645833333333333 0.6185185185185185 0.2328125 0.6185185185185185 0.22916666666666666 0.6268518518518519 0.22604166666666667 0.6472222222222223 0.22135416666666666 0.6537037037037037
3 0.6125 0.6675925925925926 0.6151041666666667 0.6657407407407407 0.6171875 0.6537037037037037 0.6192708333333333 0.6222222222222222 0.615625 0.6111111111111112 0.6083333333333333 0.6194444444444445 0.6088541666666667 0.6638888888888889 0.6125 0.6675925925925926
4 0.3416666666666667 0.6194444444444445 0.3453125 0.5990740740740741 0.346875 0.5731481481481482 0.34270833333333334 0.5694444444444444 0.33697916666666666 0.5712962962962963 0.334375 0.5861111111111111 0.3338541666666667 0.6148148148148148 0.3416666666666667 0.6194444444444445
4 0.3729166666666667 0.6351851851851852 0.3807291666666667 0.6388888888888888 0.3854166666666667 0.5990740740740741 0.3802083333333333 0.5935185185185186 0.375 0.6046296296296296 0.37604166666666666 0.6222222222222222 0.3729166666666667 0.6351851851851852
4 0.7364583333333333 0.6305555555555555 0.7395833333333334 0.6324074074074074 0.7416666666666667 0.6444444444444445 0.7453125 0.6462962962962963 0.7505208333333333 0.6157407407407407 0.7489583333333333 0.6 0.7442708333333333 0.600925925925926 0.7416666666666667 0.6083333333333333 0.7395833333333334 0.625 0.7364583333333333 0.6305555555555555
4 0.5276041666666667 0.6194444444444445 0.5302083333333333 0.6083333333333333 0.5307291666666667 0.5907407407407408 0.5260416666666666 0.5768518518518518 0.521875 0.5824074074074074 0.5203125 0.6027777777777777 0.5203125 0.6194444444444445 0.5276041666666667 0.6194444444444445
5 0.49947916666666664 0.6925925925925925 0.5026041666666666 0.6787037037037037 0.5020833333333333 0.6407407407407407 0.4979166666666667 0.6435185185185185 0.4942708333333333 0.6638888888888889 0.4921875 0.6888888888888889 0.49947916666666664 0.6925925925925925
4 0.8489583333333334 0.812037037037037 0.8546875 0.7796296296296297 0.8536458333333333 0.7518518518518519 0.8473958333333333 0.7342592592592593 0.8447916666666667 0.7342592592592593 0.8390625 0.7509259259259259 0.840625 0.8074074074074075 0.8489583333333334 0.812037037037037
5 0.4088541666666667 0.6370370370370371 0.4119791666666667 0.6407407407407407 0.415625 0.6398148148148148 0.41822916666666665 0.600925925925926 0.415625 0.5907407407407408 0.4109375 0.5888888888888889 0.409375 0.5925925925925926 0.40729166666666666 0.600925925925926 0.4088541666666667 0.6370370370370371
5 0.33177083333333335 0.6203703703703703 0.34010416666666665 0.6111111111111112 0.3385416666666667 0.5787037037037037 0.3338541666666667 0.5712962962962963 0.32864583333333336 0.5796296296296296 0.328125 0.6185185185185185 0.33177083333333335 0.6203703703703703
4 0.32395833333333335 0.6583333333333333 0.33125 0.6657407407407407 0.33541666666666664 0.6537037037037037 0.3390625 0.6277777777777778 0.3333333333333333 0.6268518518518519 0.3265625 0.6416666666666667 0.32708333333333334 0.6481481481481481 0.32395833333333335 0.6583333333333333