4 0.30364583333333334 0.5731481481481482 0.3015625 0.5527777777777778 0.29583333333333334 0.5472222222222223 0.29375 0.5518518518518518 0.29375 0.5879629629629629 0.3067708333333333 0.5879629629629629 0.3078125 0.5824074074074074 0.30364583333333334 0.5731481481481482
4 0.653125 0.7416666666666667 0.6567708333333333 0.7398148148148148 0.6635416666666667 0.7555555555555555 0.6682291666666667 0.7555555555555555 0.6619791666666667 0.7361111111111112 0.6630208333333333 0.7231481481481481 0.6546875 0.6888888888888889 0.6505208333333333 0.687962962962963 0.64375 0.7037037037037037 0.6432291666666666 0.7166666666666667 0.6479166666666667 0.7546296296296297 0.6526041666666667 0.7555555555555555 0.653125 0.7416666666666667
5 0.12864583333333332 0.7212962962962963 0.13958333333333334 0.7185185185185186 0.1421875 0.7231481481481481 0.146875 0.7222222222222222 0.14791666666666667 0.7194444444444444 0.14479166666666668 0.7111111111111111 0.14270833333333333 0.6898148148148148 0.14635416666666667 0.6814814814814815 0.14322916666666666 0.675 0.14375 0.6574074074074074 0.13854166666666667 0.6574074074074074 0.13489583333333333 0.6703703703703704 0.13229166666666667 0.6944444444444444 0.1265625 0.712037037037037 0.1265625 0.7185185185185186 0.12864583333333332 0.7212962962962963
4 0.3640625 0.6481481481481481 0.36666666666666664 0.6240740740740741 0.365625 0.5972222222222222 0.3614583333333333 0.5962962962962963 0.35885416666666664 0.6055555555555555 0.35833333333333334 0.6296296296296297 0.3536458333333333 0.6435185185185185 0.3614583333333333 0.6537037037037037 0.3640625 0.6481481481481481
5 0.24791666666666667 0.537962962962963 0.24375 0.5592592592592592 0.24375 0.575925925925926 0.2515625 0.5768518518518518 0.2526041666666667 0.5444444444444444 0.24791666666666667 0.537962962962963
4 0.07604166666666666 0.7212962962962963 0.07864583333333333 0.7083333333333334 0.08489583333333334 0.7111111111111111 0.0875 0.7185185185185186 0.0921875 0.7175925925925926 0.08489583333333334 0.6861111111111111 0.0828125 0.6564814814814814 0.0796875 0.6555555555555556 0.06822916666666666 0.6805555555555556 0.06770833333333333 0.6851851851851852 0.0734375 0.6944444444444444 0.071875 0.7203703703703703 0.07604166666666666 0.7212962962962963
5 0.521875 0.6962962962962963 0.5177083333333333 0.6370370370370371 0.5135416666666667 0.637962962962963 0.5104166666666666 0.6527777777777778 0.5114583333333333 0.6722222222222223 0.5083333333333333 0.6935185185185185 0.5125 0.6972222222222222 0.521875 0.6962962962962963
5 0.9265625 0.6861111111111111 0.9307291666666667 0.6944444444444444 0.9338541666666667 0.6935185185185185 0.9348958333333334 0.6888888888888889 0.9177083333333333 0.6407407407407407 0.9140625 0.637962962962963 0.9114583333333334 0.6416666666666667 0.9135416666666667 0.6527777777777778 0.9109375 0.6694444444444444 0.9151041666666667 0.6916666666666667 0.9265625 0.6861111111111111
3 0.2828125 0.6925925925925925 0.29010416666666666 0.6574074074074074 0.2869791666666667 0.6287037037037037 0.284375 0.625 0.28072916666666664 0.6259259259259259 0.27395833333333336 0.6472222222222223 0.2734375 0.6574074074074074 0.278125 0.6685185185185185 0.2791666666666667 0.6898148148148148 0.2828125 0.6925925925925925
5 0.10989583333333333 0.6138888888888889 0.10729166666666666 0.5787037037037037 0.10260416666666666 0.5796296296296296 0.10052083333333334 0.5953703703703703 0.1 0.6240740740740741 0.10364583333333334 0.6296296296296297 0.1078125 0.6287037037037037 0.10989583333333333 0.6138888888888889
5 0.7057291666666666 0.5555555555555556 0.7041666666666667 0.5444444444444444 0.6979166666666666 0.5444444444444444 0.6963541666666667 0.5537037037037037 0.6963541666666667 0.5796296296296296 0.7010416666666667 0.5842592592592593 0.7046875 0.5833333333333334 0.7057291666666666 0.5555555555555556
5 0.2682291666666667 0.6157407407407407 0.271875 0.5944444444444444 0.2677083333333333 0.5814814814814815 0.2640625 0.5824074074074074 0.2609375 0.5916666666666667 0.259375 0.6083333333333333 0.2635416666666667 0.6342592592592593 0.26927083333333335 0.6268518518518519 0.2682291666666667 0.6157407407407407
4 0.415625 0.700925925925926 0.41822916666666665 0.6703703703703704 0.4166666666666667 0.6425925925925926 0.4119791666666667 0.6407407407407407 0.40625 0.6564814814814814 0.40677083333333336 0.687037037037037 0.4088541666666667 0.7 0.41302083333333334 0.7037037037037037 0.415625 0.700925925925926
5 0 0.8037037037037037 0.00625 0.8018518518518518 0.0109375 0.8092592592592592 0.013541666666666667 0.8055555555555556 0.013020833333333334 0.799074074074074 0.009375 0.7972222222222223 0.0078125 0.7916666666666666 0.0140625 0.774074074074074 0.025520833333333333 0.774074074074074 0.015104166666666667 0.7592592592592593 0.011979166666666667 0.7444444444444445 0.0078125 0.7444444444444445 0 0.7555555555555555 0 0.8037037037037037
0 0.8921875 0.6925925925925925 0.8927083333333333 0.6861111111111111 0.8880208333333334 0.6805555555555556 0.8854166666666666 0.6851851851851852 0.8859375 0.6907407407407408 0.8885416666666667 0.6944444444444444 0.8921875 0.6925925925925925
5 0.8729166666666667 0.7981481481481482 0.8734375 0.7611111111111111 0.8708333333333333 0.7398148148148148 0.8645833333333334 0.7240740740740741 0.8614583333333333 0.7240740740740741 0.859375 0.7333333333333333 0.8546875 0.7944444444444444 0.8567708333333334 0.7972222222222223 0.86875 0.7944444444444444 0.8729166666666667 0.7981481481481482
4 0.0421875 0.7675925925925926 0.04375 0.7638888888888888 0.043229166666666666 0.7157407407407408 0.0359375 0.6935185185185185 0.0328125 0.6935185185185185 0.0265625 0.7092592592592593 0.0265625 0.7314814814814815 0.03333333333333333 0.7444444444444445 0.036458333333333336 0.7657407407407407 0.0421875 0.7675925925925926
4 0.7203125 0.687037037037037 0.7229166666666667 0.6351851851851852 0.7208333333333333 0.6277777777777778 0.7166666666666667 0.6240740740740741 0.7130208333333333 0.6305555555555555 0.7140625 0.6638888888888889 0.7125 0.6814814814814815 0.7161458333333334 0.687037037037037 0.7203125 0.687037037037037
5 0.7104166666666667 0.6462962962962963 0.7104166666666667 0.6259259259259259 0.7083333333333334 0.6203703703703703 0.7072916666666667 0.6 0.7046875 0.5935185185185186 0.7010416666666667 0.5944444444444444 0.7 0.5990740740740741 0.6994791666666667 0.6453703703703704 0.7005208333333334 0.65 0.7083333333333334 0.6509259259259259 0.7104166666666667 0.6462962962962963
4 0.721875 0.5944444444444444 0.7166666666666667 0.5851851851851851 0.7114583333333333 0.5944444444444444 0.7098958333333333 0.6037037037037037 0.7109375 0.6342592592592593 0.7203125 0.6361111111111111 0.721875 0.5944444444444444
2 0.9864583333333333 0.5990740740740741 0.9817708333333334 0.5833333333333334 0.978125 0.5824074074074074 0.9770833333333333 0.5879629629629629 0.9739583333333334 0.6388888888888888 0.9833333333333333 0.6425925925925926 0.9859375 0.6398148148148148 0.9864583333333333 0.5990740740740741
4 0.07916666666666666 0.6305555555555555 0.07916666666666666 0.5833333333333334 0.07760416666666667 0.5787037037037037 0.0734375 0.5805555555555556 0.07083333333333333 0.5925925925925926 0.0703125 0.6259259259259259 0.07239583333333334 0.6305555555555555 0.07708333333333334 0.6324074074074074 0.07916666666666666 0.6305555555555555
4 0.029166666666666667 0.674074074074074 0.040625 0.6703703703703704 0.04479166666666667 0.6731481481481482 0.04739583333333333 0.6694444444444444 0.05 0.65 0.050520833333333334 0.6194444444444445 0.0484375 0.6129629629629629 0.04479166666666667 0.6148148148148148 0.0421875 0.6212962962962963 0.03958333333333333 0.637962962962963 0.040625 0.6518518518518519 0.029166666666666667 0.6648148148148149 0.029166666666666667 0.674074074074074