4 0.4453125 0.6805555555555556 0.44635416666666666 0.6546296296296297 0.44375 0.6222222222222222 0.4395833333333333 0.6212962962962963 0.4359375 0.6342592592592593 0.4375 0.662962962962963 0.43385416666666665 0.6768518518518518 0.4432291666666667 0.6824074074074075 0.4453125 0.6805555555555556
4 0.6546875 0.6425925925925926 0.6536458333333334 0.6231481481481481 0.65 0.6092592592592593 0.6458333333333334 0.6083333333333333 0.6421875 0.6148148148148148 0.6395833333333333 0.6342592592592593 0.6395833333333333 0.6694444444444444 0.65 0.6712962962962963 0.6505208333333333 0.6546296296296297 0.6546875 0.6425925925925926
4 0.5401041666666667 0.7157407407407408 0.5395833333333333 0.7240740740740741 0.5421875 0.725925925925926 0.5489583333333333 0.7166666666666667 0.5526041666666667 0.725925925925926 0.55625 0.725925925925926 0.5578125 0.7240740740740741 0.5552083333333333 0.6962962962962963 0.5604166666666667 0.687962962962963 0.5609375 0.6805555555555556 0.5557291666666667 0.6722222222222223 0.5526041666666667 0.6601851851851852 0.5463541666666667 0.6694444444444444 0.5458333333333333 0.687962962962963 0.5427083333333333 0.700925925925926 0.5442708333333334 0.7074074074074074 0.5401041666666667 0.7157407407407408
4 0.38125 0.5703703703703704 0.3765625 0.5657407407407408 0.3723958333333333 0.575 0.371875 0.6148148148148148 0.3828125 0.6148148148148148 0.3848958333333333 0.6101851851851852 0.38125 0.5703703703703704
5 0.19270833333333334 0.6416666666666667 0.1921875 0.625 0.19583333333333333 0.6111111111111112 0.19322916666666667 0.6046296296296296 0.19270833333333334 0.5898148148148148 0.1890625 0.587037037037037 0.18385416666666668 0.600925925925926 0.18645833333333334 0.6259259259259259 0.18541666666666667 0.637962962962963 0.1890625 0.6425925925925926 0.19270833333333334 0.6416666666666667
4 0.15416666666666667 0.5842592592592593 0.15052083333333333 0.5768518518518518 0.14635416666666667 0.587037037037037 0.1453125 0.6055555555555555 0.14479166666666668 0.6305555555555555 0.15833333333333333 0.6314814814814815 0.15520833333333334 0.6166666666666667 0.15416666666666667 0.5842592592592593
5 0.7015625 0.5722222222222222 0.6958333333333333 0.5824074074074074 0.6979166666666666 0.6231481481481481 0.7041666666666667 0.625 0.7067708333333333 0.5833333333333334 0.7015625 0.5722222222222222
5 0.5864583333333333 0.6851851851851852 0.590625 0.6814814814814815 0.59375 0.6925925925925925 0.5984375 0.6953703703703704 0.6005208333333333 0.6925925925925925 0.5947916666666667 0.6342592592592593 0.5916666666666667 0.6287037037037037 0.5895833333333333 0.6324074074074074 0.5869791666666667 0.6712962962962963 0.5802083333333333 0.6907407407407408 0.5838541666666667 0.6953703703703704 0.5864583333333333 0.6851851851851852
5 0.9359375 0.7537037037037037 0.9375 0.7481481481481481 0.93125 0.6944444444444444 0.9276041666666667 0.6833333333333333 0.9234375 0.6824074074074075 0.921875 0.687962962962963 0.9223958333333333 0.7027777777777777 0.9171875 0.7481481481481481 0.9223958333333333 0.7537037037037037 0.9359375 0.7537037037037037
5 0.12604166666666666 0.6620370370370371 0.13489583333333333 0.6657407407407407 0.13645833333333332 0.6611111111111111 0.13229166666666667 0.6296296296296297 0.13229166666666667 0.6055555555555555 0.12760416666666666 0.6037037037037037 0.125 0.6148148148148148 0.12239583333333333 0.65 0.11927083333333334 0.6620370370370371 0.12239583333333333 0.6657407407407407 0.12604166666666666 0.6620370370370371
5 0.6588541666666666 0.7361111111111112 0.6666666666666666 0.7361111111111112 0.6677083333333333 0.7416666666666667 0.6708333333333333 0.7425925925925926 0.6729166666666667 0.7407407407407407 0.6776041666666667 0.7083333333333334 0.675 0.7027777777777777 0.6739583333333333 0.6759259259259259 0.6697916666666667 0.6759259259259259 0.6682291666666667 0.6805555555555556 0.6614583333333334 0.7157407407407408 0.6552083333333333 0.7305555555555555 0.6578125 0.7398148148148148 0.6588541666666666 0.7361111111111112
3 0.2833333333333333 0.7324074074074074 0.2869791666666667 0.7296296296296296 0.2859375 0.7185185185185186 0.28958333333333336 0.700925925925926 0.2864583333333333 0.6583333333333333 0.28177083333333336 0.6555555555555556 0.27708333333333335 0.6685185185185185 0.2765625 0.687037037037037 0.28020833333333334 0.7064814814814815 0.2796875 0.7287037037037037 0.2833333333333333 0.7324074074074074
5 0.25052083333333336 0.5481481481481482 0.253125 0.5444444444444444 0.24895833333333334 0.5416666666666666 0.2421875 0.5444444444444444 0.24322916666666666 0.5814814814814815 0.24791666666666667 0.5833333333333334 0.25052083333333336 0.5694444444444444 0.25052083333333336 0.5481481481481482
5 0.09583333333333334 0.725 0.09583333333333334 0.6601851851851852 0.09270833333333334 0.6537037037037037 0.08333333333333333 0.6564814814814814 0.08541666666666667 0.7027777777777777 0.08333333333333333 0.7240740740740741 0.08645833333333333 0.7268518518518519 0.09583333333333334 0.725
4 0.39739583333333334 0.6898148148148148 0.3963541666666667 0.6638888888888889 0.39114583333333336 0.6657407407407407 0.3848958333333333 0.6925925925925925 0.3854166666666667 0.7277777777777777 0.3890625 0.7324074074074074 0.4010416666666667 0.7129629629629629 0.39739583333333334 0.6898148148148148
4 0.3260416666666667 0.7925925925925926 0.3296875 0.7916666666666666 0.33125 0.7870370370370371 0.3307291666666667 0.7666666666666667 0.33541666666666664 0.7407407407407407 0.3307291666666667 0.7111111111111111 0.3260416666666667 0.7092592592592593 0.31875 0.7287037037037037 0.3171875 0.7490740740740741 0.3234375 0.7657407407407407 0.3234375 0.7870370370370371 0.3260416666666667 0.7925925925925926
5 0.3963541666666667 0.7861111111111111 0.4005208333333333 0.7833333333333333 0.4 0.7712962962962963 0.40625 0.7481481481481481 0.40208333333333335 0.7129629629629629 0.4 0.7092592592592593 0.39375 0.7129629629629629 0.39010416666666664 0.7314814814814815 0.38958333333333334 0.7472222222222222 0.39479166666666665 0.7592592592592593 0.390625 0.7796296296296297 0.3963541666666667 0.7861111111111111
4 0.6557291666666667 0.8083333333333333 0.6567708333333333 0.8055555555555556 0.653125 0.7888888888888889 0.6536458333333334 0.7697527777777777 0.659375 0.7638888888888888 0.6619791666666667 0.7648148148148148 0.6619791666666667 0.7592592592592593 0.6583333333333333 0.7546296296296297 0.6567708333333333 0.7462962962962963 0.6583333333333333 0.7388888888888889 0.6541666666666667 0.7240740740740741 0.6489583333333333 0.7231481481481481 0.640625 0.7435185185185185 0.6421875 0.7833333333333333 0.6401041666666667 0.8018518518518518 0.6421875 0.8064814814814815 0.6557291666666667 0.8083333333333333
5 0.5838541666666667 0.9203703703703704 0.5864583333333333 0.9055555555555556 0.590625 0.9009259259259259 0.5953125 0.9037037037037037 0.5953125 0.8907407407407407 0.5994791666666667 0.8759259259259259 0.5994791666666667 0.8685185185185185 0.5911458333333334 0.8296296296296296 0.5890625 0.8277777777777777 0.5854166666666667 0.8296296296296296 0.5791666666666667 0.8527777777777777 0.5770833333333333 0.8731481481481481 0.58125 0.8916666666666667 0.5796875 0.9194444444444444 0.5838541666666667 0.9203703703703704
0 0.9291666666666667 0.7518518518518519 0.9234375 0.7324074074074074 0.9177083333333333 0.7425925925925926 0.9171875 0.7481481481481481 0.9203125 0.7537037037037037 0.9255208333333333 0.7555555555555555 0.9291666666666667 0.7518518518518519
3 0.3375 0.5583333333333333 0.3385416666666667 0.5277777777777778 0.33645833333333336 0.5138888888888888 0.33125 0.512962962962963 0.32864583333333336 0.5212962962962963 0.3296875 0.5574074074074075 0.33489583333333334 0.5611111111111111 0.3375 0.5583333333333333
3 0.1578125 0.5712962962962963 0.15885416666666666 0.5657407407407408 0.15677083333333333 0.5555555555555556 0.159375 0.549074074074074 0.15885416666666666 0.5398148148148149 0.1546875 0.5314814814814814 0.146875 0.5361111111111111 0.1484375 0.5703703703703704 0.15052083333333333 0.5712962962962963 0.1546875 0.5648148148148148 0.1578125 0.5712962962962963
4 0.09427083333333333 0.6342592592592593 0.09166666666666666 0.612037037037037 0.0875 0.6111111111111112 0.08125 0.625 0.08385416666666666 0.6583333333333333 0.09375 0.6537037037037037 0.0921875 0.6416666666666667 0.09427083333333333 0.6342592592592593