3 0.453125 0.612037037037037 0.45677083333333335 0.612037037037037 0.4588541666666667 0.6175925925925926 0.4625 0.6185185185185185 0.4630208333333333 0.6138888888888889 0.45989583333333334 0.6055555555555555 0.4588541666666667 0.5611111111111111 0.4546875 0.5583333333333333 0.44947916666666665 0.575 0.4505208333333333 0.6 0.4479166666666667 0.6157407407407407 0.4515625 0.6185185185185185 0.453125 0.612037037037037
5 0.5046875 0.5296296296296297 0.49895833333333334 0.5287037037037037 0.5 0.5648148148148148 0.5052083333333334 0.5675925925925925 0.5072916666666667 0.5444444444444444 0.5046875 0.5296296296296297
5 0.3375 0.6305555555555555 0.340625 0.6240740740740741 0.34270833333333334 0.5861111111111111 0.3385416666666667 0.5712962962962963 0.3338541666666667 0.575925925925926 0.33177083333333335 0.587037037037037 0.33177083333333335 0.6074074074074074 0.3338541666666667 0.6268518518518519 0.3375 0.6305555555555555
4 0.7848958333333333 0.7092592592592593 0.7864583333333334 0.6638888888888889 0.7859375 0.6537037037037037 0.7807291666666667 0.6388888888888888 0.7776041666666667 0.6416666666666667 0.7729166666666667 0.6777777777777778 0.771875 0.712037037037037 0.775 0.7148148148148148 0.7833333333333333 0.7129629629629629 0.7848958333333333 0.7092592592592593
3 0.18645833333333334 0.5203703703703704 0.18020833333333333 0.5092592592592593 0.18125 0.5055555555555555 0.17604166666666668 0.5046296296296297 0.17395833333333333 0.5194444444444445 0.1734375 0.5462962962962963 0.18541666666666667 0.5453703703703704 0.18385416666666668 0.5370370370370371 0.18645833333333334 0.5203703703703704
5 0.184375 0.7083333333333334 0.184375 0.6444444444444445 0.18020833333333333 0.6416666666666667 0.17291666666666666 0.6592592592592592 0.171875 0.6703703703703704 0.17447916666666666 0.6814814814814815 0.17447916666666666 0.7083333333333334 0.184375 0.7083333333333334
4 0.16197916666666667 0.6916666666666667 0.165625 0.6888888888888889 0.16510416666666666 0.6333333333333333 0.16145833333333334 0.6194444444444445 0.15729166666666666 0.6222222222222222 0.15208333333333332 0.6388888888888888 0.1578125 0.6648148148148149 0.15625 0.6851851851851852 0.16197916666666667 0.6916666666666667
5 0.209375 0.5324074074074074 0.20104166666666667 0.512962962962963 0.19895833333333332 0.5212962962962963 0.20052083333333334 0.5638888888888889 0.20677083333333332 0.5648148148148148 0.20729166666666668 0.537962962962963 0.209375 0.5324074074074074
4 0.5364583333333334 0.65 0.5489583333333333 0.65 0.5489583333333333 0.6203703703703703 0.5463541666666667 0.5925925925925926 0.5432291666666667 0.5898148148148148 0.5348958333333333 0.5990740740740741 0.5328125 0.6027777777777777 0.5359375 0.6055555555555555 0.5369791666666667 0.6182101851851852 0.5364583333333334 0.65
4 0.8432291666666667 0.637962962962963 0.8432291666666667 0.6268518518518519 0.8395833333333333 0.575925925925926 0.8328125 0.5768518518518518 0.8291666666666667 0.5879629629629629 0.8307291666666666 0.637962962962963 0.8328125 0.6407407407407407 0.8416666666666667 0.6398148148148148 0.8432291666666667 0.637962962962963
4 0.5296875 0.5268518518518519 0.5255208333333333 0.5259259259259259 0.5229166666666667 0.5361111111111111 0.5208333333333334 0.5703703703703704 0.5307291666666667 0.5722222222222222 0.5328125 0.5444444444444444 0.5296875 0.5268518518518519
5 0.7666666666666667 0.5796296296296296 0.7697916666666667 0.5731481481481482 0.7671875 0.5472222222222223 0.7635416666666667 0.5435185185185185 0.7552083333333334 0.5472222222222223 0.75625 0.5916666666666667 0.7598958333333333 0.5981481481481481 0.7651041666666667 0.5990740740740741 0.7666666666666667 0.5796296296296296
4 0.17395833333333333 0.6 0.17864583333333334 0.6046296296296296 0.18020833333333333 0.5981481481481481 0.17552083333333332 0.5481481481481482 0.1703125 0.5481481481481482 0.16770833333333332 0.5583333333333333 0.16770833333333332 0.5842592592592593 0.16458333333333333 0.5990740740740741 0.16614583333333333 0.6018518518518519 0.17395833333333333 0.6
5 0.9046875 0.7407407407407407 0.9072916666666667 0.7342592592592593 0.9104166666666667 0.6861111111111111 0.90625 0.6722222222222223 0.9026041666666667 0.6703703703703704 0.8973958333333333 0.687037037037037 0.8958333333333334 0.7092592592592593 0.9 0.7222222222222222 0.9005208333333333 0.7361111111111112 0.9046875 0.7407407407407407
5 0.8505208333333333 0.5685185185185185 0.8479166666666667 0.555324074074074 0.8479166666666667 0.5407407407407407 0.8458333333333333 0.5342592592592592 0.8416666666666667 0.5342592592592592 0.840625 0.5611111111111111 0.8369791666666667 0.5731481481481482 0.8494791666666667 0.575 0.8505208333333333 0.5685185185185185
4 0.7645833333333333 0.5833333333333334 0.7677083333333333 0.5703703703703704 0.7666666666666667 0.5509259259259259 0.7630208333333334 0.5453703703703704 0.7552083333333334 0.5435185185185185 0.7515625 0.5546296296296296 0.7494791666666667 0.5907407407407408 0.7588541666666667 0.5972222222222222 0.7645833333333333 0.5962962962962963 0.7645833333333333 0.5833333333333334
2 0.9442708333333333 0.5925925925925926 0.9505208333333334 0.5972222222222222 0.9567708333333333 0.5953703703703703 0.95625 0.5555555555555556 0.9536458333333333 0.5453703703703704 0.95 0.5416666666666666 0.9453125 0.5481481481481482 0.9369791666666667 0.5481481481481482 0.9354166666666667 0.5518518518518518 0.9395833333333333 0.5546296296296296 0.9458333333333333 0.5666666666666667 0.9442708333333333 0.5925925925925926
5 0.6932291666666667 0.6037037037037037 0.6890625 0.5935185185185186 0.6848958333333334 0.5916666666666667 0.6802083333333333 0.6046296296296296 0.6848958333333334 0.649074074074074 0.6927083333333334 0.65 0.6916666666666667 0.625 0.6932291666666667 0.6037037037037037
4 0.19427083333333334 0.5537037037037037 0.19739583333333333 0.5444444444444444 0.19375 0.5407407407407407 0.19010416666666666 0.5296296296296297 0.1875 0.5296296296296297 0.1859375 0.5435185185185185 0.18489583333333334 0.5638888888888889 0.18854166666666666 0.5694444444444444 0.19322916666666667 0.5703703703703704 0.19427083333333334 0.5537037037037037
4 0.6046875 0.5601851851851852 0.6 0.5592592592592592 0.5947916666666667 0.575 0.5953125 0.6101851851851852 0.6057291666666667 0.612037037037037 0.6088541666666667 0.5824074074074074 0.6046875 0.5601851851851852
4 0.19270833333333334 0.5722222222222222 0.18333333333333332 0.5851851851851851 0.18802083333333333 0.6296296296296297 0.19322916666666667 0.6305555555555555 0.19791666666666666 0.5833333333333334 0.19270833333333334 0.5722222222222222
3 0.3338541666666667 0.49722222222222223 0.32395833333333335 0.4898148148148148 0.31979166666666664 0.49444444444444446 0.31875 0.5009259259259259 0.321875 0.5453703703703704 0.3265625 0.5472222222222223 0.3333333333333333 0.5231481481481481 0.3338541666666667 0.49722222222222223
0 0.896875 0.5824074074074074 0.8916666666666667 0.5833333333333334 0.8911458333333333 0.5898148148148148 0.8963541666666667 0.5925925925925926 0.8979166666666667 0.5879629629629629 0.896875 0.5824074074074074