4 0.7104166666666667 0.6277777777777778 0.7119791666666667 0.5768518518518518 0.7104166666666667 0.5685185185185185 0.7083333333333334 0.5675925925925925 0.7036458333333333 0.575925925925926 0.7015625 0.5925925925925926 0.7005208333333334 0.6240740740740741 0.7104166666666667 0.6277777777777778
5 0.6770833333333334 0.5638888888888889 0.6890625 0.5675925925925925 0.6890625 0.5175925925925926 0.6854166666666667 0.5148148148148148 0.6802083333333333 0.5277777777777778 0.6807291666666667 0.5416666666666666 0.6770833333333334 0.5638888888888889
4 0.4197916666666667 0.5555555555555556 0.421875 0.55 0.42083333333333334 0.5388888888888889 0.42239583333333336 0.5287037037037037 0.42239583333333336 0.5120370370370371 0.4197916666666667 0.5027777777777778 0.41458333333333336 0.5027777777777778 0.4119791666666667 0.5203703703703704 0.41354166666666664 0.5527777777777778 0.4197916666666667 0.5555555555555556
4 0.76875 0.6888888888888889 0.7697916666666667 0.6833333333333333 0.7671875 0.6694444444444444 0.76875 0.6305555555555555 0.7640625 0.6138888888888889 0.7604166666666666 0.6185185185185185 0.7572916666666667 0.6537037037037037 0.7567708333333333 0.6851851851851852 0.76875 0.6888888888888889
4 0.6171875 0.5416666666666666 0.621875 0.5462962962962963 0.625 0.5453703703703704 0.6223958333333334 0.5212962962962963 0.6229166666666667 0.5 0.61875 0.5 0.6151041666666667 0.5138888888888888 0.6104166666666667 0.5444444444444444 0.6171875 0.5416666666666666
5 0.725 0.5574074074074075 0.7291666666666666 0.5444444444444444 0.7307291666666667 0.5305555555555556 0.728125 0.512962962962963 0.7229166666666667 0.5222222222222223 0.721875 0.5342592592592592 0.7177083333333333 0.5435185185185185 0.7182291666666667 0.5555555555555556 0.725 0.5574074074074075
5 0.8609375 0.6898148148148148 0.8640625 0.6935185185185185 0.8692708333333333 0.6925925925925925 0.8729166666666667 0.687037037037037 0.8703125 0.6722222222222223 0.8729166666666667 0.6416666666666667 0.871875 0.6305555555555555 0.8692708333333333 0.6259259259259259 0.8651041666666667 0.6305555555555555 0.8619791666666666 0.6564814814814814 0.8630208333333333 0.6777777777777778 0.8609375 0.6898148148148148
4 0.3140625 0.6175925925925926 0.321875 0.6101851851851852 0.31979166666666664 0.5722222222222222 0.3151041666666667 0.5583333333333333 0.3104166666666667 0.5583333333333333 0.3098958333333333 0.6111111111111112 0.3140625 0.6175925925925926
4 0.5572916666666666 0.5805555555555556 0.559375 0.575925925925926 0.5598958333333334 0.5425925925925926 0.5567708333333333 0.5268518518518519 0.5520833333333334 0.525 0.546875 0.5407407407407407 0.5473958333333333 0.575 0.5572916666666666 0.5805555555555556
5 0.3729166666666667 0.649074074074074 0.3848958333333333 0.6462962962962963 0.3854166666666667 0.6416666666666667 0.38229166666666664 0.637962962962963 0.38385416666666666 0.6148148148148148 0.3807291666666667 0.5995370370370371 0.3807291666666667 0.5842592592592593 0.375 0.5879629629629629 0.3734375 0.5981481481481481 0.3697916666666667 0.6453703703703704 0.3729166666666667 0.649074074074074
5 0.8536458333333333 0.6166666666666667 0.8572916666666667 0.6148148148148148 0.8588541666666667 0.6074074074074074 0.8619791666666666 0.5740740740740741 0.8578125 0.5611111111111111 0.853125 0.5601851851851852 0.8494791666666667 0.575 0.8489583333333334 0.6138888888888889 0.8536458333333333 0.6166666666666667
4 0.8307291666666666 0.5574074074074075 0.8328125 0.5555555555555556 0.8359375 0.512962962962963 0.8286458333333333 0.512962962962963 0.8260416666666667 0.5259259259259259 0.8244791666666667 0.5518518518518518 0.8307291666666666 0.5574074074074075
3 0.584375 0.5953703703703703 0.5859375 0.5990740740740741 0.5921875 0.5990740740740741 0.596875 0.5685185185185185 0.5927083333333333 0.537962962962963 0.5890625 0.5398148148148149 0.5848958333333333 0.55 0.5869791666666667 0.5777777777777777 0.584375 0.5953703703703703
4 0.35520833333333335 0.5518518518518518 0.3578125 0.5879629629629629 0.3609375 0.5925925925925926 0.3671875 0.587037037037037 0.36666666666666664 0.5435185185185185 0.3651041666666667 0.5314814814814814 0.359375 0.5342592592592592 0.35520833333333335 0.5444444444444444 0.35520833333333335 0.5518518518518518
5 0.5770833333333333 0.5351851851851852 0.578125 0.5407407407407407 0.5807291666666666 0.5416666666666666 0.5828125 0.5398148148148149 0.5864583333333333 0.5101851851851852 0.5802083333333333 0.49444444444444446 0.5755208333333334 0.5027777777777778 0.5744791666666667 0.512962962962963 0.5770833333333333 0.5351851851851852
5 0.4895833333333333 0.5592592592592592 0.49375 0.5592592592592592 0.49635416666666665 0.512962962962963 0.4942708333333333 0.5046296296296297 0.4901041666666667 0.5037037037037037 0.4864583333333333 0.512962962962963 0.4869791666666667 0.5537037037037037 0.4895833333333333 0.5592592592592592
1 0.10260416666666666 0.5296296296296297 0.1 0.5481481481481482 0.10416666666666667 0.549074074074074 0.10885416666666667 0.5444444444444444 0.11458333333333333 0.5481481481481482 0.1140625 0.5074074074074074 0.10729166666666666 0.5 0.10416666666666667 0.5037037037037037 0.09895833333333333 0.512962962962963 0.10260416666666666 0.5296296296296297
3 0.3848958333333333 0.5027777777777778 0.3880208333333333 0.5037037037037037 0.390625 0.4981481481481482 0.3927083333333333 0.46574074074074073 0.39010416666666664 0.45925925925925926 0.38125 0.4638888888888889 0.38333333333333336 0.4962962962962963 0.3848958333333333 0.5027777777777778
5 0.5604166666666667 0.5888888888888889 0.5598958333333334 0.6148148148148148 0.5604166666666667 0.6185185185185185 0.5645833333333333 0.6212962962962963 0.5682291666666667 0.6185185185185185 0.56875 0.5740740740740741 0.5661458333333333 0.5601851851851852 0.5635416666666667 0.5583333333333333 0.5609375 0.5638888888888889 0.5583333333333333 0.575925925925926 0.5604166666666667 0.5888888888888889