3 0.2791666666666667 0.637962962962963 0.28177083333333336 0.6342592592592593 0.28072916666666664 0.6111111111111112 0.27708333333333335 0.6046296296296296 0.27239583333333334 0.6092592592592593 0.27447916666666666 0.6314814814814815 0.2791666666666667 0.637962962962963
5 0.1 0.7314814814814815 0.1 0.7277777777777777 0.09479166666666666 0.725 0.09375 0.700925925925926 0.09166666666666666 0.6953703703703704 0.0890625 0.6972222222222222 0.0859375 0.7083333333333334 0.0875 0.7398148148148148 0.1 0.7314814814814815
5 0.5848958333333333 0.7 0.5875 0.7055555555555556 0.5942708333333333 0.7046296296296296 0.590625 0.6916666666666667 0.5921875 0.6694444444444444 0.5885416666666666 0.6592592592592592 0.5833333333333334 0.6611111111111111 0.58125 0.675 0.5848958333333333 0.7
5 0.39166666666666666 0.6620370370370371 0.4005208333333333 0.6648148148148149 0.40208333333333335 0.6611111111111111 0.39895833333333336 0.6537037037037037 0.39895833333333336 0.6388888888888888 0.39479166666666665 0.6305555555555555 0.39114583333333336 0.6305555555555555 0.3890625 0.6425925925925926 0.39166666666666666 0.6620370370370371
4 0.46875 0.7361111111111112 0.465625 0.7074074074074074 0.4666666666666667 0.6972222222222222 0.4625 0.6861111111111111 0.4588541666666667 0.687037037037037 0.4552083333333333 0.7157407407407408 0.4552083333333333 0.7398148148148148 0.46875 0.7361111111111112
5 0.5 0.700925925925926 0.5005208333333333 0.7277777777777777 0.5026041666666666 0.7287037037037037 0.5130208333333334 0.7157407407407408 0.5078125 0.7037037037037037 0.5078125 0.6925925925925925 0.5046875 0.6805555555555556 0.5015625 0.6787037037037037 0.5 0.6814814814814815 0.4979166666666667 0.6972222222222222 0.5 0.700925925925926
5 0.14427083333333332 0.7046296296296296 0.14635416666666667 0.7175925925925926 0.15104166666666666 0.7175925925925926 0.15520833333333334 0.7129629629629629 0.15364583333333334 0.6990740740740741 0.15572916666666667 0.6833333333333333 0.15 0.6722222222222223 0.14635416666666667 0.6722222222222223 0.14270833333333333 0.6851851851851852 0.14427083333333332 0.7046296296296296
4 0.5161458333333333 0.8694444444444445 0.5286458333333334 0.8703703703703703 0.5291666666666667 0.8212962962962963 0.5276041666666667 0.8064814814814815 0.5208333333333334 0.7925925925925926 0.51875 0.7944444444444444 0.5166666666666667 0.8092592592592592 0.5151041666666667 0.8361111111111111 0.5161458333333333 0.8694444444444445
5 0.296875 0.6537037037037037 0.30364583333333334 0.6555555555555556 0.3020833333333333 0.6287037037037037 0.29739583333333336 0.625 0.2942708333333333 0.6305555555555555 0.29375 0.637962962962963 0.296875 0.6537037037037037
4 0.2203125 0.6805555555555556 0.22552083333333334 0.6703703703703704 0.22864583333333333 0.6462962962962963 0.22604166666666667 0.6416666666666667 0.21979166666666666 0.6416666666666667 0.21614583333333334 0.649074074074074 0.21302083333333333 0.6777777777777778 0.2203125 0.6805555555555556
4 0.8484375 0.7694444444444445 0.8427083333333333 0.775 0.8479166666666667 0.775 0.8572916666666667 0.762962962962963 0.8541666666666666 0.7555555555555555 0.8432291666666667 0.7472222222222222 0.8484375 0.7537037037037037 0.8484375 0.7694444444444445
4 0.8338541666666667 0.7972222222222223 0.8364583333333333 0.7944444444444444 0.8401041666666667 0.775 0.8375 0.762962962962963 0.8385416666666666 0.7490740740740741 0.840625 0.7472222222222222 0.834375 0.7388888888888889 0.8333333333333334 0.7324074074074074 0.8296875 0.7305555555555555 0.8260416666666667 0.7527777777777778 0.825 0.7944444444444444 0.8338541666666667 0.7972222222222223
4 0.09375 0.7685185185185185 0.0953125 0.7907407407407407 0.09947916666666666 0.7925925925925926 0.10208333333333333 0.7861111111111111 0.10104166666666667 0.7685185185185185 0.1046875 0.7379629629629629 0.09895833333333333 0.7268518518518519 0.09270833333333334 0.7287037037037037 0.08854166666666667 0.7398148148148148 0.08802083333333334 0.7592592592592593 0.09375 0.7685185185185185
4 0.17760416666666667 0.7212962962962963 0.18125 0.7212962962962963 0.184375 0.7148148148148148 0.18697916666666667 0.6935185185185185 0.18541666666666667 0.6814814814814815 0.18125 0.6731481481481482 0.17708333333333334 0.6722222222222223 0.1734375 0.6842592592592592 0.175 0.7129629629629629 0.17760416666666667 0.7212962962962963
4 0.4114583333333333 0.6648148148148149 0.415625 0.6648148148148149 0.4166666666666667 0.6583333333333333 0.41458333333333336 0.649074074074074 0.4161458333333333 0.637962962962963 0.40989583333333335 0.6277777777777778 0.40572916666666664 0.6305555555555555 0.4046875 0.6388888888888888 0.4114583333333333 0.6648148148148149
4 0.5375 0.6777777777777778 0.5385416666666667 0.637962962962963 0.5328125 0.6333333333333333 0.5286458333333334 0.6555555555555556 0.528125 0.6768518518518518 0.5375 0.6777777777777778
4 0.7307291666666667 0.6935185185185185 0.7364583333333333 0.6962962962962963 0.7380208333333333 0.6888888888888889 0.7328125 0.6537037037037037 0.7276041666666667 0.6537037037037037 0.7255208333333333 0.6703703703703704 0.7239583333333334 0.6962962962962963 0.7307291666666667 0.6935185185185185
3 0.3489583333333333 0.7212962962962963 0.346875 0.7046296296296296 0.34739583333333335 0.6805555555555556 0.34427083333333336 0.6694444444444444 0.34010416666666665 0.6675925925925926 0.3375 0.6805555555555556 0.3375 0.7203703703703703 0.3489583333333333 0.7212962962962963
5 0.3567708333333333 0.65 0.3609375 0.6731481481481482 0.36614583333333334 0.674074074074074 0.36770833333333336 0.6657407407407407 0.3625 0.6388888888888888 0.3572916666666667 0.6333333333333333 0.35 0.637962962962963 0.35104166666666664 0.6453703703703704 0.3567708333333333 0.65
0 0.2947916666666667 0.6694444444444444 0.2947916666666667 0.6657407407407407 0.2916666666666667 0.662962962962963 0.28802083333333334 0.6657407407407407 0.28958333333333336 0.6722222222222223 0.2947916666666667 0.6694444444444444
3 0.9119791666666667 0.9935185185185185 0.9166666666666666 0.9953703703703703 0.9182291666666667 0.9935185185185185 0.9197916666666667 0.9231481481481482 0.9151041666666667 0.9064814814814814 0.9119791666666667 0.9046296296296297 0.909375 0.9101851851851852 0.9052083333333333 0.9703703703703703 0.9119791666666667 0.9935185185185185
5 0.2671875 0.7027777777777777 0.275 0.7046296296296296 0.271875 0.6574074074074074 0.26666666666666666 0.6574074074074074 0.2640625 0.6657407407407407 0.26510416666666664 0.6972222222222222 0.2671875 0.7027777777777777
5 0.21666666666666667 0.6814814814814815 0.21927083333333333 0.6768518518518518 0.21822916666666667 0.6425925925925926 0.2125 0.6407407407407407 0.20989583333333334 0.65 0.21145833333333333 0.6805555555555556 0.21666666666666667 0.6814814814814815
5 0.4036458333333333 0.7666666666666667 0.4078125 0.7694444444444445 0.4119791666666667 0.7611111111111111 0.40989583333333335 0.7444444444444445 0.4119791666666667 0.7314814814814815 0.40677083333333336 0.7166666666666667 0.40260416666666665 0.7166666666666667 0.4005208333333333 0.7342592592592593 0.4036458333333333 0.7666666666666667
3 0.6682291666666667 0.6472222222222223 0.6692708333333334 0.6509259259259259 0.6734375 0.6509259259259259 0.675 0.6388888888888888 0.6786458333333333 0.6342592592592593 0.6786458333333333 0.625 0.6708333333333333 0.6083333333333333 0.6682291666666667 0.6092592592592593 0.6666666666666666 0.6148148148148148 0.6682291666666667 0.6472222222222223