3 0.28072916666666664 0.5148148148148148 0.2796875 0.5009259259259259 0.2755208333333333 0.49907407407407406 0.26875 0.5055555555555555 0.2708333333333333 0.5222222222222223 0.2682291666666667 0.5361111111111111 0.278125 0.5361111111111111 0.28072916666666664 0.5148148148148148
4 0.10416666666666667 0.6416666666666667 0.11041666666666666 0.6138888888888889 0.10364583333333334 0.5981481481481481 0.09583333333333334 0.6129629629629629 0.096875 0.6564814814814814 0.09947916666666666 0.662962962962963 0.10260416666666666 0.6592592592592592 0.10416666666666667 0.6416666666666667
5 0.6130208333333333 0.5722222222222222 0.6145833333333334 0.5814814814814815 0.6192708333333333 0.5805555555555556 0.6151041666666667 0.5333333333333333 0.6109375 0.5398148148148149 0.60625 0.562962962962963 0.6005208333333333 0.5722222222222222 0.6 0.575925925925926 0.6036458333333333 0.5796296296296296 0.6098958333333333 0.5694444444444444 0.6130208333333333 0.5722222222222222
4 0.27291666666666664 0.6361111111111111 0.26875 0.6148148148148148 0.2640625 0.6027777777777777 0.2609375 0.6074074074074074 0.2609375 0.6222222222222222 0.25729166666666664 0.6333333333333333 0.2604166666666667 0.6814814814814815 0.2635416666666667 0.6861111111111111 0.2671875 0.6851851851851852 0.27291666666666664 0.6361111111111111
4 0.203125 0.6694444444444444 0.19479166666666667 0.6564814814814814 0.1921875 0.6574074074074074 0.18802083333333333 0.6685185185185185 0.1890625 0.7314814814814815 0.20052083333333334 0.7333333333333333 0.20208333333333334 0.7314814814814815 0.203125 0.6694444444444444
5 0.290625 0.5685185185185185 0.2911458333333333 0.5398148148148149 0.28802083333333334 0.524074074074074 0.28489583333333335 0.5231481481481481 0.28020833333333334 0.5324074074074074 0.278125 0.5407407407407407 0.28125 0.5537037037037037 0.2786458333333333 0.5657407407407408 0.290625 0.5685185185185185
5 0.2109375 0.6342592592592593 0.2109375 0.6185185185185185 0.215625 0.6074074074074074 0.215625 0.5953703703703703 0.20885416666666667 0.5777777777777777 0.20208333333333334 0.5944444444444444 0.20052083333333334 0.6185185185185185 0.20416666666666666 0.6351851851851852 0.209375 0.6370370370370371 0.2109375 0.6342592592592593
5 0.18645833333333334 0.6018518518518519 0.18958333333333333 0.575925925925926 0.18489583333333334 0.5592592592592592 0.18125 0.5592592592592592 0.17760416666666667 0.575925925925926 0.17708333333333334 0.6148148148148148 0.18541666666666667 0.6175925925925926 0.1875 0.6111111111111112 0.18645833333333334 0.6018518518518519
4 0.49947916666666664 0.6018518518518519 0.49583333333333335 0.5805555555555556 0.49270833333333336 0.5796296296296296 0.490625 0.5833333333333334 0.484375 0.6018518518518519 0.48541666666666666 0.6351851851851852 0.4942708333333333 0.6305555555555555 0.49947916666666664 0.6018518518518519
5 0.3536458333333333 0.6268518518518519 0.3572916666666667 0.6314814814814815 0.35989583333333336 0.6277777777777778 0.36666666666666664 0.5833333333333334 0.3619791666666667 0.5685185185185185 0.3546875 0.5824074074074074 0.3536458333333333 0.5907407407407408 0.35572916666666665 0.5972222222222222 0.35625 0.6157407407407407 0.3536458333333333 0.6268518518518519
4 0.32708333333333334 0.5925925925925926 0.32916666666666666 0.5675925925925925 0.3260416666666667 0.5564814814814815 0.3234375 0.5564814814814815 0.3177083333333333 0.5694444444444444 0.3171875 0.6046296296296296 0.3182291666666667 0.6101851851851852 0.321875 0.612037037037037 0.32708333333333334 0.5925925925925926
5 0.07552083333333333 0.6694444444444444 0.08541666666666667 0.6675925925925926 0.0890625 0.65 0.0875 0.6157407407407407 0.08333333333333333 0.6101851851851852 0.07447916666666667 0.625 0.07291666666666667 0.6314814814814815 0.0765625 0.6518518518518519 0.07395833333333333 0.6657407407407407 0.07552083333333333 0.6694444444444444
4 0.7328125 0.7194444444444444 0.7359375 0.7166666666666667 0.7385416666666667 0.6981481481481482 0.7432291666666667 0.6851851851851852 0.7442708333333333 0.6638888888888889 0.7385416666666667 0.65 0.7333333333333333 0.649074074074074 0.7276041666666667 0.6722222222222223 0.7291666666666666 0.6925925925925925 0.7270833333333333 0.700925925925926 0.7291666666666666 0.7166666666666667 0.7328125 0.7194444444444444
4 0.42864583333333334 0.5555555555555556 0.43125 0.5675925925925925 0.4354166666666667 0.5685185185185185 0.4348958333333333 0.525 0.4317708333333333 0.5185185185185185 0.4270833333333333 0.5222222222222223 0.4265625 0.537962962962963 0.4203125 0.5518518518518518 0.4197916666666667 0.5583333333333333 0.42864583333333334 0.5555555555555556
5 0.5598958333333334 0.6037037037037037 0.5567708333333333 0.5907407407407408 0.5526041666666667 0.5861111111111111 0.5473958333333333 0.5990740740740741 0.5473958333333333 0.6416666666666667 0.55 0.65 0.5536458333333333 0.65 0.5598958333333334 0.6037037037037037
4 0.27239583333333334 0.6342592592592593 0.2671875 0.6074074074074074 0.2640625 0.6018518518518519 0.2604166666666667 0.6064814814814815 0.2609375 0.6231481481481481 0.25833333333333336 0.637962962962963 0.2713541666666667 0.6407407407407407 0.27239583333333334 0.6342592592592593
3 0.8348958333333333 0.950925925925926 0.8375 0.9527777777777777 0.8421875 0.9157407407407407 0.8453125 0.9074074074074074 0.8489583333333334 0.9083333333333333 0.85 0.9046296296296297 0.8494791666666667 0.8768518518518519 0.8369791666666667 0.8537037037037037 0.8333333333333334 0.8527777777777777 0.8255208333333334 0.8777777777777778 0.825 0.8944444444444445 0.8223958333333333 0.9037037037037037 0.8333333333333334 0.937037037037037 0.8348958333333333 0.950925925925926
5 0.103125 0.7472222222222222 0.11510416666666666 0.7425925925925926 0.11354166666666667 0.7287037037037037 0.11875 0.700925925925926 0.115625 0.6694444444444444 0.11145833333333334 0.6675925925925926 0.1046875 0.6805555555555556 0.103125 0.6898148148148148 0.103125 0.7064814814814815 0.10677083333333333 0.7194444444444444 0.10208333333333333 0.7398148148148148 0.103125 0.7472222222222222
4 0.5286458333333334 0.7481481481481481 0.528125 0.7527777777777778 0.5375 0.7472222222222222 0.5458333333333333 0.7351851851851852 0.55 0.7351851851851852 0.5546875 0.7444444444444445 0.5567708333333333 0.7620370370370371 0.5630208333333333 0.762962962962963 0.5625 0.7388888888888889 0.5552083333333333 0.7212962962962963 0.5552083333333333 0.7129629629629629 0.5583333333333333 0.7046296296296296 0.55625 0.6962962962962963 0.5510416666666667 0.6851851851851852 0.5473958333333333 0.6833333333333333 0.5395833333333333 0.7046296296296296 0.5390625 0.7092592592592593 0.5421875 0.7157407407407408 0.5401041666666667 0.7305555555555555 0.5286458333333334 0.7481481481481481
5 0.5760416666666667 0.7314814814814815 0.5822916666666667 0.7166666666666667 0.5770833333333333 0.7037037037037037 0.5802083333333333 0.6935185185185185 0.5776041666666667 0.6712962962962963 0.5734375 0.6703703703703704 0.5697916666666667 0.6805555555555556 0.5619791666666667 0.7277777777777777 0.5635416666666667 0.7342592592592593 0.571875 0.7268518518518519 0.5760416666666667 0.7314814814814815
5 0.3171875 0.6620370370370371 0.32135416666666666 0.6694444444444444 0.31927083333333334 0.6805555555555556 0.321875 0.6833333333333333 0.3260416666666667 0.6805555555555556 0.3265625 0.649074074074074 0.3302083333333333 0.6398148148148148 0.3302083333333333 0.6231481481481481 0.3260416666666667 0.6148148148148148 0.3182291666666667 0.6259259259259259 0.31354166666666666 0.6555555555555556 0.30625 0.6620370370370371 0.30625 0.6722222222222223 0.3104166666666667 0.6712962962962963 0.31354166666666666 0.6638888888888889 0.3171875 0.6620370370370371
4 0.7869791666666667 0.6388888888888888 0.790625 0.6351851851851852 0.7958333333333333 0.6407407407407407 0.7979166666666667 0.637962962962963 0.7963541666666667 0.625 0.7979166666666667 0.5972222222222222 0.7927083333333333 0.5833333333333334 0.790625 0.5824074074074074 0.7890625 0.587037037037037 0.7890625 0.6046296296296296 0.7854166666666667 0.6268518518518519 0.78125 0.637962962962963 0.7869791666666667 0.6388888888888888
3 0.5651041666666666 0.6462962962962963 0.5692708333333333 0.6537037037037037 0.5755208333333334 0.6342592592592593 0.5765625 0.5990740740740741 0.5723958333333333 0.5888888888888889 0.5677083333333334 0.5916666666666667 0.5619791666666667 0.6037037037037037 0.5619791666666667 0.6092592592592593 0.5661458333333333 0.625 0.5651041666666666 0.6462962962962963
3 0.7380208333333333 0.5361111111111111 0.7421875 0.5296296296296297 0.74375 0.5185185185185185 0.7416666666666667 0.5055555555555555 0.7385416666666667 0.5037037037037037 0.7338541666666667 0.5046296296296297 0.7291666666666666 0.5157407407407407 0.7286458333333333 0.549074074074074 0.7333333333333333 0.5527777777777778 0.7359375 0.5509259259259259 0.7380208333333333 0.5361111111111111
0 0.203125 0.6148148148148148 0.19322916666666667 0.6138888888888889 0.18541666666666667 0.6185185185185185 0.19375 0.6259259259259259 0.20052083333333334 0.6222222222222222 0.203125 0.6148148148148148