4 0.421875 0.687037037037037 0.4234375 0.6851851851851852 0.4244791666666667 0.6592592592592592 0.42239583333333336 0.6370370370370371 0.4203125 0.6324074074074074 0.41510416666666666 0.6425925925925926 0.4140625 0.6555555555555556 0.41354166666666664 0.6842592592592592 0.421875 0.687037037037037
2 0.14270833333333333 0.6046296296296296 0.14635416666666667 0.5722222222222222 0.1421875 0.5601851851851852 0.1375 0.5601851851851852 0.13489583333333333 0.5675925925925925 0.13333333333333333 0.5851851851851851 0.13333333333333333 0.6064814814814815 0.14270833333333333 0.6046296296296296
0 0.3026041666666667 0.6351851851851852 0.30520833333333336 0.6259259259259259 0.3015625 0.6231481481481481 0.3 0.6314814814814815 0.3026041666666667 0.6351851851851852
4 0.4588541666666667 0.5685185185185185 0.4630208333333333 0.5648148148148148 0.4635416666666667 0.5435185185185185 0.46197916666666666 0.5370370370370371 0.45677083333333335 0.537962962962963 0.4557291666666667 0.5601851851851852 0.4588541666666667 0.5685185185185185
4 0.5354166666666667 0.5805555555555556 0.5348958333333333 0.5444444444444444 0.5291666666666667 0.55 0.5255208333333333 0.575925925925926 0.5354166666666667 0.5805555555555556
5 0.8463541666666666 0.6111111111111112 0.8453125 0.5740740740740741 0.8401041666666667 0.575925925925926 0.8385416666666666 0.5907407407407408 0.8380208333333333 0.6101851851851852 0.8463541666666666 0.6111111111111112
4 0.6640625 0.6425925925925926 0.6651041666666667 0.6259259259259259 0.6630208333333333 0.6 0.6614583333333334 0.5972222222222222 0.659375 0.5990740740740741 0.65625 0.6074074074074074 0.6552083333333333 0.6416666666666667 0.6640625 0.6425925925925926
4 0.4635416666666667 0.6231481481481481 0.4666666666666667 0.6203703703703703 0.46875 0.587037037037037 0.4630208333333333 0.575925925925926 0.4588541666666667 0.5787037037037037 0.459375 0.6138888888888889 0.4635416666666667 0.6231481481481481
4 0.7401041666666667 0.6175925925925926 0.7427083333333333 0.6138888888888889 0.7442708333333333 0.6037037037037037 0.7442708333333333 0.5777777777777777 0.7395833333333334 0.575 0.7369791666666666 0.5824074074074074 0.7364583333333333 0.612037037037037 0.7401041666666667 0.6175925925925926
5 0.7291666666666666 0.7129629629629629 0.7317708333333334 0.7101851851851851 0.734375 0.6898148148148148 0.7369791666666666 0.6851851851851852 0.7364583333333333 0.674074074074074 0.73125 0.6574074074074074 0.728125 0.6574074074074074 0.725 0.6685185185185185 0.725 0.7092592592592593 0.7291666666666666 0.7129629629629629
5 0.7052083333333333 0.6759259259259259 0.7067708333333333 0.6546296296296297 0.7046875 0.6268518518518519 0.7010416666666667 0.6277777777777778 0.6984375 0.6453703703703704 0.6963541666666667 0.6731481481481482 0.7052083333333333 0.6759259259259259
5 0.5526041666666667 0.6722222222222223 0.5552083333333333 0.6462962962962963 0.553125 0.6185185185185185 0.5473958333333333 0.6277777777777778 0.5432291666666667 0.6666666666666666 0.5526041666666667 0.6722222222222223
3 0.546875 0.6398148148148148 0.5489583333333333 0.6416666666666667 0.553125 0.6370370370370371 0.5536458333333333 0.6101851851851852 0.5489583333333333 0.600925925925926 0.5447916666666667 0.6092592592592593 0.54375 0.6231481481481481 0.546875 0.6398148148148148
4 0.5375 0.6537037037037037 0.5401041666666667 0.6444444444444445 0.5390625 0.6064814814814815 0.5322916666666667 0.6055555555555555 0.5296875 0.6185185185185185 0.5291666666666667 0.65 0.5375 0.6537037037037037
5 0.6151041666666667 0.6601851851851852 0.6229166666666667 0.6592592592592592 0.6223958333333334 0.6138888888888889 0.61875 0.612037037037037 0.615625 0.6259259259259259 0.6130208333333333 0.6574074074074074 0.6151041666666667 0.6601851851851852
5 0.5291666666666667 0.6518518518518519 0.5302083333333333 0.6018518518518519 0.5260416666666666 0.600925925925926 0.5229166666666667 0.6129629629629629 0.5229166666666667 0.6462962962962963 0.5291666666666667 0.6518518518518519
5 0.4359375 0.7 0.43854166666666666 0.6962962962962963 0.43802083333333336 0.6453703703703704 0.4322916666666667 0.6453703703703704 0.428125 0.6574074074074074 0.4270833333333333 0.6972222222222222 0.4359375 0.7
4 0.8479166666666667 0.6129629629629629 0.8505208333333333 0.6064814814814815 0.8515625 0.575925925925926 0.8494791666666667 0.5731481481481482 0.8427083333333333 0.5740740740740741 0.8427083333333333 0.6101851851851852 0.8479166666666667 0.6129629629629629
5 0.5567708333333333 0.6157407407407407 0.5609375 0.6157407407407407 0.5625 0.6111111111111112 0.5609375 0.5787037037037037 0.5567708333333333 0.5787037037037037 0.5557291666666667 0.587037037037037 0.5541666666666667 0.6111111111111112 0.5567708333333333 0.6157407407407407
5 0.4473958333333333 0.6592592592592592 0.44375 0.6435185185185185 0.4453125 0.6305555555555555 0.4421875 0.6129629629629629 0.43854166666666666 0.6129629629629629 0.4359375 0.6240740740740741 0.4359375 0.6407407407407407 0.43125 0.6481481481481481 0.43125 0.6574074074074074 0.4473958333333333 0.6592592592592592
3 0.8692708333333333 0.8805555555555555 0.8760416666666667 0.8740740740740741 0.8807291666666667 0.8833333333333333 0.8822916666666667 0.825925925925926 0.8765625 0.8046296296296296 0.8723958333333334 0.8018518518518518 0.8640625 0.825 0.865625 0.8768518518518519 0.8692708333333333 0.8805555555555555
4 0.7723958333333333 0.6648148148148149 0.7765625 0.6666666666666666 0.7802083333333333 0.6620370370370371 0.7786458333333334 0.6481481481481481 0.7807291666666667 0.6268518518518519 0.7791666666666667 0.6185185185185185 0.7744791666666667 0.6175925925925926 0.7729166666666667 0.6222222222222222 0.7713541666666667 0.6546296296296297 0.7723958333333333 0.6648148148148149
3 0.44947916666666665 0.5592592592592592 0.4588541666666667 0.5666666666666667 0.46041666666666664 0.5648148148148148 0.459375 0.5407407407407407 0.4546875 0.5342592592592592 0.4510416666666667 0.5361111111111111 0.44947916666666665 0.5388888888888889 0.44947916666666665 0.5592592592592592
3 0.8145833333333333 0.5842592592592593 0.8171875 0.5555555555555556 0.8135416666666667 0.5509259259259259 0.8104166666666667 0.5574074074074075 0.8104166666666667 0.5805555555555556 0.8145833333333333 0.5842592592592593