5 0.540625 0.5175925925925926 0.5369791666666667 0.5166666666666667 0.5322916666666667 0.5296296296296297 0.5333333333333333 0.5407407407407407 0.5395833333333333 0.5398148148148149 0.5416666666666666 0.5305555555555556 0.540625 0.5175925925925926
4 0.8192708333333333 0.5287037037037037 0.8151041666666666 0.5138888888888888 0.8067708333333333 0.5324074074074074 0.8072916666666666 0.5435185185185185 0.8161458333333333 0.5444444444444444 0.8192708333333333 0.5407407407407407 0.8192708333333333 0.5287037037037037
5 0.49375 0.5509259259259259 0.49635416666666665 0.5203703703703704 0.49375 0.5175925925925926 0.48854166666666665 0.5222222222222223 0.484375 0.5314814814814814 0.48385416666666664 0.5407407407407407 0.4864583333333333 0.5481481481481482 0.4895833333333333 0.5518518518518518 0.49375 0.5509259259259259
4 0.4875 0.5222222222222223 0.4859375 0.5138888888888888 0.4822916666666667 0.5092592592592593 0.4744791666666667 0.524074074074074 0.475 0.5425925925925926 0.4796875 0.5453703703703704 0.4864583333333333 0.537962962962963 0.4875 0.5222222222222223
2 0.3619791666666667 0.5046296296296297 0.35520833333333335 0.4898148148148148 0.3515625 0.4925925925925926 0.35052083333333334 0.5055555555555555 0.35208333333333336 0.5175925925925926 0.3572916666666667 0.5222222222222223 0.3619791666666667 0.5046296296296297
5 0.7791666666666667 0.9435185185185185 0.7765625 0.9490740740740741 0.7760416666666666 0.9990740740740741 0.7921875 0.9990740740740741 0.7911458333333333 0.9472222222222222 0.7791666666666667 0.9435185185185185
3 0.68125 0.512962962962963 0.6770833333333334 0.5101851851851852 0.6729166666666667 0.5157407407407407 0.6723958333333333 0.5370370370370371 0.678125 0.5444444444444444 0.6817708333333333 0.524074074074074 0.68125 0.512962962962963
4 0.496875 0.5324074074074074 0.5005208333333333 0.512962962962963 0.4947916666666667 0.512962962962963 0.48854166666666665 0.5231481481481481 0.48854166666666665 0.5351851851851852 0.4901041666666667 0.5388888888888889 0.49375 0.537962962962963 0.496875 0.5324074074074074
4 0.6817708333333333 0.4981481481481482 0.6776041666666667 0.49444444444444446 0.6734375 0.4981481481481482 0.6723958333333333 0.5166666666666667 0.6765625 0.5203703703703704 0.68125 0.5185185185185185 0.6817708333333333 0.4981481481481482
5 0.6473958333333333 0.5351851851851852 0.6479166666666667 0.5203703703703704 0.6463541666666667 0.5175925925925926 0.6432291666666666 0.5203703703703704 0.6375 0.5324074074074074 0.6385416666666667 0.5425925925925926 0.6427083333333333 0.5425925925925926 0.6473958333333333 0.5351851851851852
5 0.5828125 0.5046296296296297 0.5791666666666667 0.5009259259259259 0.5755208333333334 0.5027777777777778 0.5723958333333333 0.5212962962962963 0.5744791666666667 0.525 0.5786458333333333 0.525 0.5828125 0.5046296296296297
5 0.5171875 0.5212962962962963 0.5151041666666667 0.5138888888888888 0.5119791666666667 0.512962962962963 0.5083333333333333 0.5194444444444445 0.5057291666666667 0.5324074074074074 0.5083333333333333 0.5361111111111111 0.5145833333333333 0.5361111111111111 0.5171875 0.5212962962962963
4 0.44114583333333335 0.5287037037037037 0.4390625 0.5259259259259259 0.4354166666666667 0.5324074074074074 0.43333333333333335 0.5527777777777778 0.4348958333333333 0.5564814814814815 0.44166666666666665 0.5555555555555556 0.44114583333333335 0.5287037037037037
5 0.8177083333333334 0.512962962962963 0.8135416666666667 0.512962962962963 0.8114583333333333 0.5166666666666667 0.8098958333333334 0.5296296296296297 0.8140625 0.5333333333333333 0.8182291666666667 0.5268518518518519 0.8177083333333334 0.512962962962963
3 0.93125 0.6981481481481482 0.9276041666666667 0.6620370370370371 0.9234375 0.662962962962963 0.9197916666666667 0.6694444444444444 0.9151041666666667 0.687037037037037 0.9078125 0.6990740740740741 0.9083333333333333 0.7027777777777777 0.9171875 0.6981481481481482 0.9239583333333333 0.7055555555555556 0.93125 0.6981481481481482
4 0.6463541666666667 0.5351851851851852 0.6463541666666667 0.5231481481481481 0.6375 0.5324074074074074 0.6328125 0.55 0.6322916666666667 0.5564814814814815 0.634375 0.5583333333333333 0.6421875 0.5527777777777778 0.6463541666666667 0.5351851851851852
0 0.8541666666666666 0.5231481481481481 0.8557291666666667 0.5314814814814814 0.859375 0.5305555555555556 0.8588541666666667 0.5222222222222223 0.8541666666666666 0.5231481481481481
4 0.4864583333333333 0.5055555555555555 0.4817708333333333 0.5046296296296297 0.4786458333333333 0.5185185185185185 0.4859375 0.5194444444444445 0.4875 0.5138888888888888 0.4864583333333333 0.5055555555555555
5 0.525 0.5046296296296297 0.5213541666666667 0.5027777777777778 0.5192708333333333 0.5092592592592593 0.5177083333333333 0.525 0.5213541666666667 0.5268518518518519 0.525 0.5185185185185185 0.525 0.5046296296296297
5 0.5911458333333334 0.4824074074074074 0.5838541666666667 0.48148148148148145 0.5833333333333334 0.5046296296296297 0.5875 0.5083333333333333 0.5895833333333333 0.5055555555555555 0.5911458333333334 0.4824074074074074