4 0.7682291666666666 0.6212962962962963 0.7729166666666667 0.6157407407407407 0.7770833333333333 0.6037037037037037 0.7776041666666667 0.5916666666666667 0.7755208333333333 0.5842592592592593 0.7713541666666667 0.5824074074074074 0.7666666666666667 0.5990740740740741 0.7635416666666667 0.6194444444444445 0.7682291666666666 0.6212962962962963
4 0.8609375 0.6888888888888889 0.8651041666666667 0.6925925925925925 0.8692708333333333 0.6851851851851852 0.8708333333333333 0.65 0.8651041666666667 0.6370370370370371 0.8604166666666667 0.6370370370370371 0.859375 0.6416666666666667 0.859375 0.6777777777777778 0.8609375 0.6888888888888889
4 0.5723958333333333 0.6018518518518519 0.5770833333333333 0.5907407407407408 0.5802083333333333 0.5703703703703704 0.5755208333333334 0.5657407407407408 0.571875 0.5731481481481482 0.5697916666666667 0.5935185185185186 0.5723958333333333 0.6018518518518519
4 0.8869791666666667 0.7555555555555555 0.8864583333333333 0.7648148148148148 0.890625 0.7907407407407407 0.9 0.7925925925925926 0.9010416666666666 0.7851851851851852 0.8963541666666667 0.7694444444444445 0.8973958333333333 0.7416666666666667 0.8921875 0.7240740740740741 0.8880208333333334 0.7231481481481481 0.8864583333333333 0.7287037037037037 0.884375 0.7472222222222222 0.8869791666666667 0.7555555555555555
5 0.5333333333333333 0.7314814814814815 0.5369791666666667 0.7277777777777777 0.5359375 0.7027777777777777 0.5380208333333333 0.6861111111111111 0.5453125 0.6805555555555556 0.5394098958333333 0.6805555555555556 0.5307291666666667 0.674074074074074 0.5276041666666667 0.6768518518518518 0.5265625 0.7185185185185186 0.5333333333333333 0.7314814814814815
4 0.44114583333333335 0.5953703703703703 0.44114583333333335 0.6222222222222222 0.446875 0.625 0.44895833333333335 0.6185185185185185 0.4505208333333333 0.5907407407407408 0.446875 0.5824074074074074 0.4432291666666667 0.5833333333333334 0.4354166666666667 0.5916666666666667 0.44114583333333335 0.5953703703703703
5 0.36822916666666666 0.7157407407407408 0.36666666666666664 0.7472222222222222 0.3734375 0.75 0.37604166666666666 0.7472222222222222 0.38125 0.7166666666666667 0.3802083333333333 0.6925925925925925 0.37604166666666666 0.6888888888888889 0.36822916666666666 0.7018518518518518 0.36614583333333334 0.7083333333333334 0.36822916666666666 0.7157407407407408
5 0.459375 0.7796296296296297 0.4630208333333333 0.7833333333333333 0.4666666666666667 0.7805555555555556 0.4661458333333333 0.774074074074074 0.4744791666666667 0.7675925925925926 0.4744791666666667 0.7592592592592593 0.46875 0.7490740740740741 0.46197916666666666 0.7240740740740741 0.459375 0.7194444444444444 0.4557291666666667 0.7222222222222222 0.4546875 0.7314814814814815 0.459375 0.7796296296296297
2 0.013020833333333334 0.6388888888888888 0.029166666666666667 0.6296296296296297 0.025520833333333333 0.6138888888888889 0.026041666666666668 0.5944444444444444 0.021354166666666667 0.5842592592592593 0.018229166666666668 0.587037037037037 0.016666666666666666 0.600925925925926 0.0171875 0.6166666666666667 0.013020833333333334 0.6388888888888888
4 0.9458333333333333 0.6777777777777778 0.9510416666666667 0.6814814814814815 0.9526041666666667 0.674074074074074 0.9484375 0.6583333333333333 0.9489583333333333 0.637962962962963 0.94375 0.6287037037037037 0.9411458333333333 0.6305555555555555 0.9385416666666667 0.6546296296296297 0.9385416666666667 0.6796296296296296 0.9458333333333333 0.6777777777777778
4 0.6734375 0.6351851851851852 0.6765625 0.6305555555555555 0.6755208333333333 0.600925925925926 0.6734375 0.5916666666666667 0.6692708333333334 0.5898148148148148 0.6682291666666667 0.5925925925925926 0.6682291666666667 0.6324074074074074 0.6734375 0.6351851851851852
4 0.5416666666666666 0.7648148148148148 0.5484375 0.7694444444444445 0.5546875 0.7972222222222223 0.5609375 0.8064814814814815 0.565625 0.8074074074074075 0.5661458333333333 0.7981481481481482 0.5604166666666667 0.7824074074074074 0.5609375 0.7601851851851852 0.559375 0.7537037037037037 0.5484375 0.7444444444444445 0.5447916666666667 0.7472222222222222 0.5369791666666667 0.7666666666666667 0.5416666666666666 0.7648148148148148
5 0.4270833333333333 0.6268518518518519 0.42864583333333334 0.6111111111111112 0.42604166666666665 0.6 0.421875 0.5990740740740741 0.4192708333333333 0.6092592592592593 0.41875 0.6259259259259259 0.4270833333333333 0.6268518518518519
5 0.6286458333333333 0.675 0.6307291666666667 0.6842592592592592 0.634375 0.687037037037037 0.6395833333333333 0.6527777777777778 0.6348958333333333 0.6305555555555555 0.6302083333333334 0.637962962962963 0.628125 0.65 0.6286458333333333 0.675
5 0.8458333333333333 0.637962962962963 0.8515625 0.6148148148148148 0.8510416666666667 0.6074074074074074 0.8484375 0.6 0.8453125 0.5981481481481481 0.8416666666666667 0.6111111111111112 0.8416666666666667 0.6342592592592593 0.8458333333333333 0.637962962962963
0 0.4432291666666667 0.7657407407407407 0.44583333333333336 0.7546296296296297 0.4432291666666667 0.75 0.43854166666666666 0.7527777777777778 0.43854166666666666 0.762962962962963 0.4432291666666667 0.7657407407407407
3 0.6302083333333334 0.637962962962963 0.6307291666666667 0.6407407407407407 0.6348958333333333 0.6407407407407407 0.6375 0.6351851851851852 0.6395833333333333 0.6148148148148148 0.6348958333333333 0.6055555555555555 0.6307291666666667 0.6074074074074074 0.6291666666666667 0.6166666666666667 0.6302083333333334 0.637962962962963
5 0.603125 0.6416666666666667 0.6125 0.6425925925925926 0.6119791666666666 0.6101851851851852 0.6072916666666667 0.5990740740740741 0.6036458333333333 0.6138888888888889 0.6046875 0.6305555555555555 0.603125 0.6416666666666667
5 0.41510416666666666 0.6287037037037037 0.41458333333333336 0.6194444444444445 0.41770833333333335 0.6064814814814815 0.4161458333333333 0.5916666666666667 0.4114583333333333 0.5888888888888889 0.4078125 0.5981481481481481 0.4083333333333333 0.6259259259259259 0.41510416666666666 0.6287037037037037
4 0.415625 0.6407407407407407 0.41875 0.6564814814814814 0.41770833333333335 0.6703703703703704 0.4197916666666667 0.6731481481481482 0.4239583333333333 0.6666666666666666 0.4270833333333333 0.6314814814814815 0.425 0.6240740740740741 0.4192708333333333 0.6240740740740741 0.415625 0.6305555555555555 0.415625 0.6407407407407407
3 0.4625 0.5685185185185185 0.4661458333333333 0.5675925925925925 0.46927083333333336 0.5444444444444444 0.4635416666666667 0.5351851851851852 0.45989583333333334 0.5407407407407407 0.46041666666666664 0.5638888888888889 0.4625 0.5685185185185185
5 0.8572916666666667 0.6814814814814815 0.8598958333333333 0.6777777777777778 0.8614583333333333 0.637962962962963 0.85625 0.6305555555555555 0.8526041666666667 0.6407407407407407 0.8526041666666667 0.6805555555555556 0.8572916666666667 0.6814814814814815
4 0.7348958333333333 0.7018518518518518 0.7375 0.725925925925926 0.7401041666666667 0.7296296296296296 0.74375 0.7268518518518519 0.74375 0.7203703703703703 0.746875 0.7148148148148148 0.7536458333333333 0.7157407407407408 0.7552083333333334 0.712037037037037 0.7484375 0.7046296296296296 0.7447916666666666 0.6842592592592592 0.7401041666666667 0.6722222222222223 0.7364583333333333 0.6712962962962963 0.7348958333333333 0.674074074074074 0.7348958333333333 0.7018518518518518
3 0.6630208333333333 0.5712962962962963 0.665625 0.5685185185185185 0.6682291666666667 0.5435185185185185 0.6651041666666667 0.5361111111111111 0.6619791666666667 0.5342592592592592 0.6604166666666667 0.537962962962963 0.659375 0.549074074074074 0.6630208333333333 0.5712962962962963
5 0.3484375 0.6722222222222223 0.3536458333333333 0.6768518518518518 0.35520833333333335 0.674074074074074 0.3536458333333333 0.6555555555555556 0.35572916666666665 0.6388888888888888 0.35 0.6240740740740741 0.34739583333333335 0.625 0.34479166666666666 0.6324074074074074 0.34427083333333336 0.6444444444444445 0.3484375 0.6722222222222223