4 0.4661458333333333 0.6342592592592593 0.4625 0.6259259259259259 0.459375 0.6305555555555555 0.45677083333333335 0.6537037037037037 0.4557291666666667 0.6777777777777778 0.4630208333333333 0.6824074074074075 0.465625 0.6712962962962963 0.4661458333333333 0.6342592592592593
5 0.8364583333333333 0.6731481481481482 0.8385416666666666 0.6537037037037037 0.8369791666666667 0.6462962962962963 0.8338541666666667 0.6435185185185185 0.8307291666666666 0.6527777777777778 0.8291666666666667 0.6935185185185185 0.8338541666666667 0.6972222222222222 0.8385416666666666 0.6925925925925925 0.8364583333333333 0.6731481481481482
4 0.2635416666666667 0.6601851851851852 0.2682291666666667 0.6601851851851852 0.2703125 0.6574074074074074 0.26927083333333335 0.6407407407407407 0.2708333333333333 0.6333333333333333 0.27395833333333336 0.6305555555555555 0.2713541666666667 0.6166666666666667 0.2630208333333333 0.6157407407407407 0.2578125 0.6259259259259259 0.25677083333333334 0.637962962962963 0.2515625 0.6537037037037037 0.26145833333333335 0.6509259259259259 0.2635416666666667 0.6601851851851852
5 0.6223958333333334 0.7509259259259259 0.6213541666666667 0.7361111111111112 0.6239583333333333 0.7175925925925926 0.6208333333333333 0.6925925925925925 0.6161458333333333 0.6935185185185185 0.6109375 0.7194444444444444 0.6130208333333333 0.7351851851851852 0.609375 0.7435185185185185 0.6098958333333333 0.7481481481481481 0.6223958333333334 0.7509259259259259
5 0.3963541666666667 0.625 0.3927083333333333 0.612037037037037 0.3890625 0.6129629629629629 0.38697916666666665 0.6222222222222222 0.3859375 0.6398148148148148 0.3885416666666667 0.6611111111111111 0.39427083333333335 0.6546296296296297 0.3963541666666667 0.625
4 0.728125 0.7157407407407408 0.7322916666666667 0.6944444444444444 0.7317708333333334 0.6787037037037037 0.7291666666666666 0.6685185185185185 0.725 0.662962962962963 0.7197916666666667 0.6731481481481482 0.7192708333333333 0.6962962962962963 0.7213541666666666 0.7166666666666667 0.7244791666666667 0.7212962962962963 0.728125 0.7157407407407408
4 0.3421875 0.625 0.3453125 0.6018518518518519 0.3453125 0.5953703703703703 0.3416666666666667 0.5879629629629629 0.3375 0.5888888888888889 0.33489583333333334 0.5962962962962963 0.33541666666666664 0.6277777777777778 0.3375 0.6333333333333333 0.3421875 0.625
4 0.81875 0.6574074074074074 0.8192708333333333 0.6222222222222222 0.8171875 0.6138888888888889 0.8114583333333333 0.6138888888888889 0.8119791666666667 0.6509259259259259 0.8130208333333333 0.6583333333333333 0.8161458333333333 0.6601851851851852 0.81875 0.6574074074074074
3 0.978125 0.9351851851851852 0.9833333333333333 0.9351851851851852 0.9854166666666667 0.8722222222222222 0.978125 0.8490740740740741 0.9729166666666667 0.8490740740740741 0.9677083333333333 0.8629629629629629 0.965625 0.8842592592592593 0.9640625 0.9268518518518518 0.9666666666666667 0.9324074074074075 0.9776041666666667 0.9296296296296296 0.978125 0.9351851851851852
5 0.18385416666666668 0.6592592592592592 0.18489583333333334 0.637962962962963 0.1875 0.6268518518518519 0.18541666666666667 0.6148148148148148 0.18125 0.6166666666666667 0.17864583333333334 0.6296296296296297 0.1765625 0.6583333333333333 0.17708333333333334 0.6620370370370371 0.18125 0.6638888888888889 0.18385416666666668 0.6592592592592592
5 0.5119791666666667 0.6407407407407407 0.5119791666666667 0.6064814814814815 0.509375 0.5990740740740741 0.5057291666666667 0.5990740740740741 0.5046875 0.6037037037037037 0.5041666666666667 0.637962962962963 0.5052083333333334 0.6416666666666667 0.5098958333333333 0.6435185185185185 0.5119791666666667 0.6407407407407407
4 0.4432291666666667 0.7546296296296297 0.44479166666666664 0.7518518518518519 0.44427083333333334 0.737037037037037 0.44895833333333335 0.7203703703703703 0.4453125 0.6925925925925925 0.44166666666666665 0.6916666666666667 0.4375 0.7037037037037037 0.4354166666666667 0.7379629629629629 0.43125 0.7472222222222222 0.4328125 0.7509259259259259 0.4432291666666667 0.7546296296296297
4 0.26927083333333335 0.7425925925925926 0.2713541666666667 0.7398148148148148 0.27239583333333334 0.6990740740740741 0.2703125 0.6851851851851852 0.2677083333333333 0.6805555555555556 0.26145833333333335 0.6925925925925925 0.2609375 0.7074074074074074 0.2625 0.7194444444444444 0.2604166666666667 0.737037037037037 0.26458333333333334 0.7425925925925926 0.26927083333333335 0.7425925925925926
3 0.36875 0.5462962962962963 0.3640625 0.5435185185185185 0.359375 0.549074074074074 0.3609375 0.575 0.3651041666666667 0.5768518518518518 0.3692708333333333 0.5564814814814815 0.36875 0.5462962962962963
3 0.9145833333333333 0.600925925925926 0.915625 0.5833333333333334 0.9140625 0.5796296296296296 0.9166666666666666 0.575925925925926 0.9166666666666666 0.5685185185185185 0.909375 0.5685185185185185 0.9078125 0.5740740740740741 0.9078125 0.6111111111111112 0.9119791666666667 0.6148148148148148 0.9161458333333333 0.6111111111111112 0.9145833333333333 0.600925925925926
5 0.21458333333333332 0.6111111111111112 0.20989583333333334 0.6018518518518519 0.20729166666666668 0.6027777777777777 0.20572916666666666 0.6092592592592593 0.2046875 0.6462962962962963 0.20885416666666667 0.6472222222222223 0.21302083333333333 0.6324074074074074 0.21458333333333332 0.6111111111111112
4 0.5567708333333333 0.575925925925926 0.5526041666666667 0.5740740740740741 0.5505208333333333 0.5768518518518518 0.5484375 0.5824074074074074 0.5489583333333333 0.6101851851851852 0.5567708333333333 0.612037037037037 0.5567708333333333 0.575925925925926
5 0.3953125 0.6268518518518519 0.3927083333333333 0.6148148148148148 0.3885416666666667 0.6138888888888889 0.3802083333333333 0.6314814814814815 0.3807291666666667 0.6666666666666666 0.384375 0.6722222222222223 0.3927083333333333 0.649074074074074 0.3953125 0.6268518518518519
5 0.25677083333333334 0.6361111111111111 0.25885416666666666 0.5990740740740741 0.25729166666666664 0.5935185185185186 0.25104166666666666 0.5981481481481481 0.24895833333333334 0.612037037037037 0.24947916666666667 0.6342592592592593 0.2520833333333333 0.6472222222222223 0.25677083333333334 0.6361111111111111
4 0.9 0.6694444444444444 0.8927083333333333 0.6564814814814814 0.8895833333333333 0.6574074074074074 0.8875 0.6648148148148149 0.8885416666666667 0.712037037037037 0.8963541666666667 0.7129629629629629 0.8989583333333333 0.7046296296296296 0.9 0.6694444444444444
5 0.23072916666666668 0.6564814814814814 0.23177083333333334 0.6453703703703704 0.228125 0.6148148148148148 0.2234375 0.6166666666666667 0.21979166666666666 0.6231481481481481 0.21875 0.6305555555555555 0.22395833333333334 0.6583333333333333 0.228125 0.6601851851851852 0.23072916666666668 0.6564814814814814
3 0.3802083333333333 0.6907407407407408 0.38385416666666666 0.6694444444444444 0.3854166666666667 0.6361111111111111 0.384375 0.6305555555555555 0.3807291666666667 0.6287037037037037 0.3734375 0.637962962962963 0.37447916666666664 0.6777777777777778 0.3729166666666667 0.6851851851851852 0.3765625 0.6907407407407408 0.3802083333333333 0.6907407407407408
2 0.228125 0.6268518518518519 0.22604166666666667 0.6101851851851852 0.221875 0.5851851851851851 0.21666666666666667 0.5851851851851851 0.21666666666666667 0.6268518518518519 0.21927083333333333 0.6333333333333333 0.22291666666666668 0.6342592592592593 0.228125 0.6268518518518519