5 0.4515625 0.6842592592592592 0.45364583333333336 0.6814814814814815 0.45416666666666666 0.662962962962963 0.45729166666666665 0.6537037037037037 0.45625 0.637962962962963 0.4505208333333333 0.6231481481481481 0.44479166666666664 0.6342592592592593 0.44635416666666666 0.6814814814814815 0.4515625 0.6842592592592592
4 0.3260416666666667 0.7916666666666666 0.325 0.8055555555555556 0.3265625 0.8092592592592592 0.3302083333333333 0.7972222222222223 0.3380208333333333 0.7898148148148149 0.34010416666666665 0.7953703703703704 0.340625 0.812962962962963 0.3458333333333333 0.8138888888888889 0.34375 0.7277777777777777 0.3380208333333333 0.725925925925926 0.3338541666666667 0.7425925925925926 0.3307291666666667 0.7824074074074074 0.3260416666666667 0.7916666666666666
4 0.8244791666666667 0.8092592592592592 0.8260416666666667 0.8187037037037037 0.8260416666666667 0.8379629629629629 0.8296875 0.8555555555555555 0.8338541666666667 0.8574074074074074 0.8364583333333333 0.8527777777777777 0.8380208333333333 0.7935185185185185 0.8333333333333334 0.775 0.8276041666666667 0.7712962962962963 0.8260416666666667 0.7870370370370371 0.8197916666666667 0.7953703703703704 0.8192708333333333 0.8027777777777778 0.8244791666666667 0.8092592592592592
5 0.296875 0.8064814814814815 0.2989583333333333 0.8083333333333333 0.30885416666666665 0.8027777777777778 0.309375 0.8175925925925925 0.3140625 0.8203703703703704 0.3171875 0.8018518518518518 0.3171875 0.7416666666666667 0.3145833333333333 0.737037037037037 0.3104166666666667 0.7407407407407407 0.30520833333333336 0.7787037037037037 0.296875 0.8064814814814815
5 0.12239583333333333 0.7277777777777777 0.12708333333333333 0.7277777777777777 0.1296875 0.7240740740740741 0.12708333333333333 0.712037037037037 0.13020833333333334 0.6925925925925925 0.128125 0.6583333333333333 0.12291666666666666 0.6583333333333333 0.11927083333333334 0.6694444444444444 0.12083333333333333 0.7240740740740741 0.12239583333333333 0.7277777777777777
4 0.7161458333333334 0.6416666666666667 0.7161458333333334 0.6453703703703704 0.7239583333333334 0.6518518518518519 0.7244791666666667 0.6962962962962963 0.7333333333333333 0.6990740740740741 0.7359375 0.6944444444444444 0.7348958333333333 0.6462962962962963 0.7307291666666667 0.6342592592592593 0.725 0.6342592592592593 0.7244791666666667 0.6388888888888888 0.7161458333333334 0.6416666666666667
5 0.4942708333333333 0.762962962962963 0.4984375 0.7620370370370371 0.5020833333333333 0.7268518518518519 0.5015625 0.7018518518518518 0.4984375 0.687037037037037 0.4953125 0.6888888888888889 0.4890625 0.7092592592592593 0.48854166666666665 0.7564814814814815 0.4942708333333333 0.762962962962963
5 0.8963541666666667 0.75 0.9 0.762962962962963 0.9020833333333333 0.7768518518518519 0.9005208333333333 0.7870370370370371 0.9125 0.7916666666666666 0.9130208333333333 0.7861111111111111 0.9088541666666666 0.7675925925925926 0.9125 0.7472222222222222 0.9125 0.7277777777777777 0.9046875 0.7046296296296296 0.9015625 0.7083333333333334 0.8947916666666667 0.7296296296296296 0.8921875 0.7490740740740741 0.8963541666666667 0.75
4 0.39947916666666666 0.6064814814814815 0.39791666666666664 0.6268518518518519 0.40729166666666666 0.6277777777777778 0.4109375 0.5907407407407408 0.40677083333333336 0.5768518518518518 0.40208333333333335 0.575925925925926 0.3921875 0.5916666666666667 0.39166666666666666 0.5953703703703703 0.39947916666666666 0.6064814814814815
5 0.3859375 0.8731481481481481 0.3921875 0.8777777777777778 0.3932291666666667 0.8685185185185185 0.3984375 0.8629629629629629 0.40520833333333334 0.8768518518518519 0.4119791666666667 0.8777777777777778 0.4088541666666667 0.8694444444444445 0.4083333333333333 0.8537037037037037 0.40260416666666665 0.8361111111111111 0.4088541666666667 0.825925925925926 0.4010416666666667 0.812962962962963 0.4015625 0.7935185185185185 0.4 0.7898148148148149 0.39427083333333335 0.7916666666666666 0.39114583333333336 0.8101851851851852 0.39427083333333335 0.8546296296296296 0.3859375 0.8731481481481481
4 0.4817708333333333 0.8453703703703703 0.4744791666666667 0.862037037037037 0.47760416666666666 0.8685185185185185 0.4817708333333333 0.8638888888888889 0.49114583333333334 0.862037037037037 0.490625 0.8574074074074074 0.4953125 0.8453703703703703 0.49322916666666666 0.8342592592592593 0.4984375 0.8101851851851852 0.4984375 0.8 0.49375 0.799074074074074 0.4859375 0.8064814814814815 0.47708333333333336 0.825925925925926 0.47708333333333336 0.8333333333333334 0.4817708333333333 0.8453703703703703
5 0.5072916666666667 0.8629629629629629 0.5098958333333333 0.8722222222222222 0.5135416666666667 0.8768518518518519 0.5182291666666666 0.8768518518518519 0.5177083333333333 0.8685185185185185 0.5265625 0.825925925925926 0.5234375 0.7907407407407407 0.5213541666666667 0.7861111111111111 0.5171875 0.787962962962963 0.5114583333333333 0.8101851851851852 0.5098958333333333 0.825925925925926 0.5119791666666667 0.8462962962962963 0.5072916666666667 0.8629629629629629
3 0.19791666666666666 0.7092592592592593 0.20208333333333334 0.7236111111111111 0.20052083333333334 0.7435185185185185 0.19635416666666666 0.7555555555555555 0.2015625 0.7574074074074074 0.2046875 0.7490740740740741 0.21354166666666666 0.7518518518518519 0.21041666666666667 0.7194444444444444 0.2171875 0.7055555555555556 0.21510416666666668 0.6898148148148148 0.20729166666666668 0.6768518518518518 0.20416666666666666 0.6759259259259259 0.19322916666666667 0.7046296296296296 0.19270833333333334 0.7129629629629629 0.19791666666666666 0.7092592592592593
1 0.8515625 0.6351851851851852 0.8510416666666667 0.65 0.8609375 0.6537037037037037 0.8604166666666667 0.6324074074074074 0.8635416666666667 0.6212962962962963 0.8614583333333333 0.5972222222222222 0.8588541666666667 0.5916666666666667 0.8526041666666667 0.5907407407407408 0.8489583333333334 0.6037037037037037 0.8479166666666667 0.625 0.8515625 0.6351851851851852
0 0.8255208333333334 0.8111111111111111 0.8286458333333333 0.8092592592592592 0.828125 0.7935185185185185 0.8260416666666667 0.7888888888888889 0.8192708333333333 0.7944444444444444 0.8203125 0.8074074074074075 0.8255208333333334 0.8111111111111111
4 0.4875 0.7296296296296296 0.4859375 0.6768518518518518 0.4822916666666667 0.6601851851851852 0.4786458333333333 0.6611111111111111 0.47552083333333334 0.6694444444444444 0.4739583333333333 0.6898148148148148 0.4739583333333333 0.7305555555555555 0.4875 0.7296296296296296