5 0.7380208333333333 0.5703703703703704 0.7458333333333333 0.5722222222222222 0.7432291666666667 0.5388888888888889 0.7401041666666667 0.525 0.7359375 0.5277777777777778 0.7338541666666667 0.5407407407407407 0.734375 0.5518518518518518 0.7302083333333333 0.5722222222222222 0.7322916666666667 0.575 0.7380208333333333 0.5703703703703704
4 0.9125 0.6259259259259259 0.9083333333333333 0.6129629629629629 0.9041666666666667 0.6129629629629629 0.903125 0.6194444444444445 0.9 0.687037037037037 0.9125 0.6851851851851852 0.9135416666666667 0.6796296296296296 0.9125 0.6259259259259259
5 0.6369791666666667 0.5712962962962963 0.6427083333333333 0.575 0.6442708333333333 0.5666666666666667 0.6380208333333334 0.5592592592592592 0.6375 0.5333333333333333 0.6348958333333333 0.5212962962962963 0.6296875 0.5287037037037037 0.6317708333333333 0.5370370370370371 0.6286458333333333 0.5731481481481482 0.6307291666666667 0.575925925925926 0.6369791666666667 0.5712962962962963
4 0.3536458333333333 0.5972222222222222 0.35520833333333335 0.5944444444444444 0.35260416666666666 0.5435185185185185 0.35 0.5370370370370371 0.34479166666666666 0.55 0.34375 0.5787037037037037 0.33958333333333335 0.5916666666666667 0.3453125 0.5907407407407408 0.3536458333333333 0.5972222222222222
5 0.7765625 0.512962962962963 0.7682291666666666 0.5157407407407407 0.7645833333333333 0.5370370370370371 0.7640625 0.5638888888888889 0.7760416666666666 0.5638888888888889 0.7828125 0.5601851851851852 0.7765625 0.512962962962963
4 0.8015625 0.6027777777777777 0.8041666666666667 0.575 0.7984375 0.5546296296296296 0.7947916666666667 0.5546296296296296 0.7932291666666667 0.5592592592592592 0.7947916666666667 0.6222222222222222 0.7994791666666666 0.6259259259259259 0.8020833333333334 0.6222222222222222 0.8015625 0.6027777777777777
4 0.6203125 0.5287037037037037 0.615625 0.5166666666666667 0.6119791666666666 0.5175925925925926 0.6098958333333333 0.5259259259259259 0.6119791666666666 0.5675925925925925 0.615625 0.5712962962962963 0.61875 0.5601851851851852 0.6203125 0.5287037037037037
5 0.7010416666666667 0.5694444444444444 0.7015625 0.562962962962963 0.696875 0.55 0.6984375 0.5416666666666666 0.696875 0.5259259259259259 0.6932291666666667 0.5212962962962963 0.6901041666666666 0.525 0.6869791666666667 0.5685185185185185 0.6890625 0.5712962962962963 0.6932291666666667 0.5675925925925925 0.7010416666666667 0.5694444444444444
4 0.7078125 0.7944444444444444 0.70625 0.7569444444444444 0.7098958333333333 0.7407407407407407 0.7088541666666667 0.7287037037037037 0.7020833333333333 0.7185185185185186 0.7 0.7101851851851851 0.696875 0.7083333333333334 0.6885416666666667 0.7324074074074074 0.6947916666666667 0.7981481481481482 0.696875 0.8009259259259259 0.7041666666666667 0.799074074074074 0.7078125 0.7944444444444444
5 0.6677083333333333 0.549074074074074 0.6625 0.5407407407407407 0.6645833333333333 0.5222222222222223 0.6625 0.5157407407407407 0.6578125 0.5175925925925926 0.6557291666666667 0.5314814814814814 0.65625 0.5481481481481482 0.6541666666666667 0.5564814814814815 0.6666666666666666 0.5564814814814815 0.6677083333333333 0.549074074074074
5 0.2609375 0.5712962962962963 0.26197916666666665 0.5666666666666667 0.25729166666666664 0.5564814814814815 0.2557291666666667 0.5287037037037037 0.2520833333333333 0.5222222222222223 0.2484375 0.525 0.246875 0.5342592592592592 0.25 0.5592592592592592 0.24947916666666667 0.5722222222222222 0.2609375 0.5712962962962963
4 0.7895833333333333 0.7064814814814815 0.7921875 0.6861111111111111 0.7911458333333333 0.6472222222222223 0.7869791666666667 0.6324074074074074 0.7828125 0.6333333333333333 0.778125 0.6462962962962963 0.7760416666666666 0.6546296296296297 0.7807291666666667 0.7046296296296296 0.7828125 0.7074074074074074 0.7895833333333333 0.7064814814814815
3 0.4005208333333333 0.487962962962963 0.39427083333333335 0.49537037037037035 0.3963541666666667 0.5351851851851852 0.4 0.5324074074074074 0.4041666666666667 0.49722222222222223 0.4005208333333333 0.487962962962963
4 0.5213541666666667 0.65 0.5260416666666666 0.637962962962963 0.5213541666666667 0.6046296296296296 0.5171875 0.6064814814814815 0.5140625 0.6222222222222222 0.5135416666666667 0.6694444444444444 0.51875 0.6731481481481482 0.521875 0.6703703703703704 0.5213541666666667 0.65
0 0.45416666666666666 0.6546296296296297 0.4510416666666667 0.6416666666666667 0.44947916666666665 0.6425925925925926 0.446875 0.6601851851851852 0.4510416666666667 0.6796296296296296 0.45364583333333336 0.6731481481481482 0.45416666666666666 0.6546296296296297
3 0.18125 0.5388888888888889 0.184375 0.5287037037037037 0.18385416666666668 0.5185185185185185 0.18697916666666667 0.512962962962963 0.18697916666666667 0.5 0.18385416666666668 0.49722222222222223 0.18125 0.487962962962963 0.17395833333333333 0.4981481481481482 0.17291666666666666 0.5074074074074074 0.16979166666666667 0.5120370370370371 0.16927083333333334 0.5175925925925926 0.17604166666666668 0.524074074074074 0.17760416666666667 0.5351851851851852 0.18125 0.5388888888888889
2 0.1578125 0.575925925925926 0.16197916666666667 0.5657407407407408 0.16197916666666667 0.5555555555555556 0.15677083333333333 0.5416666666666666 0.15052083333333333 0.5101851851851852 0.14635416666666667 0.5083333333333333 0.14375 0.5148148148148148 0.1390625 0.5527777777777778 0.14010416666666667 0.5685185185185185 0.14635416666666667 0.5777777777777777 0.1578125 0.575925925925926
4 0.4161458333333333 0.5990740740740741 0.4234375 0.5990740740740741 0.42604166666666665 0.5953703703703703 0.425 0.5481481481481482 0.4203125 0.537962962962963 0.41822916666666665 0.537962962962963 0.4140625 0.5546296296296296 0.41354166666666664 0.5685185185185185 0.4166666666666667 0.5833333333333334 0.41510416666666666 0.5962962962962963 0.4161458333333333 0.5990740740740741
4 0.6432291666666666 0.6638888888888889 0.6463541666666667 0.6731481481481482 0.65 0.6712962962962963 0.6510416666666666 0.6657407407407407 0.646875 0.6546296296296297 0.6463541666666667 0.6185185185185185 0.64375 0.6055555555555555 0.6385416666666667 0.6064814814814815 0.6380208333333334 0.6240740740740741 0.6333333333333333 0.6342592592592593 0.634375 0.6574074074074074 0.6322916666666667 0.6694444444444444 0.6354166666666666 0.6722222222222223 0.6432291666666666 0.6638888888888889
4 0.44635416666666666 0.5583333333333333 0.4432291666666667 0.5416666666666666 0.43802083333333336 0.5435185185185185 0.43645833333333334 0.5481481481481482 0.4354166666666667 0.6027777777777777 0.4427083333333333 0.6055555555555555 0.446875 0.6 0.44635416666666666 0.5583333333333333
5 0.378125 0.587037037037037 0.3729166666666667 0.5768518518518518 0.3734375 0.549074074074074 0.3697916666666667 0.5388888888888889 0.36614583333333334 0.5407407407407407 0.36666666666666664 0.5935185185185186 0.37135416666666665 0.5953703703703703 0.3776041666666667 0.5916666666666667 0.378125 0.587037037037037