4 0.5723958333333333 0.6425925925925926 0.575 0.6370370370370371 0.5796875 0.6064814814814815 0.5739583333333333 0.5916666666666667 0.5666666666666667 0.6018518518518519 0.5677083333333334 0.6388888888888888 0.5723958333333333 0.6425925925925926
5 0.5104166666666666 0.6185185185185185 0.5114583333333333 0.5907407407407408 0.5098958333333333 0.575925925925926 0.5046875 0.575925925925926 0.5010416666666667 0.5861111111111111 0.5020833333333333 0.6148148148148148 0.5104166666666666 0.6185185185185185
5 0.4666666666666667 0.6851851851851852 0.46458333333333335 0.7083333333333334 0.4791666666666667 0.7083333333333334 0.48072916666666665 0.7046296296296296 0.47552083333333334 0.6935185185185185 0.4744791666666667 0.6796296296296296 0.47760416666666666 0.674074074074074 0.4822916666666667 0.6731481481481482 0.4765625 0.6675925925925926 0.47239583333333335 0.6472222222222223 0.46875 0.649074074074074 0.46458333333333335 0.6694444444444444 0.4640625 0.6777777777777778 0.4666666666666667 0.6851851851851852
4 0.39947916666666666 0.6296296296296297 0.40260416666666665 0.637962962962963 0.4078125 0.6407407407407407 0.41041666666666665 0.637962962962963 0.4109375 0.6212962962962963 0.4078125 0.5907407407407408 0.4041666666666667 0.5898148148148148 0.4005208333333333 0.6037037037037037 0.4015625 0.6185185185185185 0.39947916666666666 0.6296296296296297
5 0.12291666666666666 0.6055555555555555 0.1265625 0.6148148148148148 0.13072916666666667 0.6148148148148148 0.13020833333333334 0.575925925925926 0.128125 0.5722222222222222 0.125 0.5722222222222222 0.12135416666666667 0.5925925925925926 0.11510416666666666 0.6027777777777777 0.11510416666666666 0.6092592592592593 0.12291666666666666 0.6055555555555555
4 0.0703125 0.6796296296296296 0.07604166666666666 0.6907407407407408 0.0796875 0.6916666666666667 0.0828125 0.6888888888888889 0.08697916666666666 0.6518518518518519 0.084375 0.6314814814814815 0.07916666666666666 0.6342592592592593 0.07604166666666666 0.6597222222222222 0.0703125 0.6796296296296296
5 0.28072916666666664 0.625 0.2833333333333333 0.625 0.28802083333333334 0.6166666666666667 0.2916666666666667 0.6268518518518519 0.2947916666666667 0.6287037037037037 0.29739583333333336 0.6259259259259259 0.2947916666666667 0.5842592592592593 0.29270833333333335 0.5768518518518518 0.28854166666666664 0.5796296296296296 0.2859375 0.5907407407407408 0.2864583333333333 0.5981481481481481 0.2791666666666667 0.6185185185185185 0.2786458333333333 0.6231481481481481 0.28072916666666664 0.625
3 0.4317708333333333 0.6342592592592593 0.4354166666666667 0.637962962962963 0.440625 0.6287037037037037 0.44635416666666666 0.637962962962963 0.4510416666666667 0.637962962962963 0.4479166666666667 0.6157407407407407 0.4473958333333333 0.5907407407407408 0.4427083333333333 0.5833333333333334 0.4390625 0.5944444444444444 0.4390625 0.6111111111111112 0.4317708333333333 0.6342592592592593
5 0.3296875 0.6620370370370371 0.3333333333333333 0.6472222222222223 0.33177083333333335 0.6148148148148148 0.3296875 0.6101851851851852 0.3255208333333333 0.6138888888888889 0.321875 0.6407407407407407 0.32083333333333336 0.6638888888888889 0.3296875 0.6620370370370371
4 0.178125 0.6203703703703703 0.18697916666666667 0.6138888888888889 0.18958333333333333 0.6212962962962963 0.19270833333333334 0.6185185185185185 0.18958333333333333 0.5814814814814815 0.18645833333333334 0.5731481481481482 0.18333333333333332 0.575 0.17604166666666668 0.6185185185185185 0.178125 0.6203703703703703
5 0.005208333333333333 0.6240740740740741 0.00625 0.6342592592592593 0.009895833333333333 0.637962962962963 0.011979166666666667 0.6342592592592593 0.013541666666666667 0.6175925925925926 0.013020833333333334 0.5879629629629629 0.010416666666666666 0.5833333333333334 0.0067708333333333336 0.5879629629629629 0 0.6212962962962963 0.005208333333333333 0.6240740740740741
4 0.828125 0.6916666666666667 0.8276041666666667 0.712037037037037 0.8380208333333333 0.7138888888888889 0.8395833333333333 0.6953703703703704 0.8333333333333334 0.6546296296296297 0.8296875 0.6509259259259259 0.825 0.6638888888888889 0.8244791666666667 0.6731481481481482 0.828125 0.6916666666666667
4 0.7677083333333333 0.6175925925925926 0.7713541666666667 0.6175925925925926 0.7786458333333334 0.5925925925925926 0.778125 0.5851851851851851 0.7677083333333333 0.575 0.7630208333333334 0.5833333333333334 0.7645833333333333 0.6129629629629629 0.7677083333333333 0.6175925925925926
4 0.7307291666666667 0.6759259259259259 0.7359375 0.6796296296296296 0.7416666666666667 0.6638888888888889 0.7411458333333333 0.6305555555555555 0.7364583333333333 0.6203703703703703 0.7260416666666667 0.6277777777777778 0.73125 0.6462962962962963 0.7307291666666667 0.6759259259259259
5 0.08541666666666667 0.7518518518518519 0.08541666666666667 0.7592592592592593 0.08854166666666667 0.762962962962963 0.08958333333333333 0.7555555555555555 0.09791666666666667 0.7444444444444445 0.10104166666666667 0.7453703703703703 0.103125 0.7620370370370371 0.10729166666666666 0.762962962962963 0.10885416666666667 0.7592592592592593 0.10364583333333334 0.6935185185185185 0.0953125 0.7074074074074074 0.09375 0.7333333333333333 0.08541666666666667 0.7518518518518519
4 0.14010416666666667 0.7509259259259259 0.14010416666666667 0.7555555555555555 0.1421875 0.7592592592592593 0.1484375 0.7583333333333333 0.15052083333333333 0.7648148148148148 0.1546875 0.7648148148148148 0.15625 0.762962962962963 0.15520833333333334 0.7324074074074074 0.1515625 0.6935185185185185 0.14635416666666667 0.6935185185185185 0.14375 0.7055555555555556 0.14583333333333334 0.7388888888888889 0.14010416666666667 0.7509259259259259
5 0.7223958333333333 0.6296296296296297 0.728125 0.6324074074074074 0.7270833333333333 0.5851851851851851 0.7213541666666666 0.575925925925926 0.7182291666666667 0.5833333333333334 0.7177083333333333 0.5953703703703703 0.7223958333333333 0.6296296296296297
5 0.7276041666666667 0.7472222222222222 0.7322916666666667 0.7583333333333333 0.7354166666666667 0.75 0.7369791666666666 0.7101851851851851 0.7364583333333333 0.700925925925926 0.7322916666666667 0.6907407407407408 0.7322916666666667 0.6824074074074075 0.7260416666666667 0.687962962962963 0.7234375 0.6990740740740741 0.7229166666666667 0.7101851851851851 0.7276041666666667 0.7472222222222222
3 0.09791666666666667 0.5564814814814815 0.09375 0.5666666666666667 0.0953125 0.5712962962962963 0.10885416666666667 0.5675925925925925 0.10729166666666666 0.5435185185185185 0.10364583333333334 0.5342592592592592 0.09166666666666666 0.5435185185185185 0.09739583333333333 0.5481481481481482 0.09791666666666667 0.5564814814814815
4 0.7239583333333334 0.6287037037037037 0.7286458333333333 0.6305555555555555 0.7359375 0.6203703703703703 0.7307291666666667 0.5833333333333334 0.7244791666666667 0.575925925925926 0.7234375 0.5777777777777777 0.7213541666666666 0.5990740740740741 0.7239583333333334 0.6287037037037037
3 0.365625 0.5638888888888889 0.3692708333333333 0.5518518518518518 0.3697916666666667 0.5314814814814814 0.3651041666666667 0.524074074074074 0.36041666666666666 0.5296296296296297 0.36041666666666666 0.5611111111111111 0.365625 0.5638888888888889