5 0.10208333333333333 0.6314814814814815 0.10520833333333333 0.6268518518518519 0.09947916666666666 0.5953703703703703 0.09479166666666666 0.5953703703703703 0.08958333333333333 0.6138888888888889 0.08854166666666667 0.6240740740740741 0.09114583333333333 0.6583333333333333 0.0984375 0.6611111111111111 0.10208333333333333 0.6314814814814815
5 0.6963541666666667 0.6814814814814815 0.6973958333333333 0.6324074074074074 0.6932291666666667 0.6157407407407407 0.6875 0.6185185185185185 0.6895833333333333 0.6728398148148148 0.6869791666666667 0.6851851851851852 0.6932291666666667 0.687962962962963 0.6963541666666667 0.6814814814814815
4 0.3458333333333333 0.6601851851851852 0.3494791666666667 0.6462962962962963 0.35104166666666664 0.6064814814814815 0.3453125 0.5953703703703703 0.3416666666666667 0.5944444444444444 0.3375 0.6111111111111112 0.3359375 0.6287037037037037 0.3411458333333333 0.649074074074074 0.3411458333333333 0.6564814814814814 0.3458333333333333 0.6601851851851852
4 0.6109375 0.6342592592592593 0.6125 0.6203703703703703 0.6098958333333333 0.5833333333333334 0.6036458333333333 0.5712962962962963 0.6 0.575925925925926 0.5973958333333333 0.5981481481481481 0.5994791666666667 0.6111111111111112 0.5989583333333334 0.6342592592592593 0.6109375 0.6342592592592593
5 0.571875 0.7092592592592593 0.5729166666666666 0.6666666666666666 0.5666666666666667 0.6481481481481481 0.5619791666666667 0.65 0.5578125 0.6722222222222223 0.559375 0.6842592592592592 0.5572916666666666 0.7175925925925926 0.5682291666666667 0.7240740740740741 0.571875 0.7092592592592593
4 0.041666666666666664 0.5648148148148148 0.04010416666666667 0.5527777777777778 0.033854166666666664 0.5472222222222223 0.028645833333333332 0.5518518518518518 0.027083333333333334 0.5601851851851852 0.028645833333333332 0.5833333333333334 0.03958333333333333 0.5833333333333334 0.041666666666666664 0.5648148148148148
5 0.19791666666666666 0.5768518518518518 0.196875 0.5601851851851852 0.18958333333333333 0.5518518518518518 0.18645833333333334 0.5574074074074075 0.1875 0.6027777777777777 0.19375 0.6064814814814815 0.19583333333333333 0.6027777777777777 0.19791666666666666 0.5768518518518518
4 0.6963541666666667 0.5824074074074074 0.7005208333333334 0.5444444444444444 0.6932291666666667 0.5342592592592592 0.6895833333333333 0.5351851851851852 0.6859375 0.5435185185185185 0.6854166666666667 0.5527777777777778 0.6895833333333333 0.5842592592592593 0.6932291666666667 0.5888888888888889 0.6963541666666667 0.5824074074074074
5 0.7713541666666667 0.5703703703703704 0.7677083333333333 0.5601851851851852 0.7635416666666667 0.5592592592592592 0.7598958333333333 0.5731481481481482 0.7609375 0.6148148148148148 0.7671875 0.6194444444444445 0.7697916666666667 0.6064814814814815 0.7713541666666667 0.5703703703703704
5 0.5958333333333333 0.5981481481481481 0.5979166666666667 0.5953703703703703 0.5953125 0.5601851851851852 0.5916666666666667 0.5444444444444444 0.5875 0.5527777777777778 0.5833333333333334 0.587037037037037 0.5833333333333334 0.600925925925926 0.5869791666666667 0.5962962962962963 0.5942708333333333 0.5935185185185186 0.5958333333333333 0.5981481481481481
4 0.7619791666666667 0.7083333333333334 0.7677083333333333 0.7101851851851851 0.7703125 0.7055555555555556 0.7791666666666667 0.7083333333333334 0.7807291666666667 0.700925925925926 0.7765625 0.6722222222222223 0.7755208333333333 0.6388888888888888 0.7713541666666667 0.6342592592592593 0.7682291666666666 0.6351851851851852 0.7651041666666667 0.6509259259259259 0.759375 0.6574074074074074 0.7588541666666667 0.6657407407407407 0.7630208333333334 0.6722222222222223 0.7645833333333333 0.6861111111111111 0.7619791666666667 0.7083333333333334
4 0.5515625 0.5879629629629629 0.5604166666666667 0.5925925925925926 0.5583333333333333 0.5675925925925925 0.5609375 0.5601851851851852 0.559375 0.5462962962962963 0.553125 0.5416666666666666 0.55 0.5444444444444444 0.5489583333333333 0.5685185185185185 0.5447916666666667 0.5907407407407408 0.55 0.5916666666666667 0.5515625 0.5879629629629629
3 0.5046875 0.5898148148148148 0.5036458333333333 0.5574074074074075 0.4979166666666667 0.5527777777777778 0.49114583333333334 0.5666666666666667 0.4947916666666667 0.6157407407407407 0.49947916666666664 0.6212962962962963 0.5020833333333333 0.6185185185185185 0.5046875 0.5898148148148148
5 0.39375 0.6351851851851852 0.4005208333333333 0.6342592592592593 0.4010416666666667 0.6222222222222222 0.4046875 0.6083333333333333 0.4010416666666667 0.575925925925926 0.39739583333333334 0.575925925925926 0.3963541666666667 0.5814814814814815 0.3885416666666667 0.5888888888888889 0.38697916666666665 0.5990740740740741 0.39166666666666666 0.6101851851851852 0.39166666666666666 0.6324074074074074 0.39375 0.6351851851851852
4 0.5052083333333334 0.5638888888888889 0.5104166666666666 0.5444444444444444 0.5057291666666667 0.5333333333333333 0.496875 0.5314814814814814 0.4947916666666667 0.5351851851851852 0.4947916666666667 0.5601851851851852 0.5015625 0.5666666666666667 0.5052083333333334 0.5638888888888889
4 0.5359375 0.5666666666666667 0.5338541666666666 0.5481481481481482 0.5354166666666667 0.5324074074074074 0.5328125 0.5148148148148148 0.5291666666666667 0.5157407407407407 0.5255208333333333 0.5277777777777778 0.5265625 0.5675925925925925 0.5291666666666667 0.5712962962962963 0.534375 0.5703703703703704 0.5359375 0.5666666666666667
4 0.8151041666666666 0.6074074074074074 0.8145833333333333 0.5981481481481481 0.8104166666666667 0.5861111111111111 0.80625 0.5851851851851851 0.8046875 0.5888888888888889 0.8026041666666667 0.6175925925925926 0.8005208333333333 0.65 0.8130208333333333 0.6537037037037037 0.815625 0.6287037037037037 0.8151041666666666 0.6074074074074074
4 0.815625 0.6777777777777778 0.8197916666666667 0.6824074074074075 0.8234375 0.6787037037037037 0.8265625 0.6657407407407407 0.8270833333333333 0.6231481481481481 0.8223958333333333 0.6074074074074074 0.8171875 0.6074074074074074 0.8145833333333333 0.6148148148148148 0.8109375 0.6342592592592593 0.8119791666666667 0.6518518518518519 0.8171875 0.6657407407407407 0.815625 0.6777777777777778
5 0.39947916666666666 0.575925925925926 0.3963541666666667 0.5462962962962963 0.39114583333333336 0.5453703703703704 0.3875 0.5564814814814815 0.3880208333333333 0.5953703703703703 0.38958333333333334 0.5962962962962963 0.39427083333333335 0.5907407407407408 0.39947916666666666 0.575925925925926
3 0.017708333333333333 0.5842592592592593 0.0203125 0.5768518518518518 0.020833333333333332 0.562962962962963 0.025 0.5601851851851852 0.022395833333333334 0.5564814814814815 0.025520833333333333 0.5462962962962963 0.024479166666666666 0.5333333333333333 0.0203125 0.5092592592592593 0.0140625 0.5074074074074074 0.008333333333333333 0.512962962962963 0.0067708333333333336 0.549074074074074 0.0125 0.5675925925925925 0.013020833333333334 0.5824074074074074 0.017708333333333333 0.5842592592592593
4 0.7895833333333333 0.6222222222222222 0.7947916666666667 0.5916666666666667 0.7942708333333334 0.5712962962962963 0.7911458333333333 0.562037037037037 0.7869791666666667 0.5583333333333333 0.7807291666666667 0.5768518518518518 0.7802083333333333 0.5944444444444444 0.7833333333333333 0.6175925925925926 0.7859375 0.6222222222222222 0.7895833333333333 0.6222222222222222