2 0.09739583333333333 0.6462962962962963 0.10677083333333333 0.6481481481481481 0.109375 0.6166666666666667 0.11458333333333333 0.6111111111111112 0.11145833333333334 0.6101851851851852 0.1078125 0.5907407407407408 0.103125 0.5916666666666667 0.09895833333333333 0.6101851851851852 0.1 0.6287037037037037 0.09739583333333333 0.6462962962962963
4 0.5677083333333334 0.7342592592592593 0.5723958333333333 0.7342592592592593 0.5765625 0.7388888888888889 0.5796875 0.7324074074074074 0.5734375 0.7083333333333334 0.5703125 0.6777777777777778 0.5645833333333333 0.6657407407407407 0.5625 0.6675925925925926 0.5614583333333333 0.6833333333333333 0.5604166666666667 0.7157407407407408 0.5677083333333334 0.7342592592592593
5 0.5098958333333333 0.6398148148148148 0.5151041666666667 0.6333333333333333 0.5171875 0.6370370370370371 0.5213541666666667 0.6342592592592593 0.5208333333333334 0.6287037037037037 0.5145833333333333 0.6203703703703703 0.5140625 0.6046296296296296 0.5109375 0.5907407407407408 0.5078125 0.5925925925925926 0.50625 0.6111111111111112 0.5067708333333333 0.637962962962963 0.5098958333333333 0.6398148148148148
4 0.9546875 0.9037037037037037 0.9578125 0.8824074074074074 0.9635416666666666 0.8787037037037037 0.9713541666666666 0.899074074074074 0.9703125 0.9083333333333333 0.9744791666666667 0.9083333333333333 0.9770833333333333 0.9037037037037037 0.9692708333333333 0.8694444444444445 0.9677083333333333 0.8324074074074074 0.9645833333333333 0.8166666666666667 0.9583333333333334 0.8148148148148148 0.9453125 0.9037037037037037 0.9546875 0.9037037037037037
4 0.2171875 0.7129629629629629 0.21666666666666667 0.7314814814814815 0.2203125 0.7388888888888889 0.21979166666666666 0.7472222222222222 0.22447916666666667 0.7481481481481481 0.228125 0.7175925925925926 0.23229166666666667 0.7083333333333334 0.23229166666666667 0.6981481481481482 0.225 0.6796296296296296 0.21666666666666667 0.6962962962962963 0.21510416666666668 0.7046296296296296 0.2171875 0.7129629629629629
3 0.3338541666666667 0.5768518518518518 0.33645833333333336 0.5703703703703704 0.3416666666666667 0.575 0.34270833333333334 0.5518518518518518 0.3375 0.5388888888888889 0.3338541666666667 0.5388888888888889 0.3328125 0.5435185185185185 0.33177083333333335 0.5722222222222222 0.3338541666666667 0.5768518518518518
5 0.29791666666666666 0.6101851851851852 0.30833333333333335 0.6074074074074074 0.30885416666666665 0.600925925925926 0.30572916666666666 0.5888888888888889 0.2994791666666667 0.5740740740740741 0.2953125 0.5740740740740741 0.29375 0.5777777777777777 0.29375 0.6037037037037037 0.29791666666666666 0.6101851851851852
3 0.4119791666666667 0.6574074074074074 0.4203125 0.6601851851851852 0.4234375 0.6472222222222223 0.42291666666666666 0.6157407407407407 0.4197916666666667 0.6064814814814815 0.4161458333333333 0.6074074074074074 0.41354166666666664 0.6138888888888889 0.40989583333333335 0.6435185185185185 0.4119791666666667 0.6574074074074074
4 0.5453125 0.6370370370370371 0.546875 0.6462962962962963 0.5442708333333334 0.6777777777777778 0.5494791666666666 0.6768518518518518 0.5536458333333333 0.6648148148148149 0.5645833333333333 0.6694444444444444 0.5619791666666667 0.6583333333333333 0.5557291666666667 0.6537037037037037 0.5541666666666667 0.6296296296296297 0.5484375 0.6203703703703703 0.540625 0.6342592592592593 0.5453125 0.6370370370370371
5 0.3651041666666667 0.662962962962963 0.36770833333333336 0.6712962962962963 0.3645833333333333 0.687037037037037 0.365625 0.6935185185185185 0.36875 0.6916666666666667 0.3734375 0.6759259259259259 0.378125 0.65 0.3729166666666667 0.6333333333333333 0.3645833333333333 0.65 0.3619791666666667 0.6620370370370371 0.3651041666666667 0.662962962962963
4 0.8723958333333334 0.6481481481481481 0.8744791666666667 0.6453703703703704 0.8729166666666667 0.6046296296296296 0.8697916666666666 0.5962962962962963 0.8651041666666667 0.5990740740740741 0.8640625 0.6129629629629629 0.8635416666666667 0.6462962962962963 0.8723958333333334 0.6481481481481481
4 0.3020833333333333 0.6027777777777777 0.3140625 0.6111111111111112 0.3177083333333333 0.6064814814814815 0.31875 0.6 0.3171875 0.5787037037037037 0.3104166666666667 0.5694444444444444 0.30625 0.5740740740740741 0.30885416666666665 0.5962962962962963 0.3020833333333333 0.6027777777777777
4 0.303125 0.5962962962962963 0.30364583333333334 0.5833333333333334 0.3020833333333333 0.5805555555555556 0.30104166666666665 0.5898148148148148 0.303125 0.5962962962962963
5 0.6713541666666667 0.6814814814814815 0.6734375 0.6842592592592592 0.6770833333333334 0.6824074074074075 0.6807291666666667 0.6694444444444444 0.6932291666666667 0.6814814814814815 0.6932291666666667 0.6731481481481482 0.6875 0.6657407407407407 0.6848958333333334 0.6564814814814814 0.68125 0.6296296296296297 0.6776041666666667 0.6259259259259259 0.6755208333333333 0.6305555555555555 0.6755208333333333 0.6583333333333333 0.6713541666666667 0.6814814814814815
4 0.2171875 0.6685185185185185 0.22447916666666667 0.6657407407407407 0.22604166666666667 0.6444444444444445 0.23020833333333332 0.6277777777777778 0.22916666666666666 0.6148148148148148 0.225 0.6055555555555555 0.22291666666666668 0.6064814814814815 0.21927083333333333 0.6194444444444445 0.21614583333333334 0.6407407407407407 0.2171875 0.6685185185185185
5 0.16197916666666667 0.6722222222222223 0.16770833333333332 0.6611111111111111 0.16927083333333334 0.6472222222222223 0.165625 0.6064814814814815 0.16145833333333334 0.6074074074074074 0.15416666666666667 0.6361111111111111 0.15625 0.6703703703703704 0.16197916666666667 0.6722222222222223
5 0.6276041666666666 0.7546296296296297 0.6338541666666667 0.7601851851851852 0.6401041666666667 0.7759259259259259 0.6442708333333333 0.7768518518518519 0.6458333333333334 0.7712962962962963 0.6427083333333333 0.7620370370370371 0.6375 0.7203703703703703 0.6338541666666667 0.7083333333333334 0.6302083333333334 0.7064814814814815 0.6286458333333333 0.7092592592592593 0.6265625 0.7351851851851852 0.6276041666666666 0.7546296296296297
5 0.29739583333333336 0.6537037037037037 0.2953125 0.6342592592592593 0.2989583333333333 0.6268518518518519 0.3 0.6111111111111112 0.2953125 0.6046296296296296 0.28958333333333336 0.6083333333333333 0.2859375 0.6157407407407407 0.2828125 0.6361111111111111 0.2833333333333333 0.6574074074074074 0.29739583333333336 0.6537037037037037
5 0.23958333333333334 0.6425925925925926 0.24791666666666667 0.6296296296296297 0.2515625 0.6425925925925926 0.2557291666666667 0.6416666666666667 0.2515625 0.6074074074074074 0.24791666666666667 0.5972222222222222 0.23958333333333334 0.6166666666666667 0.23802083333333332 0.6370370370370371 0.23958333333333334 0.6425925925925926