5 0.23125 0.6555555555555556 0.23333333333333334 0.6453703703703704 0.23020833333333332 0.6324074074074074 0.22708333333333333 0.6314814814814815 0.22135416666666666 0.6462962962962963 0.221875 0.662962962962963 0.21875 0.6787037037037037 0.23125 0.6814814814814815 0.23125 0.6555555555555556
4 0.6666666666666666 0.7916666666666666 0.6734375 0.7916666666666666 0.6760416666666667 0.7833333333333333 0.6723958333333333 0.7598768518518518 0.671875 0.7361111111111112 0.6666666666666666 0.7185185185185186 0.6630208333333333 0.7212962962962963 0.659375 0.7527777777777778 0.6614583333333334 0.7753083333333333 0.659375 0.7944444444444444 0.6619791666666667 0.7962962962962963 0.6666666666666666 0.7916666666666666
4 0.6234375 0.7296296296296296 0.6307291666666667 0.7222222222222222 0.6276041666666666 0.7046296296296296 0.6302083333333334 0.6925925925925925 0.6291666666666667 0.675 0.6265625 0.6666666666666666 0.6229166666666667 0.6611111111111111 0.6208333333333333 0.6648148148148149 0.6161458333333333 0.6925925925925925 0.6208333333333333 0.7101851851851851 0.61875 0.7277777777777777 0.6234375 0.7296296296296296
4 0.3296875 0.6962962962962963 0.32447916666666665 0.674074074074074 0.3223958333333333 0.65 0.3182291666666667 0.6398148148148148 0.31354166666666666 0.6416666666666667 0.31302083333333336 0.6851851851851852 0.32083333333333336 0.6898148148148148 0.321875 0.6972222222222222 0.3296875 0.6962962962962963
4 0.321875 0.737037037037037 0.31979166666666664 0.7046296296296296 0.3223958333333333 0.6851851851851852 0.3140625 0.6851851851851852 0.3104166666666667 0.6898148148148148 0.30833333333333335 0.7157407407407408 0.30520833333333336 0.725925925925926 0.3072916666666667 0.7398148148148148 0.3046875 0.7518518518518519 0.3182291666666667 0.7537037037037037 0.321875 0.737037037037037
4 0.5473958333333333 0.6861111111111111 0.5442708333333334 0.7129629629629629 0.5494791666666666 0.7129629629629629 0.5510416666666667 0.7055555555555556 0.5567708333333333 0.7083333333333334 0.5609375 0.7166666666666667 0.5614583333333333 0.7046296296296296 0.5572916666666666 0.6925925925925925 0.5578125 0.6685185185185185 0.5546875 0.6555555555555556 0.5515625 0.6527777777777778 0.5479166666666667 0.6648148148148149 0.5421875 0.6694444444444444 0.5463541666666667 0.674074074074074 0.5473958333333333 0.6861111111111111
1 0.7255208333333333 0.6962962962962963 0.7276041666666667 0.6935185185185185 0.7265625 0.6453703703703704 0.721875 0.6305555555555555 0.7182291666666667 0.6324074074074074 0.715625 0.6481481481481481 0.71875 0.6731481481481482 0.7166666666666667 0.6888888888888889 0.7192708333333333 0.6944444444444444 0.7255208333333333 0.6962962962962963
3 0.7911458333333333 0.9305555555555556 0.790625 0.9435185185185185 0.7953125 0.9435185185185185 0.7989583333333333 0.9361111111111111 0.803125 0.9444444444444444 0.8052083333333333 0.9425925925925925 0.8026041666666667 0.9259259259259259 0.8041666666666667 0.8722222222222222 0.7963541666666667 0.8518518518518519 0.79375 0.850925925925926 0.790625 0.8555555555555555 0.7911458333333333 0.8722222222222222 0.7833333333333333 0.9074074074074074 0.7880208333333333 0.9166666666666666 0.7911458333333333 0.9305555555555556
5 0.4588541666666667 0.6342592592592593 0.45416666666666666 0.6231481481481481 0.44895833333333335 0.6351851851851852 0.44895833333333335 0.6657407407407407 0.45364583333333336 0.6685185185185185 0.4588541666666667 0.662962962962963 0.4588541666666667 0.6342592592592593
5 0.3182291666666667 0.7148148148148148 0.3260416666666667 0.6888888888888889 0.3203125 0.6703703703703704 0.3145833333333333 0.6703703703703704 0.31302083333333336 0.6851851851851852 0.3104166666666667 0.6898148148148148 0.3104166666666667 0.7018518518518518 0.3182291666666667 0.7148148148148148
4 0.5994791666666667 0.7231481481481481 0.603125 0.7212962962962963 0.5989583333333334 0.6898148148148148 0.5984375 0.6601851851851852 0.5953125 0.649074074074074 0.5911458333333334 0.65 0.5895833333333333 0.6814814814814815 0.5875 0.6888888888888889 0.5890625 0.7 0.5869791666666667 0.7203703703703703 0.5932291666666667 0.7157407407407408 0.5994791666666667 0.7231481481481481
5 0.5572916666666666 0.6462962962962963 0.5598958333333334 0.6231481481481481 0.5567708333333333 0.6129629629629629 0.5515625 0.6111111111111112 0.5494791666666666 0.6138888888888889 0.5479166666666667 0.6277777777777778 0.5505208333333333 0.65 0.553125 0.6546296296296297 0.5572916666666666 0.6462962962962963
5 0.74375 0.6935185185185185 0.7463541666666667 0.6805555555555556 0.746875 0.6472222222222223 0.7411458333333333 0.6342592592592593 0.7364583333333333 0.6435185185185185 0.7348958333333333 0.6546296296296297 0.7375 0.6768518518518518 0.7401041666666667 0.6916666666666667 0.74375 0.6935185185185185
5 0.665625 0.6583333333333333 0.6619791666666667 0.6481481481481481 0.6583333333333333 0.6481481481481481 0.653125 0.6611111111111111 0.6578125 0.7037037037037037 0.6619791666666667 0.7074074074074074 0.6671875 0.6703703703703704 0.665625 0.6583333333333333
3 0.4557291666666667 0.7277777777777777 0.459375 0.7240740740740741 0.4588541666666667 0.7046296296296296 0.4625 0.6953703703703704 0.4630208333333333 0.6759259259259259 0.4583333333333333 0.6583333333333333 0.4510416666666667 0.6601851851851852 0.44895833333333335 0.6694444444444444 0.4510416666666667 0.6953703703703704 0.44895833333333335 0.725 0.4557291666666667 0.7277777777777777
4 0.33958333333333335 0.7907407407407407 0.3359375 0.7944444444444444 0.3359375 0.7981481481481482 0.34270833333333334 0.8 0.34739583333333335 0.7861111111111111 0.3536458333333333 0.7888888888888889 0.3546875 0.799074074074074 0.359375 0.799074074074074 0.36041666666666666 0.7935185185185185 0.3572916666666667 0.7777777777777778 0.3546875 0.7398148148148148 0.3494791666666667 0.7277777777777777 0.34375 0.7305555555555555 0.3458333333333333 0.7453703703703703 0.34322916666666664 0.7555555555555555 0.34322916666666664 0.7731481481481481 0.33958333333333335 0.7907407407407407
5 0.6916666666666667 0.637962962962963 0.69375 0.6388888888888888 0.6958333333333333 0.6342592592592593 0.69375 0.6240740740740741 0.6947916666666667 0.6055555555555555 0.6901041666666666 0.5888888888888889 0.6848958333333334 0.5879629629629629 0.6854166666666667 0.5972222222222222 0.68125 0.6083333333333333 0.6869791666666667 0.6185185185185185 0.6916666666666667 0.637962962962963
5 0.7088541666666667 0.6685185185185185 0.7119791666666667 0.6722222222222223 0.715625 0.6657407407407407 0.7166666666666667 0.6574074074074074 0.7145833333333333 0.6546296296296297 0.7177083333333333 0.6425925925925926 0.7177083333333333 0.6268518518518519 0.7125 0.6129629629629629 0.7010416666666667 0.6296296296296297 0.7067708333333333 0.6296296296296297 0.7104166666666667 0.6370370370370371 0.7088541666666667 0.6685185185185185
4 0.5317708333333333 0.7546296296296297 0.5302083333333333 0.725925925925926 0.5317708333333333 0.7074074074074074 0.525 0.687962962962963 0.5203125 0.700925925925926 0.5213541666666667 0.7509259259259259 0.5244791666666667 0.7564814814814815 0.5296875 0.7574074074074074 0.5317708333333333 0.7546296296296297