4 0.8390625 0.7833333333333333 0.8447916666666667 0.7870370370370371 0.8526041666666667 0.7787037037037037 0.8494791666666667 0.7703703703703704 0.8510416666666667 0.7462962962962963 0.8458333333333333 0.7240740740740741 0.8416666666666667 0.725 0.8390625 0.7333333333333333 0.8359375 0.7648148148148148 0.8390625 0.7833333333333333
4 0.8489583333333334 0.7175925925925926 0.853125 0.7166666666666667 0.85625 0.6787037037037037 0.8526041666666667 0.6694444444444444 0.8494791666666667 0.6675925925925926 0.84375 0.6805555555555556 0.8442708333333333 0.712037037037037 0.8489583333333334 0.7175925925925926
2 0.146875 0.712037037037037 0.15208333333333332 0.7129629629629629 0.15572916666666667 0.7083333333333334 0.15729166666666666 0.687962962962963 0.16145833333333334 0.6777777777777778 0.165625 0.6787037037037037 0.16666666666666666 0.6722222222222223 0.16614583333333333 0.6694444444444444 0.15729166666666666 0.6685185185185185 0.1546875 0.6583333333333333 0.1453125 0.6685185185185185 0.14375 0.6851851851851852 0.146875 0.712037037037037
5 0.7453125 0.7685185185185185 0.7484375 0.775 0.7515625 0.7694444444444445 0.7510416666666667 0.7462962962962963 0.753125 0.7398148148148148 0.759375 0.7425925925925926 0.759375 0.7324074074074074 0.7552083333333334 0.7361111111111112 0.7510416666666667 0.7324074074074074 0.7484375 0.7185185185185186 0.7442708333333333 0.7203703703703703 0.7401041666666667 0.7314814814814815 0.7354166666666667 0.7703703703703704 0.7453125 0.7685185185185185
5 0.7057291666666666 0.7129629629629629 0.7072916666666667 0.6805555555555556 0.7052083333333333 0.6694444444444444 0.7005208333333334 0.6685185185185185 0.696875 0.6833333333333333 0.696875 0.7101851851851851 0.7057291666666666 0.7129629629629629
3 0.6901041666666666 0.6370370370370371 0.6921875 0.6462962962962963 0.6973958333333333 0.6453703703703704 0.6984375 0.6212962962962963 0.696875 0.6148148148148148 0.6932291666666667 0.6129629629629629 0.6890625 0.6212962962962963 0.6817708333333333 0.6138888888888889 0.6776041666666667 0.6157407407407407 0.678125 0.6388888888888888 0.6901041666666666 0.6370370370370371
5 0.971875 0.7842592592592592 0.971875 0.7638888888888888 0.9765625 0.7481481481481481 0.975 0.7398148148148148 0.9703125 0.7277777777777777 0.9661458333333334 0.7268518518518519 0.9619791666666667 0.7416666666666667 0.9625 0.7787037037037037 0.971875 0.7842592592592592
0 0.1765625 0.7175925925925926 0.1734375 0.7092592592592593 0.17083333333333334 0.7129629629629629 0.16875 0.7240740740740741 0.1765625 0.7175925925925926
5 0.75 0.737037037037037 0.7515625 0.7425925925925926 0.759375 0.7472222222222222 0.7640625 0.7333333333333333 0.7635416666666667 0.6990740740740741 0.7583333333333333 0.6972222222222222 0.7541666666666667 0.7101851851851851 0.7541666666666667 0.7212962962962963 0.75 0.737037037037037
4 0.5244791666666667 0.8101851851851852 0.5333333333333333 0.8148148148148148 0.5348958333333333 0.8138888888888889 0.5328125 0.799074074074074 0.5364583333333334 0.775 0.5354166666666667 0.762962962962963 0.5291666666666667 0.7481481481481481 0.5265625 0.7509259259259259 0.525 0.7620370370370371 0.5234375 0.7824074074074074 0.5244791666666667 0.8101851851851852
5 0.5770833333333333 0.7657407407407407 0.5802083333333333 0.762962962962963 0.5786458333333333 0.7416666666666667 0.5807291666666666 0.7185185185185186 0.5765625 0.7055555555555556 0.5729166666666666 0.7074074074074074 0.5703125 0.7175925925925926 0.5713541666666667 0.7638888888888888 0.5770833333333333 0.7657407407407407
5 0.6098958333333333 0.7435185185185185 0.6135416666666667 0.7407407407407407 0.6104166666666667 0.7240740740740741 0.6114583333333333 0.6935185185185185 0.6088541666666667 0.6851851851851852 0.6052083333333333 0.6842592592592592 0.6015625 0.6888888888888889 0.5953125 0.7296296296296296 0.5958333333333333 0.7398148148148148 0.6098958333333333 0.7435185185185185
5 0.5114583333333333 0.8277777777777777 0.5135416666666667 0.8342592592592593 0.5177083333333333 0.8324074074074074 0.5171875 0.7666666666666667 0.5135416666666667 0.7657407407407407 0.5088541666666667 0.7787037037037037 0.5020833333333333 0.825 0.5020833333333333 0.8305555555555556 0.5114583333333333 0.8277777777777777
4 0.6302083333333334 0.7296296296296296 0.6385416666666667 0.7333333333333333 0.6401041666666667 0.7305555555555555 0.6416666666666667 0.6851851851851852 0.6369791666666667 0.6805555555555556 0.63125 0.6898148148148148 0.628125 0.7240740740740741 0.6302083333333334 0.7296296296296296
4 0.43854166666666666 0.7074074074074074 0.43854166666666666 0.7314814814814815 0.4432291666666667 0.737037037037037 0.4453125 0.7333333333333333 0.44635416666666666 0.7203703703703703 0.4552083333333333 0.7138888888888889 0.45677083333333335 0.7064814814814815 0.4473958333333333 0.6953703703703704 0.4484375 0.6851851851851852 0.446875 0.6796296296296296 0.4421875 0.6796296296296296 0.4354166666666667 0.6935185185185185 0.43854166666666666 0.7074074074074074
3 0.9770833333333333 0.6694444444444444 0.9822916666666667 0.6694444444444444 0.9833333333333333 0.6574074074074074 0.9880208333333333 0.65 0.9864583333333333 0.6222222222222222 0.9802083333333333 0.625 0.978125 0.6222222222222222 0.9744791666666667 0.6361111111111111 0.975 0.6657407407407407 0.9770833333333333 0.6694444444444444