4 0.5385416666666667 0.65 0.5385416666666667 0.6657407407407407 0.5421875 0.6666666666666666 0.5463541666666667 0.6611111111111111 0.5458333333333333 0.6416666666666667 0.5489583333333333 0.6212962962962963 0.546875 0.6 0.5427083333333333 0.5972222222222222 0.5401041666666667 0.6027777777777777 0.5364583333333334 0.6416666666666667 0.5385416666666667 0.65
4 0.6671875 0.7046296296296296 0.6697916666666667 0.7083333333333334 0.6828125 0.700925925925926 0.6864583333333333 0.7046296296296296 0.6875 0.6962962962962963 0.6796875 0.6833333333333333 0.6817708333333333 0.6537037037037037 0.6776041666666667 0.6324074074074074 0.6723958333333333 0.6342592592592593 0.671875 0.6583333333333333 0.6677083333333333 0.6694444444444444 0.6692708333333334 0.6796296296296296 0.6671875 0.7046296296296296
4 0.50625 0.6657407407407407 0.5078125 0.6583333333333333 0.5119791666666667 0.6583333333333333 0.5145833333333333 0.6657407407407407 0.5197916666666667 0.6657407407407407 0.5203125 0.6620370370370371 0.5145833333333333 0.6444444444444445 0.5135416666666667 0.600925925925926 0.5078125 0.6037037037037037 0.5046875 0.6185185185185185 0.5015625 0.6657407407407407 0.50625 0.6657407407407407
4 0.4375 0.6064814814814815 0.44114583333333335 0.6083333333333333 0.44427083333333334 0.6064814814814815 0.45 0.5925925925925926 0.44895833333333335 0.5444444444444444 0.4473958333333333 0.5416666666666666 0.44427083333333334 0.5435185185185185 0.4359375 0.5564814814814815 0.43645833333333334 0.5990740740740741 0.4375 0.6064814814814815
4 0.7822916666666667 0.6296296296296297 0.7786458333333334 0.6555555555555556 0.7744791666666667 0.6666666666666666 0.7817708333333333 0.6666666666666666 0.7854166666666667 0.6527777777777778 0.7901041666666667 0.6546296296296297 0.7921875 0.6685185185185185 0.7958333333333333 0.6694444444444444 0.796875 0.6620370370370371 0.7932291666666667 0.6398148148148148 0.7916666666666666 0.6064814814814815 0.7854166666666667 0.5981481481481481 0.7796875 0.6111111111111112 0.7822916666666667 0.6185185185185185 0.7822916666666667 0.6296296296296297
4 0.6098958333333333 0.5444444444444444 0.6125 0.5648148148148148 0.615625 0.5685185185185185 0.61875 0.5638888888888889 0.6203125 0.5212962962962963 0.6161458333333333 0.5157407407407407 0.6109375 0.5166666666666667 0.609375 0.5203703703703704 0.6098958333333333 0.5444444444444444
4 0.6947916666666667 0.774074074074074 0.6953125 0.7944444444444444 0.7052083333333333 0.7944444444444444 0.7078125 0.7898148148148149 0.7083333333333334 0.7805555555555556 0.7052083333333333 0.7472222222222222 0.70625 0.7203703703703703 0.7010416666666667 0.7064814814814815 0.696875 0.7037037037037037 0.6890625 0.7277777777777777 0.6916666666666667 0.7638888888888888 0.6947916666666667 0.774074074074074
5 0.5682291666666667 0.5583333333333333 0.5677083333333334 0.5685185185185185 0.575 0.5685185185185185 0.5776041666666667 0.5638888888888889 0.5760416666666667 0.5564814814814815 0.5796875 0.5462962962962963 0.5786458333333333 0.5361111111111111 0.5739583333333333 0.5212962962962963 0.5682291666666667 0.5222222222222223 0.5671875 0.5277777777777778 0.565625 0.5444444444444444 0.5682291666666667 0.5583333333333333
5 0.6401041666666667 0.575925925925926 0.6375 0.5361111111111111 0.634375 0.524074074074074 0.6296875 0.5268518518518519 0.6265625 0.562037037037037 0.6265625 0.575925925925926 0.6401041666666667 0.575925925925926
5 0.6744791666666666 0.562037037037037 0.68125 0.562962962962963 0.690625 0.5564814814814815 0.6848958333333334 0.5175925925925926 0.6770833333333334 0.5194444444444445 0.6734375 0.5453703703703704 0.6729166666666667 0.5601851851851852 0.6744791666666666 0.562037037037037
4 0.7989583333333333 0.6212962962962963 0.8020833333333334 0.6148148148148148 0.8046875 0.575 0.7989583333333333 0.5574074074074075 0.7942708333333334 0.5592592592592592 0.7947916666666667 0.6185185185185185 0.7989583333333333 0.6212962962962963
5 0.5145833333333333 0.5393518518518519 0.5130208333333334 0.5574074074074075 0.5151041666666667 0.5722222222222222 0.5171875 0.575 0.5213541666666667 0.5712962962962963 0.5239583333333333 0.5398148148148149 0.521875 0.5203703703703704 0.51875 0.5194444444444445 0.5057291666666667 0.5287037037037037 0.5145833333333333 0.5393518518518519
0 0.4505208333333333 0.662962962962963 0.45260416666666664 0.6620370370370371 0.4546875 0.6546296296296297 0.45364583333333336 0.6481481481481481 0.4510416666666667 0.6416666666666667 0.4473958333333333 0.6472222222222223 0.446875 0.6546296296296297 0.4505208333333333 0.662962962962963
4 0.446875 0.5842592592592593 0.45208333333333334 0.5611111111111111 0.4505208333333333 0.5351851851851852 0.44635416666666666 0.5324074074074074 0.4432291666666667 0.5398148148148149 0.4432291666666667 0.5722222222222222 0.446875 0.5842592592592593
4 0.45364583333333336 0.6 0.45416666666666666 0.6027777777777777 0.4635416666666667 0.6046296296296296 0.465625 0.6027777777777777 0.465625 0.5555555555555556 0.46197916666666666 0.5435185185185185 0.45729166666666665 0.5435185185185185 0.45364583333333336 0.5564814814814815 0.45364583333333336 0.6
2 0.12708333333333333 0.5703703703703704 0.12916666666666668 0.5675925925925925 0.13072916666666667 0.512962962962963 0.1265625 0.5120370370370371 0.11979166666666667 0.5277777777777778 0.12239583333333333 0.5657407407407408 0.12708333333333333 0.5703703703703704
3 0.1421875 0.5601851851851852 0.15052083333333333 0.562962962962963 0.15364583333333334 0.5564814814814815 0.15364583333333334 0.5277777777777778 0.15 0.5074074074074074 0.14427083333333332 0.5092592592592593 0.14114583333333333 0.524074074074074 0.13958333333333334 0.5518518518518518 0.1421875 0.5601851851851852
3 0.17239583333333333 0.5305555555555556 0.1765625 0.5342592592592592 0.18072916666666666 0.5324074074074074 0.18072916666666666 0.49722222222222223 0.17760416666666667 0.4861111111111111 0.17291666666666666 0.4842592592592593 0.16927083333333334 0.49537037037037035 0.16927083333333334 0.5120370370370371 0.17239583333333333 0.5305555555555556
5 0.253125 0.5688268518518518 0.25364583333333335 0.5833333333333334 0.2598958333333333 0.5851851851851851 0.2598958333333333 0.5657407407407408 0.26875 0.5481481481481482 0.26197916666666665 0.5407407407407407 0.259375 0.5259259259259259 0.2557291666666667 0.5268518518518519 0.25 0.5416666666666666 0.24895833333333334 0.5527777777777778 0.253125 0.5688268518518518