4 0.3145833333333333 0.6259259259259259 0.3171875 0.6231481481481481 0.31927083333333334 0.5898148148148148 0.32447916666666665 0.5833333333333334 0.31354166666666666 0.575 0.3067708333333333 0.5879629629629629 0.3104166666666667 0.6231481481481481 0.3145833333333333 0.6259259259259259
4 0.7984375 0.6537037037037037 0.803125 0.6537037037037037 0.8078125 0.6268518518518519 0.8078125 0.6083333333333333 0.8026041666666667 0.5981481481481481 0.7984375 0.5972222222222222 0.7947916666666667 0.6101851851851852 0.796875 0.65 0.7984375 0.6537037037037037
4 0.7671875 0.7101851851851851 0.7713541666666667 0.7129629629629629 0.7755208333333333 0.7083333333333334 0.7786458333333334 0.6833333333333333 0.7786458333333334 0.6620370370370371 0.7729166666666667 0.6462962962962963 0.7703125 0.6462962962962963 0.7645833333333333 0.6583333333333333 0.765625 0.7046296296296296 0.7671875 0.7101851851851851
5 0.24375 0.7148148148148148 0.2578125 0.712037037037037 0.25364583333333335 0.6916666666666667 0.2526041666666667 0.6537037037037037 0.24739583333333334 0.6555555555555556 0.2421875 0.687962962962963 0.240625 0.712037037037037 0.24375 0.7148148148148148
4 0.5364583333333334 0.5824074074074074 0.540625 0.5564814814814815 0.5390625 0.5462962962962963 0.534375 0.5416666666666666 0.5286458333333334 0.5462962962962963 0.5322916666666667 0.5796296296296296 0.5364583333333334 0.5824074074074074
5 0.2838541666666667 0.625 0.2864583333333333 0.6222222222222222 0.2875 0.600925925925926 0.2875 0.5898148148148148 0.2838541666666667 0.5768518518518518 0.28072916666666664 0.5787037037037037 0.2791666666666667 0.5935185185185186 0.2786458333333333 0.6222222222222222 0.2838541666666667 0.625
4 0.4515625 0.6138888888888889 0.4557291666666667 0.6074074074074074 0.45677083333333335 0.5796296296296296 0.45260416666666664 0.5675925925925925 0.446875 0.5703703703703704 0.44635416666666666 0.6101851851851852 0.4515625 0.6138888888888889
4 0.6578125 0.5787037037037037 0.6619791666666667 0.5805555555555556 0.6651041666666667 0.5537037037037037 0.6677083333333333 0.5518518518518518 0.6677083333333333 0.5481481481481482 0.6619791666666667 0.5388888888888889 0.6578125 0.5388888888888889 0.65625 0.5425925925925926 0.6546875 0.5564814814814815 0.6578125 0.5787037037037037
4 0.6005208333333333 0.6268518518518519 0.603125 0.6277777777777778 0.6067708333333334 0.6388888888888888 0.6067708333333334 0.65 0.6109375 0.6537037037037037 0.6161458333333333 0.6222222222222222 0.6151041666666667 0.6083333333333333 0.6109375 0.5990740740740741 0.6072916666666667 0.5972222222222222 0.6036458333333333 0.5990740740740741 0.6020833333333333 0.6064814814814815 0.6036458333333333 0.6194444444444445 0.6005208333333333 0.6268518518518519
4 0.5015625 0.687962962962963 0.5052083333333334 0.7027777777777777 0.5057291666666667 0.725 0.5109375 0.7287037037037037 0.5171875 0.6944444444444444 0.515625 0.6768518518518518 0.509375 0.662962962962963 0.4973958333333333 0.6657407407407407 0.4979166666666667 0.6833333333333333 0.5015625 0.687962962962963
4 0.7635416666666667 0.5944444444444444 0.7677083333333333 0.5925925925925926 0.7708333333333334 0.5731481481481482 0.7697916666666667 0.562037037037037 0.7640625 0.5537037037037037 0.7598958333333333 0.5601851851851852 0.7614583333333333 0.5898148148148148 0.7635416666666667 0.5944444444444444
3 0.5057291666666667 0.6305555555555555 0.5015625 0.5796296296296296 0.496875 0.5777777777777777 0.49375 0.5916666666666667 0.49375 0.6305555555555555 0.5057291666666667 0.6305555555555555
5 0.49947916666666664 0.6814814814814815 0.5036458333333333 0.6722222222222223 0.5104166666666666 0.6666666666666666 0.5052083333333334 0.6481481481481481 0.5 0.6462962962962963 0.49375 0.6518518518518519 0.49583333333333335 0.6814814814814815 0.49947916666666664 0.6814814814814815
5 0.7057291666666666 0.5537037037037037 0.7083333333333334 0.5675925925925925 0.7072916666666667 0.5787037037037037 0.7135416666666666 0.5796296296296296 0.715625 0.575925925925926 0.7151041666666667 0.5444444444444444 0.7130208333333333 0.5370370370370371 0.7057291666666666 0.5388888888888889 0.7015625 0.55 0.7057291666666666 0.5537037037037037
5 0.4739583333333333 0.6203703703703703 0.4822916666666667 0.6194444444444445 0.4796875 0.575925925925926 0.471875 0.575 0.46927083333333336 0.5833333333333334 0.47239583333333335 0.6175925925925926 0.4739583333333333 0.6203703703703703
5 0.5932291666666667 0.5953703703703703 0.6020833333333333 0.6074074074074074 0.6114583333333333 0.6046296296296296 0.6109375 0.5916666666666667 0.6067708333333334 0.5805555555555556 0.603125 0.5805555555555556 0.6005208333333333 0.5898148148148148 0.5932291666666667 0.5953703703703703
5 0.23020833333333332 0.6694444444444444 0.23125 0.6231481481481481 0.228125 0.6138888888888889 0.2234375 0.625 0.22291666666666668 0.65 0.21979166666666666 0.6574074074074074 0.2203125 0.6685185185185185 0.23020833333333332 0.6694444444444444
3 0.240625 0.5657407407407408 0.2390625 0.5722222222222222 0.24427083333333333 0.5777777777777777 0.24635416666666668 0.5740740740740741 0.24635416666666668 0.5481481481481482 0.24375 0.5416666666666666 0.23958333333333334 0.5462962962962963 0.23854166666666668 0.5601851851851852 0.240625 0.5657407407407408
0 0.5723958333333333 0.575925925925926 0.575 0.575 0.5760416666666667 0.5666666666666667 0.571875 0.5648148148148148 0.5697916666666667 0.5712962962962963 0.5723958333333333 0.575925925925926
4 0.5817708333333333 0.6425925925925926 0.5838541666666667 0.6481481481481481 0.5875 0.6481481481481481 0.5901041666666667 0.6398148148148148 0.5927083333333333 0.6064814814814815 0.5880208333333333 0.5935185185185186 0.58125 0.6037037037037037 0.5828125 0.612037037037037 0.5817708333333333 0.6425925925925926
0 0.5916666666666667 0.6444444444444445 0.5958333333333333 0.6435185185185185 0.5994791666666667 0.6222222222222222 0.5994791666666667 0.6 0.5953125 0.5925925925925926 0.5916666666666667 0.5953703703703703 0.5901041666666667 0.6027777777777777 0.5895833333333333 0.6388888888888888 0.5916666666666667 0.6444444444444445