4 0.353125 0.6166666666666667 0.35833333333333334 0.6175925925925926 0.36041666666666666 0.6148148148148148 0.3614583333333333 0.5953703703703703 0.3609375 0.575925925925926 0.35885416666666664 0.5703703703703704 0.3546875 0.5731481481481482 0.35208333333333336 0.5879629629629629 0.3515625 0.6129629629629629 0.353125 0.6166666666666667
4 0.128125 0.662962962962963 0.12760416666666666 0.6370370370370371 0.12916666666666668 0.6305555555555555 0.1265625 0.6148148148148148 0.1234375 0.6092592592592593 0.11666666666666667 0.6138888888888889 0.11822916666666666 0.6611111111111111 0.128125 0.662962962962963
4 0.59375 0.6768518518518518 0.5979166666666667 0.6805555555555556 0.6010416666666667 0.6777777777777778 0.5984375 0.6342592592592593 0.5953125 0.6231481481481481 0.5916666666666667 0.625 0.5895833333333333 0.6314814814814815 0.5859375 0.6574074074074074 0.5854166666666667 0.6814814814814815 0.59375 0.6768518518518518
4 0.44895833333333335 0.5962962962962963 0.4510416666666667 0.6 0.46145833333333336 0.6018518518518519 0.4640625 0.5907407407407408 0.4635416666666667 0.5675925925925925 0.4588541666666667 0.5592592592592592 0.4552083333333333 0.5685185185185185 0.45416666666666666 0.5842592592592593 0.44895833333333335 0.5962962962962963
4 0.7260416666666667 0.6324074074074074 0.73125 0.6351851851851852 0.7333333333333333 0.6416666666666667 0.7364583333333333 0.6435185185185185 0.7453125 0.6129629629629629 0.7416666666666667 0.5925925925925926 0.7333333333333333 0.5916666666666667 0.7317708333333334 0.6175925925925926 0.7260416666666667 0.6324074074074074
4 0.49322916666666666 0.6231481481481481 0.4901041666666667 0.6268518518518519 0.4901041666666667 0.6342592592592593 0.49375 0.637962962962963 0.4953125 0.6342592592592593 0.5052083333333334 0.637962962962963 0.503125 0.625 0.5026041666666666 0.5916666666666667 0.4979166666666667 0.5916666666666667 0.4947916666666667 0.6037037037037037 0.4947916666666667 0.6143518518518518 0.49322916666666666 0.6231481481481481
5 0.48541666666666666 0.6851851851851852 0.4979166666666667 0.6833333333333333 0.4984375 0.6648148148148149 0.49583333333333335 0.649074074074074 0.5015625 0.637962962962963 0.4921875 0.6305555555555555 0.48802083333333335 0.6388888888888888 0.48333333333333334 0.6814814814814815 0.48541666666666666 0.6851851851851852
5 0.8453125 0.6712962962962963 0.8510416666666667 0.662962962962963 0.8541666666666666 0.6694444444444444 0.8583333333333333 0.6694444444444444 0.8567708333333334 0.6453703703703704 0.8583333333333333 0.6305555555555555 0.8552083333333333 0.6212962962962963 0.8520833333333333 0.6212962962962963 0.8494791666666667 0.6268518518518519 0.8442708333333333 0.6574074074074074 0.8432291666666667 0.6657407407407407 0.8453125 0.6712962962962963
5 0.6463541666666667 0.6388888888888888 0.6510416666666666 0.6435185185185185 0.6583333333333333 0.6148148148148148 0.6572916666666667 0.5944444444444444 0.6541666666666667 0.5916666666666667 0.6484375 0.6064814814814815 0.6494791666666667 0.6305555555555555 0.6463541666666667 0.6388888888888888
4 0.20052083333333334 0.7166666666666667 0.21666666666666667 0.7166666666666667 0.21614583333333334 0.6851851851851852 0.2125 0.6546296296296297 0.20677083333333332 0.6564814814814814 0.20416666666666666 0.6666666666666666 0.20364583333333333 0.7 0.20052083333333334 0.7166666666666667
4 0.8723958333333334 0.6712962962962963 0.8833333333333333 0.6694444444444444 0.8817708333333333 0.6305555555555555 0.8791666666666667 0.6185185185185185 0.8760416666666667 0.6111111111111112 0.8729166666666667 0.6111111111111112 0.8692708333333333 0.6222222222222222 0.8708333333333333 0.6685185185185185 0.8723958333333334 0.6712962962962963
3 0.5239583333333333 0.6148148148148148 0.5203125 0.6333333333333333 0.5375 0.6370370370370371 0.5390625 0.6342592592592593 0.5354166666666667 0.6111111111111112 0.5364583333333334 0.5990740740740741 0.5348958333333333 0.5916666666666667 0.5302083333333333 0.5842592592592593 0.5255208333333333 0.5842592592592593 0.5203125 0.6027777777777777 0.5197916666666667 0.6101851851851852 0.5239583333333333 0.6148148148148148
5 0.20572916666666666 0.6583333333333333 0.21041666666666667 0.6583333333333333 0.21458333333333332 0.65 0.2125 0.6148148148148148 0.2078125 0.6101851851851852 0.203125 0.6203703703703703 0.20416666666666666 0.6546296296296297 0.20572916666666666 0.6583333333333333
5 0.7619791666666667 0.6472222222222223 0.7635416666666667 0.65 0.7697916666666667 0.6453703703703704 0.775 0.6472222222222223 0.7791666666666667 0.6185185185185185 0.7786458333333334 0.6055555555555555 0.775 0.5925925925925926 0.7692708333333333 0.5944444444444444 0.7625 0.6138888888888889 0.7671875 0.6240740740740741 0.7619791666666667 0.6472222222222223
4 0.59375 0.7509259259259259 0.5947916666666667 0.7796296296296297 0.6026041666666667 0.7814814814814814 0.6046875 0.7787037037037037 0.6072916666666667 0.7240740740740741 0.5994791666666667 0.7046296296296296 0.5958333333333333 0.7055555555555556 0.5911458333333334 0.7185185185185186 0.590625 0.7324074074074074 0.59375 0.7509259259259259
5 0.7145833333333333 0.5981481481481481 0.7197916666666667 0.6 0.7223958333333333 0.5712962962962963 0.7171875 0.5592592592592592 0.7145833333333333 0.5611111111111111 0.7125 0.5694444444444444 0.7114583333333333 0.575925925925926 0.7145833333333333 0.5981481481481481
5 0.5359375 0.5953703703703703 0.5328125 0.5648148148148148 0.5286458333333334 0.562037037037037 0.5265625 0.5685185185185185 0.5255208333333333 0.5898148148148148 0.5359375 0.5953703703703703
5 0.7755208333333333 0.6092592592592593 0.7760416666666666 0.5861111111111111 0.7729166666666667 0.5703703703703704 0.7713541666666667 0.5675925925925925 0.76875 0.5694444444444444 0.7645833333333333 0.5824074074074074 0.7630208333333334 0.612037037037037 0.7755208333333333 0.6092592592592593
5 0.45989583333333334 0.5851851851851851 0.4588541666666667 0.5962962962962963 0.4630208333333333 0.6018518518518519 0.46822916666666664 0.5768518518518518 0.46822916666666664 0.5601851851851852 0.46197916666666666 0.5574074074074075 0.459375 0.562037037037037 0.4578125 0.5703703703703704 0.45989583333333334 0.5851851851851851
4 0.7135416666666666 0.6 0.7192708333333333 0.5990740740740741 0.71875 0.5777777777777777 0.7203125 0.5740740740740741 0.7166666666666667 0.5574074074074075 0.7114583333333333 0.5611111111111111 0.7088541666666667 0.5694444444444444 0.7072916666666667 0.5944444444444444 0.7135416666666666 0.6
2 0.9630208333333333 0.5796296296296296 0.959375 0.6027777777777777 0.9625 0.6222222222222222 0.9666666666666667 0.6231481481481481 0.9677083333333333 0.6185185185185185 0.9776041666666667 0.6222222222222222 0.971875 0.5805555555555556 0.9635416666666666 0.575 0.9588541666666667 0.575925925925926 0.9630208333333333 0.5796296296296296
0 0.7322916666666667 0.6037037037037037 0.7338541666666667 0.6064814814814815 0.740625 0.6027777777777777 0.7401041666666667 0.5907407407407408 0.7364583333333333 0.5879629629629629 0.7328125 0.5907407407407408 0.7338541666666667 0.5981481481481481 0.7322916666666667 0.6037037037037037