4 0.8729166666666667 0.6175925925925926 0.8760416666666667 0.6157407407407407 0.8791666666666667 0.6037037037037037 0.8802083333333334 0.5861111111111111 0.878125 0.575925925925926 0.875 0.5712962962962963 0.8713541666666667 0.5712962962962963 0.8677083333333333 0.5861111111111111 0.8713541666666667 0.6138888888888889 0.8729166666666667 0.6175925925925926
5 0.6619791666666667 0.6111111111111112 0.6666666666666666 0.6129629629629629 0.66875 0.6101851851851852 0.6666666666666666 0.575 0.6625 0.5657407407407408 0.6567708333333333 0.5712962962962963 0.6567708333333333 0.5898148148148148 0.6619791666666667 0.6111111111111112
3 0.4234375 0.637962962962963 0.4234375 0.6444444444444445 0.4296875 0.6425925925925926 0.4359375 0.6472222222222223 0.43802083333333336 0.6092592592592593 0.4348958333333333 0.5898148148148148 0.43072916666666666 0.5916666666666667 0.4276041666666667 0.6055555555555555 0.42864583333333334 0.6296296296296297 0.4234375 0.637962962962963
4 0.39739583333333334 0.674074074074074 0.4 0.6694444444444444 0.40208333333333335 0.6472222222222223 0.4010416666666667 0.6222222222222222 0.3984375 0.6148148148148148 0.3958333333333333 0.6138888888888889 0.390625 0.6268518518518519 0.390625 0.6703703703703704 0.39739583333333334 0.674074074074074
4 0.3875 0.762962962962963 0.3921875 0.7685185185185185 0.4 0.7694444444444445 0.4 0.700925925925926 0.39739583333333334 0.6935185185185185 0.3932291666666667 0.6972222222222222 0.390625 0.7101851851851851 0.39010416666666664 0.7490740740740741 0.3875 0.762962962962963
4 0.13958333333333334 0.7509259259259259 0.14322916666666666 0.7472222222222222 0.14791666666666667 0.7083333333333334 0.14114583333333333 0.6805555555555556 0.13645833333333332 0.6805555555555556 0.13229166666666667 0.6925925925925925 0.13385416666666666 0.7481481481481481 0.13958333333333334 0.7509259259259259
5 0.61875 0.6462962962962963 0.6270833333333333 0.6425925925925926 0.6244791666666667 0.6268518518518519 0.6255208333333333 0.6111111111111112 0.6223958333333334 0.5962962962962963 0.61875 0.5935185185185186 0.6130208333333333 0.6101851851851852 0.6166666666666667 0.6425925925925926 0.61875 0.6462962962962963
5 0.496875 0.6759259259259259 0.49270833333333336 0.6898148148148148 0.49375 0.6935185185185185 0.503125 0.6944444444444444 0.5046875 0.6925925925925925 0.503125 0.6731481481481482 0.5057291666666667 0.6611111111111111 0.503125 0.6546296296296297 0.5020833333333333 0.6388888888888888 0.4979166666666667 0.637962962962963 0.4921875 0.65 0.49114583333333334 0.6555555555555556 0.496875 0.6759259259259259
5 0.35625 0.6537037037037037 0.3723958333333333 0.6537037037037037 0.3692708333333333 0.6342592592592593 0.37135416666666665 0.6259259259259259 0.36822916666666666 0.6185185185185185 0.36770833333333336 0.6074074074074074 0.3645833333333333 0.6037037037037037 0.359375 0.6148148148148148 0.36041666666666666 0.6388888888888888 0.35625 0.6537037037037037
4 0.8375 0.7101851851851851 0.8380208333333333 0.7175925925925926 0.8359375 0.7324074074074074 0.8369791666666667 0.7361111111111112 0.8421875 0.7361111111111112 0.8458333333333333 0.7296296296296296 0.8453125 0.7111111111111111 0.8484375 0.6833333333333333 0.8416666666666667 0.6648148148148149 0.8380208333333333 0.6685185185185185 0.8338541666666667 0.6814814814814815 0.8322916666666667 0.700925925925926 0.8375 0.7101851851851851
4 0.2328125 0.6657407407407407 0.2359375 0.6694444444444444 0.2390625 0.6638888888888889 0.24791666666666667 0.6703703703703704 0.25052083333333336 0.6648148148148149 0.25052083333333336 0.6583333333333333 0.24635416666666668 0.6416666666666667 0.24791666666666667 0.6342592592592593 0.24375 0.6083333333333333 0.23958333333333334 0.6111111111111112 0.23385416666666667 0.637962962962963 0.2359375 0.6453703703703704 0.2328125 0.6657407407407407
5 0.2140625 0.6842592592592592 0.22552083333333334 0.6888888888888889 0.22708333333333333 0.6851851851851852 0.22604166666666667 0.6314814814814815 0.22239583333333332 0.6305555555555555 0.21822916666666667 0.6416666666666667 0.21770833333333334 0.6685185185185185 0.2140625 0.6842592592592592
5 0.3411458333333333 0.6203703703703703 0.3453125 0.6203703703703703 0.3458333333333333 0.6037037037037037 0.34270833333333334 0.5712962962962963 0.3390625 0.5740740740740741 0.3375 0.5833333333333334 0.3385416666666667 0.6157407407407407 0.3411458333333333 0.6203703703703703
5 0.253125 0.6583333333333333 0.26614583333333336 0.662962962962963 0.2677083333333333 0.6601851851851852 0.2609375 0.6064814814814815 0.25729166666666664 0.6083333333333333 0.2557291666666667 0.6194444444444445 0.2552083333333333 0.649074074074074 0.253125 0.6583333333333333
4 0.6046875 0.6222222222222222 0.6088541666666667 0.6231481481481481 0.6140625 0.612037037037037 0.6109375 0.5845675925925926 0.6119791666666666 0.575925925925926 0.6057291666666667 0.5712962962962963 0.6010416666666667 0.575 0.6 0.5796296296296296 0.603125 0.6175925925925926 0.6046875 0.6222222222222222
5 0.4796875 0.6018518518518519 0.48125 0.5990740740740741 0.48072916666666665 0.5592592592592592 0.478125 0.5555555555555556 0.47604166666666664 0.5574074074074075 0.47239583333333335 0.5694444444444444 0.47239583333333335 0.5990740740740741 0.4796875 0.6018518518518519
5 0.4578125 0.5787037037037037 0.459375 0.5796296296296296 0.46458333333333335 0.575 0.4661458333333333 0.549074074074074 0.4625 0.5472222222222223 0.4583333333333333 0.5555555555555556 0.45677083333333335 0.5638888888888889 0.4578125 0.5787037037037037
5 0.5989583333333334 0.5768518518518518 0.6015625 0.575925925925926 0.6020833333333333 0.5601851851851852 0.6 0.5546296296296296 0.59375 0.5601851851851852 0.5942708333333333 0.5703703703703704 0.5989583333333334 0.5768518518518518
4 0.6010416666666667 0.5768518518518518 0.609375 0.575925925925926 0.6072916666666667 0.55 0.603125 0.5435185185185185 0.5984375 0.5472222222222223 0.5958333333333333 0.5675925925925925 0.6010416666666667 0.5768518518518518
3 0.7140625 0.5648148148148148 0.7192708333333333 0.5703703703703704 0.7239583333333334 0.5703703703703704 0.7234375 0.5574074074074075 0.7255208333333333 0.5472222222222223 0.7286458333333333 0.5453703703703704 0.7276041666666667 0.5333333333333333 0.7166666666666667 0.5259259259259259 0.7145833333333333 0.5296296296296297 0.7130208333333333 0.5444444444444444 0.7140625 0.5648148148148148
3 0.36666666666666664 0.5472222222222223 0.36875 0.562962962962963 0.3802083333333333 0.5611111111111111 0.37552083333333336 0.5287037037037037 0.36822916666666666 0.5277777777777778 0.3640625 0.5351851851851852 0.3640625 0.5444444444444444 0.36666666666666664 0.5472222222222223
4 0.4239583333333333 0.5805555555555556 0.4276041666666667 0.5814814814814815 0.4296875 0.5796296296296296 0.43385416666666665 0.5444444444444444 0.4296875 0.5388888888888889 0.42291666666666666 0.5444444444444444 0.42291666666666666 0.575925925925926 0.4239583333333333 0.5805555555555556
4 0.4671875 0.6203703703703703 0.46822916666666664 0.5981481481481481 0.46510416666666665 0.575925925925926 0.4609375 0.5731481481481482 0.45729166666666665 0.5787037037037037 0.4578125 0.6185185185185185 0.4671875 0.6203703703703703