3 0.675 0.5972222222222222 0.678125 0.5935185185185186 0.678125 0.549074074074074 0.6744791666666666 0.5361111111111111 0.6708333333333333 0.5370370370370371 0.6697916666666667 0.5407407407407407 0.6697916666666667 0.5953703703703703 0.675 0.5972222222222222
4 0.8036458333333333 0.6574074074074074 0.8088541666666667 0.6601851851851852 0.8140625 0.6259259259259259 0.8125 0.5990740740740741 0.8104166666666667 0.5953703703703703 0.8067708333333333 0.5972222222222222 0.8041666666666667 0.6037037037037037 0.8020833333333334 0.6222222222222222 0.8010416666666667 0.65 0.8036458333333333 0.6574074074074074
5 0.859375 0.6212962962962963 0.8572916666666667 0.6425925925925926 0.859375 0.6462962962962963 0.8645833333333334 0.6462962962962963 0.8708333333333333 0.6138888888888889 0.8713541666666667 0.600925925925926 0.8692708333333333 0.5916666666666667 0.8645833333333334 0.5842592592592593 0.8614583333333333 0.5879629629629629 0.8572916666666667 0.6037037037037037 0.8567708333333334 0.6138888888888889 0.859375 0.6212962962962963
5 0.5604166666666667 0.5564814814814815 0.5614583333333333 0.5166666666666667 0.5557291666666667 0.5092592592592593 0.5505208333333333 0.524074074074074 0.5520833333333334 0.5546296296296296 0.5604166666666667 0.5564814814814815
5 0.4796875 0.6027777777777777 0.4864583333333333 0.6083333333333333 0.49375 0.6074074074074074 0.49166666666666664 0.5935185185185186 0.4921875 0.5657407407407408 0.4890625 0.5509259259259259 0.48541666666666666 0.55 0.48072916666666665 0.575 0.4828125 0.5861111111111111 0.4796875 0.6027777777777777
4 0.6192708333333333 0.6037037037037037 0.621875 0.5990740740740741 0.6239583333333333 0.5555555555555556 0.6197916666666666 0.5444444444444444 0.6140625 0.5537037037037037 0.6140625 0.5944444444444444 0.6192708333333333 0.6037037037037037
4 0.2911458333333333 0.600925925925926 0.2947916666666667 0.600925925925926 0.2989583333333333 0.5935185185185186 0.29791666666666666 0.5518518518518518 0.2942708333333333 0.5407407407407407 0.28958333333333336 0.5425925925925926 0.28958333333333336 0.5972222222222222 0.2911458333333333 0.600925925925926
4 0.30364583333333334 0.6518518518518519 0.3067708333333333 0.6546296296296297 0.3104166666666667 0.65 0.3145833333333333 0.6055555555555555 0.30833333333333335 0.587037037037037 0.30625 0.5861111111111111 0.3020833333333333 0.5962962962962963 0.3026041666666667 0.6444444444444445 0.30364583333333334 0.6518518518518519
3 0.4348958333333333 0.5046296296296297 0.44166666666666665 0.5027777777777778 0.4395833333333333 0.4703703703703704 0.4348958333333333 0.4675925925925926 0.4322916666666667 0.475 0.43020833333333336 0.5009259259259259 0.4348958333333333 0.5046296296296297
4 0.32083333333333336 0.5527777777777778 0.3265625 0.5518518518518518 0.3296875 0.5481481481481482 0.32708333333333334 0.5092592592592593 0.3223958333333333 0.5 0.31927083333333334 0.5055555555555555 0.3171875 0.549074074074074 0.32083333333333336 0.5527777777777778
4 0.9416666666666667 0.562962962962963 0.94375 0.5675925925925925 0.9473958333333333 0.5638888888888889 0.94375 0.5212962962962963 0.9390625 0.5175925925925926 0.9369791666666667 0.5212962962962963 0.9307291666666667 0.5638888888888889 0.9416666666666667 0.562962962962963
4 0.4390625 0.5796296296296296 0.446875 0.5805555555555556 0.44895833333333335 0.5722222222222222 0.44635416666666666 0.5597222222222222 0.4473958333333333 0.5435185185185185 0.4453125 0.5296296296296297 0.4390625 0.5166666666666667 0.4354166666666667 0.5268518518518519 0.4359375 0.5685185185185185 0.4390625 0.5796296296296296
4 0.8276041666666667 0.712037037037037 0.8354166666666667 0.7175925925925926 0.8416666666666667 0.7166666666666667 0.840625 0.6953703703703704 0.8447916666666667 0.6537037037037037 0.8380208333333333 0.637962962962963 0.8348958333333333 0.6407407407407407 0.828125 0.6759259259259259 0.8317708333333333 0.6962962962962963 0.8276041666666667 0.712037037037037
5 0.4640625 0.6537037037037037 0.475 0.6574074074074074 0.4786458333333333 0.6527777777777778 0.4739583333333333 0.5953703703703703 0.4703125 0.5925925925925926 0.46510416666666665 0.6064814814814815 0.4661458333333333 0.625 0.4640625 0.6537037037037037
5 0.721875 0.5453703703703704 0.7276041666666667 0.5666666666666667 0.7270833333333333 0.5814814814814815 0.7333333333333333 0.587037037037037 0.7369791666666666 0.5518518518518518 0.7364583333333333 0.5398148148148149 0.7322916666666667 0.5314814814814814 0.7286458333333333 0.5305555555555556 0.7234375 0.5314814814814814 0.7203125 0.5361111111111111 0.7192708333333333 0.5444444444444444 0.721875 0.5453703703703704
4 0.7317708333333334 0.5398148148148149 0.7328125 0.525 0.728125 0.5018518518518519 0.7244791666666667 0.5018518518518519 0.7234375 0.5074074074074074 0.7177083333333333 0.5407407407407407 0.7317708333333334 0.5398148148148149
5 0.4359375 0.5675925925925925 0.4390625 0.5787037037037037 0.4432291666666667 0.5796296296296296 0.44479166666666664 0.575925925925926 0.4453125 0.5370370370370371 0.4390625 0.5111111111111111 0.4354166666666667 0.524074074074074 0.43385416666666665 0.5425925925925926 0.4359375 0.5675925925925925
5 0.9385416666666667 0.712037037037037 0.9401041666666666 0.6592592592592592 0.9369791666666667 0.6444444444444445 0.934375 0.6425925925925926 0.93125 0.6462962962962963 0.9244791666666666 0.7083333333333334 0.9385416666666667 0.712037037037037
1 0.15729166666666666 0.5601851851851852 0.17447916666666666 0.5564814814814815 0.17552083333333332 0.5527777777777778 0.17239583333333333 0.5472222222222223 0.16927083333333334 0.5296296296296297 0.17135416666666667 0.4981481481481482 0.16979166666666667 0.49166666666666664 0.1609375 0.5120370370370371 0.16145833333333334 0.5361111111111111 0.15729166666666666 0.5601851851851852
5 0.9729166666666667 0.5796296296296296 0.9755208333333333 0.5814814814814815 0.9791666666666666 0.5768518518518518 0.9802083333333333 0.5425925925925926 0.9776041666666667 0.5314814814814814 0.9729166666666667 0.5314814814814814 0.9708333333333333 0.5444444444444444 0.9729166666666667 0.5796296296296296