5 0.18020833333333333 0.6574074074074074 0.1875 0.6546296296296297 0.18541666666666667 0.6157407407407407 0.18125 0.6138888888888889 0.178125 0.6268518518518519 0.175 0.6537037037037037 0.18020833333333333 0.6574074074074074
4 0.7239583333333334 0.7296296296296296 0.7317708333333334 0.7305555555555555 0.7359375 0.737037037037037 0.7401041666666667 0.7342592592592593 0.7442708333333333 0.7194444444444444 0.7453125 0.6962962962962963 0.7401041666666667 0.6814814814814815 0.7359375 0.6814814814814815 0.7322916666666667 0.6907407407407408 0.7307291666666667 0.7064814814814815 0.7239583333333334 0.7296296296296296
5 0.2791666666666667 0.7407407407407407 0.27708333333333335 0.6851851851851852 0.2713541666666667 0.6861111111111111 0.26666666666666666 0.7 0.2635416666666667 0.7435185185185185 0.2791666666666667 0.7407407407407407
4 0.4432291666666667 0.7361111111111112 0.44583333333333336 0.7398148148148148 0.4552083333333333 0.7416666666666667 0.45729166666666665 0.7398148148148148 0.459375 0.7166666666666667 0.4578125 0.6824074074074075 0.45364583333333336 0.6805555555555556 0.44947916666666665 0.6925925925925925 0.44635416666666666 0.7240740740740741 0.4432291666666667 0.7361111111111112
4 0.22447916666666667 0.6351851851851852 0.2265625 0.6305555555555555 0.2265625 0.5990740740740741 0.221875 0.5925925925925926 0.21666666666666667 0.5981481481481481 0.21666666666666667 0.6342592592592593 0.22447916666666667 0.6351851851851852
4 0.5604166666666667 0.6601851851851852 0.5666666666666667 0.6583333333333333 0.5692708333333333 0.6361111111111111 0.5682291666666667 0.6212962962962963 0.565625 0.6148148148148148 0.5630208333333333 0.6148148148148148 0.5604166666666667 0.6203703703703703 0.5583333333333333 0.6370370370370371 0.5583333333333333 0.6574074074074074 0.5604166666666667 0.6601851851851852
5 0.13385416666666666 0.7240740740740741 0.13854166666666667 0.7268518518518519 0.140625 0.7240740740740741 0.14635416666666667 0.6925925925925925 0.14270833333333333 0.6703703703703704 0.13854166666666667 0.6666666666666666 0.13645833333333332 0.6694444444444444 0.13333333333333333 0.6824074074074075 0.13385416666666666 0.7240740740740741
4 0.2828125 0.8342592592592593 0.2864583333333333 0.8481481481481481 0.28072916666666664 0.8722222222222222 0.2859375 0.8759259259259259 0.2947916666666667 0.8722222222222222 0.296875 0.8685185185185185 0.2942708333333333 0.8518518518518519 0.29583333333333334 0.8194444444444444 0.3020833333333333 0.8138888888888889 0.29583333333333334 0.8074074074074075 0.2911458333333333 0.7944444444444444 0.2869791666666667 0.7935185185185185 0.2786458333333333 0.8138888888888889 0.2791666666666667 0.8296296296296296 0.2828125 0.8342592592592593
4 0.0859375 0.812962962962963 0.08697916666666666 0.8175925925925925 0.09270833333333334 0.8175925925925925 0.0953125 0.8027777777777778 0.09947916666666666 0.8027777777777778 0.10572916666666667 0.8166666666666667 0.11145833333333334 0.812962962962963 0.10364583333333334 0.7925925925925926 0.103125 0.7824074074074074 0.10520833333333333 0.7787037037037037 0.103125 0.774074074074074 0.103125 0.7462962962962963 0.10052083333333334 0.7407407407407407 0.09635416666666667 0.7444444444444445 0.08802083333333334 0.7796296296296297 0.090625 0.7935185185185185 0.0859375 0.812962962962963
3 0.375 0.737037037037037 0.3765625 0.7416666666666667 0.3807291666666667 0.7416666666666667 0.38645833333333335 0.7083333333333334 0.3859375 0.6842592592592592 0.3848958333333333 0.6787037037037037 0.3807291666666667 0.675 0.37604166666666666 0.6842592592592592 0.37447916666666664 0.6898148148148148 0.375 0.737037037037037
5 0.29010416666666666 0.7981481481481482 0.2984375 0.8138888888888889 0.30416666666666664 0.8138888888888889 0.30833333333333335 0.7555555555555555 0.30625 0.7453703703703703 0.3026041666666667 0.7453703703703703 0.296875 0.7620370370370371 0.2953125 0.7888888888888889 0.2921875 0.7944444444444444 0.2869791666666667 0.7944444444444444 0.2869791666666667 0.8 0.29010416666666666 0.7981481481481482
4 0.15677083333333333 0.7268518518518519 0.159375 0.7268518518518519 0.165625 0.7018518518518518 0.165625 0.6907407407407408 0.16145833333333334 0.6685185185185185 0.1578125 0.6685185185185185 0.15260416666666668 0.6861111111111111 0.15416666666666667 0.7203703703703703 0.15677083333333333 0.7268518518518519
5 0.478125 0.862037037037037 0.48125 0.8601851851851852 0.48385416666666664 0.850925925925926 0.49322916666666666 0.8537037037037037 0.49375 0.8583333333333333 0.5 0.8574074074074074 0.5041666666666667 0.8342592592592593 0.5119791666666667 0.8231481481481482 0.5078125 0.812962962962963 0.5109375 0.8037037037037037 0.5104166666666666 0.7981481481481482 0.5046875 0.799074074074074 0.496875 0.8101851851851852 0.47552083333333334 0.8527777777777777 0.475 0.8574074074074074 0.478125 0.862037037037037
5 0.48723958333333334 0.7888888888888889 0.49375 0.7972222222222223 0.4979166666666667 0.7944444444444444 0.4973958333333333 0.7694444444444445 0.49947916666666664 0.762962962962963 0.4973958333333333 0.7398148148148148 0.49375 0.7379629629629629 0.4869791666666667 0.7555555555555555 0.4859375 0.7796296296296297 0.478125 0.7833333333333333 0.478125 0.7907407407407407 0.48723958333333334 0.7888888888888889
5 0.5640625 0.6935185185185185 0.5625 0.7 0.565625 0.7064814814814815 0.5713541666666667 0.7064814814814815 0.5739583333333333 0.7018518518518518 0.5744791666666667 0.6648148148148149 0.5692708333333333 0.6574074074074074 0.5630208333333333 0.6611111111111111 0.5619791666666667 0.675 0.5640625 0.6935185185185185
4 0.7625 0.7722222222222223 0.7677083333333333 0.7824074074074074 0.7661458333333333 0.7898148148148149 0.7671875 0.8138888888888889 0.771875 0.8138888888888889 0.7833333333333333 0.8046296296296296 0.790625 0.8175925925925925 0.7942708333333334 0.8138888888888889 0.7942708333333334 0.8083333333333333 0.7848958333333333 0.7935185185185185 0.7755208333333333 0.7564814814814815 0.771875 0.7509259259259259 0.76875 0.7518518518518519 0.765625 0.7620370370370371 0.7588541666666667 0.7685185185185185 0.7583333333333333 0.7712962962962963 0.7625 0.7722222222222223
0 0.6213541666666667 0.7555555555555555 0.6270833333333333 0.7555555555555555 0.6296875 0.7509259259259259 0.6265625 0.7435185185185185 0.621875 0.7435185185185185 0.61875 0.7472222222222222 0.6213541666666667 0.7555555555555555
5 0.0453125 0.7601851851851852 0.041666666666666664 0.7638888888888888 0.04114583333333333 0.7703703703703704 0.04375 0.774074074074074 0.053125 0.775 0.0609375 0.7435185185185185 0.057291666666666664 0.7296296296296296 0.058333333333333334 0.7148148148148148 0.053125 0.7129629629629629 0.04739583333333333 0.7296296296296296 0.04739583333333333 0.7503703703703704 0.0453125 0.7601851851851852
3 0.8901041666666667 0.8842592592592593 0.8932291666666666 0.8759259259259259 0.8963541666666667 0.8740740740740741 0.8994791666666667 0.8833333333333333 0.9041666666666667 0.8842592592592593 0.9057291666666667 0.8787037037037037 0.9026041666666667 0.862037037037037 0.9041666666666667 0.825925925925926 0.8963541666666667 0.8101851851851852 0.8921875 0.812037037037037 0.8880208333333334 0.825925925925926 0.8869791666666667 0.8824074074074074 0.8901041666666667 0.8842592592592593
4 0.5078125 0.8601851851851852 0.509375 0.8666666666666667 0.5208333333333334 0.8444444444444444 0.528125 0.8435185185185186 0.5291666666666667 0.8462962962962963 0.5307291666666667 0.8351851851851851 0.5364583333333334 0.8296296296296296 0.5302083333333333 0.8148148148148148 0.5302083333333333 0.8083333333333333 0.5338541666666666 0.8018518518518518 0.5229166666666667 0.7981481481481482 0.5166666666666667 0.8101851851851852 0.5135416666666667 0.8240740740740741 0.5119791666666667 0.8481481481481481 0.5078125 0.8601851851851852
5 0.7317708333333334 0.774074074074074 0.7359375 0.7768518518518519 0.7380208333333333 0.7712962962962963 0.7390625 0.7277777777777777 0.728125 0.7194444444444444 0.7208333333333333 0.7305555555555555 0.7197916666666667 0.7398148148148148 0.7317708333333334 0.774074074074074
5 0.1546875 0.8462962962962963 0.1578125 0.8379629629629629 0.16770833333333332 0.8333333333333334 0.1703125 0.8462962962962963 0.17395833333333333 0.8481481481481481 0.17708333333333334 0.8453703703703703 0.1734375 0.8324074074074074 0.17291666666666666 0.8092592592592592 0.17552083333333332 0.8027777777777778 0.1734375 0.7898148148148149 0.175 0.7842592592592592 0.17395833333333333 0.774074074074074 0.16927083333333334 0.775 0.16458333333333333 0.7907407407407407 0.159375 0.8231481481481482 0.15104166666666666 0.8379629629629629 0.15104166666666666 0.8435185185185186 0.1546875 0.8462962962962963
5 0.5192708333333333 0.774074074074074 0.5104166666666666 0.7944444444444444 0.5119791666666667 0.8018518518518518 0.5140625 0.8027777777777778 0.5140625 0.7981481481481482 0.5239583333333333 0.7861111111111111 0.5302083333333333 0.8037037037037037 0.5338541666666666 0.8055555555555556 0.5354166666666667 0.8027777777777778 0.5338541666666666 0.7666666666666667 0.5291666666666667 0.737037037037037 0.5244791666666667 0.7398148148148148 0.5177083333333333 0.7583333333333333 0.5171875 0.7666666666666667 0.5192708333333333 0.774074074074074
3 0.4140625 0.5907407407407408 0.4197916666666667 0.6027777777777777 0.42083333333333334 0.5851851851851851 0.42604166666666665 0.5722222222222222 0.42552083333333335 0.562962962962963 0.42291666666666666 0.5583333333333333 0.415625 0.5574074074074075 0.4119791666666667 0.5638888888888889 0.4114583333333333 0.5768518518518518 0.4140625 0.5907407407407408
3 0.19479166666666667 0.5842592592592593 0.19375 0.5916666666666667 0.20364583333333333 0.5935185185185186 0.20625 0.5768518518518518 0.20572916666666666 0.5601851851851852 0.19583333333333333 0.5601851851851852 0.19270833333333334 0.5722222222222222 0.19479166666666667 0.5842592592592593