4 0.20833333333333334 0.6583333333333333 0.209375 0.6537037037037037 0.20625 0.649074074074074 0.20260416666666667 0.6240740740740741 0.196875 0.6166666666666667 0.19322916666666667 0.6175925925925926 0.190625 0.6240740740740741 0.19166666666666668 0.6453703703703704 0.1890625 0.6592592592592592 0.196875 0.6620370370370371 0.20833333333333334 0.6583333333333333
4 0.15260416666666668 0.6935185185185185 0.153125 0.687037037037037 0.146875 0.6796296296296296 0.14114583333333333 0.6574074074074074 0.1359375 0.6564814814814814 0.13333333333333333 0.6620370370370371 0.13229166666666667 0.7018518518518518 0.13385416666666666 0.7046296296296296 0.140625 0.7046296296296296 0.15260416666666668 0.6935185185185185
4 0.4125 0.7240740740740741 0.4088541666666667 0.712037037037037 0.4083333333333333 0.6842592592592592 0.4 0.6768518518518518 0.3953125 0.6851851851851852 0.39375 0.6935185185185185 0.3958333333333333 0.7351851851851852 0.40989583333333335 0.7314814814814815 0.4125 0.7240740740740741
4 0.4432291666666667 0.6916666666666667 0.4390625 0.6574074074074074 0.4354166666666667 0.6509259259259259 0.428125 0.6509259259259259 0.4276041666666667 0.6842592592592592 0.4359375 0.6962962962962963 0.4421875 0.6953703703703704 0.4432291666666667 0.6916666666666667
4 0.5036458333333333 0.7935185185185185 0.5057291666666667 0.8046296296296296 0.5140625 0.8046296296296296 0.5166666666666667 0.7972222222222223 0.5135416666666667 0.7518518518518519 0.5088541666666667 0.7398148148148148 0.5046875 0.7379629629629629 0.5015625 0.7407407407407407 0.4979166666666667 0.7555555555555555 0.5 0.7611111111111111 0.4979166666666667 0.7805555555555556 0.5036458333333333 0.7935185185185185
4 0.3328125 0.7342592592592593 0.3333333333333333 0.7305555555555555 0.3302083333333333 0.7240740740740741 0.32395833333333335 0.6935185185185185 0.3145833333333333 0.6925925925925925 0.31354166666666666 0.7018518518518518 0.31354166666666666 0.7472222222222222 0.3229166666666667 0.7481481481481481 0.32708333333333334 0.737037037037037 0.3328125 0.7342592592592593
4 0.4119791666666667 0.6611111111111111 0.4083333333333333 0.6564814814814814 0.40260416666666665 0.6296296296296297 0.3958333333333333 0.6259259259259259 0.3921875 0.6351851851851852 0.3921875 0.6712962962962963 0.39947916666666666 0.6731481481481482 0.4125 0.6666666666666666 0.4119791666666667 0.6611111111111111
5 0.0953125 0.6925925925925925 0.0953125 0.687037037037037 0.08697916666666666 0.6777777777777778 0.08229166666666667 0.662962962962963 0.0796875 0.6611111111111111 0.07552083333333333 0.6657407407407407 0.075 0.7083333333333334 0.0828125 0.7074074074074074 0.08645833333333333 0.6972222222222222 0.0953125 0.6925925925925925
1 0.9114583333333334 0.662962962962963 0.9046875 0.6518518518518519 0.8947916666666667 0.6537037037037037 0.8958333333333334 0.700925925925926 0.9041666666666667 0.7046296296296296 0.9098958333333333 0.7027777777777777 0.9114583333333334 0.662962962962963
5 0.1703125 0.6074074074074074 0.16510416666666666 0.6074074074074074 0.165625 0.6416666666666667 0.18125 0.637962962962963 0.175 0.6148148148148148 0.1703125 0.6074074074074074
4 0.09270833333333334 0.8027777777777778 0.08802083333333334 0.7851851851851852 0.0859375 0.7537037037037037 0.08333333333333333 0.7472222222222222 0.07760416666666667 0.7425925925925926 0.07395833333333333 0.7453703703703703 0.07083333333333333 0.775 0.07083333333333333 0.7870370370370371 0.07916666666666666 0.8101851851851852 0.0921875 0.8092592592592592 0.09270833333333334 0.8027777777777778
5 0.4942708333333333 0.700925925925926 0.5036458333333333 0.7037037037037037 0.5072916666666667 0.7 0.4979166666666667 0.6888888888888889 0.4942708333333333 0.6685185185185185 0.4895833333333333 0.6583333333333333 0.48489583333333336 0.6583333333333333 0.4828125 0.6657407407407407 0.48385416666666664 0.6972222222222222 0.48020833333333335 0.7083333333333334 0.4901041666666667 0.7101851851851851 0.4942708333333333 0.700925925925926
5 0.3296875 0.6555555555555556 0.3260416666666667 0.6351851851851852 0.32135416666666666 0.6333333333333333 0.3177083333333333 0.6416666666666667 0.31666666666666665 0.6694444444444444 0.3182291666666667 0.6731481481481482 0.33541666666666664 0.6694444444444444 0.3296875 0.6555555555555556
5 0.2953125 0.7546296296296297 0.29739583333333336 0.7472222222222222 0.2890625 0.7388888888888889 0.2828125 0.7055555555555556 0.28020833333333334 0.7018518518518518 0.27447916666666666 0.7046296296296296 0.2760416666666667 0.7444444444444445 0.27291666666666664 0.762962962962963 0.2828125 0.7638888888888888 0.2953125 0.7546296296296297
3 0.3333333333333333 0.7305555555555555 0.334375 0.7194444444444444 0.33958333333333335 0.7046296296296296 0.3390625 0.6777777777777778 0.3302083333333333 0.6638888888888889 0.3229166666666667 0.6694444444444444 0.32135416666666666 0.6768518518518518 0.3260416666666667 0.7129629629629629 0.3260416666666667 0.7277777777777777 0.3333333333333333 0.7305555555555555
5 0.45729166666666665 0.7898148148148149 0.4546875 0.7796296296296297 0.44947916666666665 0.7731481481481481 0.44427083333333334 0.775 0.44114583333333335 0.7851851851851852 0.4427083333333333 0.8453703703703703 0.45208333333333334 0.8472222222222222 0.45625 0.8416666666666667 0.45729166666666665 0.7898148148148149
3 0.6723958333333333 0.9111111111111111 0.6677083333333333 0.8787037037037037 0.6604166666666667 0.8601851851851852 0.6541666666666667 0.8574074074074074 0.6520833333333333 0.8611111111111112 0.6541666666666667 0.9166666666666666 0.65625 0.9231481481481482 0.6786458333333333 0.9231481481481482 0.6723958333333333 0.9111111111111111
5 0.46875 0.7675925925925926 0.4708333333333333 0.762962962962963 0.4703125 0.7574074074074074 0.46145833333333336 0.725 0.45677083333333335 0.7138888888888889 0.4510416666666667 0.7129629629629629 0.44947916666666665 0.725 0.45729166666666665 0.7666666666666667 0.46041666666666664 0.7694444444444445 0.46875 0.7675925925925926