5 0.3859375 0.6712962962962963 0.3953125 0.6759259259259259 0.39947916666666666 0.674074074074074 0.3932291666666667 0.6342592592592593 0.3932291666666667 0.6222222222222222 0.3885416666666667 0.6222222222222222 0.38125 0.6361111111111111 0.3802083333333333 0.6462962962962963 0.3859375 0.6712962962962963
5 0.6369791666666667 0.6240740740740741 0.6421875 0.6259259259259259 0.6463541666666667 0.6324074074074074 0.6484375 0.6296296296296297 0.646875 0.611574074074074 0.6489583333333333 0.5990740740740741 0.6463541666666667 0.5833333333333334 0.6421875 0.5814814814814815 0.6375 0.5972222222222222 0.6390625 0.6138888888888889 0.6369791666666667 0.6240740740740741
4 0.5947916666666667 0.6185185185185185 0.6109375 0.6203703703703703 0.6119791666666666 0.6138888888888889 0.6098958333333333 0.6101851851851852 0.6078125 0.587037037037037 0.6036458333333333 0.575 0.5994791666666667 0.5731481481481482 0.5984375 0.575925925925926 0.5989583333333334 0.6018518518518519 0.5947916666666667 0.6185185185185185
4 0.16145833333333334 0.6268518518518519 0.1640625 0.6268518518518519 0.16770833333333332 0.6240740740740741 0.17135416666666667 0.6111111111111112 0.17083333333333334 0.5888888888888889 0.165625 0.5722222222222222 0.16197916666666667 0.5740740740740741 0.15833333333333333 0.5879629629629629 0.15989583333333332 0.6185185185185185 0.16145833333333334 0.6268518518518519
5 0.1609375 0.6611111111111111 0.1609375 0.6787037037037037 0.165625 0.6842592592592592 0.1703125 0.6805555555555556 0.171875 0.6305555555555555 0.17083333333333334 0.6259259259259259 0.16666666666666666 0.6231481481481481 0.16145833333333334 0.6231481481481481 0.159375 0.6296296296296297 0.1578125 0.6472222222222223 0.1609375 0.6611111111111111
5 0.16614583333333333 0.6194444444444445 0.16770833333333332 0.6333333333333333 0.16979166666666667 0.6351851851851852 0.17604166666666668 0.6037037037037037 0.16979166666666667 0.5851851851851851 0.16614583333333333 0.5916666666666667 0.1625 0.6111111111111112 0.16614583333333333 0.6194444444444445
0 0.4005208333333333 0.674074074074074 0.39947916666666666 0.6675925925925926 0.39375 0.6675925925925926 0.39479166666666665 0.6768518518518518 0.4005208333333333 0.674074074074074
5 0.6854166666666667 0.7472222222222222 0.6885416666666667 0.7398148148148148 0.6921875 0.6962962962962963 0.6864583333333333 0.6777777777777778 0.6838541666666667 0.6777777777777778 0.6817708333333333 0.6861111111111111 0.6796875 0.7435185185185185 0.6854166666666667 0.7472222222222222
5 0.625 0.6037037037037037 0.6286458333333333 0.6064814814814815 0.6317708333333333 0.5981481481481481 0.6338541666666667 0.5703703703703704 0.63125 0.5611111111111111 0.6260416666666667 0.5638888888888889 0.6244791666666667 0.5712962962962963 0.625 0.6037037037037037
5 0.3359375 0.6305555555555555 0.3380208333333333 0.6333333333333333 0.3416666666666667 0.6305555555555555 0.34479166666666666 0.5990740740740741 0.34010416666666665 0.5824074074074074 0.3375 0.5814814814814815 0.3333333333333333 0.5907407407407408 0.3328125 0.6064814814814815 0.3359375 0.6305555555555555
5 0.5052083333333334 0.7435185185185185 0.5078125 0.762962962962963 0.5135416666666667 0.7666666666666667 0.5166666666666667 0.762962962962963 0.5140625 0.7083333333333334 0.5104166666666666 0.6962962962962963 0.5072916666666667 0.6944444444444444 0.5010416666666667 0.7101851851851851 0.5005208333333333 0.7314814814814815 0.5052083333333334 0.7435185185185185
3 0.5083333333333333 0.6231481481481481 0.5088541666666667 0.6296296296296297 0.5161458333333333 0.6277777777777778 0.5161458333333333 0.6305555555555555 0.5203125 0.6314814814814815 0.5192708333333333 0.6148148148148148 0.5223958333333333 0.5879629629629629 0.5197916666666667 0.5796296296296296 0.5166666666666667 0.5777777777777777 0.5098958333333333 0.5916666666666667 0.5125 0.6087962962962963 0.5083333333333333 0.6231481481481481
4 0.6619791666666667 0.6083333333333333 0.6671875 0.6027777777777777 0.6692708333333334 0.5722222222222222 0.6661458333333333 0.5611111111111111 0.6619791666666667 0.5583333333333333 0.6572916666666667 0.5685185185185185 0.6572916666666667 0.6027777777777777 0.6619791666666667 0.6083333333333333
5 0.4864583333333333 0.5879629629629629 0.48802083333333335 0.5555555555555556 0.4822916666666667 0.5462962962962963 0.4791666666666667 0.5518518518518518 0.48072916666666665 0.5833333333333334 0.4864583333333333 0.5879629629629629
4 0.7052083333333333 0.6370370370370371 0.7098958333333333 0.6240740740740741 0.7140625 0.6222222222222222 0.7145833333333333 0.6101851851851852 0.7083333333333334 0.5879629629629629 0.7046875 0.5824074074074074 0.7015625 0.5833333333333334 0.7005208333333334 0.5879629629629629 0.6989583333333333 0.6074074074074074 0.7052083333333333 0.6370370370370371
3 0.15104166666666666 0.575925925925926 0.15052083333333333 0.562962962962963 0.153125 0.5509259259259259 0.15052083333333333 0.5333333333333333 0.14635416666666667 0.5314814814814814 0.14166666666666666 0.562962962962963 0.14166666666666666 0.575925925925926 0.15104166666666666 0.575925925925926
3 0.16510416666666666 0.5685185185185185 0.16927083333333334 0.5712962962962963 0.1765625 0.5537037037037037 0.178125 0.5407407407407407 0.17395833333333333 0.5231481481481481 0.16354166666666667 0.5296296296296297 0.16197916666666667 0.5342592592592592 0.1609375 0.5444444444444444 0.16510416666666666 0.5685185185185185
4 0.709375 0.6731481481481482 0.715625 0.6648148148148149 0.71875 0.6296296296296297 0.7130208333333333 0.6129629629629629 0.7036458333333333 0.6203703703703703 0.7057291666666666 0.6703703703703704 0.709375 0.6731481481481482
4 0.7276041666666667 0.712037037037037 0.7317708333333334 0.7129629629629629 0.734375 0.7083333333333334 0.7348958333333333 0.6861111111111111 0.7395833333333334 0.6657407407407407 0.7296875 0.6453703703703704 0.7276041666666667 0.6462962962962963 0.7244791666666667 0.6583333333333333 0.7255208333333333 0.7046296296296296 0.7276041666666667 0.712037037037037
4 0.5713541666666667 0.6759259259259259 0.5760416666666667 0.674074074074074 0.5729166666666666 0.6592592592592592 0.5755208333333334 0.6425925925925926 0.5739583333333333 0.6342592592592593 0.5640625 0.6240740740740741 0.5619791666666667 0.6268518518518519 0.5609375 0.6694444444444444 0.5713541666666667 0.6759259259259259
4 0.4322916666666667 0.6759259259259259 0.44375 0.6796296296296296 0.4453125 0.6731481481481482 0.4432291666666667 0.6620370370370371 0.4473958333333333 0.6537037037037037 0.446875 0.6453703703703704 0.4432291666666667 0.6324074074074074 0.4390625 0.6268518518518519 0.4359375 0.6296296296296297 0.43645833333333334 0.6388888888888888 0.43333333333333335 0.6537037037037037 0.4348958333333333 0.662962962962963 0.4322916666666667 0.6759259259259259
5 0.5453125 0.6388888888888888 0.5572916666666666 0.6611111111111111 0.5567708333333333 0.6416666666666667 0.553125 0.6277777777777778 0.546875 0.6148148148148148 0.54375 0.6138888888888889 0.5421875 0.6175925925925926 0.5421875 0.6277777777777778 0.5453125 0.6388888888888888
4 0.5791666666666667 0.6574074074074074 0.5838541666666667 0.6574074074074074 0.5869791666666667 0.6472222222222223 0.5880208333333333 0.6138888888888889 0.5828125 0.6018518518518519 0.5791666666666667 0.6018518518518519 0.5770833333333333 0.6074074074074074 0.5770833333333333 0.6509259259259259 0.5791666666666667 0.6574074074074074
4 0.55625 0.6277777777777778 0.5640625 0.6240740740740741 0.565625 0.5953703703703703 0.5635416666666667 0.5851851851851851 0.5604166666666667 0.5796296296296296 0.5578125 0.5805555555555556 0.5541666666666667 0.5944444444444444 0.5510416666666667 0.6222222222222222 0.55625 0.6277777777777778