4 0.31145833333333334 0.7046296296296296 0.3145833333333333 0.700925925925926 0.3145833333333333 0.6851851851851852 0.3182291666666667 0.6583333333333333 0.3104166666666667 0.6462962962962963 0.30572916666666666 0.6583333333333333 0.3078125 0.6972222222222222 0.31145833333333334 0.7046296296296296
5 0.4786458333333333 0.6361111111111111 0.48802083333333335 0.6314814814814815 0.48489583333333336 0.625 0.48333333333333334 0.6083333333333333 0.4796875 0.5990740740740741 0.4765625 0.600925925925926 0.4765625 0.6342592592592593 0.4786458333333333 0.6361111111111111
5 0.4125 0.6648148148148149 0.4192708333333333 0.6268518518518519 0.415625 0.6138888888888889 0.4119791666666667 0.6148148148148148 0.409375 0.6259259259259259 0.40520833333333334 0.6546296296296297 0.4125 0.6648148148148149
4 0.7848958333333333 0.7240740740740741 0.7869791666666667 0.7175925925925926 0.7848958333333333 0.6685185185185185 0.7791666666666667 0.6601851851851852 0.7765625 0.6675925925925926 0.7729166666666667 0.7212962962962963 0.7848958333333333 0.7240740740740741
4 0.42864583333333334 0.6259259259259259 0.43020833333333336 0.6305555555555555 0.434375 0.6314814814814815 0.4390625 0.6111111111111112 0.4390625 0.5981481481481481 0.43645833333333334 0.5907407407407408 0.43072916666666666 0.5953703703703703 0.42864583333333334 0.6064814814814815 0.42864583333333334 0.6259259259259259
5 0.2046875 0.6546296296296297 0.20885416666666667 0.6564814814814814 0.21302083333333333 0.6638888888888889 0.2203125 0.6259259259259259 0.21770833333333334 0.6101851851851852 0.21666666666666667 0.6083333333333333 0.20520833333333333 0.6305555555555555 0.20677083333333332 0.6462962962962963 0.2046875 0.6546296296296297
4 0 0.7018518518518518 0.005208333333333333 0.7101851851851851 0.008333333333333333 0.7074074074074074 0.013020833333333334 0.6722222222222223 0.010416666666666666 0.6537037037037037 0.005729166666666666 0.65 0 0.6592592592592592 0 0.7018518518518518
4 0.27395833333333336 0.6351851851851852 0.27291666666666664 0.6462962962962963 0.275 0.6518518518518519 0.2796875 0.6527777777777778 0.28229166666666666 0.6481481481481481 0.2833333333333333 0.6240740740740741 0.28020833333333334 0.6074074074074074 0.278125 0.6055555555555555 0.275 0.6092592592592593 0.2713541666666667 0.6194444444444445 0.27395833333333336 0.6351851851851852
5 0.6072916666666667 0.6583333333333333 0.6072916666666667 0.6657407407407407 0.6135416666666667 0.6703703703703704 0.6192708333333333 0.6824074074074075 0.621875 0.674074074074074 0.6244791666666667 0.6435185185185185 0.6192708333333333 0.6296296296296297 0.6145833333333334 0.6351851851851852 0.6135416666666667 0.65 0.6072916666666667 0.6583333333333333
4 0.19322916666666667 0.7444444444444445 0.20052083333333334 0.7444444444444445 0.203125 0.737037037037037 0.20364583333333333 0.7212962962962963 0.20208333333333334 0.6907407407407408 0.1984375 0.6777777777777778 0.19114583333333332 0.6861111111111111 0.19010416666666666 0.7361111111111112 0.19322916666666667 0.7444444444444445
5 0.24583333333333332 0.8203703703703704 0.2557291666666667 0.8157407407407408 0.25416666666666665 0.7925925925925926 0.2578125 0.775 0.2520833333333333 0.7407407407407407 0.24791666666666667 0.7388888888888889 0.24166666666666667 0.7574074074074074 0.2421875 0.8185185185185185 0.24583333333333332 0.8203703703703704
5 0.6927083333333334 0.7518518518518519 0.6921875 0.7703703703703704 0.69375 0.7731481481481481 0.6973958333333333 0.7685185185185185 0.7046875 0.7296296296296296 0.696875 0.7083333333333334 0.6932291666666667 0.712037037037037 0.6885416666666667 0.7287037037037037 0.6875 0.7398148148148148 0.6927083333333334 0.7518518518518519
4 0.209375 0.6342592592592593 0.21666666666666667 0.6370370370370371 0.2203125 0.6314814814814815 0.221875 0.6138888888888889 0.22083333333333333 0.6046296296296296 0.21510416666666668 0.6037037037037037 0.20885416666666667 0.6277777777777778 0.209375 0.6342592592592593
4 0.2598958333333333 0.6037037037037037 0.26458333333333334 0.5981481481481481 0.265625 0.5925925925925926 0.26510416666666664 0.5731481481481482 0.26197916666666665 0.5685185185185185 0.25677083333333334 0.5694444444444444 0.2557291666666667 0.5953703703703703 0.2598958333333333 0.6037037037037037
5 0.3182291666666667 0.6555555555555556 0.325 0.6425925925925926 0.3260416666666667 0.625 0.32447916666666665 0.6157407407407407 0.32083333333333336 0.6148148148148148 0.3145833333333333 0.6305555555555555 0.3125 0.65 0.3182291666666667 0.6555555555555556
3 0.49322916666666666 0.687962962962963 0.49270833333333336 0.700925925925926 0.49375 0.7083333333333334 0.4979166666666667 0.7083333333333334 0.5067708333333333 0.6537037037037037 0.5010416666666667 0.6398148148148148 0.4947916666666667 0.6333333333333333 0.4901041666666667 0.6398148148148148 0.4895833333333333 0.6694444444444444 0.49322916666666666 0.687962962962963
4 0.21979166666666666 0.8148148148148148 0.22395833333333334 0.8175925925925925 0.22708333333333333 0.8111111111111111 0.23020833333333332 0.7731481481481481 0.2296875 0.7555555555555555 0.22447916666666667 0.7388888888888889 0.22083333333333333 0.7388888888888889 0.21614583333333334 0.7518518518518519 0.2140625 0.7611111111111111 0.21979166666666666 0.8148148148148148
4 0.6125 0.7648148148148148 0.6114583333333333 0.7787037037037037 0.6151041666666667 0.787962962962963 0.6192708333333333 0.7870370370370371 0.6234375 0.7555555555555555 0.6239583333333333 0.7305555555555555 0.6203125 0.7157407407407408 0.6161458333333333 0.7129629629629629 0.6125 0.7148148148148148 0.6135416666666667 0.7203703703703703 0.6098958333333333 0.7287037037037037 0.609375 0.7518518518518519 0.6125 0.7648148148148148
3 0.9708333333333333 0.9111111111111111 0.98125 0.9287037037037037 0.9901041666666667 0.9277777777777778 0.9963541666666667 0.8777777777777778 0.9953125 0.8629629629629629 0.9864583333333333 0.8398148148148148 0.9822916666666667 0.8425925925925926 0.9776041666666667 0.8601851851851852 0.9755208333333333 0.887962962962963 0.9708333333333333 0.9111111111111111
5 0.20208333333333334 0.7546296296296297 0.21302083333333333 0.7555555555555555 0.2140625 0.7314814814814815 0.2171875 0.7212962962962963 0.2140625 0.7018518518518518 0.209375 0.7027777777777777 0.20260416666666667 0.7157407407407408 0.20364583333333333 0.737037037037037 0.20208333333333334 0.7546296296296297
3 0.04635416666666667 0.6268518518518519 0.04791666666666667 0.6240740740740741 0.04895833333333333 0.5916666666666667 0.0453125 0.5833333333333334 0.043229166666666666 0.5833333333333334 0.03854166666666667 0.5944444444444444 0.03802083333333333 0.6231481481481481 0.04635416666666667 0.6268518518518519
0 0.3338541666666667 0.65 0.3333333333333333 0.6398148148148148 0.3265625 0.6388888888888888 0.32708333333333334 0.6481481481481481 0.3338541666666667 0.65
5 0.6083333333333333 0.7148148148148148 0.6119791666666666 0.712037037037037 0.6130208333333333 0.6972222222222222 0.6182291666666667 0.6759259259259259 0.6114583333333333 0.6564814814814814 0.6078125 0.6564814814814814 0.6046875 0.6657407407407407 0.603125 0.7129629629629629 0.6083333333333333 0.7148148148148148