5 0.33489583333333334 0.5953703703703703 0.3385416666666667 0.5805555555555556 0.3380208333333333 0.5518518518518518 0.33229166666666665 0.5472222222222223 0.328125 0.5601851851851852 0.3255208333333333 0.5925925925925926 0.33489583333333334 0.5953703703703703
5 0.2375 0.575925925925926 0.24322916666666666 0.5851851851851851 0.24375 0.5953703703703703 0.24791666666666667 0.5972222222222222 0.253125 0.5675925925925925 0.24895833333333334 0.5481481481481482 0.24479166666666666 0.549074074074074 0.24166666666666667 0.5574074074074075 0.24114583333333334 0.5685185185185185 0.2375 0.575925925925926
4 0.4875 0.6037037037037037 0.4901041666666667 0.6074074074074074 0.4979166666666667 0.6074074074074074 0.49947916666666664 0.6037037037037037 0.49895833333333334 0.587037037037037 0.4942708333333333 0.5787037037037037 0.48802083333333335 0.5796296296296296 0.4859375 0.5916666666666667 0.4875 0.6037037037037037
4 0.10729166666666666 0.5990740740740741 0.1109375 0.6166666666666667 0.10989583333333333 0.6268518518518519 0.11510416666666666 0.6296296296296297 0.11875 0.625 0.12291666666666666 0.625 0.125 0.6185185185185185 0.121875 0.6083333333333333 0.11979166666666667 0.5805555555555556 0.11510416666666666 0.5731481481481482 0.1109375 0.575 0.1109375 0.5842592592592593 0.10729166666666666 0.5990740740740741
3 0.2942708333333333 0.6444444444444445 0.29583333333333334 0.65 0.30104166666666665 0.6509259259259259 0.3078125 0.6453703703703704 0.31145833333333334 0.6342592592592593 0.3072916666666667 0.6222222222222222 0.30833333333333335 0.6101851851851852 0.30572916666666666 0.5916666666666667 0.30052083333333335 0.587037037037037 0.2953125 0.5916666666666667 0.296875 0.6231481481481481 0.2942708333333333 0.6444444444444445
5 0.42552083333333335 0.5796296296296296 0.4317708333333333 0.5824074074074074 0.4390625 0.575925925925926 0.43802083333333336 0.5370370370370371 0.4359375 0.5333333333333333 0.43125 0.5333333333333333 0.4239583333333333 0.5425925925925926 0.42291666666666666 0.5555555555555556 0.42552083333333335 0.5796296296296296
3 0.6854166666666667 0.812962962962963 0.6901041666666666 0.8342592592592593 0.6979166666666666 0.8351851851851851 0.7 0.8296296296296296 0.7015625 0.7703703703703704 0.696875 0.7509259259259259 0.6911458333333333 0.7509259259259259 0.6880208333333333 0.775 0.6885416666666667 0.7925925925925926 0.6854166666666667 0.812962962962963
5 0.3958333333333333 0.5879629629629629 0.4041666666666667 0.587037037037037 0.4041666666666667 0.5435185185185185 0.3963541666666667 0.5388888888888889 0.39166666666666666 0.5444444444444444 0.39114583333333336 0.5833333333333334 0.3958333333333333 0.5879629629629629
4 0.6786458333333333 0.6694444444444444 0.6817708333333333 0.6620370370370371 0.690625 0.6694444444444444 0.6927083333333334 0.6620370370370371 0.690625 0.6212962962962963 0.6859375 0.6074074074074074 0.6828125 0.6101851851851852 0.678125 0.6416666666666667 0.675 0.6657407407407407 0.6786458333333333 0.6694444444444444
5 0.4395833333333333 0.5805555555555556 0.4432291666666667 0.5805555555555556 0.446875 0.5768518518518518 0.4453125 0.5611111111111111 0.44635416666666666 0.5407407407407407 0.4432291666666667 0.5324074074074074 0.43854166666666666 0.5324074074074074 0.43645833333333334 0.5361111111111111 0.43697916666666664 0.575925925925926 0.4395833333333333 0.5805555555555556
4 0.6067708333333334 0.6231481481481481 0.61875 0.6231481481481481 0.61875 0.5944444444444444 0.6145833333333334 0.5694444444444444 0.6072916666666667 0.5666666666666667 0.6046875 0.5796296296296296 0.6057291666666667 0.6203703703703703 0.6067708333333334 0.6231481481481481
4 0.5916666666666667 0.6342592592592593 0.60625 0.6342592592592593 0.6083333333333333 0.6064814814814815 0.6052083333333333 0.5833333333333334 0.6026041666666667 0.5796296296296296 0.596875 0.5796296296296296 0.5963541666666666 0.6 0.5927083333333333 0.6185185185185185 0.59375 0.625 0.5916666666666667 0.6342592592592593
0 0.36666666666666664 0.6731481481481482 0.36666666666666664 0.6638888888888889 0.3609375 0.6638888888888889 0.36041666666666666 0.674074074074074 0.36666666666666664 0.6731481481481482
4 0.44479166666666664 0.6342592592592593 0.459375 0.6388888888888888 0.46145833333333336 0.6259259259259259 0.459375 0.6185185185185185 0.4588541666666667 0.5898148148148148 0.4546875 0.5787037037037037 0.4505208333333333 0.5796296296296296 0.4505208333333333 0.6037037037037037 0.44479166666666664 0.6342592592592593
4 0.4036458333333333 0.5861111111111111 0.40625 0.5472222222222223 0.4005208333333333 0.5351851851851852 0.3958333333333333 0.5370370370370371 0.3963541666666667 0.587037037037037 0.4036458333333333 0.5861111111111111
1 0.6526041666666667 0.6064814814814815 0.653125 0.6185185185185185 0.6619791666666667 0.6222222222222222 0.6625 0.5814814814814815 0.6598958333333333 0.562037037037037 0.6557291666666667 0.5601851851851852 0.6536458333333334 0.5657407407407408 0.65 0.5657407407407408 0.65 0.6 0.6526041666666667 0.6064814814814815
5 0.4119791666666667 0.575925925925926 0.4161458333333333 0.5777777777777777 0.4171875 0.5361111111111111 0.415625 0.5296296296296297 0.4119791666666667 0.5268518518518519 0.4083333333333333 0.5370370370370371 0.4083333333333333 0.5685185185185185 0.4119791666666667 0.575925925925926