4 0.5854166666666667 0.6851851851851852 0.58125 0.6768518518518518 0.5791666666666667 0.6768518518518518 0.5776041666666667 0.6824074074074075 0.5723958333333333 0.725 0.5880208333333333 0.7305555555555555 0.5901041666666667 0.7277777777777777 0.5854166666666667 0.6851851851851852
4 0.22083333333333333 0.7814814814814814 0.22291666666666668 0.7787037037037037 0.22916666666666666 0.7398148148148148 0.22239583333333332 0.7222222222222222 0.21979166666666666 0.7203703703703703 0.21666666666666667 0.7240740740740741 0.21354166666666666 0.7490740740740741 0.21614583333333334 0.7555555555555555 0.21770833333333334 0.7787037037037037 0.22083333333333333 0.7814814814814814
5 0.6875 0.6777777777777778 0.6890625 0.6611111111111111 0.6869791666666667 0.6518518518518519 0.6895833333333333 0.637962962962963 0.6854166666666667 0.6287037037037037 0.6817708333333333 0.6277777777777778 0.6791666666666667 0.6342592592592593 0.6786458333333333 0.6527777777777778 0.6739583333333333 0.6768518518518518 0.6859375 0.6787037037037037 0.6875 0.6777777777777778
2 0.14166666666666666 0.662962962962963 0.14166666666666666 0.6388888888888888 0.13854166666666667 0.6268518518518519 0.13333333333333333 0.6259259259259259 0.12916666666666668 0.637962962962963 0.12604166666666666 0.6777777777777778 0.13177083333333334 0.6731481481481482 0.1390625 0.6731481481481482 0.14166666666666666 0.662962962962963
5 0.05520833333333333 0.7314814814814815 0.059895833333333336 0.7203703703703703 0.052083333333333336 0.7 0.04739583333333333 0.7 0.04375 0.7166666666666667 0.04583333333333333 0.7240740740740741 0.0390625 0.7444444444444445 0.05625 0.7361111111111112 0.05520833333333333 0.7314814814814815
4 0.36354166666666665 0.6527777777777778 0.3645833333333333 0.6481481481481481 0.35989583333333336 0.6361111111111111 0.36041666666666666 0.6259259259259259 0.35833333333333334 0.6166666666666667 0.3536458333333333 0.6129629629629629 0.35052083333333334 0.625 0.3494791666666667 0.6537037037037037 0.3546875 0.6574074074074074 0.35625 0.6527777777777778 0.36354166666666665 0.6527777777777778
3 0.4 0.7185185185185186 0.4078125 0.7287037037037037 0.4083333333333333 0.7222222222222222 0.4041666666666667 0.7148148148148148 0.4015625 0.7013888888888888 0.40572916666666664 0.6824074074074075 0.39895833333333336 0.6722222222222223 0.39375 0.6731481481481482 0.39427083333333335 0.7027777777777777 0.39010416666666664 0.7287037037037037 0.3953125 0.7314814814814815 0.4 0.7185185185185186
5 0.30104166666666665 0.6342592592592593 0.29791666666666666 0.6259259259259259 0.2953125 0.6222222222222222 0.2921875 0.6240740740740741 0.2869791666666667 0.6435185185185185 0.290625 0.6462962962962963 0.30104166666666665 0.6425925925925926 0.30104166666666665 0.6342592592592593
5 0.19270833333333334 0.7592592592592593 0.1921875 0.7324074074074074 0.18958333333333333 0.7111111111111111 0.18541666666666667 0.7037037037037037 0.18333333333333332 0.7074074074074074 0.18333333333333332 0.7212962962962963 0.18125 0.7287037037037037 0.1796875 0.762962962962963 0.18697916666666667 0.7611111111111111 0.18958333333333333 0.7638888888888888 0.19270833333333334 0.7592592592592593
5 0.24791666666666667 0.7277777777777777 0.25 0.7222222222222222 0.246875 0.7092592592592593 0.2484375 0.6861111111111111 0.24166666666666667 0.674074074074074 0.23802083333333332 0.6777777777777778 0.23697916666666666 0.6861111111111111 0.23958333333333334 0.7129629629629629 0.24322916666666666 0.7277777777777777 0.24791666666666667 0.7277777777777777
4 0.4197916666666667 0.6972222222222222 0.42135416666666664 0.6935185185185185 0.4197916666666667 0.6546296296296297 0.4114583333333333 0.649074074074074 0.40677083333333336 0.6611111111111111 0.40572916666666664 0.6731481481481482 0.4078125 0.6796296296296296 0.4078125 0.6925925925925925 0.4197916666666667 0.6972222222222222
4 0.2682291666666667 0.6842592592592592 0.27239583333333334 0.6703703703703704 0.2713541666666667 0.637962962962963 0.2677083333333333 0.6296296296296297 0.259375 0.6296296296296297 0.25833333333333336 0.6833333333333333 0.259375 0.687037037037037 0.2625 0.687037037037037 0.2682291666666667 0.6842592592592592
4 0.3104166666666667 0.6351851851851852 0.30572916666666666 0.6287037037037037 0.29791666666666666 0.6453703703703704 0.296875 0.6703703703703704 0.3026041666666667 0.6768518518518518 0.3098958333333333 0.674074074074074 0.3104166666666667 0.6351851851851852
3 0.9609375 0.9666666666666667 0.9635416666666666 0.9675925925925926 0.9666666666666667 0.9629629629629629 0.9703125 0.9083333333333333 0.9625 0.887962962962963 0.9583333333333334 0.887962962962963 0.9505208333333334 0.9074074074074074 0.95 0.9138888888888889 0.9489583333333333 0.9361111111111111 0.9515625 0.9481481481481482 0.959375 0.9583333333333334 0.9609375 0.9666666666666667
5 0.21979166666666666 0.6888888888888889 0.22239583333333332 0.6888888888888889 0.22239583333333332 0.6583333333333333 0.21875 0.6462962962962963 0.215625 0.6444444444444445 0.21145833333333333 0.6574074074074074 0.20677083333333332 0.687037037037037 0.20885416666666667 0.6888888888888889 0.21666666666666667 0.6768518518518518 0.21979166666666666 0.6888888888888889
4 0.696875 0.6777777777777778 0.696875 0.6388888888888888 0.6932291666666667 0.6333333333333333 0.6822916666666666 0.6296296296296297 0.6796875 0.6361111111111111 0.675 0.6768518518518518 0.6880208333333333 0.6759259259259259 0.6932291666666667 0.6805555555555556 0.696875 0.6777777777777778
5 0.45260416666666664 0.7185185185185186 0.45625 0.6972222222222222 0.4510416666666667 0.6777777777777778 0.4473958333333333 0.6777777777777778 0.4453125 0.687962962962963 0.44375 0.7324074074074074 0.4515625 0.7351851851851852 0.45364583333333336 0.7314814814814815 0.45260416666666664 0.7185185185185186
5 0.4166666666666667 0.65 0.4109375 0.6351851851851852 0.4078125 0.6324074074074074 0.40625 0.6361111111111111 0.4041666666666667 0.6453703703703704 0.40625 0.6555555555555556 0.415625 0.6537037037037037 0.4166666666666667 0.65
5 0.2947916666666667 0.6444444444444445 0.2869791666666667 0.6444444444444445 0.2859375 0.6592592592592592 0.2864583333333333 0.6944444444444444 0.2984375 0.6925925925925925 0.2989583333333333 0.6518518518518519 0.2947916666666667 0.6444444444444445
4 0.8489583333333334 0.7666666666666667 0.8526041666666667 0.7333333333333333 0.8520833333333333 0.7157407407407408 0.8489583333333334 0.7055555555555556 0.8453125 0.7046296296296296 0.84375 0.7083333333333334 0.8411458333333334 0.7324074074074074 0.840625 0.7472222222222222 0.8442708333333333 0.7555555555555555 0.8427083333333333 0.7666666666666667 0.8489583333333334 0.7666666666666667