5 0.46770833333333334 0.7166666666666667 0.4703125 0.7222222222222222 0.478125 0.6648148148148149 0.47291666666666665 0.662962962962963 0.46458333333333335 0.675 0.45729166666666665 0.7203703703703703 0.46770833333333334 0.7166666666666667
4 0.022395833333333334 0.7490740740740741 0.03229166666666667 0.7361111111111112 0.0375 0.7342592592592593 0.0390625 0.7546296296296297 0.04583333333333333 0.7546296296296297 0.043229166666666666 0.7194444444444444 0.049479166666666664 0.6851851851851852 0.042708333333333334 0.6851851851851852 0.0359375 0.6962962962962963 0.028645833333333332 0.7277777777777777 0.021354166666666667 0.7388888888888889 0.020833333333333332 0.7481481481481481 0.022395833333333334 0.7490740740740741
3 0.63125 0.6759259259259259 0.6270833333333333 0.6935185185185185 0.6307291666666667 0.6972222222222222 0.634375 0.6851851851851852 0.6375 0.6888888888888889 0.6385416666666667 0.6962962962962963 0.6421875 0.6962962962962963 0.6447916666666667 0.6925925925925925 0.640625 0.6851851851851852 0.6390625 0.6657407407407407 0.6411458333333333 0.6564814814814814 0.6479166666666667 0.6574074074074074 0.6442708333333333 0.6518518518518519 0.6385416666666667 0.6259259259259259 0.6354166666666666 0.6222222222222222 0.6307291666666667 0.6259259259259259 0.6291666666666667 0.6370370370370371 0.6317708333333333 0.662962962962963 0.63125 0.6759259259259259
5 0.6864583333333333 0.6898148148148148 0.6890625 0.6953703703703704 0.6932291666666667 0.6925925925925925 0.6958333333333333 0.700925925925926 0.6984375 0.7018518518518518 0.7 0.6981481481481482 0.7 0.6425925925925926 0.6958333333333333 0.6407407407407407 0.6921875 0.6518518518518519 0.6885416666666667 0.687037037037037 0.6864583333333333 0.6898148148148148
4 0.5265625 0.7314814814814815 0.5291666666666667 0.737037037037037 0.5322916666666667 0.7342592592592593 0.5395833333333333 0.737037037037037 0.5411458333333333 0.7407407407407407 0.5463541666666667 0.7398148148148148 0.54375 0.7138888888888889 0.5453125 0.700925925925926 0.5421875 0.6898148148148148 0.5416666666666666 0.674074074074074 0.5369791666666667 0.6731481481481482 0.5338541666666666 0.6851851851851852 0.5338541666666666 0.712037037037037 0.5265625 0.7314814814814815
4 0.5447916666666667 0.6398148148148148 0.5489583333333333 0.6407407407407407 0.5520833333333334 0.6175925925925926 0.5552083333333333 0.6092592592592593 0.5526041666666667 0.5879629629629629 0.5484375 0.5824074074074074 0.5447916666666667 0.6046296296296296 0.5432291666666667 0.6351851851851852 0.5447916666666667 0.6398148148148148
2 0.3145833333333333 0.6231481481481481 0.3145833333333333 0.6407407407407407 0.3223958333333333 0.6416666666666667 0.32447916666666665 0.637962962962963 0.325 0.6018518518518519 0.32916666666666666 0.5925925925925926 0.33541666666666664 0.5953703703703703 0.3359375 0.5861111111111111 0.33177083333333335 0.5842592592592593 0.3260416666666667 0.5888888888888889 0.32447916666666665 0.5833333333333334 0.3203125 0.5833333333333334 0.31145833333333334 0.5888888888888889 0.3104166666666667 0.5972222222222222 0.3145833333333333 0.6231481481481481
4 0.5171875 0.6703703703703704 0.5182291666666666 0.6648148148148149 0.5223958333333333 0.6638888888888889 0.525 0.6685185185185185 0.5302083333333333 0.6657407407407407 0.5239583333333333 0.6425925925925926 0.5255208333333333 0.6296296296296297 0.5239583333333333 0.6148148148148148 0.5208333333333334 0.6129629629629629 0.5161458333333333 0.6194444444444445 0.5140625 0.6324074074074074 0.5125 0.6685185185185185 0.5171875 0.6703703703703704
5 0.4317708333333333 0.6657407407407407 0.434375 0.6620370370370371 0.43802083333333336 0.6296296296296297 0.44583333333333336 0.6231481481481481 0.4354166666666667 0.6037037037037037 0.43125 0.6037037037037037 0.4265625 0.6157407407407407 0.4270833333333333 0.6620370370370371 0.4317708333333333 0.6657407407407407
5 0.3651041666666667 0.6805555555555556 0.3723958333333333 0.6805555555555556 0.37447916666666664 0.6768518518518518 0.375 0.6648148148148149 0.3729166666666667 0.6222222222222222 0.36666666666666664 0.6231481481481481 0.3640625 0.6333333333333333 0.3640625 0.6777777777777778 0.3651041666666667 0.6805555555555556
4 0.9546875 0.7129629629629629 0.9598958333333333 0.7046296296296296 0.9625 0.712037037037037 0.9671875 0.7129629629629629 0.9671875 0.6805555555555556 0.9625 0.65 0.9583333333333334 0.65 0.9552083333333333 0.6574074074074074 0.9520833333333333 0.6787037037037037 0.9510416666666667 0.7111111111111111 0.9546875 0.7129629629629629
5 0.6333333333333333 0.6351851851851852 0.6390625 0.6351851851851852 0.6390625 0.6203703703703703 0.6416666666666667 0.6111111111111112 0.6380208333333334 0.6074074074074074 0.6369791666666667 0.5944444444444444 0.6348958333333333 0.5916666666666667 0.6322916666666667 0.5944444444444444 0.6291666666666667 0.6212962962962963 0.6302083333333334 0.6388888888888888 0.6333333333333333 0.6351851851851852
5 0.35208333333333336 0.7638888888888888 0.35625 0.7620370370370371 0.3609375 0.7731481481481481 0.36666666666666664 0.7703703703703704 0.3734375 0.7314814814814815 0.3697916666666667 0.7171296296296297 0.3703125 0.7046296296296296 0.36875 0.7018518518518518 0.3645833333333333 0.7037037037037037 0.359375 0.7203703703703703 0.359375 0.7396296296296296 0.35572916666666665 0.75 0.35 0.7546296296296297 0.3494791666666667 0.7592592592592593 0.35208333333333336 0.7638888888888888
0 0.6119791666666666 0.6472222222222223 0.61875 0.6462962962962963 0.61875 0.637962962962963 0.6104166666666667 0.6351851851851852 0.609375 0.6425925925925926 0.6119791666666666 0.6472222222222223
5 0.5104166666666666 0.6231481481481481 0.5151041666666667 0.6185185185185185 0.5208333333333334 0.5981481481481481 0.5140625 0.5805555555555556 0.5088541666666667 0.5824074074074074 0.5041666666666667 0.6 0.5104166666666666 0.6231481481481481
5 0.5489583333333333 0.6574074074074074 0.5572916666666666 0.6583333333333333 0.5630208333333333 0.6537037037037037 0.5598958333333334 0.6393518518518518 0.5609375 0.6259259259259259 0.5567708333333333 0.6055555555555555 0.5526041666666667 0.6037037037037037 0.5484375 0.6074074074074074 0.5442708333333334 0.625 0.54375 0.637962962962963 0.5489583333333333 0.6574074074074074
4 0.6776041666666667 0.7537037037037037 0.6817708333333333 0.7509259259259259 0.6864583333333333 0.7240740740740741 0.6833333333333333 0.6805555555555556 0.6817708333333333 0.6777777777777778 0.678125 0.6796296296296296 0.6739583333333333 0.6925925925925925 0.6729166666666667 0.7490740740740741 0.6776041666666667 0.7537037037037037
3 0.5432291666666667 0.5638888888888889 0.5416666666666666 0.5787037037037037 0.5510416666666667 0.5796296296296296 0.5515625 0.5472222222222223 0.5432291666666667 0.5453703703703704 0.5416666666666666 0.55 0.5411458333333333 0.5592592592592592 0.5432291666666667 0.5638888888888889
4 0.7682291666666666 0.6601851851851852 0.7708333333333334 0.6574074074074074 0.7729166666666667 0.6314814814814815 0.7729166666666667 0.6138888888888889 0.7708333333333334 0.6046296296296296 0.7671875 0.6027777777777777 0.765625 0.6055555555555555 0.7630208333333334 0.6268518518518519 0.7625 0.6583333333333333 0.7682291666666666 0.6601851851851852
4 0.6067708333333334 0.6453703703703704 0.6151041666666667 0.6435185185185185 0.6166666666666667 0.6416666666666667 0.6130208333333333 0.6287037037037037 0.6130208333333333 0.5972222222222222 0.6078125 0.5851851851851851 0.6036458333333333 0.5953703703703703 0.6026041666666667 0.6416666666666667 0.6067708333333334 0.6453703703703704
5 0.7453125 0.6388888888888888 0.7546875 0.6481481481481481 0.7552083333333334 0.6888888888888889 0.7625 0.6888888888888889 0.7651041666666667 0.6851851851851852 0.7630208333333334 0.6638888888888889 0.7692708333333333 0.6574074074074074 0.76875 0.6407407407407407 0.7635416666666667 0.6324074074074074 0.7557291666666667 0.6305555555555555 0.7520833333333333 0.6370370370370371 0.7453125 0.6388888888888888