4 0.20885416666666667 0.6555555555555556 0.2125 0.6537037037037037 0.215625 0.6462962962962963 0.21875 0.6148148148148148 0.21666666666666667 0.5990740740740741 0.21302083333333333 0.6 0.209375 0.6064814814814815 0.20677083333333332 0.6268518518518519 0.20572916666666666 0.6509259259259259 0.20885416666666667 0.6555555555555556
3 0.3609375 0.587037037037037 0.3651041666666667 0.5888888888888889 0.3671875 0.5842592592592593 0.36875 0.5564814814814815 0.36354166666666665 0.549074074074074 0.359375 0.5601851851851852 0.35885416666666664 0.5814814814814815 0.3609375 0.587037037037037
4 0.3885416666666667 0.6194444444444445 0.390625 0.6129629629629629 0.39010416666666664 0.5833333333333334 0.3859375 0.5722222222222222 0.3802083333333333 0.5796296296296296 0.3802083333333333 0.6148148148148148 0.3885416666666667 0.6194444444444445
4 0.45208333333333334 0.6861111111111111 0.4546875 0.6916666666666667 0.4630208333333333 0.6916666666666667 0.46510416666666665 0.6861111111111111 0.4671875 0.6416666666666667 0.46510416666666665 0.6351851851851852 0.46197916666666666 0.6342592592592593 0.4588541666666667 0.6453703703703704 0.4583333333333333 0.6601851851851852 0.45208333333333334 0.6861111111111111
5 0.17135416666666667 0.6574074074074074 0.1734375 0.662962962962963 0.17760416666666667 0.6620370370370371 0.1796875 0.637962962962963 0.1765625 0.6138888888888889 0.1734375 0.6111111111111112 0.16927083333333334 0.6203703703703703 0.16197916666666667 0.6611111111111111 0.17135416666666667 0.6574074074074074
5 0.5994791666666667 0.6657407407407407 0.603125 0.6685185185185185 0.6057291666666667 0.6592592592592592 0.6067708333333334 0.6287037037037037 0.603125 0.6157407407407407 0.5994791666666667 0.6157407407407407 0.5958333333333333 0.6268518518518519 0.5947916666666667 0.6342592592592593 0.5994791666666667 0.6657407407407407
5 0.8307291666666666 0.7064814814814815 0.8338541666666667 0.700925925925926 0.8322916666666667 0.6916666666666667 0.8369791666666667 0.6638888888888889 0.8333333333333334 0.6509259259259259 0.8296875 0.6481481481481481 0.8260416666666667 0.6648148148148149 0.8260416666666667 0.7046296296296296 0.8307291666666666 0.7064814814814815
4 0.5088541666666667 0.6564814814814814 0.5171875 0.6601851851851852 0.515625 0.6324074074074074 0.51875 0.6157407407407407 0.5135416666666667 0.6046296296296296 0.5098958333333333 0.6064814814814815 0.5072916666666667 0.6129629629629629 0.50625 0.6203703703703703 0.5088541666666667 0.6564814814814814
5 0.44583333333333336 0.6222222222222222 0.4510416666666667 0.6240740740740741 0.4557291666666667 0.5907407407407408 0.4510416666666667 0.5805555555555556 0.446875 0.5824074074074074 0.44479166666666664 0.5888888888888889 0.446875 0.6129629629629629 0.44583333333333336 0.6222222222222222
5 0.27395833333333336 0.7148148148148148 0.275 0.7175925925925926 0.2869791666666667 0.7185185185185186 0.2921875 0.6768518518518518 0.2911458333333333 0.662962962962963 0.2869791666666667 0.6620370370370371 0.28072916666666664 0.6759259259259259 0.28072916666666664 0.6972222222222222 0.27395833333333336 0.7148148148148148
4 0.14270833333333333 0.6694444444444444 0.14583333333333334 0.6694444444444444 0.15 0.6620370370370371 0.15677083333333333 0.6342592592592593 0.1546875 0.6092592592592593 0.146875 0.6203703703703703 0.14583333333333334 0.65 0.14270833333333333 0.6694444444444444
0 0.4041666666666667 0.6101851851851852 0.40572916666666664 0.5990740740740741 0.4036458333333333 0.5935185185185186 0.4 0.5944444444444444 0.39947916666666666 0.6083333333333333 0.4041666666666667 0.6101851851851852
4 0.23125 0.6231481481481481 0.24322916666666666 0.6277777777777778 0.25104166666666666 0.6240740740740741 0.253125 0.6092592592592593 0.2484375 0.6018518518518519 0.24375 0.6037037037037037 0.23125 0.6185185185185185 0.23125 0.6231481481481481
4 0.8609375 0.8064814814814815 0.8625 0.8009259259259259 0.8604166666666667 0.7407407407407407 0.8572916666666667 0.7268518518518519 0.8520833333333333 0.7287037037037037 0.8411458333333334 0.8018518518518518 0.8609375 0.8064814814814815
3 0.44427083333333334 0.6657407407407407 0.4473958333333333 0.6564814814814814 0.45208333333333334 0.6240740740740741 0.4505208333333333 0.6092592592592593 0.4473958333333333 0.6083333333333333 0.44635416666666666 0.6175925925925926 0.43802083333333336 0.6342592592592593 0.43645833333333334 0.6481481481481481 0.43072916666666666 0.6620370370370371 0.43125 0.6694444444444444 0.44427083333333334 0.6657407407407407
3 0.8838541666666667 0.6185185185185185 0.8911458333333333 0.6194444444444445 0.8921875 0.6148148148148148 0.8890625 0.6055555555555555 0.890625 0.5833333333333334 0.8848958333333333 0.5722222222222222 0.8822916666666667 0.5796296296296296 0.88125 0.5953703703703703 0.8838541666666667 0.6185185185185185
5 0.2515625 0.6138888888888889 0.2557291666666667 0.6175925925925926 0.259375 0.612037037037037 0.26197916666666665 0.5907407407407408 0.2625 0.575925925925926 0.2598958333333333 0.5666666666666667 0.25625 0.5694444444444444 0.2526041666666667 0.5805555555555556 0.25364583333333335 0.5907407407407408 0.2515625 0.6138888888888889
4 0.9807291666666667 0.6583333333333333 0.9822916666666667 0.6611111111111111 0.9885416666666667 0.6601851851851852 0.9921875 0.6462962962962963 0.9916666666666667 0.6333333333333333 0.9822916666666667 0.6074074074074074 0.9796875 0.6083333333333333 0.978125 0.6138888888888889 0.978125 0.6462962962962963 0.9807291666666667 0.6583333333333333
4 0.6390625 0.6935185185185185 0.6416666666666667 0.6972222222222222 0.6526041666666667 0.6990740740740741 0.6541666666666667 0.6972222222222222 0.6520833333333333 0.6814814814814815 0.653125 0.6555555555555556 0.6505208333333333 0.6435185185185185 0.646875 0.6425925925925926 0.6421875 0.6546296296296297 0.64375 0.6703703703703704 0.6390625 0.6935185185185185