5 0.43125 0.675 0.4322916666666667 0.6333333333333333 0.4270833333333333 0.6259259259259259 0.42291666666666666 0.6361111111111111 0.42604166666666665 0.6731481481481482 0.43125 0.675
5 0.3609375 0.6342592592592593 0.3651041666666667 0.6351851851851852 0.36770833333333336 0.6185185185185185 0.3671875 0.6046296296296296 0.3645833333333333 0.5944444444444444 0.359375 0.5972222222222222 0.35885416666666664 0.6277777777777778 0.3609375 0.6342592592592593
2 0.11875 0.6425925925925926 0.12604166666666666 0.6416666666666667 0.12760416666666666 0.637962962962963 0.12864583333333332 0.6 0.11927083333333334 0.5953703703703703 0.11614583333333334 0.600925925925926 0.11770833333333333 0.6398148148148148 0.11875 0.6425925925925926
4 0.7322916666666667 0.6638888888888889 0.7348958333333333 0.6592592592592592 0.7369791666666666 0.6314814814814815 0.7322916666666667 0.6166666666666667 0.728125 0.6185185185185185 0.7265625 0.6342592592592593 0.7260416666666667 0.6611111111111111 0.7322916666666667 0.6638888888888889
5 0.3026041666666667 0.7046296296296296 0.3067708333333333 0.6888888888888889 0.3072916666666667 0.6527777777777778 0.3026041666666667 0.6481481481481481 0.29739583333333336 0.6592592592592592 0.2994791666666667 0.6990740740740741 0.3026041666666667 0.7046296296296296
4 0.5333333333333333 0.6611111111111111 0.5333333333333333 0.6212962962962963 0.5291666666666667 0.6111111111111112 0.5260416666666666 0.6148148148148148 0.5239583333333333 0.6333333333333333 0.5234375 0.6574074074074074 0.5333333333333333 0.6611111111111111
4 0.7765625 0.7166666666666667 0.7796875 0.7194444444444444 0.7828125 0.7157407407407408 0.7854166666666667 0.6814814814814815 0.7848958333333333 0.6722222222222223 0.7807291666666667 0.6620370370370371 0.778125 0.6611111111111111 0.7760416666666666 0.6657407407407407 0.7739583333333333 0.6814814814814815 0.7744791666666667 0.7037037037037037 0.7765625 0.7166666666666667
4 0.5619791666666667 0.7944444444444444 0.5635416666666667 0.7972222222222223 0.5713541666666667 0.7962962962962963 0.5734375 0.7425925925925926 0.5640625 0.7268518518518519 0.5588541666666667 0.7453703703703703 0.5578125 0.7666666666666667 0.5619791666666667 0.7944444444444444
4 0.415625 0.7194444444444444 0.415625 0.7277777777777777 0.4197916666666667 0.7314814814814815 0.4234375 0.7231481481481481 0.42552083333333335 0.6916666666666667 0.4244791666666667 0.6777777777777778 0.41770833333333335 0.6703703703703704 0.4119791666666667 0.6851851851851852 0.4109375 0.7046296296296296 0.415625 0.7194444444444444
4 0.3921875 0.7601851851851852 0.39479166666666665 0.7453703703703703 0.39791666666666664 0.7416666666666667 0.40208333333333335 0.7490740740740741 0.4036458333333333 0.7583333333333333 0.4078125 0.7592592592592593 0.4041666666666667 0.7129629629629629 0.3963541666666667 0.7129629629629629 0.39114583333333336 0.7296296296296296 0.3885416666666667 0.7611111111111111 0.3921875 0.7601851851851852
4 0.3885416666666667 0.6407407407407407 0.3927083333333333 0.6407407407407407 0.3963541666666667 0.6342592592592593 0.39479166666666665 0.6231481481481481 0.3958333333333333 0.6027777777777777 0.3885416666666667 0.5925925925925926 0.38333333333333336 0.6027777777777777 0.38385416666666666 0.6351851851851852 0.3885416666666667 0.6407407407407407
5 0.3296875 0.6555555555555556 0.3333333333333333 0.65 0.33489583333333334 0.6351851851851852 0.3333333333333333 0.6037037037037037 0.32864583333333336 0.6055555555555555 0.3234375 0.6259259259259259 0.3229166666666667 0.65 0.3296875 0.6555555555555556
3 0.4671875 0.5787037037037037 0.46979166666666666 0.575925925925926 0.4708333333333333 0.5527777777777778 0.4666666666666667 0.5472222222222223 0.4630208333333333 0.5564814814814815 0.4625 0.575925925925926 0.4671875 0.5787037037037037
5 0.321875 0.6990740740740741 0.3260416666666667 0.6990740740740741 0.32916666666666666 0.687037037037037 0.33229166666666665 0.6518518518518519 0.3260416666666667 0.6481481481481481 0.3203125 0.6555555555555556 0.3203125 0.6953703703703704 0.321875 0.6990740740740741
0 0.4276041666666667 0.7666666666666667 0.4296875 0.762962962962963 0.42864583333333334 0.7490740740740741 0.42083333333333334 0.7490740740740741 0.42135416666666664 0.7657407407407407 0.4276041666666667 0.7666666666666667
3 0.8869791666666667 0.887962962962963 0.8895833333333333 0.8916666666666667 0.8916666666666667 0.9120370370370371 0.89375 0.9055555555555556 0.8994791666666667 0.9111111111111111 0.9 0.9175925925925926 0.9036458333333334 0.9166666666666666 0.9072916666666667 0.8574074074074074 0.9 0.8342592592592593 0.8958333333333334 0.8333333333333334 0.890625 0.8453703703703703 0.8875 0.8694444444444445 0.8885416666666667 0.8814814814814815 0.8869791666666667 0.887962962962963
5 0.3177083333333333 0.6537037037037037 0.31979166666666664 0.6537037037037037 0.321875 0.65 0.32135416666666666 0.6342592592592593 0.32395833333333335 0.6185185185185185 0.31875 0.6046296296296296 0.31354166666666666 0.6111111111111112 0.3140625 0.6444444444444445 0.3177083333333333 0.6537037037037037
4 0.3255208333333333 0.6675925925925926 0.3296875 0.6712962962962963 0.3333333333333333 0.6546296296296297 0.334375 0.6240740740740741 0.3307291666666667 0.6064814814814815 0.3234375 0.6268518518518519 0.3229166666666667 0.6592592592592592 0.3255208333333333 0.6675925925925926
4 0.3953125 0.6435185185185185 0.4 0.6444444444444445 0.4036458333333333 0.6416666666666667 0.40208333333333335 0.6259259259259259 0.403125 0.6037037037037037 0.39791666666666664 0.5990740740740741 0.39427083333333335 0.6018518518518519 0.3921875 0.6157407407407407 0.3953125 0.6435185185185185
5 0.3848958333333333 0.637962962962963 0.3880208333333333 0.6527777777777778 0.3859375 0.6611111111111111 0.39375 0.6666666666666666 0.3958333333333333 0.6638888888888889 0.39739583333333334 0.6342592592592593 0.39375 0.6222222222222222 0.38645833333333335 0.6231481481481481 0.3875 0.6277777777777778 0.3848958333333333 0.637962962962963
5 0.3697916666666667 0.7555555555555555 0.37447916666666664 0.7574074074074074 0.378125 0.7546296296296297 0.3802083333333333 0.7444444444444445 0.38125 0.7 0.3765625 0.6842592592592592 0.3723958333333333 0.687962962962963 0.36822916666666666 0.6990740740740741 0.3692708333333333 0.7518518518518519 0.3697916666666667 0.7555555555555555
4 0.26510416666666664 0.6648148148148149 0.2635416666666667 0.674074074074074 0.2760416666666667 0.6935185185185185 0.28177083333333336 0.662962962962963 0.28125 0.6527777777777778 0.27760416666666665 0.6425925925925926 0.271875 0.6388888888888888 0.2708333333333333 0.6342592592592593 0.2671875 0.637962962962963 0.2635416666666667 0.6564814814814814 0.26510416666666664 0.6648148148148149
3 0.8651041666666667 0.6083333333333333 0.8703125 0.587037037037037 0.8708333333333333 0.5712962962962963 0.86875 0.5657407407407408 0.8609375 0.5648148148148148 0.8567708333333334 0.5768518518518518 0.8598958333333333 0.600925925925926 0.8651041666666667 0.6083333333333333