3 0.9078125 0.9444444444444444 0.9145833333333333 0.9277777777777778 0.9208333333333333 0.925 0.9270833333333334 0.9472222222222222 0.93125 0.9472222222222222 0.9270833333333334 0.8842592592592593 0.9197916666666667 0.8712962962962963 0.9161458333333333 0.8712962962962963 0.9119791666666667 0.8842592592592593 0.9109375 0.9018518518518519 0.9067708333333333 0.9175925925925926 0.8958333333333334 0.9231481481481482 0.8947916666666667 0.9351851851851852 0.8994791666666667 0.937037037037037 0.9036458333333334 0.9462962962962963 0.9078125 0.9444444444444444
3 0.24947916666666667 0.5916666666666667 0.24427083333333333 0.5907407407407408 0.24166666666666667 0.5953703703703703 0.240625 0.6185185185185185 0.2484375 0.6185185185185185 0.25 0.6148148148148148 0.24947916666666667 0.5916666666666667
5 0.3984375 0.7314814814814815 0.40208333333333335 0.700925925925926 0.3963541666666667 0.6796296296296296 0.390625 0.6888888888888889 0.38177083333333334 0.7185185185185186 0.38385416666666666 0.7240740740740741 0.3963541666666667 0.7342592592592593 0.3984375 0.7314814814814815
4 0.06614583333333333 0.8037037037037037 0.08229166666666667 0.8101851851851852 0.08385416666666666 0.8046296296296296 0.08020833333333334 0.7851851851851852 0.08489583333333334 0.7694444444444445 0.08020833333333334 0.7435185185185185 0.07604166666666666 0.7425925925925926 0.0640625 0.7703703703703704 0.0640625 0.7768518518518519 0.06822916666666666 0.775 0.0703125 0.787962962962963 0.06614583333333333 0.8037037037037037
4 0.3880208333333333 0.7953703703703704 0.38697916666666665 0.7509259259259259 0.3802083333333333 0.7379629629629629 0.37395833333333334 0.7537037037037037 0.3776041666666667 0.8018518518518518 0.3807291666666667 0.8064814814814815 0.3854166666666667 0.8046296296296296 0.3880208333333333 0.7953703703703704
4 0.48125 0.6111111111111112 0.47708333333333336 0.6092592592592593 0.4739583333333333 0.6194444444444445 0.4744791666666667 0.6453703703703704 0.4822916666666667 0.6462962962962963 0.48385416666666664 0.637962962962963 0.48125 0.6111111111111112
4 0.7166666666666667 0.6777777777777778 0.7182291666666667 0.6620370370370371 0.7161458333333334 0.6444444444444445 0.7125 0.6425925925925926 0.7098958333333333 0.6509259259259259 0.7057291666666666 0.6805555555555556 0.7083333333333334 0.6907407407407408 0.7130208333333333 0.6888888888888889 0.7166666666666667 0.6777777777777778
5 0.2359375 0.6453703703703704 0.23541666666666666 0.6185185185185185 0.2328125 0.6111111111111112 0.228125 0.6138888888888889 0.22395833333333334 0.6268518518518519 0.2203125 0.6453703703703704 0.22239583333333332 0.6444444444444445 0.22760416666666666 0.6537037037037037 0.2359375 0.6453703703703704
4 0.5130208333333334 0.6268518518518519 0.5109375 0.6027777777777777 0.5046875 0.5962962962962963 0.5010416666666667 0.6055555555555555 0.5005208333333333 0.6296296296296297 0.5067708333333333 0.6277777777777778 0.5109375 0.6305555555555555 0.5130208333333334 0.6268518518518519
5 0.18229166666666666 0.6388888888888888 0.178125 0.6425925925925926 0.16927083333333334 0.6759259259259259 0.1703125 0.6842592592592592 0.18229166666666666 0.6833333333333333 0.18385416666666668 0.6694444444444444 0.18229166666666666 0.6388888888888888
4 0.7114583333333333 0.637962962962963 0.7098958333333333 0.6138888888888889 0.7046875 0.6064814814814815 0.7 0.6092592592592593 0.7 0.6222222222222222 0.703125 0.6342592592592593 0.7078125 0.6388888888888888 0.7114583333333333 0.637962962962963
5 0.30416666666666664 0.6546296296296297 0.3026041666666667 0.6407407407407407 0.29791666666666666 0.6444444444444445 0.29270833333333335 0.6731481481481482 0.2947916666666667 0.6851851851851852 0.29791666666666666 0.6888888888888889 0.3026041666666667 0.6861111111111111 0.30416666666666664 0.6546296296296297
0 0.6541666666666667 0.6324074074074074 0.6510416666666666 0.6333333333333333 0.65 0.6435185185185185 0.6541666666666667 0.6462962962962963 0.65625 0.6388888888888888 0.6541666666666667 0.6324074074074074
4 0.3416666666666667 0.6092592592592593 0.34010416666666665 0.6138888888888889 0.33958333333333335 0.65 0.3494791666666667 0.6527777777777778 0.3489583333333333 0.6175925925925926 0.3416666666666667 0.6092592592592593
4 0.31197916666666664 0.6305555555555555 0.31354166666666666 0.5916666666666667 0.3104166666666667 0.5851851851851851 0.3078125 0.5851851851851851 0.30416666666666664 0.5953703703703703 0.30416666666666664 0.6277777777777778 0.30625 0.6324074074074074 0.3104166666666667 0.6324074074074074 0.31197916666666664 0.6305555555555555
4 0.5333333333333333 0.612037037037037 0.5333333333333333 0.5953703703703703 0.5296875 0.5888888888888889 0.5239583333333333 0.5944444444444444 0.5229166666666667 0.6046296296296296 0.525 0.6194444444444445 0.5291666666666667 0.625 0.5333333333333333 0.612037037037037
4 0.23489583333333333 0.6166666666666667 0.23177083333333334 0.6092592592592593 0.22552083333333334 0.6185185185185185 0.21927083333333333 0.6425925925925926 0.228125 0.6527777777777778 0.2359375 0.6425925925925926 0.23489583333333333 0.6166666666666667
5 0.3015625 0.6018518518518519 0.30052083333333335 0.5944444444444444 0.296875 0.5935185185185186 0.29270833333333335 0.6074074074074074 0.2921875 0.6296296296296297 0.2942708333333333 0.6333333333333333 0.2984375 0.6324074074074074 0.3015625 0.6018518518518519
4 0.5536458333333333 0.5916666666666667 0.5484375 0.5851851851851851 0.5442708333333334 0.5935185185185186 0.5458333333333333 0.6259259259259259 0.5546875 0.6268518518518519 0.5557291666666667 0.6037037037037037 0.5536458333333333 0.5916666666666667
4 0.5901041666666667 0.5851851851851851 0.5854166666666667 0.5833333333333334 0.5833333333333334 0.5861111111111111 0.5828125 0.6101851851851852 0.5875 0.6138888888888889 0.5901041666666667 0.6037037037037037 0.5901041666666667 0.5851851851851851
4 0.5994791666666667 0.5879629629629629 0.5953125 0.5898148148148148 0.5942708333333333 0.5916666666666667 0.5994791666666667 0.5981481481481481 0.5994791666666667 0.5879629629629629
3 0.3807291666666667 0.6657407407407407 0.3828125 0.625 0.3776041666666667 0.6231481481481481 0.37395833333333334 0.6351851851851852 0.3734375 0.6518518518518519 0.3692708333333333 0.662962962962963 0.37864583333333335 0.6675925925925926 0.3807291666666667 0.6657407407407407
5 0.5369791666666667 0.6472222222222223 0.5390625 0.637962962962963 0.5395833333333333 0.6148148148148148 0.5338541666666666 0.6074074074074074 0.5296875 0.6138888888888889 0.528125 0.6259259259259259 0.5296875 0.6425925925925926 0.5338541666666666 0.65 0.5369791666666667 0.6472222222222223
5 0.49166666666666664 0.637962962962963 0.48802083333333335 0.6342592592592593 0.48489583333333336 0.6388888888888888 0.48385416666666664 0.6546296296296297 0.4786458333333333 0.6694444444444444 0.4901041666666667 0.6777777777777778 0.49166666666666664 0.637962962962963
5 0.16979166666666667 0.675 0.16614583333333333 0.6805555555555556 0.1625 0.6953703703703704 0.16145833333333334 0.7212962962962963 0.16927083333333334 0.725 0.17447916666666666 0.6768518518518518 0.16979166666666667 0.675
4 0.5380208333333333 0.625 0.540625 0.6212962962962963 0.5427083333333333 0.600925925925926 0.5416666666666666 0.5907407407407408 0.5364583333333334 0.5842592592592593 0.5338541666666666 0.5953703703703703 0.5338541666666666 0.6092592592592593 0.534375 0.6203703703703703 0.5380208333333333 0.625
4 0.29583333333333334 0.7212962962962963 0.29583333333333334 0.7046296296296296 0.3026041666666667 0.6842592592592592 0.29583333333333334 0.6712962962962963 0.28854166666666664 0.6842592592592592 0.2869791666666667 0.6953703703703704 0.28802083333333334 0.7203703703703703 0.2942708333333333 0.7240740740740741 0.29583333333333334 0.7212962962962963