5 0.5447916666666667 0.6537037037037037 0.5427083333333333 0.6064814814814815 0.5369791666666667 0.6037037037037037 0.5359375 0.6074074074074074 0.534375 0.6317898148148148 0.5307291666666667 0.65 0.5322916666666667 0.6537037037037037 0.5447916666666667 0.6537037037037037
5 0.659375 0.6703703703703704 0.6598958333333333 0.6370370370370371 0.6578125 0.625 0.6541666666666667 0.6268518518518519 0.6505208333333333 0.6416666666666667 0.6515625 0.6675925925925926 0.6494791666666667 0.6814814814814815 0.6625 0.6824074074074075 0.659375 0.6703703703703704
5 0.8869791666666667 0.700925925925926 0.8885416666666667 0.6916666666666667 0.8885416666666667 0.6564814814814814 0.884375 0.6453703703703704 0.8723958333333334 0.662962962962963 0.86875 0.7194444444444444 0.8807291666666667 0.7203703703703703 0.8833333333333333 0.7037037037037037 0.8869791666666667 0.700925925925926
5 0.3359375 0.7046296296296296 0.33489583333333334 0.6537037037037037 0.3296875 0.6407407407407407 0.3260416666666667 0.6398148148148148 0.321875 0.6462962962962963 0.3234375 0.6509259259259259 0.3171875 0.6685185185185185 0.3171875 0.675 0.3255208333333333 0.6842592592592592 0.3255208333333333 0.7046296296296296 0.3359375 0.7046296296296296
5 0.5838541666666667 0.7555555555555555 0.5875 0.7490740740740741 0.5864583333333333 0.7388888888888889 0.5932291666666667 0.7083333333333334 0.590625 0.6944444444444444 0.5838541666666667 0.6888888888888889 0.5796875 0.6916666666666667 0.5755208333333334 0.7064814814814815 0.575 0.7203703703703703 0.5791666666666667 0.7296296296296296 0.5796875 0.7527777777777778 0.5838541666666667 0.7555555555555555
4 0.353125 0.7638888888888888 0.3572916666666667 0.7657407407407407 0.35885416666666664 0.762962962962963 0.35989583333333336 0.7324074074074074 0.36354166666666665 0.7240740740740741 0.3614583333333333 0.7064814814814815 0.3572916666666667 0.6935185185185185 0.35260416666666666 0.6962962962962963 0.34739583333333335 0.7157407407407408 0.346875 0.725 0.35104166666666664 0.7398148148148148 0.3489583333333333 0.7564814814814815 0.353125 0.7638888888888888
3 0.6401041666666667 0.6064814814814815 0.6416666666666667 0.5916666666666667 0.6385416666666667 0.5666666666666667 0.634375 0.562962962962963 0.6317708333333333 0.587037037037037 0.6328125 0.6064814814814815 0.6348958333333333 0.6092592592592593 0.6401041666666667 0.6064814814814815
4 0.8078125 0.6046296296296296 0.803125 0.5972222222222222 0.7973958333333333 0.6018518518518519 0.7979166666666667 0.6287037037037037 0.8041666666666667 0.6324074074074074 0.80625 0.6287037037037037 0.8078125 0.6046296296296296
1 0.15416666666666667 0.674074074074074 0.15208333333333332 0.6611111111111111 0.15520833333333334 0.6361111111111111 0.15052083333333333 0.6175925925925926 0.146875 0.6194444444444445 0.14427083333333332 0.6333333333333333 0.14375 0.6555555555555556 0.140625 0.674074074074074 0.1421875 0.6768518518518518 0.15416666666666667 0.674074074074074
0 0.321875 0.6611111111111111 0.3177083333333333 0.662962962962963 0.31614583333333335 0.6759259259259259 0.3223958333333333 0.6787037037037037 0.32395833333333335 0.6731481481481482 0.321875 0.6611111111111111
5 0.41354166666666664 0.6435185185185185 0.4119791666666667 0.6333333333333333 0.4046875 0.6194444444444445 0.40208333333333335 0.6222222222222222 0.4005208333333333 0.6314814814814815 0.40208333333333335 0.6694444444444444 0.4036458333333333 0.6731481481481482 0.4119791666666667 0.6731481481481482 0.41354166666666664 0.6435185185185185
3 0.7286458333333333 0.6851851851851852 0.73125 0.6712962962962963 0.7395833333333334 0.6833333333333333 0.7416666666666667 0.6824074074074075 0.7338541666666667 0.6351851851851852 0.7270833333333333 0.6277777777777778 0.721875 0.6388888888888888 0.7208333333333333 0.6509259259259259 0.7229166666666667 0.6574074074074074 0.7234375 0.6842592592592592 0.7286458333333333 0.6851851851851852
4 0.4635416666666667 0.6694444444444444 0.4666666666666667 0.6768518518518518 0.4703125 0.6768518518518518 0.4713541666666667 0.6731481481481482 0.46770833333333334 0.6620370370370371 0.46770833333333334 0.65 0.4708333333333333 0.6462962962962963 0.46822916666666664 0.6444444444444445 0.4661458333333333 0.6351851851851852 0.4666666666666667 0.625 0.4625 0.6240740740740741 0.4588541666666667 0.6333333333333333 0.45364583333333336 0.674074074074074 0.45677083333333335 0.6768518518518518 0.4609375 0.6694444444444444 0.4635416666666667 0.6694444444444444
4 0.828125 0.7046296296296296 0.8375 0.7083333333333334 0.840625 0.7 0.8416666666666667 0.6685185185185185 0.8458333333333333 0.6537037037037037 0.8375 0.6509259259259259 0.834375 0.6462962962962963 0.8291666666666667 0.6481481481481481 0.825 0.6453703703703704 0.8234375 0.6462962962962963 0.8296875 0.6555555555555556 0.83125 0.6675925925925926 0.828125 0.7046296296296296
4 0.878125 0.8333333333333334 0.8848958333333333 0.8324074074074074 0.8875 0.8268518518518518 0.8875 0.8166666666666667 0.8848958333333333 0.8083333333333333 0.8875 0.787962962962963 0.8869791666666667 0.7675925925925926 0.8802083333333334 0.75 0.8755208333333333 0.7518518518518519 0.8739583333333333 0.7620370370370371 0.8729166666666667 0.7944444444444444 0.8760416666666667 0.8092592592592592 0.875 0.8296296296296296 0.878125 0.8333333333333334
4 0.65 0.6157407407407407 0.6484375 0.5935185185185186 0.6458333333333334 0.5907407407407408 0.6390625 0.5935185185185186 0.6380208333333334 0.6064814814814815 0.6411458333333333 0.6231481481481481 0.6484375 0.625 0.65 0.6157407407407407
5 0.8463541666666666 0.6537037037037037 0.8479166666666667 0.6509259259259259 0.8489583333333334 0.6185185185185185 0.8458333333333333 0.6064814814814815 0.840625 0.6148148148148148 0.840625 0.6416666666666667 0.8338541666666667 0.6462962962962963 0.8338541666666667 0.65 0.8463541666666666 0.6537037037037037
4 0.16822916666666668 0.6731481481481482 0.165625 0.65 0.1609375 0.6481481481481481 0.15364583333333334 0.6574074074074074 0.153125 0.6759259259259259 0.1546875 0.6805555555555556 0.16302083333333334 0.6814814814814815 0.16822916666666668 0.6731481481481482
5 0.9151041666666667 0.7351851851851852 0.9072916666666667 0.7212962962962963 0.903125 0.7194444444444444 0.9015625 0.7231481481481481 0.8963541666666667 0.7842592592592592 0.9083333333333333 0.7861111111111111 0.9114583333333334 0.7490740740740741 0.9151041666666667 0.7351851851851852
4 0.32708333333333334 0.6518518518518519 0.33177083333333335 0.6481481481481481 0.3307291666666667 0.6277777777777778 0.3328125 0.6111111111111112 0.3296875 0.6046296296296296 0.325 0.6074074074074074 0.321875 0.6185185185185185 0.3234375 0.6314814814814815 0.3223958333333333 0.6462962962962963 0.32708333333333334 0.6518518518518519
4 0.5890625 0.6527777777777778 0.5859375 0.6527777777777778 0.5822916666666667 0.6583333333333333 0.5791666666666667 0.6731481481481482 0.5791666666666667 0.6972222222222222 0.5895833333333333 0.7018518518518518 0.5911458333333334 0.6731481481481482 0.5890625 0.6527777777777778
4 0.6703125 0.7555555555555555 0.6723958333333333 0.7601851851851852 0.678125 0.7592592592592593 0.6739583333333333 0.7407407407407407 0.671875 0.6990740740740741 0.6697916666666667 0.6953703703703704 0.6640625 0.7055555555555556 0.6614583333333334 0.7351851851851852 0.6609375 0.7592592592592593 0.6661458333333333 0.7592592592592593 0.6671875 0.7555555555555555 0.6703125 0.7555555555555555
5 0.7005208333333334 0.6962962962962963 0.7020833333333333 0.6685185185185185 0.6979166666666666 0.6546296296296297 0.6942708333333333 0.6601851851851852 0.6927083333333334 0.6833333333333333 0.6921875 0.7129629629629629 0.7036458333333333 0.712037037037037 0.7052083333333333 0.7083333333333334 0.7005208333333334 0.6962962962962963
5 0.8885416666666667 0.7018518518518518 0.8890625 0.6953703703703704 0.8895833333333333 0.6574074074074074 0.884375 0.6444444444444445 0.8802083333333334 0.6527777777777778 0.8796875 0.6962962962962963 0.8822916666666667 0.7027777777777777 0.8859375 0.7037037037037037 0.8885416666666667 0.7018518518518518
5 0.33697916666666666 0.5814814814814815 0.3390625 0.575925925925926 0.3380208333333333 0.562037037037037 0.334375 0.5546296296296296 0.328125 0.5583333333333333 0.32916666666666666 0.5916666666666667 0.3338541666666667 0.5990740740740741 0.33697916666666666 0.5935185185185186 0.33697916666666666 0.5814814814814815