5 0.5484375 0.675 0.5526041666666667 0.6861111111111111 0.5567708333333333 0.6851851851851852 0.5604166666666667 0.6768518518518518 0.5572916666666666 0.6657407407407407 0.55625 0.65 0.55 0.6370370370370371 0.5453125 0.6361111111111111 0.5442708333333334 0.6462962962962963 0.5484375 0.675
5 0.3932291666666667 0.649074074074074 0.396875 0.65 0.3984375 0.6462962962962963 0.39895833333333336 0.6148148148148148 0.3958333333333333 0.600925925925926 0.39010416666666664 0.5981481481481481 0.3854166666666667 0.6074074074074074 0.3921875 0.6453703703703704 0.3932291666666667 0.649074074074074
4 0.20104166666666667 0.7046296296296296 0.20729166666666668 0.7037037037037037 0.20885416666666667 0.7018518518518518 0.20885416666666667 0.662962962962963 0.20677083333333332 0.6462962962962963 0.2015625 0.6444444444444445 0.196875 0.6574074074074074 0.19947916666666668 0.7018518518518518 0.20104166666666667 0.7046296296296296
5 0.70625 0.7287037037037037 0.7046875 0.7601851851851852 0.7088541666666667 0.7638888888888888 0.7140625 0.7564814814814815 0.7125 0.75 0.7166666666666667 0.7296296296296296 0.7072916666666667 0.7092592592592593 0.703125 0.7074074074074074 0.7015625 0.7101851851851851 0.7015625 0.7166666666666667 0.70625 0.7287037037037037
4 0.6411458333333333 0.6268518518518519 0.65 0.6407407407407407 0.6552083333333333 0.600925925925926 0.6505208333333333 0.5898148148148148 0.6442708333333333 0.6 0.6447916666666667 0.6148148148148148 0.6411458333333333 0.6268518518518519
3 0.478125 0.6611111111111111 0.4859375 0.6601851851851852 0.4901041666666667 0.6675925925925926 0.49114583333333334 0.6611111111111111 0.48802083333333335 0.6462962962962963 0.490625 0.6324074074074074 0.4901041666666667 0.6212962962962963 0.48333333333333334 0.5990740740740741 0.4796875 0.6 0.4796875 0.6148148148148148 0.47760416666666666 0.6231481481481481 0.4765625 0.6574074074074074 0.478125 0.6611111111111111
5 0.8046875 0.687037037037037 0.8114583333333333 0.6787037037037037 0.8119791666666667 0.6435185185185185 0.8067708333333333 0.6296296296296297 0.8036458333333333 0.6314814814814815 0.8020833333333334 0.6407407407407407 0.8020833333333334 0.6851851851851852 0.8046875 0.687037037037037
5 0.3145833333333333 0.6851851851851852 0.3182291666666667 0.687962962962963 0.32395833333333335 0.6842592592592592 0.32916666666666666 0.687962962962963 0.3328125 0.6851851851851852 0.3302083333333333 0.674074074074074 0.3328125 0.6537037037037037 0.33177083333333335 0.6398148148148148 0.3302083333333333 0.6351851851851852 0.3255208333333333 0.6388888888888888 0.3223958333333333 0.6620370370370371 0.3145833333333333 0.6851851851851852
4 0.48802083333333335 0.7435185185185185 0.4901041666666667 0.7481481481481481 0.5020833333333333 0.75 0.5052083333333334 0.725 0.5125 0.7083333333333334 0.5104166666666666 0.6861111111111111 0.5052083333333334 0.6851851851851852 0.4979166666666667 0.7 0.49635416666666665 0.7277777777777777 0.48802083333333335 0.7435185185185185
4 0.38697916666666665 0.6083333333333333 0.3885416666666667 0.6101851851851852 0.3953125 0.6037037037037037 0.39739583333333334 0.5768518518518518 0.3927083333333333 0.5703703703703704 0.3875 0.575925925925926 0.38645833333333335 0.5925925925925926 0.38697916666666665 0.6083333333333333
5 0.7833333333333333 0.6620370370370371 0.7869791666666667 0.6620370370370371 0.790625 0.6574074074074074 0.7921875 0.6203703703703703 0.7885416666666667 0.6083333333333333 0.7848958333333333 0.6092592592592593 0.7822916666666667 0.6194444444444445 0.7817708333333333 0.6583333333333333 0.7833333333333333 0.6620370370370371
4 0.09322916666666667 0.6648148148148149 0.10364583333333334 0.662962962962963 0.10729166666666666 0.6657407407407407 0.10833333333333334 0.6574074074074074 0.10677083333333333 0.6537037037037037 0.109375 0.6425925925925926 0.10729166666666666 0.6138888888888889 0.10364583333333334 0.6129629629629629 0.09947916666666666 0.625 0.09791666666666667 0.6444444444444445 0.09322916666666667 0.6648148148148149
5 0.5255208333333333 0.637962962962963 0.5291666666666667 0.6064814814814815 0.5286458333333334 0.5990740740740741 0.525 0.5907407407407408 0.5208333333333334 0.5916666666666667 0.5192708333333333 0.600925925925926 0.5213541666666667 0.6416666666666667 0.5255208333333333 0.637962962962963
4 0.4786458333333333 0.6083333333333333 0.48125 0.6148148148148148 0.4859375 0.6148148148148148 0.4859375 0.5796296296296296 0.4828125 0.5740740740740741 0.47760416666666666 0.575925925925926 0.4765625 0.5851851851851851 0.4786458333333333 0.6083333333333333
5 0.359375 0.6231481481481481 0.365625 0.6314814814814815 0.36822916666666666 0.6277777777777778 0.3729166666666667 0.5990740740740741 0.36875 0.5842592592592593 0.3614583333333333 0.5981481481481481 0.3619791666666667 0.6129629629629629 0.359375 0.6231481481481481
5 0.6421875 0.6268518518518519 0.6395833333333333 0.6203703703703703 0.6416666666666667 0.5944444444444444 0.6385416666666667 0.5814814814814815 0.6322916666666667 0.5861111111111111 0.6276041666666666 0.6111111111111112 0.6270833333333333 0.6259259259259259 0.6421875 0.6268518518518519
4 0.4708333333333333 0.6925925925925925 0.4744791666666667 0.6925925925925925 0.47604166666666664 0.6898148148148148 0.4734375 0.6722222222222223 0.47552083333333334 0.6620370370370371 0.4744791666666667 0.6481481481481481 0.4713541666666667 0.6370370370370371 0.46822916666666664 0.637962962962963 0.4635416666666667 0.6564814814814814 0.4708333333333333 0.6925925925925925
3 0.978125 0.9814814814814815 0.9807291666666667 0.9666666666666667 0.9869791666666666 0.9666666666666667 0.9942708333333333 0.9851851851851852 0.9963541666666667 0.9657407407407408 0.9953125 0.9490740740740741 0.9994791666666667 0.9314814814814815 0.9994791666666667 0.9074074074074074 0.996875 0.9055555555555556 0.9901041666666667 0.8851851851851852 0.9859375 0.887962962962963 0.9765625 0.9314814814814815 0.9791666666666666 0.9407407407407408 0.9739583333333334 0.9712962962962963 0.9739583333333334 0.9851851851851852 0.978125 0.9814814814814815
3 0.24010416666666667 0.5953703703703703 0.24375 0.5916666666666667 0.24375 0.5814814814814815 0.25052083333333336 0.5675925925925925 0.25 0.5601851851851852 0.24010416666666667 0.5518518518518518 0.23645833333333333 0.5574074074074075 0.2375 0.5916666666666667 0.24010416666666667 0.5953703703703703
5 0.4510416666666667 0.6166666666666667 0.4552083333333333 0.6148148148148148 0.4583333333333333 0.5833333333333334 0.45677083333333335 0.575 0.4505208333333333 0.5722222222222222 0.4473958333333333 0.575925925925926 0.4510416666666667 0.6166666666666667
0 0.271875 0.6472222222222223 0.27395833333333336 0.6425925925925926 0.27239583333333334 0.6314814814814815 0.26979166666666665 0.6296296296296297 0.26614583333333336 0.6333333333333333 0.26458333333333334 0.6435185185185185 0.271875 0.6472222222222223
4 0.6036458333333333 0.6129629629629629 0.6083333333333333 0.6064814814814815 0.6109375 0.5907407407407408 0.6104166666666667 0.575925925925926 0.6072916666666667 0.5666666666666667 0.6026041666666667 0.5740740740740741 0.6010416666666667 0.5888888888888889 0.6005208333333333 0.6037037037037037 0.6036458333333333 0.6129629629629629
4 0.4276041666666667 0.6453703703703704 0.43072916666666666 0.6416666666666667 0.43385416666666665 0.6259259259259259 0.4348958333333333 0.6046296296296296 0.43333333333333335 0.5953703703703703 0.4265625 0.5953703703703703 0.4234375 0.6064814814814815 0.425 0.6425925925925926 0.4276041666666667 0.6453703703703704
4 0.26458333333333334 0.6305555555555555 0.2635416666666667 0.6435185185185185 0.2713541666666667 0.6462962962962963 0.2734375 0.6425925925925926 0.275 0.6240740740740741 0.27395833333333336 0.6055555555555555 0.2708333333333333 0.5953703703703703 0.2671875 0.5953703703703703 0.2635416666666667 0.6046296296296296 0.259375 0.6175925925925926 0.26458333333333334 0.6305555555555555
3 0.565625 0.5981481481481481 0.5677083333333334 0.5962962962962963 0.5708333333333333 0.5564814814814815 0.56875 0.549074074074074 0.5630208333333333 0.5518518518518518 0.5630208333333333 0.5935185185185186 0.565625 0.5981481481481481