4 0.5552083333333333 0.6305555555555555 0.55625 0.6268518518518519 0.5505208333333333 0.5814814814814815 0.5447916666666667 0.5712962962962963 0.5401041666666667 0.5833333333333334 0.5401041666666667 0.6305555555555555 0.5494791666666666 0.6268518518518519 0.5520833333333334 0.6314814814814815 0.5552083333333333 0.6305555555555555
5 0.09427083333333333 0.6527777777777778 0.10104166666666667 0.6527777777777778 0.09947916666666666 0.6620370370370371 0.1046875 0.6657407407407407 0.10625 0.6259259259259259 0.10208333333333333 0.6 0.0984375 0.5972222222222222 0.09375 0.6101851851851852 0.09270833333333334 0.6370370370370371 0.0859375 0.6620370370370371 0.08854166666666667 0.6648148148148149 0.09427083333333333 0.6527777777777778
5 0.17239583333333333 0.6916666666666667 0.17760416666666667 0.6944444444444444 0.17552083333333332 0.6768518518518518 0.17708333333333334 0.6601851851851852 0.1703125 0.6351851851851852 0.16458333333333333 0.6305555555555555 0.1578125 0.6509259259259259 0.15729166666666666 0.6657407407407407 0.16197916666666667 0.6731481481481482 0.165625 0.700925925925926 0.17239583333333333 0.6916666666666667
5 0.15416666666666667 0.525 0.15 0.55 0.15 0.575925925925926 0.1578125 0.575 0.159375 0.5361111111111111 0.15416666666666667 0.525
5 0.3140625 0.5953703703703703 0.30885416666666665 0.5611111111111111 0.309375 0.5435185185185185 0.3072916666666667 0.537962962962963 0.3026041666666667 0.5407407407407407 0.3 0.5592592592592592 0.30052083333333335 0.5805555555555556 0.2984375 0.5916666666666667 0.3020833333333333 0.5953703703703703 0.3140625 0.5953703703703703
4 0.8255208333333334 0.6407407407407407 0.8270833333333333 0.600925925925926 0.8291666666666667 0.5916666666666667 0.828125 0.5833333333333334 0.821875 0.5722222222222222 0.8177083333333334 0.575925925925926 0.8151041666666666 0.5861111111111111 0.8140625 0.6166666666666667 0.8161458333333333 0.6351851851851852 0.8192708333333333 0.6398148148148148 0.8255208333333334 0.6407407407407407
5 0.5875 0.6231481481481481 0.5854166666666667 0.575925925925926 0.5796875 0.5648148148148148 0.5765625 0.5638888888888889 0.5729166666666666 0.5731481481481482 0.5723958333333333 0.5824074074074074 0.5765625 0.6083333333333333 0.5822916666666667 0.6222222222222222 0.5875 0.6231481481481481
4 0.8328125 0.549074074074074 0.8265625 0.5333333333333333 0.8244791666666667 0.5342592592592592 0.8223958333333333 0.5444444444444444 0.8213541666666667 0.5675925925925925 0.8296875 0.5898148148148148 0.8333333333333334 0.5648148148148148 0.8328125 0.549074074074074
4 0.47604166666666664 0.5481481481481482 0.47552083333333334 0.5074074074074074 0.4713541666666667 0.49537037037037035 0.46458333333333335 0.4981481481481482 0.4625 0.5092592592592593 0.46822916666666664 0.5462962962962963 0.4739583333333333 0.5509259259259259 0.47604166666666664 0.5481481481481482
4 0.3328125 0.7537037037037037 0.3416666666666667 0.7555555555555555 0.340625 0.6925925925925925 0.33489583333333334 0.6712962962962963 0.3302083333333333 0.6731481481481482 0.32447916666666665 0.6925925925925925 0.3234375 0.7018518518518518 0.3265625 0.7518518518518519 0.3296875 0.7574074074074074 0.3328125 0.7537037037037037
5 0.7119791666666667 0.5509259259259259 0.7125 0.5370370370370371 0.7046875 0.5157407407407407 0.7010416666666667 0.512962962962963 0.6994791666666667 0.5175925925925926 0.6989583333333333 0.5527777777777778 0.696875 0.5601851851851852 0.7010416666666667 0.5638888888888889 0.7119791666666667 0.5509259259259259
4 0.6604166666666667 0.562037037037037 0.6635416666666667 0.5527777777777778 0.6739583333333333 0.562962962962963 0.675 0.5564814814814815 0.6703125 0.5453703703703704 0.6661458333333333 0.5175925925925926 0.6609375 0.5166666666666667 0.6567708333333333 0.5277777777777778 0.6583333333333333 0.5370370370370371 0.6552083333333333 0.5472222222222223 0.6557291666666667 0.5611111111111111 0.6604166666666667 0.562037037037037
4 0.043229166666666666 0.6305555555555555 0.04375 0.612037037037037 0.040625 0.5666666666666667 0.03802083333333333 0.562962962962963 0.034895833333333334 0.5638888888888889 0.03177083333333333 0.575 0.034375 0.6277777777777778 0.036458333333333336 0.6324074074074074 0.040625 0.6333333333333333 0.043229166666666666 0.6305555555555555
4 0.6463541666666667 0.5851851851851851 0.6536458333333334 0.5833333333333334 0.6546875 0.5518518518518518 0.6526041666666667 0.5351851851851852 0.6458333333333334 0.5277777777777778 0.6411458333333333 0.5425925925925926 0.6421875 0.5574074074074075 0.640625 0.5638888888888889 0.6432291666666666 0.5814814814814815 0.6463541666666667 0.5851851851851851
4 0.7557291666666667 0.5712962962962963 0.7578125 0.5638888888888889 0.7588541666666667 0.5361111111111111 0.7546875 0.5203703703703704 0.7494791666666667 0.5203703703703704 0.7473958333333334 0.5314814814814814 0.7479166666666667 0.5453703703703704 0.7515625 0.5675925925925925 0.7557291666666667 0.5712962962962963
5 0.5494791666666666 0.5601851851851852 0.5526041666666667 0.562962962962963 0.55625 0.562037037037037 0.5625 0.5481481481481482 0.5630208333333333 0.524074074074074 0.5604166666666667 0.5148148148148148 0.5572916666666666 0.5157407407407407 0.5541666666666667 0.5324074074074074 0.5541666666666667 0.5453703703703704 0.5494791666666666 0.5555555555555556 0.5494791666666666 0.5601851851851852
4 0.73125 0.5796296296296296 0.7328125 0.575925925925926 0.7317708333333334 0.5398148148148149 0.7286458333333333 0.5287037037037037 0.7223958333333333 0.524074074074074 0.721875 0.5333333333333333 0.715625 0.5407407407407407 0.7151041666666667 0.5472222222222223 0.7208333333333333 0.5564814814814815 0.7239583333333334 0.5777777777777777 0.73125 0.5796296296296296
3 0.5578125 0.5601851851851852 0.5640625 0.5675925925925925 0.5645833333333333 0.5777777777777777 0.571875 0.575925925925926 0.5765625 0.5648148148148148 0.5755208333333334 0.5398148148148149 0.5682291666666667 0.525 0.5640625 0.5305555555555556 0.5604166666666667 0.525 0.55625 0.5287037037037037 0.5552083333333333 0.5453703703703704 0.5510416666666667 0.5611111111111111 0.5546875 0.5638888888888889 0.5578125 0.5601851851851852
5 0.08333333333333333 0.600925925925926 0.08125 0.5574074074074075 0.0765625 0.5546296296296296 0.0734375 0.5685185185185185 0.075 0.6148148148148148 0.0796875 0.6175925925925926 0.08229166666666667 0.6148148148148148 0.08333333333333333 0.600925925925926
1 0.9994791666666667 0.5333333333333333 0.990625 0.5361111111111111 0.9895833333333334 0.5435185185185185 0.9880208333333333 0.6 0.99375 0.6037037037037037 0.9994791666666667 0.5962962962962963 0.9994791666666667 0.5333333333333333
0 0.6584614583333334 0.5516962962962962 0.6558572916666667 0.5572518518518519 0.6568989583333333 0.5646592592592593 0.6621072916666667 0.5618814814814814 0.6610656250000001 0.5526222222222222 0.6584614583333334 0.5516962962962962
3 0 0.5185185185185185 0.0036458333333333334 0.5388888888888889 0.009375 0.5444444444444444 0.013541666666666667 0.5092592592592593 0.011979166666666667 0.49444444444444446 0.005208333333333333 0.4888888888888889 0 0.49722222222222223 0 0.5185185185185185