5 0.7708333333333334 0.6064814814814815 0.7755208333333333 0.6037037037037037 0.7807291666666667 0.575 0.7776041666666667 0.5555555555555556 0.7744791666666667 0.5527777777777778 0.771875 0.5583333333333333 0.771875 0.575925925925926 0.7666666666666667 0.5879629629629629 0.7671875 0.6027777777777777 0.7708333333333334 0.6064814814814815
4 0.7036458333333333 0.5212962962962963 0.7010416666666667 0.49537037037037035 0.696875 0.49722222222222223 0.6927083333333334 0.5101851851851852 0.6927083333333334 0.5453703703703704 0.7005208333333334 0.5472222222222223 0.7026041666666667 0.5444444444444444 0.7036458333333333 0.5212962962962963
5 0.434375 0.5444444444444444 0.43385416666666665 0.5305555555555556 0.43020833333333336 0.5287037037037037 0.4234375 0.5453703703703704 0.4171875 0.575925925925926 0.4270833333333333 0.5805555555555556 0.42864583333333334 0.5638888888888889 0.434375 0.5444444444444444
4 0.36666666666666664 0.5796296296296296 0.36614583333333334 0.562962962962963 0.3625 0.5527777777777778 0.35989583333333336 0.5527777777777778 0.35572916666666665 0.5611111111111111 0.3541666666666667 0.5740740740740741 0.353125 0.6111111111111112 0.3572916666666667 0.6138888888888889 0.3609375 0.6111111111111112 0.36666666666666664 0.5796296296296296
5 0.5416666666666666 0.6324074074074074 0.5442708333333334 0.6305555555555555 0.5442708333333334 0.6268518518518519 0.5395833333333333 0.6111111111111112 0.5447916666666667 0.6018518518518519 0.5385416666666667 0.5768518518518518 0.5348958333333333 0.575925925925926 0.5286458333333334 0.5944444444444444 0.53125 0.6296296296296297 0.5328125 0.6324074074074074 0.5416666666666666 0.6324074074074074
4 0.2947916666666667 0.5675925925925925 0.2947916666666667 0.5527777777777778 0.2989583333333333 0.5453703703703704 0.2994791666666667 0.5342592592592592 0.2953125 0.524074074074074 0.290625 0.5222222222222223 0.2890625 0.5268518518518519 0.2859375 0.55 0.28072916666666664 0.5638888888888889 0.2828125 0.5685185185185185 0.2947916666666667 0.5675925925925925
5 0.33489583333333334 0.5444444444444444 0.3338541666666667 0.525 0.3296875 0.525 0.3255208333333333 0.5314814814814814 0.31927083333333334 0.5592592592592592 0.3177083333333333 0.5675925925925925 0.3223958333333333 0.5703703703703704 0.32708333333333334 0.5564814814814815 0.33489583333333334 0.5444444444444444
5 0.9739583333333334 0.7074074074074074 0.9760416666666667 0.7046296296296296 0.9739583333333334 0.6935185185185185 0.9729166666666667 0.6388888888888888 0.9697916666666667 0.637962962962963 0.9677083333333333 0.6416666666666667 0.9645833333333333 0.6611111111111111 0.9645833333333333 0.6814814814814815 0.959375 0.700925925925926 0.9609375 0.7046296296296296 0.9739583333333334 0.7074074074074074
4 0.9302083333333333 0.5648148148148148 0.9265625 0.5194444444444445 0.9234375 0.5148148148148148 0.9192708333333334 0.5148148148148148 0.915625 0.5212962962962963 0.9145833333333333 0.5296296296296297 0.9182291666666667 0.55 0.9166666666666666 0.5638888888888889 0.9302083333333333 0.5648148148148148
4 0.55625 0.5305555555555556 0.5520833333333334 0.5277777777777778 0.5473958333333333 0.5407407407407407 0.5463541666666667 0.5796296296296296 0.5536458333333333 0.5824074074074074 0.5588541666666667 0.5398148148148149 0.55625 0.5305555555555556
4 0.6390625 0.5703703703703704 0.640625 0.5675925925925925 0.6390625 0.5203703703703704 0.634375 0.5092592592592593 0.6307291666666667 0.5092592592592593 0.6291666666666667 0.5166666666666667 0.6255208333333333 0.5481481481481482 0.6291666666666667 0.5564814814814815 0.6265625 0.5685185185185185 0.6390625 0.5703703703703704
4 0.73125 0.5888888888888889 0.73125 0.5842592592592593 0.7260416666666667 0.5787037037037037 0.721875 0.5435185185185185 0.7177083333333333 0.5462962962962963 0.7145833333333333 0.5583333333333333 0.7140625 0.5953703703703703 0.7177083333333333 0.5953703703703703 0.7203125 0.5861111111111111 0.73125 0.5888888888888889
1 0.2682291666666667 0.5703703703703704 0.26979166666666665 0.5675925925925925 0.26197916666666665 0.5361111111111111 0.2552083333333333 0.5194444444444445 0.25052083333333336 0.5231481481481481 0.25104166666666666 0.5435185185185185 0.25677083333333334 0.5611111111111111 0.2557291666666667 0.5685185185185185 0.2682291666666667 0.5703703703703704
3 0.7151041666666667 0.6083333333333333 0.7135416666666666 0.6027777777777777 0.7161458333333334 0.5657407407407408 0.7109375 0.5546296296296296 0.7083333333333334 0.5537037037037037 0.70625 0.5592592592592592 0.7036458333333333 0.600925925925926 0.7067708333333333 0.6157407407407407 0.7098958333333333 0.6175925925925926 0.7151041666666667 0.6083333333333333
5 0.9817708333333334 0.5648148148148148 0.9817708333333334 0.5481481481481482 0.978125 0.5361111111111111 0.9739583333333334 0.5388888888888889 0.9739583333333334 0.5548611111111111 0.9703125 0.5740740740740741 0.978125 0.5814814814814815 0.9817708333333334 0.5648148148148148
5 0.978125 0.6046296296296296 0.9901041666666667 0.6083333333333333 0.990625 0.6018518518518519 0.9869791666666666 0.5879629629629629 0.9901041666666667 0.575925925925926 0.984375 0.549074074074074 0.9786458333333333 0.5425925925925926 0.9770833333333333 0.5444444444444444 0.9786458333333333 0.5462962962962963 0.9760416666666667 0.5601851851851852 0.9791666666666666 0.5777777777777777 0.978125 0.6046296296296296
3 0.4828125 0.47314814814814815 0.4791666666666667 0.475 0.4765625 0.48333333333333334 0.4744791666666667 0.5064814814814815 0.4822916666666667 0.5083333333333333 0.48489583333333336 0.48703703703703705 0.4828125 0.47314814814814815
4 0.8942708333333333 0.6888888888888889 0.8921875 0.6611111111111111 0.8927083333333333 0.6296296296296297 0.8880208333333334 0.6166666666666667 0.884375 0.6175925925925926 0.8833333333333333 0.6398148148148148 0.8807291666666667 0.649074074074074 0.8822916666666667 0.675 0.8802083333333334 0.687962962962963 0.8927083333333333 0.6916666666666667 0.8942708333333333 0.6888888888888889