4 0.3609375 0.6564814814814814 0.36354166666666665 0.649074074074074 0.3729166666666667 0.6546296296296297 0.3692708333333333 0.6101851851851852 0.365625 0.6092592592592593 0.3625 0.6194444444444445 0.3572916666666667 0.6518518518518519 0.3609375 0.6564814814814814
4 0.7984375 0.7203703703703703 0.803125 0.7203703703703703 0.8057291666666667 0.6925925925925925 0.8041666666666667 0.6657407407407407 0.8026041666666667 0.662962962962963 0.7984375 0.6657407407407407 0.7963541666666667 0.6759259259259259 0.796875 0.7166666666666667 0.7984375 0.7203703703703703
5 0.4661458333333333 0.7083333333333334 0.4708333333333333 0.7111111111111111 0.47604166666666664 0.674074074074074 0.47291666666666665 0.6537037037037037 0.46822916666666664 0.6509259259259259 0.4635416666666667 0.6694444444444444 0.4630208333333333 0.6851851851851852 0.4661458333333333 0.7083333333333334
4 0.46041666666666664 0.65 0.4703125 0.65 0.471875 0.6287037037037037 0.46875 0.6092592592592593 0.4666666666666667 0.6074074074074074 0.46510416666666665 0.6101851851851852 0.4630208333333333 0.6231481481481481 0.4630208333333333 0.6407407407407407 0.46041666666666664 0.65
4 0.4005208333333333 0.6925925925925925 0.39479166666666665 0.7129629629629629 0.396875 0.7148148148148148 0.40572916666666664 0.7074074074074074 0.4083333333333333 0.7166666666666667 0.4114583333333333 0.7157407407407408 0.40989583333333335 0.687962962962963 0.41041666666666665 0.674074074074074 0.41354166666666664 0.6694444444444444 0.41302083333333334 0.6657407407407407 0.4041666666666667 0.6546296296296297 0.4005208333333333 0.6685185185185185 0.40208333333333335 0.6796296296296296 0.4005208333333333 0.6925925925925925
5 0.4197916666666667 0.6805555555555556 0.4276041666666667 0.6805555555555556 0.4296875 0.6537037037037037 0.428125 0.6370370370370371 0.4234375 0.6203703703703703 0.4197916666666667 0.6305555555555555 0.41875 0.6759259259259259 0.4197916666666667 0.6805555555555556
4 0.778125 0.6564814814814814 0.778125 0.6620370370370371 0.7911458333333333 0.6638888888888889 0.790625 0.6185185185185185 0.7864583333333334 0.6175925925925926 0.7838541666666666 0.6268518518518519 0.7822916666666667 0.6481481481481481 0.778125 0.6564814814814814
5 0.7270833333333333 0.675 0.7296875 0.6462962962962963 0.7270833333333333 0.6305555555555555 0.7239583333333334 0.6268518518518519 0.7203125 0.637962962962963 0.7197916666666667 0.6731481481481482 0.7270833333333333 0.675
0 0.2520833333333333 0.6842592592592592 0.2552083333333333 0.6805555555555556 0.25416666666666665 0.6694444444444444 0.24791666666666667 0.6694444444444444 0.24791666666666667 0.6814814814814815 0.2520833333333333 0.6842592592592592
2 0.17083333333333334 0.6425925925925926 0.1703125 0.6574074074074074 0.1734375 0.6620370370370371 0.17708333333333334 0.6583333333333333 0.17760416666666667 0.6425925925925926 0.1828125 0.6305555555555555 0.18333333333333332 0.6212962962962963 0.18177083333333333 0.6129629629629629 0.171875 0.6148148148148148 0.16770833333333332 0.6231481481481481 0.17083333333333334 0.6425925925925926
5 0.290625 0.6574074074074074 0.2947916666666667 0.6509259259259259 0.29375 0.6259259259259259 0.2916666666666667 0.6194444444444445 0.2864583333333333 0.6222222222222222 0.2833333333333333 0.6509259259259259 0.290625 0.6574074074074074
4 0.4015625 0.6694444444444444 0.4083333333333333 0.6703703703703704 0.4125 0.6657407407407407 0.4083333333333333 0.6185185185185185 0.4041666666666667 0.6194444444444445 0.40260416666666665 0.6268518518518519 0.4 0.6657407407407407 0.4015625 0.6694444444444444
5 0.596875 0.7555555555555555 0.6078125 0.7592592592592593 0.6125 0.7185185185185186 0.6109375 0.6972222222222222 0.6072916666666667 0.6944444444444444 0.6026041666666667 0.7074074074074074 0.6010416666666667 0.7351851851851852 0.596875 0.7555555555555555
5 0.22864583333333333 0.6842592592592592 0.23229166666666667 0.6777777777777778 0.23489583333333333 0.6583333333333333 0.23385416666666667 0.6453703703703704 0.2359375 0.6416666666666667 0.2296875 0.6296296296296297 0.22708333333333333 0.6305555555555555 0.22552083333333334 0.6407407407407407 0.22447916666666667 0.6833333333333333 0.22864583333333333 0.6842592592592592
4 0.571875 0.7759259259259259 0.571875 0.7805555555555556 0.5760416666666667 0.7861111111111111 0.584375 0.787962962962963 0.5864583333333333 0.7861111111111111 0.5885416666666666 0.7462962962962963 0.5848958333333333 0.7212962962962963 0.5802083333333333 0.7203703703703703 0.5755208333333334 0.7351851851851852 0.578125 0.7638888888888888 0.571875 0.7759259259259259
3 0.53125 0.5935185185185186 0.5369791666666667 0.5953703703703703 0.5369791666666667 0.5675925925925925 0.5328125 0.5611111111111111 0.5286458333333334 0.562962962962963 0.5286458333333334 0.587037037037037 0.53125 0.5935185185185186
5 0.30572916666666666 0.7111111111111111 0.30625 0.7194444444444444 0.3098958333333333 0.7166666666666667 0.3125 0.7055555555555556 0.31666666666666665 0.7055555555555556 0.31875 0.7166666666666667 0.3234375 0.7129629629629629 0.3203125 0.6648148148148149 0.31614583333333335 0.6620370370370371 0.3125 0.6731481481481482 0.3098958333333333 0.6981481481481482 0.30572916666666666 0.7111111111111111
5 0.24791666666666667 0.7277777777777777 0.24947916666666667 0.7277777777777777 0.2557291666666667 0.7138888888888889 0.2578125 0.6925925925925925 0.25625 0.6712962962962963 0.24791666666666667 0.6703703703703704 0.24739583333333334 0.7203703703703703 0.24791666666666667 0.7277777777777777
5 0.425 0.6416666666666667 0.4270833333333333 0.6351851851851852 0.425 0.6111111111111112 0.42291666666666666 0.6092592592592593 0.4203125 0.6148148148148148 0.4197916666666667 0.6388888888888888 0.425 0.6416666666666667
3 0.46041666666666664 0.6555555555555556 0.4625 0.6648148148148149 0.4625 0.700925925925926 0.4671875 0.7027777777777777 0.46822916666666664 0.6944444444444444 0.4739583333333333 0.6814814814814815 0.471875 0.675 0.4739583333333333 0.6731481481481482 0.46875 0.6416666666666667 0.4640625 0.6398148148148148 0.45625 0.65 0.46041666666666664 0.6555555555555556
4 0.28229166666666666 0.6916666666666667 0.290625 0.6907407407407408 0.2911458333333333 0.6796296296296296 0.2942708333333333 0.6694444444444444 0.29375 0.6453703703703704 0.290625 0.637962962962963 0.28854166666666664 0.6388888888888888 0.28229166666666666 0.6537037037037037 0.2786458333333333 0.687037037037037 0.28229166666666666 0.6916666666666667