3 0.3572916666666667 0.6833333333333333 0.35885416666666664 0.6787037037037037 0.3578125 0.65 0.353125 0.6407407407407407 0.3489583333333333 0.6527777777777778 0.34791666666666665 0.6842592592592592 0.3572916666666667 0.6833333333333333
4 0.7046875 0.6962962962962963 0.7125 0.6962962962962963 0.7151041666666667 0.687962962962963 0.7114583333333333 0.6601851851851852 0.7088541666666667 0.6537037037037037 0.7041666666666667 0.6537037037037037 0.703125 0.6574074074074074 0.7026041666666667 0.6916666666666667 0.7046875 0.6962962962962963
4 0.21822916666666667 0.7638888888888888 0.21875 0.7277777777777777 0.21614583333333334 0.7157407407407408 0.21197916666666666 0.712037037037037 0.20677083333333332 0.7240740740740741 0.20677083333333332 0.762962962962963 0.21822916666666667 0.7638888888888888
4 0.2828125 0.6537037037037037 0.2947916666666667 0.6527777777777778 0.290625 0.6222222222222222 0.2869791666666667 0.6185185185185185 0.2828125 0.6203703703703703 0.28125 0.6222222222222222 0.2828125 0.6537037037037037
4 0.17135416666666667 0.712037037037037 0.17604166666666668 0.7138888888888889 0.18020833333333333 0.700925925925926 0.17916666666666667 0.6694444444444444 0.175 0.662962962962963 0.16979166666666667 0.662962962962963 0.1671875 0.6694444444444444 0.165625 0.687962962962963 0.17135416666666667 0.712037037037037
4 0.4192708333333333 0.6833333333333333 0.421875 0.6777777777777778 0.42083333333333334 0.6537037037037037 0.4161458333333333 0.6435185185185185 0.4114583333333333 0.65 0.4119791666666667 0.6814814814814815 0.4192708333333333 0.6833333333333333
5 0.6729166666666667 0.6555555555555556 0.6765625 0.6527777777777778 0.6817708333333333 0.6546296296296297 0.6770833333333334 0.6314814814814815 0.6739583333333333 0.6259259259259259 0.6708333333333333 0.6268518518518519 0.6697916666666667 0.6518518518518519 0.6729166666666667 0.6555555555555556
4 0.1859375 0.6777777777777778 0.1875 0.6814814814814815 0.19739583333333333 0.6833333333333333 0.19895833333333332 0.6805555555555556 0.19583333333333333 0.6462962962962963 0.19322916666666667 0.6407407407407407 0.18854166666666666 0.65 0.18958333333333333 0.6675925925925926 0.1859375 0.6777777777777778
5 0.3380208333333333 0.6851851851851852 0.340625 0.6824074074074075 0.3421875 0.6722222222222223 0.34010416666666665 0.6462962962962963 0.3375 0.6435185185185185 0.334375 0.6527777777777778 0.3338541666666667 0.6805555555555556 0.3380208333333333 0.6851851851851852
5 0.37083333333333335 0.7092592592592593 0.3703125 0.6685185185185185 0.36614583333333334 0.6666666666666666 0.36302083333333335 0.6787037037037037 0.36354166666666665 0.7083333333333334 0.37083333333333335 0.7092592592592593
5 0.1765625 0.6685185185185185 0.17760416666666667 0.6583333333333333 0.17395833333333333 0.6435185185185185 0.16875 0.6444444444444445 0.16614583333333333 0.6527777777777778 0.16666666666666666 0.675 0.1765625 0.6685185185185185
5 0.2609375 0.6583333333333333 0.2578125 0.6240740740740741 0.2526041666666667 0.6231481481481481 0.25104166666666666 0.6259259259259259 0.25052083333333336 0.6583333333333333 0.2609375 0.6583333333333333
5 0.5447916666666667 0.700925925925926 0.5526041666666667 0.6953703703703704 0.553125 0.6888888888888889 0.5505208333333333 0.6611111111111111 0.5447916666666667 0.6564814814814814 0.5421875 0.6638888888888889 0.5416666666666666 0.6851851851851852 0.5447916666666667 0.700925925925926
4 0.7401041666666667 0.6583333333333333 0.7401041666666667 0.65 0.734375 0.6287037037037037 0.7307291666666667 0.6259259259259259 0.728125 0.6296296296296297 0.7276041666666667 0.6611111111111111 0.7401041666666667 0.6583333333333333
0 0.6645833333333333 0.6555555555555556 0.6645833333333333 0.6472222222222223 0.6604166666666667 0.6472222222222223 0.659375 0.6537037037037037 0.6645833333333333 0.6555555555555556
4 0.65 0.6787037037037037 0.6473958333333333 0.65 0.6427083333333333 0.6398148148148148 0.6380208333333334 0.6407407407407407 0.6385416666666667 0.6768518518518518 0.65 0.6787037037037037
4 0.5463541666666667 0.6638888888888889 0.5489583333333333 0.6638888888888889 0.5520833333333334 0.6583333333333333 0.5541666666666667 0.6370370370370371 0.5505208333333333 0.625 0.5463541666666667 0.625 0.5442708333333334 0.6296296296296297 0.54375 0.6583333333333333 0.5463541666666667 0.6638888888888889
3 0.15052083333333333 0.6407407407407407 0.15260416666666668 0.6388888888888888 0.15520833333333334 0.6148148148148148 0.1515625 0.6092592592592593 0.14791666666666667 0.6138888888888889 0.1484375 0.6388888888888888 0.15052083333333333 0.6407407407407407
4 0.6598958333333333 0.6527777777777778 0.6619791666666667 0.6546296296296297 0.6692708333333334 0.65 0.665625 0.6314814814814815 0.6609375 0.6324074074074074 0.6588541666666666 0.6388888888888888 0.6583333333333333 0.65 0.6598958333333333 0.6527777777777778
1 0.8088541666666667 0.6564814814814814 0.8140625 0.6592592592592592 0.815625 0.637962962962963 0.8119791666666667 0.6157407407407407 0.8104166666666667 0.612037037037037 0.8026041666666667 0.6148148148148148 0.8020833333333334 0.6305555555555555 0.8088541666666667 0.6564814814814814
3 0.9338541666666667 0.8601851851851852 0.9333333333333333 0.8361111111111111 0.9354166666666667 0.8203703703703704 0.9338541666666667 0.8101851851851852 0.9265625 0.799074074074074 0.9192708333333334 0.8138888888888889 0.9192708333333334 0.8611111111111112 0.9338541666666667 0.8601851851851852
5 0.1828125 0.7435185185185185 0.18541666666666667 0.75 0.18958333333333333 0.7509259259259259 0.19322916666666667 0.7472222222222222 0.19114583333333332 0.6990740740740741 0.18645833333333334 0.700925925925926 0.184375 0.7148148148148148 0.18489583333333334 0.7314814814814815 0.1828125 0.7435185185185185
5 0.13385416666666666 0.712037037037037 0.1375 0.7157407407407408 0.14270833333333333 0.7148148148148148 0.14427083333333332 0.7129629629629629 0.14322916666666666 0.6759259259259259 0.13958333333333334 0.6675925925925926 0.1359375 0.674074074074074 0.1359375 0.700925925925926 0.13385416666666666 0.712037037037037
3 0.17395833333333333 0.637962962962963 0.17864583333333334 0.6416666666666667 0.1828125 0.6185185185185185 0.18177083333333333 0.6074074074074074 0.17708333333333334 0.6027777777777777 0.171875 0.6101851851851852 0.17135416666666667 0.6222222222222222 0.17395833333333333 0.637962962962963
4 0.44114583333333335 0.6648148148148149 0.44375 0.6555555555555556 0.44427083333333334 0.6305555555555555 0.440625 0.6287037037037037 0.43802083333333336 0.6342592592592593 0.43697916666666664 0.6620370370370371 0.44114583333333335 0.6648148148148149