4 0.6729166666666667 0.7833333333333333 0.6692708333333334 0.7472222222222222 0.6697916666666667 0.725 0.6661458333333333 0.7092592592592593 0.6619791666666667 0.712037037037037 0.6583333333333333 0.725 0.659375 0.7379629629629629 0.6567708333333333 0.7546296296296297 0.6463541666666667 0.7648148148148148 0.6463541666666667 0.7731481481481481 0.6614583333333334 0.7666666666666667 0.665625 0.7842592592592592 0.6729166666666667 0.7833333333333333
5 0.2703125 0.6509259259259259 0.271875 0.6194444444444445 0.26875 0.6157407407407407 0.26145833333333335 0.6194444444444445 0.2598958333333333 0.6231481481481481 0.2609375 0.6546296296296297 0.2677083333333333 0.6555555555555556 0.2703125 0.6509259259259259
5 0.8057291666666667 0.7824074074074074 0.8114583333333333 0.7787037037037037 0.8052083333333333 0.7537037037037037 0.8052083333333333 0.7305555555555555 0.8026041666666667 0.712037037037037 0.7984375 0.7111111111111111 0.7947916666666667 0.7212962962962963 0.790625 0.7657407407407407 0.790625 0.7824074074074074 0.7947916666666667 0.7824074074074074 0.803125 0.7731481481481481 0.8057291666666667 0.7824074074074074
2 0.17552083333333332 0.6185185185185185 0.17447916666666666 0.575925925925926 0.17083333333333334 0.5694444444444444 0.16875 0.5694444444444444 0.16666666666666666 0.575925925925926 0.16510416666666666 0.6055555555555555 0.16197916666666667 0.6185185185185185 0.1640625 0.6231481481481481 0.17552083333333332 0.6185185185185185
4 0.4375 0.5907407407407408 0.4317708333333333 0.5787037037037037 0.4270833333333333 0.587037037037037 0.4265625 0.6203703703703703 0.4317708333333333 0.6314814814814815 0.4348958333333333 0.6268518518518519 0.4375 0.5907407407407408
5 0.709375 0.6861111111111111 0.7119791666666667 0.6814814814814815 0.7135416666666666 0.6518518518518519 0.7161458333333334 0.6425925925925926 0.7125 0.6277777777777778 0.7078125 0.6296296296296297 0.7036458333333333 0.6388888888888888 0.7026041666666667 0.6518518518518519 0.70625 0.6712962962962963 0.7041666666666667 0.6805555555555556 0.709375 0.6861111111111111
4 0.7322916666666667 0.6703703703703704 0.734375 0.6666666666666666 0.7338541666666667 0.625 0.7291666666666666 0.6148148148148148 0.721875 0.6222222222222222 0.7192708333333333 0.6657407407407407 0.7208333333333333 0.6685185185185185 0.7286458333333333 0.6620370370370371 0.7322916666666667 0.6703703703703704
5 0.4859375 0.5703703703703704 0.48125 0.5712962962962963 0.4786458333333333 0.5907407407407408 0.478125 0.612037037037037 0.4859375 0.6138888888888889 0.4875 0.6111111111111112 0.4859375 0.5703703703703704
5 0.25885416666666666 0.5953703703703703 0.25625 0.5824074074074074 0.25 0.5879629629629629 0.24895833333333334 0.6046296296296296 0.2515625 0.6074074074074074 0.2682291666666667 0.6037037037037037 0.25885416666666666 0.5953703703703703
5 0.5739583333333333 0.6481481481481481 0.5760416666666667 0.6342592592592593 0.575 0.6305555555555555 0.5682291666666667 0.6287037037037037 0.5635416666666667 0.637962962962963 0.5630208333333333 0.6814814814814815 0.5682291666666667 0.6888888888888889 0.575 0.6657407407407407 0.5739583333333333 0.6481481481481481
4 0.9791666666666666 0.6898148148148148 0.9859375 0.6953703703703704 0.9875 0.6925925925925925 0.9859375 0.6388888888888888 0.9822916666666667 0.6361111111111111 0.978125 0.6472222222222223 0.9770833333333333 0.662962962962963 0.9703125 0.6925925925925925 0.975 0.6935185185185185 0.9791666666666666 0.6898148148148148
4 0.5703125 0.7231481481481481 0.5739583333333333 0.7148148148148148 0.5791666666666667 0.7240740740740741 0.5838541666666667 0.725 0.5848958333333333 0.7175925925925926 0.5817708333333333 0.7018518518518518 0.5817708333333333 0.6805555555555556 0.5791666666666667 0.6648148148148149 0.575 0.6601851851851852 0.5682291666666667 0.6731481481481482 0.5708333333333333 0.6953703703703704 0.5682291666666667 0.7148148148148148 0.5651041666666666 0.7203703703703703 0.5703125 0.7231481481481481
4 0.7223958333333333 0.5833333333333334 0.7177083333333333 0.5814814814814815 0.7135416666666666 0.5907407407407408 0.7140625 0.6212962962962963 0.7166666666666667 0.6259259259259259 0.721875 0.612037037037037 0.7223958333333333 0.5833333333333334
4 0.6901041666666666 0.6611111111111111 0.6927083333333334 0.6888888888888889 0.6989583333333333 0.6888888888888889 0.703125 0.6398148148148148 0.696875 0.6296296296296297 0.684375 0.6240740740740741 0.6828125 0.6296296296296297 0.6885416666666667 0.6333333333333333 0.690625 0.6388888888888888 0.6901041666666666 0.6611111111111111
5 0.690625 0.6287037037037037 0.6942708333333333 0.6240740740740741 0.6958333333333333 0.5916666666666667 0.6916666666666667 0.5851851851851851 0.6875 0.5953703703703703 0.6864583333333333 0.6101851851851852 0.6817708333333333 0.6231481481481481 0.684375 0.6287037037037037 0.690625 0.6287037037037037