4 0.703125 0.5953703703703703 0.7036458333333333 0.6027777777777777 0.7046875 0.6055555555555555 0.7161458333333334 0.6046296296296296 0.7166666666666667 0.5805555555555556 0.7135416666666666 0.5712962962962963 0.7083333333333334 0.5722222222222222 0.70625 0.5898148148148148 0.703125 0.5953703703703703
4 0.753125 0.6574074074074074 0.7598958333333333 0.6592592592592592 0.7588541666666667 0.6388888888888888 0.7640625 0.6231481481481481 0.7635416666666667 0.6148148148148148 0.7598958333333333 0.6 0.75 0.6046296296296296 0.7489583333333333 0.6277777777777778 0.753125 0.6574074074074074
5 0.5697916666666667 0.587037037037037 0.5708333333333333 0.6111111111111112 0.571875 0.6138888888888889 0.5802083333333333 0.6129629629629629 0.5817708333333333 0.5981481481481481 0.5796875 0.5685185185185185 0.5765625 0.562037037037037 0.5713541666666667 0.5685185185185185 0.5677083333333334 0.5796296296296296 0.5697916666666667 0.587037037037037
3 0.528125 0.6074074074074074 0.53125 0.6111111111111112 0.5375 0.6111111111111112 0.540625 0.575925925925926 0.5390625 0.562962962962963 0.5369791666666667 0.5564814814814815 0.5291666666666667 0.5546296296296296 0.5265625 0.5601851851851852 0.5244791666666667 0.5731481481481482 0.528125 0.6074074074074074
4 0.8567708333333334 0.6518518518518519 0.8625 0.6518518518518519 0.8640625 0.65 0.8640625 0.6027777777777777 0.8619791666666666 0.5916666666666667 0.8572916666666667 0.5898148148148148 0.85 0.6046296296296296 0.8552083333333333 0.6481481481481481 0.8567708333333334 0.6518518518518519
4 0.7276041666666667 0.649074074074074 0.7322916666666667 0.649074074074074 0.734375 0.6453703703703704 0.7338541666666667 0.6259259259259259 0.7375 0.6148148148148148 0.7375 0.6027777777777777 0.7296875 0.5861111111111111 0.7270833333333333 0.587037037037037 0.725 0.5981481481481481 0.7255208333333333 0.6435185185185185 0.7276041666666667 0.649074074074074
0 0.24010416666666667 0.6898148148148148 0.24479166666666666 0.6861111111111111 0.24895833333333334 0.6731481481481482 0.23958333333333334 0.675 0.23802083333333332 0.6814814814814815 0.24010416666666667 0.6898148148148148
4 0.6932291666666667 0.6324074074074074 0.6984375 0.6064814814814815 0.6984375 0.5879629629629629 0.6932291666666667 0.5768518518518518 0.6869791666666667 0.587037037037037 0.6864583333333333 0.6185185185185185 0.6932291666666667 0.6324074074074074
5 0.5026041666666666 0.5916666666666667 0.5052083333333334 0.6148148148148148 0.5119791666666667 0.6148148148148148 0.5140625 0.6111111111111112 0.5125 0.5666666666666667 0.5078125 0.5574074074074075 0.5078125 0.5527777777777778 0.5057291666666667 0.5527777777777778 0.5020833333333333 0.5712962962962963 0.5026041666666666 0.5916666666666667
5 0.6567708333333333 0.6185185185185185 0.665625 0.6240740740740741 0.6677083333333333 0.6111111111111112 0.6651041666666667 0.5740740740740741 0.6578125 0.5685185185185185 0.6536458333333334 0.5805555555555556 0.653125 0.5916666666666667 0.6567708333333333 0.6185185185185185
5 0.6119791666666666 0.6222222222222222 0.6151041666666667 0.6185185185185185 0.6151041666666667 0.587037037037037 0.6140625 0.575 0.6114583333333333 0.5703703703703704 0.6057291666666667 0.5796296296296296 0.6046875 0.6018518518518519 0.6020833333333333 0.6101851851851852 0.603125 0.6222222222222222 0.6119791666666666 0.6222222222222222
3 0.7098958333333333 0.6583333333333333 0.7145833333333333 0.6601851851851852 0.7166666666666667 0.6574074074074074 0.71875 0.6064814814814815 0.7145833333333333 0.5981481481481481 0.7114583333333333 0.5972222222222222 0.7072916666666667 0.6074074074074074 0.70625 0.6222222222222222 0.7098958333333333 0.6583333333333333
4 0.8359375 0.6472222222222223 0.8458333333333333 0.6435185185185185 0.8520833333333333 0.6074074074074074 0.8458333333333333 0.5898148148148148 0.8427083333333333 0.5879629629629629 0.8385416666666666 0.6037037037037037 0.834375 0.6425925925925926 0.8359375 0.6472222222222223
4 0.7609375 0.6055555555555555 0.7625 0.5944444444444444 0.7557291666666667 0.5712962962962963 0.7520833333333333 0.5712962962962963 0.7463541666666667 0.5861111111111111 0.7484375 0.6074074074074074 0.7609375 0.6055555555555555
4 0.5197916666666667 0.6648148148148149 0.5223958333333333 0.6675925925925926 0.525 0.6657407407407407 0.5270833333333333 0.6527777777777778 0.5354166666666667 0.65 0.5359375 0.6462962962962963 0.5286458333333334 0.6296296296296297 0.5265625 0.6129629629629629 0.521875 0.6083333333333333 0.5192708333333333 0.612037037037037 0.51875 0.6462962962962963 0.5197916666666667 0.6648148148148149
3 0.7677083333333333 0.5481481481481482 0.7703125 0.5444444444444444 0.7708333333333334 0.512962962962963 0.7671875 0.5064814814814815 0.7619791666666667 0.5138888888888888 0.7630208333333334 0.5453703703703704 0.7677083333333333 0.5481481481481482
5 0.55625 0.625 0.5609375 0.6212962962962963 0.5651041666666666 0.5833333333333334 0.5640625 0.5694444444444444 0.5588541666666667 0.5712962962962963 0.5552083333333333 0.5907407407407408 0.5546875 0.6222222222222222 0.55625 0.625
5 0.7130208333333333 0.6592592592592592 0.7130208333333333 0.5990740740740741 0.7046875 0.5944444444444444 0.7020833333333333 0.6166666666666667 0.7010416666666667 0.6574074074074074 0.7130208333333333 0.6592592592592592
5 0.6692708333333334 0.6185185185185185 0.6713541666666667 0.6268518518518519 0.6776041666666667 0.6268518518518519 0.68125 0.6148148148148148 0.6828125 0.5842592592592593 0.68125 0.575925925925926 0.6739583333333333 0.5675925925925925 0.6708333333333333 0.5796296296296296 0.6713541666666667 0.6046296296296296 0.6692708333333334 0.6185185185185185