1 0.7619791666666667 0.5805555555555556 0.7640625 0.5601851851851852 0.7583333333333333 0.5453703703703704 0.75 0.5444444444444444 0.7510416666666667 0.5953703703703703 0.7598958333333333 0.5962962962962963 0.7640625 0.5907407407407408 0.7619791666666667 0.5805555555555556
4 0.14635416666666667 0.575925925925926 0.14791666666666667 0.5546296296296296 0.14375 0.5370370370370371 0.13541666666666666 0.5481481481481482 0.134375 0.5601851851851852 0.13697916666666668 0.5944444444444444 0.1421875 0.5962962962962963 0.14635416666666667 0.575925925925926
4 0.13020833333333334 0.6777777777777778 0.13489583333333333 0.6787037037037037 0.13697916666666668 0.674074074074074 0.14166666666666666 0.6222222222222222 0.13645833333333332 0.6064814814814815 0.1328125 0.6037037037037037 0.13020833333333334 0.6064814814814815 0.12552083333333333 0.625 0.12395833333333334 0.6425925925925926 0.12916666666666668 0.6620370370370371 0.12864583333333332 0.674074074074074 0.13020833333333334 0.6777777777777778
4 0.384375 0.6888888888888889 0.3927083333333333 0.6916666666666667 0.39479166666666665 0.6574074074074074 0.39895833333333336 0.637962962962963 0.3927083333333333 0.6175925925925926 0.3885416666666667 0.6185185185185185 0.3807291666666667 0.637962962962963 0.38385416666666666 0.6611111111111111 0.3765625 0.6888888888888889 0.3807291666666667 0.6944444444444444 0.384375 0.6888888888888889
4 0.4552083333333333 0.6212962962962963 0.4578125 0.6027777777777777 0.4578125 0.5731481481481482 0.4546875 0.5611111111111111 0.4484375 0.5638888888888889 0.44635416666666666 0.5722222222222222 0.4427083333333333 0.6194444444444445 0.44427083333333334 0.6212962962962963 0.4510416666666667 0.6101851851851852 0.4552083333333333 0.6212962962962963
5 0.17708333333333334 0.6925925925925925 0.17760416666666667 0.6796296296296296 0.18125 0.6694444444444444 0.17916666666666667 0.6657407407407407 0.17760416666666667 0.637962962962963 0.1734375 0.6370370370370371 0.16458333333333333 0.6574074074074074 0.165625 0.6703703703703704 0.16145833333333334 0.712037037037037 0.16822916666666668 0.7129629629629629 0.17708333333333334 0.6925925925925925
5 0.5984375 0.5675925925925925 0.5916666666666667 0.549074074074074 0.5859375 0.5638888888888889 0.5864583333333333 0.6101851851851852 0.5953125 0.6138888888888889 0.5984375 0.6083333333333333 0.5984375 0.5675925925925925
4 0.5739583333333333 0.6111111111111112 0.56875 0.5990740740740741 0.5604166666666667 0.6092592592592593 0.559375 0.6305555555555555 0.55625 0.6407407407407407 0.5546875 0.6574074074074074 0.55625 0.6648148148148149 0.5703125 0.6462962962962963 0.5739583333333333 0.6111111111111112
4 0.5703125 0.575925925925926 0.56875 0.5555555555555556 0.5713541666666667 0.5444444444444444 0.5708333333333333 0.5361111111111111 0.565625 0.5212962962962963 0.5619791666666667 0.5231481481481481 0.5598958333333334 0.562962962962963 0.5619791666666667 0.575925925925926 0.56875 0.5777777777777777 0.5703125 0.575925925925926
5 0.6744791666666666 0.6268518518518519 0.678125 0.6351851851851852 0.6802083333333333 0.6296296296296297 0.6765625 0.5981481481481481 0.6776041666666667 0.5898148148148148 0.6755208333333333 0.5731481481481482 0.6697916666666667 0.5546296296296296 0.6645833333333333 0.5777777777777777 0.6604166666666667 0.6342592592592593 0.665625 0.6342592592592593 0.6677083333333333 0.6203703703703703 0.6744791666666666 0.6268518518518519
3 0.3796875 0.5416666666666666 0.37395833333333334 0.5305555555555556 0.371875 0.5305555555555556 0.36770833333333336 0.5416666666666666 0.36875 0.5916666666666667 0.3734375 0.5944444444444444 0.3765625 0.5916666666666667 0.3796875 0.5416666666666666
5 0.396875 0.5694444444444444 0.39791666666666664 0.562037037037037 0.39166666666666666 0.5222222222222223 0.3880208333333333 0.5212962962962963 0.38385416666666666 0.5342592592592592 0.38333333333333336 0.5462962962962963 0.38697916666666665 0.5546296296296296 0.3875 0.5638888888888889 0.396875 0.5694444444444444
5 0.3223958333333333 0.6342592592592593 0.3265625 0.637962962962963 0.3307291666666667 0.6277777777777778 0.33645833333333336 0.6277777777777778 0.3375 0.6342592592592593 0.3416666666666667 0.6361111111111111 0.34270833333333334 0.6268518518518519 0.3390625 0.6148148148148148 0.340625 0.5990740740740741 0.3338541666666667 0.575 0.32916666666666666 0.5722222222222222 0.3234375 0.5916666666666667 0.328125 0.6 0.32864583333333336 0.6064814814814815 0.325 0.6296296296296297 0.3223958333333333 0.6342592592592593
4 0.5234375 0.5564814814814815 0.5286458333333334 0.562962962962963 0.53125 0.5601851851851852 0.528125 0.5287037037037037 0.5213541666666667 0.512962962962963 0.5171875 0.5148148148148148 0.5125 0.5481481481481482 0.5125 0.5648148148148148 0.5166666666666667 0.5638888888888889 0.5192708333333333 0.5564814814814815 0.5234375 0.5564814814814815
4 0.70625 0.6175925925925926 0.7083333333333334 0.6148148148148148 0.7078125 0.5666666666666667 0.7020833333333333 0.5527777777777778 0.6989583333333333 0.5527777777777778 0.6979166666666666 0.5574074074074075 0.6994791666666667 0.5731481481481482 0.696875 0.5916666666666667 0.6973958333333333 0.6148148148148148 0.70625 0.6175925925925926
5 0.3489583333333333 0.6777777777777778 0.35520833333333335 0.6675925925925926 0.3578125 0.6768518518518518 0.3619791666666667 0.6768518518518518 0.36354166666666665 0.6731481481481482 0.35989583333333336 0.6638888888888889 0.3572916666666667 0.6453703703703704 0.359375 0.6333333333333333 0.35520833333333335 0.6027777777777777 0.35104166666666664 0.6046296296296296 0.34427083333333336 0.6342592592592593 0.34739583333333335 0.6546296296296297 0.34375 0.6657407407407407 0.34322916666666664 0.6777777777777778 0.3489583333333333 0.6777777777777778
5 0.4546875 0.5675925925925925 0.4583333333333333 0.5574074074074075 0.4546875 0.537962962962963 0.4510416666666667 0.5333333333333333 0.44583333333333336 0.5444444444444444 0.44479166666666664 0.5601851851851852 0.4421875 0.5638888888888889 0.446875 0.5703703703703704 0.4546875 0.5675925925925925