5 0.8026041666666667 0.6388888888888888 0.8010416666666667 0.6435185185185185 0.80625 0.6472222222222223 0.8109375 0.6416666666666667 0.8104166666666667 0.6268518518518519 0.8125 0.6138888888888889 0.80625 0.5990740740740741 0.8020833333333334 0.6064814814814815 0.8005208333333333 0.6231481481481481 0.8026041666666667 0.6388888888888888
4 0.5526041666666667 0.6583333333333333 0.55625 0.6620370370370371 0.5604166666666667 0.6546296296296297 0.565625 0.6546296296296297 0.5682291666666667 0.6583333333333333 0.5692708333333333 0.6537037037037037 0.5619791666666667 0.6166666666666667 0.5567708333333333 0.6074074074074074 0.5541666666666667 0.6129629629629629 0.5552083333333333 0.6444444444444445 0.5526041666666667 0.6583333333333333
4 0.68125 0.7546296296296297 0.6875 0.7546296296296297 0.6895833333333333 0.7518518518518519 0.6911458333333333 0.7 0.6854166666666667 0.6833333333333333 0.68125 0.6833333333333333 0.6770833333333334 0.6972222222222222 0.6776041666666667 0.7435185185185185 0.68125 0.7546296296296297
5 0.6083333333333333 0.7231481481481481 0.609375 0.7462962962962963 0.6109375 0.7518518518518519 0.6161458333333333 0.7527777777777778 0.6182291666666667 0.7490740740740741 0.6208333333333333 0.7175925925925926 0.6208333333333333 0.6916666666666667 0.6145833333333334 0.674074074074074 0.6109375 0.6777777777777778 0.6067708333333334 0.6935185185185185 0.6057291666666667 0.7166666666666667 0.6083333333333333 0.7231481481481481
4 0.9510416666666667 0.7888888888888889 0.9546875 0.7888888888888889 0.9645833333333333 0.7342592592592593 0.9557291666666666 0.712037037037037 0.9510416666666667 0.7129629629629629 0.9479166666666666 0.7277777777777777 0.9473958333333333 0.7638888888888888 0.9510416666666667 0.7888888888888889
4 0.8161458333333333 0.6935185185185185 0.821875 0.6990740740740741 0.8255208333333334 0.6972222222222222 0.8234375 0.6787037037037037 0.8244791666666667 0.6472222222222223 0.815625 0.6342592592592593 0.8130208333333333 0.6342592592592593 0.8098958333333334 0.6425925925925926 0.8098958333333334 0.6546296296296297 0.8161458333333333 0.6935185185185185
5 0.8848958333333333 0.7870370370370371 0.8885416666666667 0.7787037037037037 0.8875 0.7611111111111111 0.8911458333333333 0.7472222222222222 0.890625 0.7166666666666667 0.8848958333333333 0.7074074074074074 0.8807291666666667 0.7055555555555556 0.878125 0.7092592592592593 0.8755208333333333 0.7231481481481481 0.8765625 0.7796296296296297 0.8848958333333333 0.7870370370370371
4 0.9390625 0.6601851851851852 0.9432291666666667 0.6638888888888889 0.946875 0.6583333333333333 0.9453125 0.6481481481481481 0.9479166666666666 0.6212962962962963 0.9401041666666666 0.6055555555555555 0.9369791666666667 0.6083333333333333 0.9354166666666667 0.6157407407407407 0.9348958333333334 0.6314814814814815 0.9390625 0.6601851851851852
4 0.3807291666666667 0.7018518518518518 0.384375 0.6962962962962963 0.384375 0.6527777777777778 0.38333333333333336 0.637962962962963 0.3807291666666667 0.6305555555555555 0.37604166666666666 0.6314814814814815 0.3729166666666667 0.6453703703703704 0.371875 0.6638888888888889 0.37135416666666665 0.6972222222222222 0.3807291666666667 0.7018518518518518
5 0.26458333333333334 0.7046296296296296 0.2703125 0.6990740740740741 0.275 0.6990740740740741 0.2765625 0.6898148148148148 0.2708333333333333 0.6814814814814815 0.26875 0.6712962962962963 0.2703125 0.6574074074074074 0.2671875 0.6425925925925926 0.2625 0.6370370370370371 0.259375 0.6462962962962963 0.259375 0.700925925925926 0.26458333333333334 0.7046296296296296
2 0.0640625 0.6425925925925926 0.06875 0.6444444444444445 0.08125 0.6398148148148148 0.078125 0.5833333333333334 0.075 0.5824074074074074 0.07291666666666667 0.5861111111111111 0.06822916666666666 0.6027777777777777 0.06822916666666666 0.6194444444444445 0.0640625 0.6425925925925926
4 0.36041666666666666 0.7555555555555555 0.36041666666666666 0.7833333333333333 0.3619791666666667 0.7870370370370371 0.36875 0.7870370370370371 0.37135416666666665 0.7824074074074074 0.3734375 0.7398148148148148 0.36822916666666666 0.7287037037037037 0.3625 0.7287037037037037 0.35885416666666664 0.7333333333333333 0.3578125 0.7425925925925926 0.36041666666666666 0.7555555555555555
3 0.4796875 0.5518518518518518 0.4869791666666667 0.5453703703703704 0.48802083333333335 0.5203703703703704 0.48125 0.5148148148148148 0.47760416666666666 0.525 0.4765625 0.5472222222222223 0.4796875 0.5518518518518518
0 0.0875 0.6425925925925926 0.0890625 0.6388888888888888 0.08802083333333334 0.6342592592592593 0.08333333333333333 0.6333333333333333 0.0828125 0.6416666666666667 0.0875 0.6425925925925926
5 0.39010416666666664 0.6101851851851852 0.3927083333333333 0.6148148148148148 0.396875 0.6083333333333333 0.39739583333333334 0.575 0.3932291666666667 0.562962962962963 0.39010416666666664 0.5638888888888889 0.3880208333333333 0.5722222222222222 0.3880208333333333 0.5953703703703703 0.39010416666666664 0.6101851851851852
5 0.65 0.6731481481481482 0.6536458333333334 0.6694444444444444 0.6510416666666666 0.6592592592592592 0.6510416666666666 0.6240740740740741 0.6463541666666667 0.6148148148148148 0.6395833333333333 0.6185185185185185 0.6401041666666667 0.6694444444444444 0.65 0.6731481481481482
3 0.79375 0.7129629629629629 0.7989583333333333 0.7185185185185186 0.8020833333333334 0.7092592592592593 0.8067708333333333 0.6546296296296297 0.8041666666666667 0.6472222222222223 0.7979166666666667 0.6444444444444445 0.7921875 0.6592592592592592 0.7911458333333333 0.6777777777777778 0.79375 0.7129629629629629
5 0.8963541666666667 0.8462962962962963 0.9 0.8537037037037037 0.8963541666666667 0.8925925925925926 0.9041666666666667 0.9046296296296297 0.9104166666666667 0.8916666666666667 0.9161458333333333 0.887962962962963 0.9119791666666667 0.8722222222222222 0.9114583333333334 0.8583333333333333 0.9125 0.8481481481481481 0.9192708333333334 0.8444444444444444 0.9140625 0.8296296296296296 0.9119791666666667 0.8 0.9083333333333333 0.8 0.8989583333333333 0.8157407407407408 0.8916666666666667 0.8416666666666667 0.8916666666666667 0.8490740740740741 0.8963541666666667 0.8462962962962963
5 0.6213541666666667 0.6027777777777777 0.625 0.6046296296296296 0.6296875 0.5722222222222222 0.6255208333333333 0.5611111111111111 0.6223958333333334 0.5601851851851852 0.6197916666666666 0.5740740740740741 0.6192708333333333 0.5944444444444444 0.6213541666666667 0.6027777777777777
5 0.26875 0.7037037037037037 0.2671875 0.725 0.2703125 0.7425925925925926 0.26979166666666665 0.7611111111111111 0.2713541666666667 0.7648148148148148 0.27447916666666666 0.7638888888888888 0.27708333333333335 0.7601851851851852 0.28072916666666664 0.737037037037037 0.2828125 0.7074074074074074 0.275 0.6861111111111111 0.2677083333333333 0.687962962962963 0.2682291666666667 0.6953703703703704 0.26614583333333336 0.6981481481481482 0.2635416666666667 0.6962962962962963 0.26197916666666665 0.700925925925926 0.26875 0.7037037037037037
4 0.6265625 0.5824074074074074 0.6291666666666667 0.5888888888888889 0.628125 0.6203703703703703 0.6296875 0.6231481481481481 0.6395833333333333 0.6222222222222222 0.6411458333333333 0.6185185185185185 0.6390625 0.6101851851851852 0.6401041666666667 0.5907407407407408 0.6380208333333334 0.5777777777777777 0.6354166666666666 0.5712962962962963 0.63125 0.5712962962962963 0.6286458333333333 0.575925925925926 0.6291666666666667 0.5796296296296296 0.6265625 0.5824074074074074