3 0.5921875 0.612037037037037 0.5963541666666666 0.5675925925925925 0.5911458333333334 0.5601851851851852 0.5838541666666667 0.575 0.5869791666666667 0.6101851851851852 0.5921875 0.612037037037037
5 0.4010416666666667 0.6111111111111112 0.403125 0.6138888888888889 0.4109375 0.612037037037037 0.4109375 0.5675925925925925 0.4078125 0.5638888888888889 0.403125 0.575925925925926 0.4036458333333333 0.6 0.4010416666666667 0.6111111111111112
5 0.546875 0.6277777777777778 0.5520833333333334 0.6277777777777778 0.5546875 0.6064814814814815 0.5526041666666667 0.5768518518518518 0.5479166666666667 0.5768518518518518 0.5442708333333334 0.587037037037037 0.54375 0.6222222222222222 0.546875 0.6277777777777778
5 0.5994791666666667 0.6962962962962963 0.6036458333333333 0.7 0.6072916666666667 0.6972222222222222 0.6114583333333333 0.6694444444444444 0.6072916666666667 0.6388888888888888 0.603125 0.6388888888888888 0.6010416666666667 0.6509259259259259 0.6015625 0.6851851851851852 0.5994791666666667 0.6962962962962963
4 0.4979166666666667 0.6046296296296296 0.5005208333333333 0.6027777777777777 0.5005208333333333 0.5685185185185185 0.4979166666666667 0.5537037037037037 0.49375 0.5518518518518518 0.49114583333333334 0.562962962962963 0.49114583333333334 0.600925925925926 0.4979166666666667 0.6046296296296296
5 0.728125 0.6092592592592593 0.7364583333333333 0.6129629629629629 0.7390625 0.5972222222222222 0.7390625 0.5796296296296296 0.7364583333333333 0.5685185185185185 0.73125 0.5648148148148148 0.7260416666666667 0.5796296296296296 0.7260416666666667 0.5990740740740741 0.728125 0.6092592592592593
4 0.7380208333333333 0.5851851851851851 0.7463541666666667 0.5842592592592593 0.7479166666666667 0.5675925925925925 0.7447916666666666 0.5583333333333333 0.7375 0.5537037037037037 0.7348958333333333 0.5601851851851852 0.734375 0.5731481481481482 0.7380208333333333 0.5851851851851851
4 0.6614583333333334 0.7083333333333334 0.6645833333333333 0.7129629629629629 0.6682291666666667 0.7129629629629629 0.6723958333333333 0.7074074074074074 0.6760416666666667 0.662962962962963 0.6697916666666667 0.6472222222222223 0.6583333333333333 0.6527777777777778 0.6609375 0.6620370370370371 0.6614583333333334 0.7083333333333334
4 0.8234375 0.600925925925926 0.8239583333333333 0.5694444444444444 0.8208333333333333 0.562962962962963 0.8166666666666667 0.5611111111111111 0.8135416666666667 0.5648148148148148 0.8130208333333333 0.5712962962962963 0.8140625 0.6027777777777777 0.8234375 0.600925925925926
4 0.7677083333333333 0.5805555555555556 0.7697916666666667 0.5740740740740741 0.7666666666666667 0.55 0.7609375 0.5351851851851852 0.7557291666666667 0.5351851851851852 0.7578125 0.575 0.7677083333333333 0.5805555555555556
4 0.6578125 0.5768518518518518 0.6609375 0.5537037037037037 0.659375 0.5351851851851852 0.6541666666666667 0.5333333333333333 0.6453125 0.5555555555555556 0.6473958333333333 0.5768518518518518 0.6578125 0.5768518518518518
5 0.6401041666666667 0.5703703703703704 0.6421875 0.5833333333333334 0.646875 0.587037037037037 0.65 0.5768518518518518 0.6484375 0.5666666666666667 0.6494791666666667 0.5537037037037037 0.6421875 0.5453703703703704 0.6401041666666667 0.5509259259259259 0.6401041666666667 0.5703703703703704
4 0.6557291666666667 0.6324074074074074 0.6578125 0.6305555555555555 0.6609375 0.6111111111111112 0.6598958333333333 0.5944444444444444 0.6546875 0.575925925925926 0.6489583333333333 0.5833333333333334 0.65 0.6287037037037037 0.6557291666666667 0.6324074074074074
3 0.15 0.5444444444444444 0.15833333333333333 0.5768518518518518 0.16354166666666667 0.5796296296296296 0.16666666666666666 0.5472222222222223 0.16145833333333334 0.5370370370370371 0.153125 0.5370370370370371 0.153125 0.5416666666666666 0.15 0.5444444444444444
5 0.7208333333333333 0.5824074074074074 0.725 0.587037037037037 0.7291666666666666 0.5796296296296296 0.7302083333333333 0.562962962962963 0.721875 0.5527777777777778 0.7192708333333333 0.5564814814814815 0.7182291666666667 0.5712962962962963 0.7208333333333333 0.5824074074074074
0 0.7203125 0.5768518518518518 0.721875 0.5722222222222222 0.7203125 0.5611111111111111 0.715625 0.5648148148148148 0.7166666666666667 0.575 0.7203125 0.5768518518518518
3 0.2046875 0.575 0.209375 0.575925925925926 0.21354166666666666 0.5425925925925926 0.21197916666666666 0.5287037037037037 0.20416666666666666 0.5296296296296297 0.20364583333333333 0.5712962962962963 0.2046875 0.575
4 0.8567708333333334 0.6342592592592593 0.8609375 0.6351851851851852 0.8651041666666667 0.6064814814814815 0.8645833333333334 0.5898148148148148 0.8572916666666667 0.5777777777777777 0.853125 0.5907407407407408 0.8541666666666666 0.6212962962962963 0.8567708333333334 0.6342592592592593
5 0.3651041666666667 0.5898148148148148 0.3697916666666667 0.5583333333333333 0.365625 0.5509259259259259 0.35885416666666664 0.5527777777777778 0.3609375 0.587037037037037 0.3651041666666667 0.5898148148148148
4 0.8161458333333333 0.6388888888888888 0.8145833333333333 0.6462962962962963 0.8166666666666667 0.6527777777777778 0.821875 0.6537037037037037 0.825 0.65 0.8276041666666667 0.6138888888888889 0.821875 0.5944444444444444 0.8140625 0.5962962962962963 0.8135416666666667 0.6259259259259259 0.8161458333333333 0.6388888888888888
5 0.7494791666666667 0.5527777777777778 0.7479166666666667 0.5638888888888889 0.7515625 0.575925925925926 0.7557291666666667 0.5768518518518518 0.7588541666666667 0.5712962962962963 0.7578125 0.5370370370370371 0.7552083333333334 0.5314814814814814 0.7505208333333333 0.5388888888888889 0.7479166666666667 0.5481481481481482 0.7494791666666667 0.5527777777777778
5 0.6557291666666667 0.6388888888888888 0.65625 0.6527777777777778 0.6619791666666667 0.6555555555555556 0.6692708333333334 0.65 0.6645833333333333 0.6361111111111111 0.6645833333333333 0.6092592592592593 0.6614583333333334 0.6027777777777777 0.6515625 0.6092592592592593 0.6510416666666666 0.6240740740740741 0.6557291666666667 0.6388888888888888