4 0.6223958333333334 0.6268518518518519 0.6260416666666667 0.6305555555555555 0.63125 0.6259259259259259 0.634375 0.6305555555555555 0.6369791666666667 0.6296296296296297 0.6369791666666667 0.587037037037037 0.634375 0.5787037037037037 0.6302083333333334 0.5787037037037037 0.6265625 0.5898148148148148 0.6260416666666667 0.6138888888888889 0.6223958333333334 0.6268518518518519
4 0.7005208333333334 0.5990740740740741 0.7088541666666667 0.6018518518518519 0.7114583333333333 0.5833333333333334 0.7104166666666667 0.5601851851851852 0.70625 0.562037037037037 0.7005208333333334 0.5731481481481482 0.6953125 0.5944444444444444 0.6958333333333333 0.6037037037037037 0.7005208333333334 0.5990740740740741
5 0.321875 0.6805555555555556 0.3234375 0.6768518518518518 0.328125 0.6759259259259259 0.3302083333333333 0.6805555555555556 0.3338541666666667 0.6796296296296296 0.3296875 0.6212962962962963 0.325 0.6231481481481481 0.31927083333333334 0.6564814814814814 0.31927083333333334 0.6787037037037037 0.321875 0.6805555555555556
4 0.2984375 0.6027777777777777 0.3140625 0.6074074074074074 0.315625 0.5962962962962963 0.3140625 0.5833333333333334 0.3125 0.5842592592592593 0.3098958333333333 0.5777777777777777 0.309375 0.5583333333333333 0.30625 0.5518518518518518 0.3015625 0.5592592592592592 0.30104166666666665 0.5888888888888889 0.2984375 0.6027777777777777
5 0.4609375 0.587037037037037 0.46145833333333336 0.5916666666666667 0.4661458333333333 0.5962962962962963 0.4708333333333333 0.5851851851851851 0.47291666666666665 0.5601851851851852 0.4661458333333333 0.5601851851851852 0.4640625 0.5805555555555556 0.4609375 0.587037037037037
5 0.603125 0.5962962962962963 0.6114583333333333 0.5990740740740741 0.615625 0.5842592592592593 0.6151041666666667 0.5564814814814815 0.6109375 0.5555555555555556 0.6067708333333334 0.5694444444444444 0.6067708333333334 0.5824074074074074 0.603125 0.5962962962962963
5 0.4822916666666667 0.6703703703703704 0.48541666666666666 0.674074074074074 0.4895833333333333 0.6731481481481482 0.48802083333333335 0.6648148148148149 0.49166666666666664 0.65 0.49583333333333335 0.6462962962962963 0.49583333333333335 0.6416666666666667 0.4942708333333333 0.6370370370370371 0.48072916666666665 0.637962962962963 0.4786458333333333 0.6481481481481481 0.4822916666666667 0.6703703703703704
4 0.5145833333333333 0.6018518518518519 0.5171875 0.5916666666666667 0.5171875 0.5527777777777778 0.5114583333333333 0.5537037037037037 0.509375 0.5601851851851852 0.5098958333333333 0.5990740740740741 0.5145833333333333 0.6018518518518519
4 0.80625 0.5935185185185186 0.8020833333333334 0.5962962962962963 0.8020833333333334 0.600925925925926 0.8109375 0.5990740740740741 0.8140625 0.6074074074074074 0.8177083333333334 0.6064814814814815 0.8171875 0.5879629629629629 0.8208333333333333 0.5833333333333334 0.821875 0.5638888888888889 0.8140625 0.5611111111111111 0.8083333333333333 0.5685185185185185 0.809375 0.5833333333333334 0.80625 0.5935185185185186
5 0.4947916666666667 0.6361111111111111 0.496875 0.6342592592592593 0.49895833333333334 0.6148148148148148 0.4979166666666667 0.5842592592592593 0.49375 0.5824074074074074 0.49114583333333334 0.5953703703703703 0.4890625 0.6342592592592593 0.4947916666666667 0.6361111111111111
5 0.7703125 0.5944444444444444 0.7760416666666666 0.6 0.7822916666666667 0.575925925925926 0.7822916666666667 0.5564814814814815 0.7786458333333334 0.5509259259259259 0.7755208333333333 0.5518518518518518 0.7703125 0.5685185185185185 0.765625 0.5953703703703703 0.7703125 0.5944444444444444
4 0.8770833333333333 0.6648148148148149 0.8791666666666667 0.6620370370370371 0.8791666666666667 0.6518518518518519 0.8828125 0.6388888888888888 0.8817708333333333 0.6222222222222222 0.8776041666666666 0.6055555555555555 0.8734375 0.6074074074074074 0.8682291666666667 0.625 0.8661458333333333 0.6620370370370371 0.8770833333333333 0.6648148148148149
4 0.59375 0.5833333333333334 0.5958333333333333 0.549074074074074 0.5911458333333334 0.5361111111111111 0.5864583333333333 0.5361111111111111 0.5854166666666667 0.5416666666666666 0.5880208333333333 0.5879629629629629 0.59375 0.5833333333333334
5 0.26614583333333336 0.6351851851851852 0.2677083333333333 0.6314814814814815 0.26614583333333336 0.5842592592592593 0.2640625 0.5805555555555556 0.26145833333333335 0.5814814814814815 0.25833333333333336 0.5944444444444444 0.25677083333333334 0.6342592592592593 0.26614583333333336 0.6351851851851852
4 0.8223958333333333 0.5907407407407408 0.834375 0.5925925925925926 0.8354166666666667 0.5814814814814815 0.8322916666666667 0.5555555555555556 0.8255208333333334 0.5509259259259259 0.8208333333333333 0.5592592592592592 0.8203125 0.5796296296296296 0.8223958333333333 0.5907407407407408
4 0.61875 0.6898148148148148 0.6213541666666667 0.6787037037037037 0.6208333333333333 0.6416666666666667 0.6145833333333334 0.6268518518518519 0.6114583333333333 0.6268518518518519 0.6072916666666667 0.6398148148148148 0.6088541666666667 0.6888888888888889 0.61875 0.6898148148148148
5 0.26458333333333334 0.5953703703703703 0.271875 0.5962962962962963 0.27395833333333336 0.5740740740740741 0.2713541666666667 0.5527777777777778 0.26666666666666666 0.5518518518518518 0.2630208333333333 0.5712962962962963 0.2625 0.587037037037037 0.26458333333333334 0.5953703703703703
3 0.5765625 0.6148148148148148 0.5796875 0.6185185185185185 0.5875 0.6185185185185185 0.5921875 0.5712962962962963 0.5875 0.5638888888888889 0.58125 0.575925925925926 0.5807291666666666 0.5990740740740741 0.5765625 0.6148148148148148
3 0.2630208333333333 0.575 0.2713541666666667 0.575925925925926 0.27395833333333336 0.5722222222222222 0.2713541666666667 0.5398148148148149 0.2677083333333333 0.5361111111111111 0.26458333333333334 0.5481481481481482 0.26510416666666664 0.562037037037037 0.2630208333333333 0.575
5 0.5520833333333334 0.5777777777777777 0.5567708333333333 0.5527777777777778 0.5526041666666667 0.5416666666666666 0.5489583333333333 0.5444444444444444 0.5463541666666667 0.5518518518518518 0.5432291666666667 0.575925925925926 0.5520833333333334 0.5777777777777777