3 0.4515625 0.6537037037037037 0.45 0.6472222222222223 0.44635416666666666 0.6444444444444445 0.44114583333333335 0.6574074074074074 0.4401041666666667 0.6907407407407408 0.4432291666666667 0.6953703703703704 0.45 0.6805555555555556 0.4515625 0.6537037037037037
4 0.5291666666666667 0.6666666666666666 0.525 0.6574074074074074 0.5203125 0.6592592592592592 0.5166666666666667 0.6731481481481482 0.5197916666666667 0.6944444444444444 0.5255208333333333 0.7018518518518518 0.5291666666666667 0.6666666666666666
5 0.3463541666666667 0.7046296296296296 0.3458333333333333 0.6851851851851852 0.3411458333333333 0.6824074074074075 0.33489583333333334 0.6990740740740741 0.3333333333333333 0.7324074074074074 0.3380208333333333 0.7361111111111112 0.34322916666666664 0.725 0.3463541666666667 0.7046296296296296
4 0.7130208333333333 0.6546296296296297 0.7135416666666666 0.6370370370370371 0.7078125 0.6277777777777778 0.7046875 0.6296296296296297 0.7015625 0.6388888888888888 0.7010416666666667 0.6583333333333333 0.7052083333333333 0.6675925925925926 0.7088541666666667 0.6685185185185185 0.7130208333333333 0.6546296296296297
5 0.5536458333333333 0.6388888888888888 0.5484375 0.637962962962963 0.5463541666666667 0.6435185185185185 0.5473958333333333 0.6814814814814815 0.5578125 0.6814814814814815 0.5567708333333333 0.6518518518518519 0.5536458333333333 0.6388888888888888
4 0.740625 0.7111111111111111 0.7463541666666667 0.7 0.746875 0.687962962962963 0.7505208333333333 0.6759259259259259 0.7479166666666667 0.6657407407407407 0.740625 0.6675925925925926 0.7359375 0.6759259259259259 0.7375 0.6925925925925925 0.7338541666666667 0.7046296296296296 0.734375 0.7083333333333334 0.740625 0.7111111111111111
5 0.4359375 0.6462962962962963 0.4395833333333333 0.6268518518518519 0.4348958333333333 0.6148148148148148 0.43020833333333336 0.6231481481481481 0.43125 0.6537037037037037 0.43333333333333335 0.6537037037037037 0.4359375 0.6462962962962963
5 0.20520833333333333 0.7203703703703703 0.20520833333333333 0.6972222222222222 0.20729166666666668 0.6907407407407408 0.20572916666666666 0.6777777777777778 0.20052083333333334 0.6731481481481482 0.19375 0.6851851851851852 0.19947916666666668 0.7194444444444444 0.20104166666666667 0.7240740740740741 0.20364583333333333 0.7231481481481481 0.20520833333333333 0.7203703703703703
5 0.5104166666666666 0.7796296296296297 0.5083333333333333 0.7546296296296297 0.5052083333333334 0.7509259259259259 0.49583333333333335 0.7694444444444445 0.49947916666666664 0.8083333333333333 0.5015625 0.812037037037037 0.5057291666666667 0.812037037037037 0.5104166666666666 0.7796296296296297
4 0.4114583333333333 0.6222222222222222 0.4109375 0.6027777777777777 0.4078125 0.5962962962962963 0.40260416666666665 0.600925925925926 0.4015625 0.6074074074074074 0.4046875 0.6342592592592593 0.4083333333333333 0.6324074074074074 0.4114583333333333 0.6222222222222222
4 0.6401041666666667 0.8490740740740741 0.6463541666666667 0.8574074074074074 0.65 0.8564814814814815 0.6520833333333333 0.8324074074074074 0.6442708333333333 0.7870370370370371 0.6401041666666667 0.7861111111111111 0.6348958333333333 0.8018518518518518 0.6369791666666667 0.8314814814814815 0.6322916666666667 0.8527777777777777 0.634375 0.8564814814814815 0.6401041666666667 0.8490740740740741
5 0.7135416666666666 0.7046296296296296 0.7145833333333333 0.6787037037037037 0.7088541666666667 0.6638888888888889 0.7036458333333333 0.6685185185185185 0.703125 0.6861111111111111 0.7057291666666666 0.7129629629629629 0.7098958333333333 0.7166666666666667 0.7135416666666666 0.7046296296296296
3 0.9338541666666667 0.9324074074074075 0.9427083333333334 0.9398148148148148 0.9546875 0.9361111111111111 0.9588541666666667 0.9407407407407408 0.9619791666666667 0.8935185185185185 0.9609375 0.8805555555555555 0.9510416666666667 0.8611111111111112 0.9442708333333333 0.8768518518518519 0.94375 0.8962962962962963 0.9401041666666666 0.9138888888888889 0.9333333333333333 0.924074074074074 0.9338541666666667 0.9324074074074075
5 0.2234375 0.7564814814814815 0.22447916666666667 0.7185185185185186 0.21822916666666667 0.7101851851851851 0.2125 0.7157407407407408 0.2109375 0.7324074074074074 0.21666666666666667 0.7666666666666667 0.22135416666666666 0.762962962962963 0.2234375 0.7564814814814815
4 0.19270833333333334 0.8731481481481481 0.2046875 0.8490740740740741 0.20104166666666667 0.7972222222222223 0.19635416666666666 0.799074074074074 0.19166666666666668 0.8185185185185185 0.19010416666666666 0.85 0.18697916666666667 0.8685185185185185 0.18854166666666666 0.8731481481481481 0.19270833333333334 0.8731481481481481
4 0.2890625 0.6222222222222222 0.2869791666666667 0.6175925925925926 0.2828125 0.6166666666666667 0.2791666666666667 0.6259259259259259 0.28020833333333334 0.6555555555555556 0.2838541666666667 0.6592592592592592 0.2875 0.6537037037037037 0.2890625 0.6222222222222222
5 0.3375 0.6277777777777778 0.3338541666666667 0.6324074074074074 0.3296875 0.6324074074074074 0.3260416666666667 0.6425925925925926 0.3307291666666667 0.6768518518518518 0.3416666666666667 0.6574074074074074 0.3416666666666667 0.6296296296296297 0.3375 0.6277777777777778
4 0.2713541666666667 0.6787037037037037 0.27395833333333336 0.674074074074074 0.2755208333333333 0.6407407407407407 0.2713541666666667 0.6259259259259259 0.26510416666666664 0.6342592592592593 0.2640625 0.6509259259259259 0.26614583333333336 0.6712962962962963 0.2671875 0.6768518518518518 0.2713541666666667 0.6787037037037037
0 0.7020833333333333 0.8046296296296296 0.696875 0.8009259259259259 0.6932291666666667 0.8092592592592592 0.696875 0.8148148148148148 0.7015625 0.8138888888888889 0.7020833333333333 0.8046296296296296
3 0.2682291666666667 0.6185185185185185 0.2713541666666667 0.6 0.2703125 0.5861111111111111 0.2671875 0.5787037037037037 0.2598958333333333 0.5851851851851851 0.25885416666666666 0.6 0.26197916666666665 0.6157407407407407 0.2635416666666667 0.6194444444444445 0.2682291666666667 0.6185185185185185
4 0.4901041666666667 0.6092592592592593 0.4901041666666667 0.5916666666666667 0.4817708333333333 0.5888888888888889 0.4796875 0.5935185185185186 0.4786458333333333 0.6083333333333333 0.48125 0.6222222222222222 0.4864583333333333 0.625 0.4901041666666667 0.6092592592592593
4 0.3416666666666667 0.6277777777777778 0.3375 0.6259259259259259 0.334375 0.6342592592592593 0.3338541666666667 0.6675925925925926 0.3380208333333333 0.6666666666666666 0.3411458333333333 0.6592592592592592 0.3416666666666667 0.6277777777777778
5 0.2630208333333333 0.6222222222222222 0.2578125 0.6222222222222222 0.2546875 0.6324074074074074 0.2557291666666667 0.6611111111111111 0.26197916666666665 0.6620370370370371 0.2640625 0.6425925925925926 0.2630208333333333 0.6222222222222222
4 0.2203125 0.7018518518518518 0.21614583333333334 0.7018518518518518 0.21145833333333333 0.7138888888888889 0.2125 0.7342592592592593 0.22291666666666668 0.7324074074074074 0.225 0.7166666666666667 0.2203125 0.7018518518518518
5 0.23697916666666666 0.6712962962962963 0.2359375 0.6462962962962963 0.23229166666666667 0.6416666666666667 0.22916666666666666 0.6527777777777778 0.22760416666666666 0.6888888888888889 0.22864583333333333 0.6925925925925925 0.23229166666666667 0.6925925925925925 0.23697916666666666 0.6712962962962963
4 0.509375 0.5925925925925926 0.5052083333333334 0.587037037037037 0.5020833333333333 0.5944444444444444 0.5015625 0.6231481481481481 0.509375 0.625 0.5114583333333333 0.6083333333333333 0.509375 0.5925925925925926