5 0.4901041666666667 0.7046296296296296 0.496875 0.7027777777777777 0.5015625 0.6851851851851852 0.5015625 0.6666666666666666 0.496875 0.6685185185185185 0.4875 0.6962962962962963 0.4869791666666667 0.700925925925926 0.4901041666666667 0.7046296296296296
4 0.65 0.6361111111111111 0.6479166666666667 0.6074074074074074 0.6395833333333333 0.6064814814814815 0.6427083333333333 0.6324074074074074 0.65 0.6361111111111111
4 0.8260416666666667 0.7185185185185186 0.8302083333333333 0.7083333333333334 0.8317708333333333 0.6814814814814815 0.8260416666666667 0.6703703703703704 0.821875 0.674074074074074 0.8203125 0.687962962962963 0.8260416666666667 0.7185185185185186
4 0.2520833333333333 0.7481481481481481 0.2557291666666667 0.7472222222222222 0.2609375 0.7203703703703703 0.26197916666666665 0.7 0.2557291666666667 0.6925925925925925 0.2484375 0.7046296296296296 0.25 0.7444444444444445 0.2520833333333333 0.7481481481481481
4 0.7046875 0.6537037037037037 0.7161458333333334 0.6555555555555556 0.7182291666666667 0.65 0.7182291666666667 0.6259259259259259 0.7130208333333333 0.6185185185185185 0.7104166666666667 0.6240740740740741 0.7104166666666667 0.6324074074074074 0.7046875 0.6537037037037037
3 0.5364583333333334 0.6722222222222223 0.5401041666666667 0.6694444444444444 0.5447916666666667 0.6435185185185185 0.5416666666666666 0.6324074074074074 0.5359375 0.6361111111111111 0.5296875 0.6657407407407407 0.5291666666666667 0.6694444444444444 0.5364583333333334 0.6722222222222223
4 0.5708333333333333 0.7287037037037037 0.5713541666666667 0.7425925925925926 0.5802083333333333 0.7435185185185185 0.5817708333333333 0.7342592592592593 0.5807291666666666 0.7037037037037037 0.5760416666666667 0.6925925925925925 0.5723958333333333 0.6935185185185185 0.5692708333333333 0.7037037037037037 0.5682291666666667 0.7203703703703703 0.5708333333333333 0.7287037037037037
5 0.5776041666666667 0.65 0.578125 0.6259259259259259 0.5828125 0.6212962962962963 0.5755208333333334 0.6166666666666667 0.5703125 0.6175925925925926 0.5708333333333333 0.649074074074074 0.5776041666666667 0.65
5 0.4901041666666667 0.6277777777777778 0.48854166666666665 0.6064814814814815 0.4864583333333333 0.6037037037037037 0.48072916666666665 0.6064814814814815 0.4817708333333333 0.6268518518518519 0.4901041666666667 0.6277777777777778
5 0.7010416666666667 0.6861111111111111 0.7046875 0.687962962962963 0.7083333333333334 0.6777777777777778 0.709375 0.6648148148148149 0.7135416666666666 0.6527777777777778 0.715625 0.6537037037037037 0.7130208333333333 0.6518518518518519 0.7114583333333333 0.6555555555555556 0.7046875 0.65 0.7005208333333334 0.6564814814814814 0.7 0.6814814814814815 0.7010416666666667 0.6861111111111111
3 0.8338541666666667 0.8759259259259259 0.8338541666666667 0.8851851851851852 0.8395833333333333 0.8861111111111111 0.8421875 0.8953703703703704 0.8458333333333333 0.8962962962962963 0.85 0.8768518518518519 0.8536458333333333 0.8805555555555555 0.8572916666666667 0.8962962962962963 0.8598958333333333 0.887962962962963 0.8578125 0.8379629629629629 0.8520833333333333 0.8268518518518518 0.8489583333333334 0.8277777777777777 0.8432291666666667 0.8407407407407408 0.8390625 0.8685185185185185 0.8338541666666667 0.8759259259259259
4 0.45416666666666666 0.6601851851851852 0.45625 0.6601851851851852 0.45989583333333334 0.6361111111111111 0.4552083333333333 0.6277777777777778 0.45208333333333334 0.6287037037037037 0.45 0.6342592592592593 0.4510416666666667 0.6518518518518519 0.45416666666666666 0.6601851851851852
4 0.5979166666666667 0.6361111111111111 0.6 0.6462962962962963 0.6109375 0.65 0.6125 0.6444444444444445 0.60625 0.6231481481481481 0.5989583333333334 0.6111111111111112 0.5953125 0.6101851851851852 0.59375 0.6138888888888889 0.59375 0.6305555555555555 0.5979166666666667 0.6361111111111111
5 0.346875 0.7083333333333334 0.3489583333333333 0.7046296296296296 0.3515625 0.6777777777777778 0.35 0.6648148148148149 0.346875 0.6666666666666666 0.3411458333333333 0.6833333333333333 0.33958333333333335 0.7046296296296296 0.346875 0.7083333333333334
4 0.5791666666666667 0.6203703703703703 0.5833333333333334 0.6203703703703703 0.5885416666666666 0.6027777777777777 0.5838541666666667 0.5953703703703703 0.5776041666666667 0.5962962962962963 0.5765625 0.6148148148148148 0.5791666666666667 0.6203703703703703
5 0.471875 0.6657407407407407 0.4739583333333333 0.6703703703703704 0.4765625 0.6694444444444444 0.4796875 0.6574074074074074 0.4791666666666667 0.637962962962963 0.4739583333333333 0.6324074074074074 0.46979166666666666 0.6444444444444445 0.46927083333333336 0.6546296296296297 0.471875 0.6657407407407407
0 0.5010416666666667 0.637962962962963 0.5 0.6333333333333333 0.49635416666666665 0.6333333333333333 0.496875 0.6398148148148148 0.5010416666666667 0.637962962962963
3 0.4791666666666667 0.612037037037037 0.4875 0.6064814814814815 0.4864583333333333 0.5972222222222222 0.4901041666666667 0.5916666666666667 0.47552083333333334 0.587037037037037 0.47291666666666665 0.5935185185185186 0.471875 0.6092592592592593 0.4791666666666667 0.612037037037037
2 0.1796875 0.6231481481481481 0.18125 0.6324074074074074 0.17916666666666667 0.662962962962963 0.18854166666666666 0.6611111111111111 0.19114583333333332 0.6574074074074074 0.18697916666666667 0.6222222222222222 0.18177083333333333 0.6203703703703703 0.17760416666666667 0.6222222222222222 0.1796875 0.6231481481481481
4 0.39010416666666664 0.7537037037037037 0.3932291666666667 0.7564814814814815 0.39739583333333334 0.75 0.4010416666666667 0.7314814814814815 0.4005208333333333 0.712037037037037 0.3963541666666667 0.6990740740740741 0.39114583333333336 0.7055555555555556 0.38958333333333334 0.712037037037037 0.3890625 0.7462962962962963 0.39010416666666664 0.7537037037037037
4 0.3619791666666667 0.6953703703703704 0.3651041666666667 0.7 0.3692708333333333 0.6981481481481482 0.371875 0.6935185185185185 0.3729166666666667 0.6722222222222223 0.3671875 0.6472222222222223 0.3645833333333333 0.6472222222222223 0.3609375 0.6620370370370371 0.359375 0.6787037037037037 0.3619791666666667 0.6953703703703704