5 0.5677083333333334 0.6453703703703704 0.5671875 0.6148148148148148 0.5625 0.5990740740740741 0.5598958333333334 0.5972222222222222 0.5583333333333333 0.6 0.559375 0.6416666666666667 0.5609375 0.6472222222222223 0.5651041666666666 0.6481481481481481 0.5677083333333334 0.6453703703703704
4 0.7255208333333333 0.6064814814814815 0.728125 0.612037037037037 0.7322916666666667 0.612037037037037 0.7359375 0.6064814814814815 0.7390625 0.5722222222222222 0.7359375 0.562037037037037 0.7302083333333333 0.5592592592592592 0.7255208333333333 0.5518518518518518 0.7239583333333334 0.5518518518518518 0.7244791666666667 0.5574074074074075 0.7276041666666667 0.5657407407407408 0.7255208333333333 0.6064814814814815
4 0.7734375 0.6027777777777777 0.7734375 0.5666666666666667 0.7703125 0.5537037037037037 0.7630208333333334 0.5527777777777778 0.7619791666666667 0.5953703703703703 0.7635416666666667 0.6046296296296296 0.7671875 0.6083333333333333 0.7734375 0.6027777777777777
5 0.7057291666666666 0.575925925925926 0.7046875 0.5611111111111111 0.7010416666666667 0.5564814814814815 0.6953125 0.5657407407407408 0.6947916666666667 0.5888888888888889 0.696875 0.5981481481481481 0.7010416666666667 0.6 0.7057291666666666 0.575925925925926
5 0.6484375 0.5962962962962963 0.6421875 0.5833333333333334 0.6385416666666667 0.5944444444444444 0.6390625 0.6342592592592593 0.6432291666666666 0.6351851851851852 0.6458333333333334 0.6305555555555555 0.6484375 0.5962962962962963
4 0.9671875 0.5694444444444444 0.9630208333333333 0.5703703703703704 0.959375 0.5898148148148148 0.9588541666666667 0.6148148148148148 0.971875 0.6185185185185185 0.9697916666666667 0.5768518518518518 0.9671875 0.5694444444444444
4 0.8848958333333333 0.6296296296296297 0.8864583333333333 0.6240740740740741 0.8822916666666667 0.6027777777777777 0.8833333333333333 0.587037037037037 0.8770833333333333 0.5787037037037037 0.8744791666666667 0.5824074074074074 0.8723958333333334 0.5925925925925926 0.8729166666666667 0.6194444444444445 0.8765625 0.6296296296296297 0.8848958333333333 0.6296296296296297
4 0.7005208333333334 0.6425925925925926 0.7010416666666667 0.6111111111111112 0.6895833333333333 0.6148148148148148 0.6838541666666667 0.6296296296296297 0.6828125 0.6712962962962963 0.6864583333333333 0.6731481481481482 0.6947916666666667 0.6694444444444444 0.7005208333333334 0.6425925925925926
5 0.5802083333333333 0.5657407407407408 0.5760416666666667 0.5703703703703704 0.5744791666666667 0.5777777777777777 0.575 0.6138888888888889 0.5822916666666667 0.6148148148148148 0.5848958333333333 0.5787037037037037 0.5802083333333333 0.5657407407407408
5 0.7552083333333334 0.6231481481481481 0.759375 0.5935185185185186 0.7541666666666667 0.5777777777777777 0.7515625 0.5768518518518518 0.7494791666666667 0.5814814814814815 0.7479166666666667 0.5898148148148148 0.7489583333333333 0.6231481481481481 0.7520833333333333 0.6277777777777778 0.7552083333333334 0.6231481481481481
3 0.7244791666666667 0.6546296296296297 0.725 0.6222222222222222 0.7265625 0.6157407407407407 0.7322916666666667 0.6111111111111112 0.7203125 0.5981481481481481 0.7166666666666667 0.6018518518518519 0.715625 0.6074074074074074 0.7140625 0.637962962962963 0.7109375 0.6546296296296297 0.7125 0.6648148148148149 0.7244791666666667 0.6546296296296297
5 0.6390625 0.5740740740740741 0.6354166666666666 0.5777777777777777 0.6328125 0.5953703703703703 0.6328125 0.6166666666666667 0.6385416666666667 0.6222222222222222 0.6421875 0.5916666666666667 0.6390625 0.5740740740740741
4 0.7984375 0.6157407407407407 0.7973958333333333 0.5916666666666667 0.7953125 0.5861111111111111 0.7890625 0.5953703703703703 0.7864583333333334 0.6083333333333333 0.7875 0.6444444444444445 0.7916666666666666 0.6481481481481481 0.7958333333333333 0.637962962962963 0.7984375 0.6157407407407407
5 0.7036458333333333 0.6194444444444445 0.7005208333333334 0.600925925925926 0.6963541666666667 0.6055555555555555 0.69375 0.6148148148148148 0.69375 0.6601851851851852 0.696875 0.6638888888888889 0.7010416666666667 0.6546296296296297 0.7036458333333333 0.6194444444444445
5 0.6921875 0.5990740740740741 0.6916666666666667 0.5666666666666667 0.6901041666666666 0.5638888888888889 0.6875 0.5657407407407408 0.684375 0.5805555555555556 0.6838541666666667 0.6111111111111112 0.6864583333333333 0.6129629629629629 0.6911458333333333 0.6083333333333333 0.6921875 0.5990740740740741
0 0.21197916666666666 0.6842592592592592 0.209375 0.6768518518518518 0.20260416666666667 0.6796296296296296 0.20208333333333334 0.6851851851851852 0.20416666666666666 0.687962962962963 0.209375 0.6888888888888889 0.21197916666666666 0.6842592592592592
5 0.7989583333333333 0.6305555555555555 0.8057291666666667 0.6305555555555555 0.8020833333333334 0.5944444444444444 0.7979166666666667 0.5833333333333334 0.7942708333333334 0.5833333333333334 0.7927083333333333 0.5935185185185186 0.7947916666666667 0.600925925925926 0.7953125 0.6268518518518519 0.7989583333333333 0.6305555555555555
4 0.18802083333333333 0.6833333333333333 0.196875 0.6824074074074075 0.19635416666666666 0.6638888888888889 0.20052083333333334 0.6425925925925926 0.19739583333333333 0.6388888888888888 0.18489583333333334 0.6361111111111111 0.17708333333333334 0.6462962962962963 0.1765625 0.6537037037037037 0.18333333333333332 0.6592592592592592 0.18333333333333332 0.6796296296296296 0.18802083333333333 0.6833333333333333
5 0.9244791666666666 0.6787037037037037 0.9203125 0.6648148148148149 0.9166666666666666 0.6657407407407407 0.9114583333333334 0.6777777777777778 0.9083333333333333 0.7138888888888889 0.9078125 0.7287037037037037 0.9197916666666667 0.7333333333333333 0.9234375 0.7314814814814815 0.9244791666666666 0.6787037037037037
2 0.5895833333333333 0.5601851851851852 0.5875 0.5481481481481482 0.5817708333333333 0.5546296296296296 0.5807291666666666 0.562037037037037 0.5838541666666667 0.600925925925926 0.5875 0.5953703703703703 0.5895833333333333 0.5601851851851852
3 0.7755208333333333 0.5416666666666666 0.7786458333333334 0.5370370370370371 0.78125 0.512962962962963 0.7791666666666667 0.5083333333333333 0.7734375 0.5092592592592593 0.7697916666666667 0.5157407407407407 0.7703125 0.5296296296296297 0.771875 0.537962962962963 0.7755208333333333 0.5416666666666666