5 0.06979166666666667 0.7546296296296297 0.06666666666666667 0.6962962962962963 0.06302083333333333 0.6944444444444444 0.05625 0.712037037037037 0.058854166666666666 0.7592592592592593 0.06041666666666667 0.7620370370370371 0.06822916666666666 0.7611111111111111 0.06979166666666667 0.7546296296296297
3 0.9338541666666667 0.9407407407407408 0.9427083333333334 0.9490740740740741 0.9447916666666667 0.9583333333333334 0.9473958333333333 0.9583333333333334 0.9458333333333333 0.9231481481481482 0.9489583333333333 0.8953703703703704 0.9395833333333333 0.8703703703703703 0.9338541666666667 0.8722222222222222 0.9296875 0.8898148148148148 0.9291666666666667 0.9212962962962963 0.9223958333333333 0.9398148148148148 0.9223958333333333 0.9490740740740741 0.9286458333333333 0.9518518518518518 0.93125 0.9574074074074074 0.9338541666666667 0.9407407407407408
5 0.165625 0.7722222222222223 0.175 0.775 0.1765625 0.7212962962962963 0.16979166666666667 0.7064814814814815 0.16197916666666667 0.7194444444444444 0.16458333333333333 0.7333333333333333 0.159375 0.7712962962962963 0.1609375 0.775 0.165625 0.7722222222222223
4 0.0375 0.725 0.04114583333333333 0.7277777777777777 0.044270833333333336 0.7203703703703703 0.04114583333333333 0.7101851851851851 0.041666666666666664 0.6925925925925925 0.0375 0.6657407407407407 0.03229166666666667 0.6657407407407407 0.030208333333333334 0.6759259259259259 0.0234375 0.725 0.0296875 0.7277777777777777 0.03333333333333333 0.7129629629629629 0.0375 0.725
5 0.428125 0.6694444444444444 0.4265625 0.6537037037037037 0.4234375 0.6509259259259259 0.4171875 0.6694444444444444 0.4161458333333333 0.7055555555555556 0.42291666666666666 0.7018518518518518 0.42604166666666665 0.6944444444444444 0.428125 0.6694444444444444
5 0.20625 0.637962962962963 0.20260416666666667 0.637962962962963 0.1984375 0.6509259259259259 0.1984375 0.6666666666666666 0.19479166666666667 0.6814814814814815 0.20677083333333332 0.6842592592592592 0.20625 0.637962962962963
4 0.5651041666666666 0.6611111111111111 0.5671875 0.6342592592592593 0.5640625 0.6259259259259259 0.5604166666666667 0.6231481481481481 0.5567708333333333 0.6333333333333333 0.5583333333333333 0.6703703703703704 0.5604166666666667 0.6731481481481482 0.5635416666666667 0.6694444444444444 0.5651041666666666 0.6611111111111111
5 0.016666666666666666 0.825925925925926 0.017708333333333333 0.8111111111111111 0.017708333333333333 0.7564814814814815 0.013020833333333334 0.7555555555555555 0.007291666666666667 0.7731481481481481 0.0046875 0.8194444444444444 0.007291666666666667 0.8277777777777777 0.013541666666666667 0.8314814814814815 0.016666666666666666 0.825925925925926
5 0.26614583333333336 0.725925925925926 0.2677083333333333 0.7240740740740741 0.2635416666666667 0.6722222222222223 0.2598958333333333 0.6675925925925926 0.2546875 0.6675925925925926 0.25364583333333335 0.674074074074074 0.25729166666666664 0.700925925925926 0.25729166666666664 0.7240740740740741 0.26614583333333336 0.725925925925926
5 0.22395833333333334 0.8740740740740741 0.23854166666666668 0.8694444444444445 0.23697916666666666 0.850925925925926 0.23958333333333334 0.8055555555555556 0.23645833333333333 0.8018518518518518 0.23229166666666667 0.8027777777777778 0.23072916666666668 0.8083333333333333 0.228125 0.8277777777777777 0.22864583333333333 0.8407407407407408 0.221875 0.8685185185185185 0.22395833333333334 0.8740740740740741
4 0.8229166666666666 0.7712962962962963 0.8197916666666667 0.7592592592592593 0.821875 0.7314814814814815 0.8166666666666667 0.7157407407407408 0.8140625 0.7129629629629629 0.8109375 0.7157407407407408 0.8114583333333333 0.7787037037037037 0.8145833333333333 0.7814814814814814 0.8192708333333333 0.7787037037037037 0.8229166666666666 0.7712962962962963
5 0.14947916666666666 0.700925925925926 0.1484375 0.6851851851851852 0.1421875 0.6694444444444444 0.13229166666666667 0.6888888888888889 0.13072916666666667 0.6981481481481482 0.13385416666666666 0.700925925925926 0.13802083333333334 0.7175925925925926 0.14947916666666666 0.700925925925926
5 0.31302083333333336 0.8074074074074075 0.3260416666666667 0.75 0.321875 0.7481481481481481 0.30572916666666666 0.7796296296296297 0.30364583333333334 0.7907407407407407 0.3078125 0.7981481481481482 0.30625 0.8064814814814815 0.31302083333333336 0.8074074074074075
5 0.4708333333333333 0.7240740740740741 0.4703125 0.7185185185185186 0.4630208333333333 0.7148148148148148 0.465625 0.6888888888888889 0.4640625 0.6814814814814815 0.4708333333333333 0.6777777777777778 0.4671875 0.6694444444444444 0.45729166666666665 0.6805555555555556 0.45208333333333334 0.6962962962962963 0.4510416666666667 0.7305555555555555 0.4546875 0.7305555555555555 0.45677083333333335 0.7212962962962963 0.4708333333333333 0.7240740740740741
4 0.39479166666666665 0.9268518518518518 0.4015625 0.9277777777777778 0.403125 0.9175925925925926 0.40625 0.912962962962963 0.4119791666666667 0.924074074074074 0.4140625 0.9148148148148149 0.40729166666666666 0.8916666666666667 0.4119791666666667 0.8601851851851852 0.4041666666666667 0.8351851851851851 0.39947916666666666 0.837037037037037 0.3958333333333333 0.8564814814814815 0.3921875 0.8842592592592593 0.3953125 0.8925925925925926 0.396875 0.9092592592592592 0.39479166666666665 0.9268518518518518
4 0.521875 0.8490740740740741 0.525 0.8388888888888889 0.5213541666666667 0.7944444444444444 0.5166666666666667 0.7925925925925926 0.5088541666666667 0.812962962962963 0.5130208333333334 0.8722222222222222 0.5192708333333333 0.8740740740740741 0.5213541666666667 0.8685185185185185 0.521875 0.8490740740740741
4 0.59375 0.7944444444444444 0.5989583333333334 0.7907407407407407 0.6 0.8018518518518518 0.603125 0.8055555555555556 0.6046875 0.7962962962962963 0.603125 0.7555555555555555 0.6 0.7425925925925926 0.5947916666666667 0.7342592592592593 0.5911458333333334 0.7324074074074074 0.5901041666666667 0.7361111111111112 0.5854166666666667 0.7592592592592593 0.5869791666666667 0.8018518518518518 0.5916666666666667 0.8018518518518518 0.59375 0.7944444444444444
3 0.56875 0.5935185185185186 0.5729166666666666 0.5796296296296296 0.5682291666666667 0.5657407407407408 0.559375 0.5777777777777777 0.5598958333333334 0.5944444444444444 0.5635416666666667 0.6101851851851852 0.5666666666666667 0.6111111111111112 0.56875 0.5935185185185186
0 0.5677083333333334 0.8342592592592593 0.5640625 0.8361111111111111 0.5619791666666667 0.8462962962962963 0.5682291666666667 0.850925925925926 0.5708333333333333 0.8407407407407408 0.5677083333333334 0.8342592592592593
4 0.1421875 0.7592592592592593 0.1484375 0.7472222222222222 0.15208333333333332 0.7240740740740741 0.15208333333333332 0.7027777777777777 0.146875 0.700925925925926 0.13854166666666667 0.7111111111111111 0.13645833333333332 0.7231481481481481 0.13854166666666667 0.7324074074074074 0.13333333333333333 0.7555555555555555 0.13645833333333332 0.7592592592592593 0.1421875 0.7592592592592593
4 0 0.8694444444444445 0.005729166666666666 0.8833333333333333 0.009375 0.8805555555555555 0.0036458333333333334 0.8388888888888889 0.007291666666666667 0.825925925925926 0.0015625 0.8092592592592592 0 0.8092592592592592 0 0.8694444444444445
4 0.4739583333333333 0.687037037037037 0.47239583333333335 0.6768518518518518 0.4666666666666667 0.6685185185185185 0.4578125 0.6824074074074075 0.4588541666666667 0.7129629629629629 0.4640625 0.7240740740740741 0.471875 0.725 0.4739583333333333 0.687037037037037
3 0.2755208333333333 0.575925925925926 0.2671875 0.5722222222222222 0.26197916666666665 0.5787037037037037 0.26197916666666665 0.5916666666666667 0.26458333333333334 0.6037037037037037 0.271875 0.6064814814814815 0.2755208333333333 0.575925925925926
3 0.31145833333333334 0.7675925925925926 0.3078125 0.712037037037037 0.3020833333333333 0.7101851851851851 0.2984375 0.7240740740740741 0.2984375 0.7842592592592592 0.303125 0.7925925925925926 0.309375 0.7824074074074074 0.31145833333333334 0.7675925925925926
4 0.253125 0.6731481481481482 0.259375 0.6731481481481482 0.2604166666666667 0.6694444444444444 0.2546875 0.6574074074074074 0.253125 0.6342592592592593 0.24791666666666667 0.6231481481481481 0.24479166666666666 0.6268518518518519 0.24270833333333333 0.6398148148148148 0.24166666666666667 0.6722222222222223 0.24375 0.674074074074074 0.2515625 0.6657407407407407 0.253125 0.6731481481481482