4 0.690625 0.6611111111111111 0.6958333333333333 0.6666666666666666 0.7005208333333334 0.6657407407407407 0.7015625 0.6148148148148148 0.6973958333333333 0.6046296296296296 0.6932291666666667 0.6046296296296296 0.6885416666666667 0.6203703703703703 0.6875 0.6342592592592593 0.690625 0.6611111111111111
4 0.43125 0.6268518518518519 0.43385416666666665 0.587037037037037 0.43020833333333336 0.575925925925926 0.4270833333333333 0.575 0.4234375 0.5814814814814815 0.42135416666666664 0.5962962962962963 0.4192708333333333 0.6259259259259259 0.43125 0.6268518518518519
4 0.4744791666666667 0.6601851851851852 0.4791666666666667 0.6388888888888888 0.47708333333333336 0.6064814814814815 0.47291666666666665 0.6037037037037037 0.4666666666666667 0.6185185185185185 0.4661458333333333 0.65 0.4744791666666667 0.6601851851851852
4 0.196875 0.6509259259259259 0.203125 0.65 0.20520833333333333 0.6231481481481481 0.20208333333333334 0.5935185185185186 0.196875 0.5962962962962963 0.19479166666666667 0.6111111111111112 0.19427083333333334 0.6462962962962963 0.196875 0.6509259259259259
4 0.5635416666666667 0.6018518518518519 0.5677083333333334 0.6018518518518519 0.5697916666666667 0.562962962962963 0.5640625 0.5527777777777778 0.5609375 0.5537037037037037 0.5583333333333333 0.5611111111111111 0.5604166666666667 0.5888888888888889 0.5635416666666667 0.6018518518518519
5 0.5072916666666667 0.6444444444444445 0.5072916666666667 0.6620370370370371 0.5135416666666667 0.6648148148148149 0.515625 0.6620370370370371 0.5151041666666667 0.6138888888888889 0.5119791666666667 0.6037037037037037 0.509375 0.6027777777777777 0.5067708333333333 0.6083333333333333 0.5041666666666667 0.6342592592592593 0.5072916666666667 0.6444444444444445
4 0.8119791666666667 0.6342592592592593 0.8140625 0.6398148148148148 0.8182291666666667 0.6398148148148148 0.8223958333333333 0.6222222222222222 0.8223958333333333 0.5944444444444444 0.8177083333333334 0.5833333333333334 0.8140625 0.5842592592592593 0.8104166666666667 0.5935185185185186 0.8098958333333334 0.6212962962962963 0.8119791666666667 0.6342592592592593
5 0.21875 0.587037037037037 0.22447916666666667 0.5916666666666667 0.2265625 0.5879629629629629 0.2296875 0.5601851851851852 0.22447916666666667 0.5444444444444444 0.2203125 0.5425925925925926 0.2171875 0.549074074074074 0.21614583333333334 0.5583333333333333 0.21875 0.587037037037037
3 0.5838541666666667 0.5796296296296296 0.5838541666666667 0.5833333333333334 0.5916666666666667 0.6 0.5953125 0.6185185185185185 0.6010416666666667 0.6185185185185185 0.603125 0.6148148148148148 0.6052083333333333 0.5601851851851852 0.5953125 0.5611111111111111 0.590625 0.575 0.5838541666666667 0.5796296296296296
5 0.7630208333333334 0.6472222222222223 0.7671875 0.6453703703703704 0.7713541666666667 0.6166666666666667 0.7682291666666666 0.5898148148148148 0.7635416666666667 0.5851851851851851 0.7572916666666667 0.6055555555555555 0.7598958333333333 0.6416666666666667 0.7630208333333334 0.6472222222222223
4 0.1515625 0.7546296296296297 0.16614583333333333 0.7583333333333333 0.16822916666666668 0.7555555555555555 0.1671875 0.6972222222222222 0.15729166666666666 0.6824074074074075 0.15520833333333334 0.6851851851851852 0.153125 0.7018518518518518 0.153125 0.7462962962962963 0.1515625 0.7546296296296297
4 0.07708333333333334 0.6824074074074075 0.0796875 0.687037037037037 0.08802083333333334 0.687962962962963 0.0921875 0.6851851851851852 0.09114583333333333 0.6333333333333333 0.08854166666666667 0.6185185185185185 0.08385416666666666 0.6185185185185185 0.08177083333333333 0.6305555555555555 0.08177083333333333 0.662962962962963 0.07708333333333334 0.6824074074074075
5 0.5447916666666667 0.6092592592592593 0.5463541666666667 0.6018518518518519 0.5416666666666666 0.5666666666666667 0.534375 0.562962962962963 0.5317708333333333 0.5740740740740741 0.5338541666666666 0.6064814814814815 0.5447916666666667 0.6092592592592593
5 0.33489583333333334 0.687037037037037 0.33958333333333335 0.687962962962963 0.34270833333333334 0.6824074074074075 0.34375 0.6342592592592593 0.3411458333333333 0.6231481481481481 0.3375 0.6194444444444445 0.33229166666666665 0.6324074074074074 0.3333333333333333 0.6814814814814815 0.33489583333333334 0.687037037037037
5 0.7838541666666666 0.7620370370370371 0.7875 0.7648148148148148 0.790625 0.762962962962963 0.7927083333333333 0.7527777777777778 0.7958333333333333 0.75 0.7984375 0.7555555555555555 0.7994791666666666 0.7518518518518519 0.7973958333333333 0.7083333333333334 0.7927083333333333 0.6907407407407408 0.7869791666666667 0.6916666666666667 0.784375 0.7157407407407408 0.7859375 0.7296296296296296 0.7838541666666666 0.7620370370370371
4 0.8052083333333333 0.7324074074074074 0.803125 0.7425925925925926 0.7979166666666667 0.7481481481481481 0.8 0.762962962962963 0.8026041666666667 0.7638888888888888 0.8067708333333333 0.7564814814814815 0.8182291666666667 0.7555555555555555 0.8166666666666667 0.7388888888888889 0.8182291666666667 0.7111111111111111 0.8161458333333333 0.6990740740740741 0.8104166666666667 0.6851851851851852 0.80625 0.6851851851851852 0.8041666666666667 0.7092592592592593 0.8010416666666667 0.7194444444444444 0.8052083333333333 0.7268518518518519 0.8052083333333333 0.7324074074074074
5 0.609375 0.5703703703703704 0.6135416666666667 0.5703703703703704 0.6151041666666667 0.5685185185185185 0.6140625 0.5361111111111111 0.6072916666666667 0.5314814814814814 0.6057291666666667 0.5361111111111111 0.60625 0.5601851851851852 0.609375 0.5703703703703704
4 0.6265625 0.5388888888888889 0.6307291666666667 0.5657407407407408 0.634375 0.5657407407407408 0.6432291666666666 0.5277777777777778 0.6348958333333333 0.5194444444444445 0.6229166666666667 0.5175925925925926 0.621875 0.5203703703703704 0.6223958333333334 0.5370370370370371 0.6265625 0.5388888888888889
3 0.5557291666666667 0.5444444444444444 0.5604166666666667 0.5481481481481482 0.5645833333333333 0.5425925925925926 0.5677083333333334 0.5120370370370371 0.5604166666666667 0.5037037037037037 0.55625 0.5111111111111111 0.5578125 0.5296296296296297 0.5557291666666667 0.5444444444444444
5 0.27708333333333335 0.7666666666666667 0.28125 0.7685185185185185 0.2833333333333333 0.762962962962963 0.28125 0.7537037037037037 0.28020833333333334 0.7092592592592593 0.27395833333333336 0.6953703703703704 0.2703125 0.6962962962962963 0.2671875 0.7083333333333334 0.2671875 0.7240740740740741 0.27708333333333335 0.7666666666666667
5 0.025520833333333333 0.6851851851851852 0.027083333333333334 0.675 0.03177083333333333 0.6777777777777778 0.0328125 0.6851851851851852 0.03697916666666667 0.6851851851851852 0.036458333333333336 0.6240740740740741 0.0328125 0.6231481481481481 0.028645833333333332 0.6324074074074074 0.020833333333333332 0.6759259259259259 0.021354166666666667 0.6861111111111111 0.025520833333333333 0.6851851851851852
3 0.23385416666666667 0.5305555555555556 0.23697916666666666 0.5462962962962963 0.240625 0.549074074074074 0.24479166666666666 0.5296296296296297 0.24479166666666666 0.5166666666666667 0.24114583333333334 0.5074074074074074 0.23229166666666667 0.5092592592592593 0.23177083333333334 0.5287037037037037 0.23385416666666667 0.5305555555555556
5 0.2552083333333333 0.6324074074074074 0.26614583333333336 0.6314814814814815 0.26614583333333336 0.5824074074074074 0.2630208333333333 0.5787037037037037 0.25833333333333336 0.5898148148148148 0.25364583333333335 0.6287037037037037 0.2552083333333333 0.6324074074074074