4 0.946875 0.6277777777777778 0.9536458333333333 0.5990740740740741 0.9510416666666667 0.5777777777777777 0.9442708333333333 0.575925925925926 0.940625 0.5907407407407408 0.9380208333333333 0.6333333333333333 0.9447916666666667 0.6370370370370371 0.9473958333333333 0.6342592592592593 0.946875 0.6277777777777778
5 0.7979166666666667 0.6277777777777778 0.8026041666666667 0.6296296296296297 0.809375 0.5907407407407408 0.8046875 0.5787037037037037 0.8005208333333333 0.5787037037037037 0.790625 0.5916666666666667 0.7958333333333333 0.5935185185185186 0.7979166666666667 0.600925925925926 0.7979166666666667 0.6277777777777778
4 0.7119791666666667 0.7944444444444444 0.7244791666666667 0.8018518518518518 0.7260416666666667 0.799074074074074 0.7260416666666667 0.774074074074074 0.7234375 0.7462962962962963 0.728125 0.7435185185185185 0.73125 0.7361111111111112 0.7244791666666667 0.7268518518518519 0.7244791666666667 0.7203703703703703 0.7203125 0.7203703703703703 0.7145833333333333 0.7342592592592593 0.7114583333333333 0.7657407407407407 0.7046875 0.7944444444444444 0.7083333333333334 0.7972222222222223 0.7119791666666667 0.7944444444444444
4 0.49114583333333334 0.6833333333333333 0.4947916666666667 0.6583333333333333 0.49375 0.6398148148148148 0.4890625 0.6416666666666667 0.4796875 0.6685185185185185 0.4817708333333333 0.6768518518518518 0.4791666666666667 0.6962962962962963 0.4822916666666667 0.6990740740740741 0.49114583333333334 0.6833333333333333
5 0.7328125 0.7435185185185185 0.7411458333333333 0.75 0.7442708333333333 0.7472222222222222 0.7541666666666667 0.6851851851851852 0.7520833333333333 0.6814814814814815 0.7484375 0.6824074074074075 0.7427083333333333 0.6888888888888889 0.7380208333333333 0.700925925925926 0.7333333333333333 0.7287037037037037 0.7270833333333333 0.737037037037037 0.7276041666666667 0.7435185185185185 0.7328125 0.7435185185185185
4 0.8625 0.7574074074074074 0.86875 0.7407407407407407 0.8692708333333333 0.725 0.8734375 0.7083333333333334 0.88125 0.700925925925926 0.8770833333333333 0.6851851851851852 0.8692708333333333 0.6851851851851852 0.8671875 0.6953703703703704 0.8609375 0.7074074074074074 0.8552083333333333 0.7361111111111112 0.8473958333333333 0.7416666666666667 0.8489583333333334 0.7509259259259259 0.8520833333333333 0.7481481481481481 0.8572916666666667 0.7574074074074074 0.8625 0.7574074074074074
5 0.40260416666666665 0.7296296296296296 0.4041666666666667 0.7333333333333333 0.4078125 0.7333333333333333 0.4171875 0.6694444444444444 0.4119791666666667 0.6675925925925926 0.4036458333333333 0.6861111111111111 0.4005208333333333 0.7018518518518518 0.3921875 0.7064814814814815 0.3921875 0.7166666666666667 0.3963541666666667 0.712037037037037 0.40260416666666665 0.7148148148148148 0.40260416666666665 0.7296296296296296
3 0.8765625 0.7074074074074074 0.8822916666666667 0.7 0.8802083333333334 0.6907407407407408 0.8885416666666667 0.674074074074074 0.8875 0.6620370370370371 0.8854166666666666 0.6574074074074074 0.88125 0.6574074074074074 0.8729166666666667 0.6638888888888889 0.8708333333333333 0.6694444444444444 0.8645833333333334 0.700925925925926 0.8692708333333333 0.700925925925926 0.8729166666666667 0.7074074074074074 0.8765625 0.7074074074074074
4 0.9833333333333333 0.6527777777777778 0.9786458333333333 0.6351851851851852 0.9755208333333333 0.6333333333333333 0.9692708333333333 0.6481481481481481 0.9661458333333334 0.6814814814814815 0.9619791666666667 0.6944444444444444 0.9744791666666667 0.6981481481481482 0.9833333333333333 0.6527777777777778
5 0.7380208333333333 0.6546296296296297 0.7348958333333333 0.637962962962963 0.7317708333333334 0.6361111111111111 0.7260416666666667 0.6462962962962963 0.721875 0.6694444444444444 0.7151041666666667 0.6814814814814815 0.7161458333333334 0.687962962962963 0.7244791666666667 0.6916666666666667 0.7307291666666667 0.6787037037037037 0.7380208333333333 0.6546296296296297
4 0.5932291666666667 0.5925925925925926 0.5875 0.5888888888888889 0.58125 0.6074074074074074 0.5828125 0.6481481481481481 0.5875 0.6518518518518519 0.5947916666666667 0.6148148148148148 0.5932291666666667 0.5925925925925926
2 0.47239583333333335 0.6685185185185185 0.47760416666666666 0.6685185185185185 0.4791666666666667 0.662962962962963 0.47552083333333334 0.6259259259259259 0.4666666666666667 0.6064814814814815 0.4635416666666667 0.6101851851851852 0.46145833333333336 0.6194444444444445 0.4609375 0.6324074074074074 0.46875 0.6564814814814814 0.46875 0.662962962962963 0.47239583333333335 0.6685185185185185
5 0.5989583333333334 0.5861111111111111 0.5916666666666667 0.5925925925925926 0.590625 0.6222222222222222 0.5953125 0.6324074074074074 0.6005208333333333 0.5888888888888889 0.5989583333333334 0.5861111111111111
3 0.7072916666666667 0.5601851851851852 0.7057291666666666 0.5361111111111111 0.7010416666666667 0.5361111111111111 0.6963541666666667 0.5453703703703704 0.6927083333333334 0.5722222222222222 0.7010416666666667 0.5675925925925925 0.7052083333333333 0.5740740740740741 0.7072916666666667 0.5601851851851852