4 0.5296875 0.6777777777777778 0.5338541666666666 0.6462962962962963 0.5296875 0.6268518518518519 0.5270833333333333 0.6277777777777778 0.5223958333333333 0.6388888888888888 0.5223958333333333 0.662962962962963 0.5197916666666667 0.6777777777777778 0.5260416666666666 0.6814814814814815 0.5296875 0.6777777777777778
2 0.8302083333333333 0.6537037037037037 0.8338541666666667 0.6648148148148149 0.8375 0.6638888888888889 0.8328125 0.6185185185185185 0.8260416666666667 0.6074074074074074 0.8223958333333333 0.625 0.8208333333333333 0.6620370370370371 0.8229166666666666 0.662962962962963 0.8244791666666667 0.6574074074074074 0.8302083333333333 0.6537037037037037
4 0.3802083333333333 0.6324074074074074 0.38958333333333334 0.6370370370370371 0.3890625 0.5916666666666667 0.384375 0.5898148148148148 0.38229166666666664 0.5925925925925926 0.3796875 0.6148148148148148 0.3734375 0.6333333333333333 0.3765625 0.6398148148148148 0.3802083333333333 0.6324074074074074
5 0.7239583333333334 0.7111111111111111 0.7229166666666667 0.6824074074074075 0.7197916666666667 0.6824074074074075 0.7151041666666667 0.7 0.7130208333333333 0.7361111111111112 0.7171875 0.737037037037037 0.721875 0.7277777777777777 0.7239583333333334 0.7111111111111111
4 0.07916666666666666 0.6305555555555555 0.07604166666666666 0.6148148148148148 0.07083333333333333 0.6166666666666667 0.06666666666666667 0.637962962962963 0.06614583333333333 0.6611111111111111 0.07395833333333333 0.6657407407407407 0.0796875 0.662962962962963 0.07916666666666666 0.6305555555555555
5 0.6307291666666667 0.6814814814814815 0.6348958333333333 0.637962962962963 0.6307291666666667 0.6259259259259259 0.6255208333333333 0.6268518518518519 0.6223958333333334 0.6388888888888888 0.6223958333333334 0.6481481481481481 0.6260416666666667 0.6768518518518518 0.6307291666666667 0.6814814814814815
4 0.6114583333333333 0.7398148148148148 0.6135416666666667 0.7138888888888889 0.6135416666666667 0.6796296296296296 0.6114583333333333 0.6731481481481482 0.6057291666666667 0.6777777777777778 0.6020833333333333 0.6944444444444444 0.603125 0.7157407407407408 0.5979166666666667 0.7361111111111112 0.6026041666666667 0.7398148148148148 0.6114583333333333 0.7398148148148148
5 0.2578125 0.6546296296296297 0.2557291666666667 0.6388888888888888 0.25677083333333334 0.6101851851851852 0.2520833333333333 0.6083333333333333 0.246875 0.6222222222222222 0.24739583333333334 0.6370370370370371 0.24270833333333333 0.6537037037037037 0.25625 0.6564814814814814 0.2578125 0.6546296296296297
5 0.7791666666666667 0.8194444444444444 0.7833333333333333 0.8157407407407408 0.7895833333333333 0.8212962962962963 0.7932291666666667 0.8203703703703704 0.7973958333333333 0.8 0.7947916666666667 0.7796296296296297 0.796875 0.7666666666666667 0.7947916666666667 0.7453703703703703 0.7911458333333333 0.7481481481481481 0.7901041666666667 0.7555555555555555 0.7848958333333333 0.7657407407407407 0.7828125 0.7953703703703704 0.7770833333333333 0.812037037037037 0.7739583333333333 0.8138888888888889 0.7734375 0.825925925925926 0.775 0.8277777777777777 0.7786458333333334 0.825925925925926 0.7791666666666667 0.8194444444444444
4 0.04635416666666667 0.7981481481481482 0.04895833333333333 0.7944444444444444 0.049479166666666664 0.7824074074074074 0.05625 0.7518518518518519 0.050520833333333334 0.7212962962962963 0.04583333333333333 0.7212962962962963 0.03958333333333333 0.737037037037037 0.03802083333333333 0.7435185185185185 0.0421875 0.7712962962962963 0.042708333333333334 0.7944444444444444 0.04635416666666667 0.7981481481481482
5 0.5114583333333333 0.6583333333333333 0.515625 0.6462962962962963 0.5161458333333333 0.625 0.5135416666666667 0.6101851851851852 0.5098958333333333 0.6111111111111112 0.5083333333333333 0.6185185185185185 0.50625 0.6416666666666667 0.5036458333333333 0.6462962962962963 0.5088541666666667 0.6583333333333333 0.5114583333333333 0.6583333333333333
4 0.5890625 0.6675925925925926 0.5864583333333333 0.6231481481481481 0.5802083333333333 0.6203703703703703 0.5744791666666667 0.6314814814814815 0.575 0.6546296296296297 0.571875 0.6611111111111111 0.5729166666666666 0.674074074074074 0.5828125 0.6805555555555556 0.5875 0.6787037037037037 0.5890625 0.6675925925925926
4 0.3651041666666667 0.7 0.3651041666666667 0.6888888888888889 0.36302083333333335 0.6620370370370371 0.3572916666666667 0.6620370370370371 0.35572916666666665 0.6694444444444444 0.3541666666666667 0.7203703703703703 0.3572916666666667 0.725 0.3609375 0.7212962962962963 0.3651041666666667 0.7
4 0.85 0.8555555555555555 0.8536458333333333 0.8453703703703703 0.8619791666666666 0.8361111111111111 0.8645833333333334 0.8574074074074074 0.8713541666666667 0.8574074074074074 0.8692708333333333 0.8203703703703704 0.8713541666666667 0.8064814814814815 0.8765625 0.8027777777777778 0.8734375 0.8 0.871875 0.7796296296296297 0.8661458333333333 0.7787037037037037 0.8572916666666667 0.8027777777777778 0.8557291666666667 0.8296296296296296 0.8458333333333333 0.8453703703703703 0.846875 0.8537037037037037 0.85 0.8555555555555555
4 0.25677083333333334 0.5768518518518518 0.253125 0.5768518518518518 0.2484375 0.5907407407407408 0.2515625 0.6101851851851852 0.25677083333333334 0.612037037037037 0.2598958333333333 0.5833333333333334 0.25677083333333334 0.5768518518518518
5 0.5786458333333333 0.7240740740740741 0.5796875 0.6814814814814815 0.5817708333333333 0.6768518518518518 0.5807291666666666 0.6694444444444444 0.5760416666666667 0.662962962962963 0.571875 0.6694444444444444 0.5703125 0.700925925925926 0.5630208333333333 0.7092592592592593 0.5640625 0.7157407407407408 0.5703125 0.712037037037037 0.5739583333333333 0.7240740740740741 0.5786458333333333 0.7240740740740741
5 0.27291666666666664 0.7527777777777778 0.275 0.7564814814814815 0.2791666666666667 0.7546296296296297 0.28489583333333335 0.7592592592592593 0.29010416666666666 0.7185185185185186 0.2890625 0.700925925925926 0.2875 0.6962962962962963 0.284375 0.6962962962962963 0.2791666666666667 0.7046296296296296 0.28020833333333334 0.7333333333333333 0.2786458333333333 0.7416666666666667 0.27395833333333336 0.7453703703703703 0.27291666666666664 0.7527777777777778
5 0.41510416666666666 0.637962962962963 0.4125 0.6277777777777778 0.409375 0.6305555555555555 0.40520833333333334 0.6527777777777778 0.40260416666666665 0.6851851851851852 0.40729166666666666 0.687037037037037 0.41458333333333336 0.6694444444444444 0.41510416666666666 0.637962962962963
0 0.8875 0.8407407407407408 0.8807291666666667 0.837037037037037 0.8786458333333333 0.8407407407407408 0.8807291666666667 0.850925925925926 0.8885416666666667 0.8490740740740741 0.8875 0.8407407407407408
5 0.2791666666666667 0.7064814814814815 0.2828125 0.6990740740740741 0.2786458333333333 0.6833333333333333 0.27760416666666665 0.6537037037037037 0.27447916666666666 0.6481481481481481 0.2708333333333333 0.6546296296296297 0.2625 0.7046296296296296 0.2671875 0.7092592592592593 0.2708333333333333 0.7055555555555556 0.2791666666666667 0.7064814814814815
3 0.3796875 0.687037037037037 0.3848958333333333 0.6861111111111111 0.38697916666666665 0.6898148148148148 0.38645833333333335 0.6972222222222222 0.3890625 0.7 0.39114583333333336 0.6972222222222222 0.3927083333333333 0.6842592592592592 0.3932291666666667 0.6388888888888888 0.3890625 0.6351851851851852 0.384375 0.637962962962963 0.38125 0.6805555555555556 0.37552083333333336 0.6898148148148148 0.3770833333333333 0.6935185185185185 0.3796875 0.687037037037037