5 0.5583333333333333 0.6296296296296297 0.5526041666666667 0.6268518518518519 0.5505208333333333 0.6314814814814815 0.55 0.6574074074074074 0.55625 0.6611111111111111 0.5583333333333333 0.6574074074074074 0.5583333333333333 0.6296296296296297
4 0.8729166666666667 0.7287037037037037 0.86875 0.7314814814814815 0.8677083333333333 0.7861111111111111 0.8770833333333333 0.7898148148148149 0.8770833333333333 0.7398148148148148 0.8729166666666667 0.7287037037037037
4 0.3651041666666667 0.6805555555555556 0.36354166666666665 0.6768518518518518 0.36041666666666666 0.6759259259259259 0.3572916666666667 0.6814814814814815 0.35572916666666665 0.6990740740740741 0.35572916666666665 0.7277777777777777 0.3645833333333333 0.7287037037037037 0.36614583333333334 0.7212962962962963 0.3651041666666667 0.6805555555555556
3 0.48489583333333336 0.7171296296296297 0.4864583333333333 0.7092592592592593 0.4901041666666667 0.7046296296296296 0.4901041666666667 0.6657407407407407 0.4864583333333333 0.6694444444444444 0.47604166666666664 0.6962962962962963 0.47708333333333336 0.7314814814814815 0.478125 0.7342592592592593 0.48489583333333336 0.7333333333333333 0.48489583333333336 0.7171296296296297
3 0.9239583333333333 0.9092592592592592 0.9265625 0.9027777777777778 0.9286458333333333 0.8805555555555555 0.9286458333333333 0.8527777777777777 0.9234375 0.8379629629629629 0.9192708333333334 0.8361111111111111 0.9125 0.8537037037037037 0.9114583333333334 0.8731481481481481 0.9052083333333333 0.8898148148148148 0.9114583333333334 0.9055555555555556 0.9239583333333333 0.9092592592592592
4 0.7505208333333333 0.6537037037037037 0.7484375 0.6453703703703704 0.7427083333333333 0.637962962962963 0.7369791666666666 0.6509259259259259 0.7359375 0.6537037037037037 0.7401041666666667 0.6777777777777778 0.7479166666666667 0.6777777777777778 0.7505208333333333 0.6537037037037037
5 0.4354166666666667 0.637962962962963 0.43333333333333335 0.6472222222222223 0.43333333333333335 0.6712962962962963 0.4401041666666667 0.675 0.4401041666666667 0.637962962962963 0.4354166666666667 0.637962962962963
5 0.44895833333333335 0.7342592592592593 0.44635416666666666 0.7268518518518519 0.4427083333333333 0.725 0.4375 0.7388888888888889 0.4390625 0.774074074074074 0.4432291666666667 0.7814814814814814 0.446875 0.7685185185185185 0.44895833333333335 0.7342592592592593
5 0.49166666666666664 0.7055555555555556 0.49270833333333336 0.6685185185185185 0.4901041666666667 0.662962962962963 0.4859375 0.6675925925925926 0.478125 0.6935185185185185 0.4791666666666667 0.7046296296296296 0.4895833333333333 0.7083333333333334 0.49166666666666664 0.7055555555555556
4 0.4734375 0.6694444444444444 0.4744791666666667 0.6398148148148148 0.4703125 0.6231481481481481 0.4661458333333333 0.6287037037037037 0.4661458333333333 0.6555555555555556 0.46822916666666664 0.6694444444444444 0.4713541666666667 0.6712962962962963 0.4734375 0.6694444444444444
5 0.4640625 0.6342592592592593 0.4609375 0.625 0.45625 0.625 0.453125 0.6361111111111111 0.453125 0.6555555555555556 0.4625 0.6592592592592592 0.46145833333333336 0.6416666666666667 0.4640625 0.6342592592592593
4 0.5739583333333333 0.6055555555555555 0.5734375 0.5888888888888889 0.5677083333333334 0.5861111111111111 0.5619791666666667 0.6027777777777777 0.5609375 0.6240740740740741 0.5651041666666666 0.6259259259259259 0.5692708333333333 0.612037037037037 0.5739583333333333 0.6055555555555555
4 0.6958333333333333 0.7203703703703703 0.6953125 0.687962962962963 0.6927083333333334 0.6787037037037037 0.6895833333333333 0.6777777777777778 0.6828125 0.6935185185185185 0.6770833333333334 0.6972222222222222 0.6760416666666667 0.7046296296296296 0.68125 0.7212962962962963 0.6848958333333334 0.7175925925925926 0.6958333333333333 0.7203703703703703
4 0.4161458333333333 0.7462962962962963 0.4109375 0.7324074074074074 0.40520833333333334 0.7472222222222222 0.4041666666666667 0.7907407407407407 0.4119791666666667 0.7962962962962963 0.41510416666666666 0.7851851851851852 0.4161458333333333 0.7462962962962963
4 0.6458333333333334 0.7666666666666667 0.6458333333333334 0.7324074074074074 0.6427083333333333 0.7240740740740741 0.6395833333333333 0.7240740740740741 0.6348958333333333 0.7351851851851852 0.6348958333333333 0.775 0.6369791666666667 0.7787037037037037 0.6427083333333333 0.7787037037037037 0.6458333333333334 0.7666666666666667
5 0.7130208333333333 0.7407407407407407 0.7104166666666667 0.7324074074074074 0.7104166666666667 0.7166666666666667 0.7046875 0.7018518518518518 0.7010416666666667 0.7074074074074074 0.7015625 0.7361111111111112 0.7046875 0.7453703703703703 0.709375 0.7462962962962963 0.7130208333333333 0.7407407407407407
5 0.6098958333333333 0.7824074074074074 0.6109375 0.7712962962962963 0.6114583333333333 0.7425925925925926 0.6072916666666667 0.7314814814814815 0.6041666666666666 0.7314814814814815 0.6 0.7435185185185185 0.5994791666666667 0.7537037037037037 0.6036458333333333 0.7824074074074074 0.6078125 0.7851851851851852 0.6098958333333333 0.7824074074074074
2 0.19895833333333332 0.6398148148148148 0.19739583333333333 0.6296296296296297 0.19270833333333334 0.625 0.19010416666666666 0.6305555555555555 0.19010416666666666 0.6638888888888889 0.1921875 0.6675925925925926 0.19791666666666666 0.6657407407407407 0.19895833333333332 0.6398148148148148
3 0.5161458333333333 0.5935185185185186 0.5130208333333334 0.5888888888888889 0.5052083333333334 0.5935185185185186 0.5083333333333333 0.6111111111111112 0.5119791666666667 0.6148148148148148 0.5161458333333333 0.6138888888888889 0.5161458333333333 0.5935185185185186
4 0.2994791666666667 0.7638888888888888 0.30104166666666665 0.7287037037037037 0.2947916666666667 0.7222222222222222 0.28802083333333334 0.7398148148148148 0.290625 0.7870370370370371 0.2984375 0.7851851851851852 0.30104166666666665 0.7824074074074074 0.2994791666666667 0.7638888888888888
5 0.6390625 0.7157407407407408 0.6432291666666666 0.6907407407407408 0.6385416666666667 0.6759259259259259 0.6333333333333333 0.6814814814814815 0.6291666666666667 0.700925925925926 0.625 0.7046296296296296 0.6260416666666667 0.712037037037037 0.6328125 0.7064814814814815 0.6364583333333333 0.7157407407407408 0.6390625 0.7157407407407408
3 0.7677083333333333 0.6 0.7630208333333334 0.6027777777777777 0.7635416666666667 0.6268518518518519 0.7671875 0.6305555555555555 0.7708333333333334 0.6064814814814815 0.7677083333333333 0.6
0 0.6442708333333333 0.7611111111111111 0.6411458333333333 0.7592592592592593 0.6359375 0.7638888888888888 0.6354166666666666 0.775 0.6421875 0.7787037037037037 0.6442708333333333 0.7731481481481481 0.6442708333333333 0.7611111111111111
4 0.47239583333333335 0.6277777777777778 0.46875 0.6222222222222222 0.46510416666666665 0.6287037037037037 0.465625 0.6564814814814814 0.4708333333333333 0.6657407407407407 0.4744791666666667 0.6509259259259259 0.47239583333333335 0.6277777777777778
5 0.30364583333333334 0.7111111111111111 0.2994791666666667 0.7101851851851851 0.2953125 0.7203703703703703 0.2942708333333333 0.7314814814814815 0.2984375 0.7518518518518519 0.3015625 0.7407407407407407 0.30364583333333334 0.7111111111111111