4 0.5807291666666666 0.6333333333333333 0.5838541666666667 0.6370370370370371 0.5859375 0.6342592592592593 0.5864583333333333 0.5796296296296296 0.5822916666666667 0.5787037037037037 0.5760416666666667 0.5953703703703703 0.5760416666666667 0.6092592592592593 0.5703125 0.6314814814814815 0.5713541666666667 0.6342592592592593 0.5807291666666666 0.6333333333333333
5 0.7755208333333333 0.6407407407407407 0.778125 0.6074074074074074 0.7765625 0.5953703703703703 0.7708333333333334 0.5851851851851851 0.765625 0.5990740740740741 0.7651041666666667 0.6074074074074074 0.7697916666666667 0.6342592592592593 0.771875 0.6398148148148148 0.7755208333333333 0.6407407407407407
5 0.7427083333333333 0.6555555555555556 0.7411458333333333 0.6148148148148148 0.7328125 0.6027777777777777 0.7302083333333333 0.6055555555555555 0.73125 0.6333333333333333 0.7359375 0.6583333333333333 0.7401041666666667 0.6611111111111111 0.7427083333333333 0.6555555555555556
4 0.18541666666666667 0.5972222222222222 0.18125 0.5990740740740741 0.178125 0.6055555555555555 0.17708333333333334 0.6148148148148148 0.178125 0.6546296296296297 0.18958333333333333 0.6546296296296297 0.18802083333333333 0.6064814814814815 0.18541666666666667 0.5972222222222222
5 0.6296875 0.625 0.6307291666666667 0.6046296296296296 0.6291666666666667 0.5907407407407408 0.6265625 0.5842592592592593 0.61875 0.5824074074074074 0.6161458333333333 0.5953703703703703 0.6171875 0.6148148148148148 0.6276041666666666 0.6305555555555555 0.6296875 0.625
5 0.4322916666666667 0.6861111111111111 0.4359375 0.6777777777777778 0.4390625 0.6370370370370371 0.4354166666666667 0.6259259259259259 0.4322916666666667 0.6231481481481481 0.42552083333333335 0.6305555555555555 0.4270833333333333 0.6407407407407407 0.4244791666666667 0.6694444444444444 0.42604166666666665 0.6796296296296296 0.4322916666666667 0.6861111111111111
4 0.6203125 0.6231481481481481 0.6270833333333333 0.6259259259259259 0.6302083333333334 0.6027777777777777 0.6276041666666666 0.5879629629629629 0.621875 0.5833333333333334 0.6151041666666667 0.5675925925925925 0.6109375 0.5694444444444444 0.6088541666666667 0.5768518518518518 0.609375 0.5916666666666667 0.6145833333333334 0.6037037037037037 0.615625 0.6148148148148148 0.6203125 0.6231481481481481
5 0.31354166666666666 0.6222222222222222 0.3098958333333333 0.6101851851851852 0.3067708333333333 0.6111111111111112 0.3015625 0.6222222222222222 0.3026041666666667 0.6435185185185185 0.3072916666666667 0.662962962962963 0.3104166666666667 0.6546296296296297 0.31354166666666666 0.6222222222222222
4 0.8026041666666667 0.649074074074074 0.80625 0.6231481481481481 0.8119791666666667 0.6194444444444445 0.8083333333333333 0.6074074074074074 0.809375 0.587037037037037 0.8078125 0.5833333333333334 0.8010416666666667 0.5777777777777777 0.7927083333333333 0.6064814814814815 0.7911458333333333 0.6231481481481481 0.7932291666666667 0.6296296296296297 0.79375 0.649074074074074 0.8026041666666667 0.649074074074074
5 0.225 0.7185185185185186 0.22760416666666666 0.7157407407407408 0.22864583333333333 0.6703703703703704 0.225 0.6537037037037037 0.22135416666666666 0.65 0.21875 0.6518518518518519 0.215625 0.6648148148148149 0.21458333333333332 0.6768518518518518 0.21875 0.712037037037037 0.2203125 0.7166666666666667 0.225 0.7185185185185186
5 0.5364583333333334 0.5712962962962963 0.5328125 0.5555555555555556 0.5255208333333333 0.5425925925925926 0.5234375 0.5481481481481482 0.5244791666666667 0.575 0.5276041666666667 0.5787037037037037 0.5338541666666666 0.5768518518518518 0.5364583333333334 0.5712962962962963
4 0.5484375 0.6166666666666667 0.546875 0.6055555555555555 0.5494791666666666 0.5814814814814815 0.5447916666666667 0.5675925925925925 0.5380208333333333 0.5740740740740741 0.534375 0.5916666666666667 0.5328125 0.6148148148148148 0.5348958333333333 0.6175925925925926 0.5411458333333333 0.6148148148148148 0.5484375 0.6166666666666667
4 0.8223958333333333 0.6962962962962963 0.8296875 0.7027777777777777 0.8322916666666667 0.6935185185185185 0.8354166666666667 0.6527777777777778 0.8302083333333333 0.637962962962963 0.8270833333333333 0.6351851851851852 0.8208333333333333 0.649074074074074 0.81875 0.6648148148148149 0.8213541666666667 0.6657407407407407 0.8239583333333333 0.6805555555555556 0.8223958333333333 0.6962962962962963
5 0.721875 0.7287037037037037 0.7296875 0.7388888888888889 0.73125 0.6972222222222222 0.7255208333333333 0.6722222222222223 0.7213541666666666 0.6712962962962963 0.715625 0.687037037037037 0.7177083333333333 0.7083333333333334 0.7161458333333334 0.737037037037037 0.7197916666666667 0.7379629629629629 0.721875 0.7287037037037037
4 0.696875 0.6564814814814814 0.7010416666666667 0.6564814814814814 0.7020833333333333 0.6222222222222222 0.6989583333333333 0.6018518518518519 0.6963541666666667 0.600925925925926 0.6932291666666667 0.6074074074074074 0.6901041666666666 0.6259259259259259 0.6833333333333333 0.6416666666666667 0.6838541666666667 0.649074074074074 0.690625 0.6472222222222223 0.6958333333333333 0.6518518518518519 0.696875 0.6564814814814814
5 0.17760416666666667 0.5972222222222222 0.1734375 0.5944444444444444 0.16875 0.6074074074074074 0.17083333333333334 0.6462962962962963 0.1734375 0.6518518518518519 0.17760416666666667 0.6518518518518519 0.17760416666666667 0.5972222222222222
4 0.8041666666666667 0.6240740740740741 0.8140625 0.6222222222222222 0.8098958333333334 0.6 0.8104166666666667 0.5879629629629629 0.80625 0.5796296296296296 0.7989583333333333 0.5768518518518518 0.7984375 0.5898148148148148 0.7947916666666667 0.600925925925926 0.7947916666666667 0.6212962962962963 0.7963541666666667 0.6148148148148148 0.8010416666666667 0.6148148148148148 0.8041666666666667 0.6240740740740741
1 0.9744791666666667 0.6324074074074074 0.9786458333333333 0.6222222222222222 0.9776041666666667 0.5907407407407408 0.9703125 0.5740740740740741 0.9661458333333334 0.5824074074074074 0.965625 0.5916666666666667 0.9682291666666667 0.6018518518518519 0.9677083333333333 0.6305555555555555 0.9744791666666667 0.6324074074074074
4 0.42291666666666666 0.6601851851851852 0.415625 0.6453703703703704 0.4088541666666667 0.6611111111111111 0.4114583333333333 0.7055555555555556 0.415625 0.712037037037037 0.4234375 0.6777777777777778 0.42291666666666666 0.6601851851851852
4 0.5901041666666667 0.5796296296296296 0.5864583333333333 0.5703703703703704 0.5864583333333333 0.5564814814814815 0.5802083333333333 0.5453703703703704 0.5770833333333333 0.5481481481481482 0.5760416666666667 0.5527777777777778 0.5807291666666666 0.5879629629629629 0.584375 0.5888888888888889 0.5901041666666667 0.5796296296296296
3 0.4822916666666667 0.575 0.48072916666666665 0.5685185185185185 0.47708333333333336 0.5657407407407408 0.47239583333333335 0.5787037037037037 0.47291666666666665 0.596913888888889 0.46979166666666666 0.6194444444444445 0.4822916666666667 0.6185185185185185 0.4822916666666667 0.575
5 0.5328125 0.6138888888888889 0.5364583333333334 0.5787037037037037 0.5354166666666667 0.5666666666666667 0.5291666666666667 0.5555555555555556 0.525 0.5675925925925925 0.5265625 0.5833333333333334 0.5229166666666667 0.6 0.5322916666666667 0.6092592592592593 0.5328125 0.6138888888888889
4 0.0921875 0.5361111111111111 0.08802083333333334 0.5305555555555556 0.08333333333333333 0.5305555555555556 0.078125 0.5416666666666666 0.0796875 0.5731481481481482 0.08958333333333333 0.5722222222222222 0.09322916666666667 0.5462962962962963 0.0921875 0.5361111111111111
0 0.5067708333333333 0.575 0.50625 0.5805555555555556 0.5114583333333333 0.5814814814814815 0.5119791666666667 0.575925925925926 0.5067708333333333 0.575