5 0.4703125 0.5833333333333334 0.4661458333333333 0.5787037037037037 0.4625 0.587037037037037 0.46145833333333336 0.5944444444444444 0.46458333333333335 0.6231481481481481 0.4708333333333333 0.6259259259259259 0.4703125 0.5833333333333334
4 0.6442708333333333 0.5907407407407408 0.6421875 0.5879629629629629 0.6385416666666667 0.5898148148148148 0.6359375 0.6037037037037037 0.6348958333333333 0.6398148148148148 0.6421875 0.6444444444444445 0.6447916666666667 0.6314814814814815 0.6442708333333333 0.5907407407407408
5 0.6729166666666667 0.6953703703703704 0.6807291666666667 0.7018518518518518 0.6828125 0.7 0.68125 0.674074074074074 0.684375 0.65 0.6822916666666666 0.6453703703703704 0.6786458333333333 0.6453703703703704 0.6723958333333333 0.6583333333333333 0.6703125 0.687037037037037 0.665625 0.6935185185185185 0.6651041666666667 0.6990740740740741 0.6677083333333333 0.7018518518518518 0.6703125 0.7018518518518518 0.6729166666666667 0.6953703703703704
4 0.2671875 0.6435185185185185 0.27291666666666664 0.6342592592592593 0.26666666666666666 0.6259259259259259 0.2640625 0.6129629629629629 0.2604166666666667 0.6138888888888889 0.25885416666666666 0.6203703703703703 0.25625 0.6694444444444444 0.2713541666666667 0.6685185185185185 0.27291666666666664 0.6638888888888889 0.2671875 0.6435185185185185
4 0.74375 0.6703703703703704 0.7463541666666667 0.6666666666666666 0.7463541666666667 0.6472222222222223 0.7494791666666667 0.6453703703703704 0.7463541666666667 0.6222222222222222 0.74375 0.6194444444444445 0.740625 0.6222222222222222 0.7364583333333333 0.6305555555555555 0.7322916666666667 0.649074074074074 0.7229166666666667 0.6592592592592592 0.721875 0.6657407407407407 0.7234375 0.6666666666666666 0.7302083333333333 0.6611111111111111 0.74375 0.6703703703703704
4 0.5479166666666667 0.6138888888888889 0.5505208333333333 0.5916666666666667 0.5494791666666666 0.575925925925926 0.5442708333333334 0.5648148148148148 0.5401041666666667 0.5694444444444444 0.5364583333333334 0.5805555555555556 0.5390625 0.612037037037037 0.5416666666666666 0.6166666666666667 0.5453125 0.6166666666666667 0.5479166666666667 0.6138888888888889
5 0.240625 0.7231481481481481 0.24270833333333333 0.7203703703703703 0.23802083333333332 0.7037037037037037 0.2359375 0.6620370370370371 0.23229166666666667 0.6574074074074074 0.228125 0.6685185185185185 0.225 0.7203703703703703 0.2265625 0.7240740740740741 0.23177083333333334 0.7203703703703703 0.240625 0.7231481481481481
4 0.13072916666666667 0.6194444444444445 0.1296875 0.5962962962962963 0.13229166666666667 0.5833333333333334 0.12604166666666666 0.5805555555555556 0.1203125 0.5907407407407408 0.11979166666666667 0.5972222222222222 0.12447916666666667 0.6148148148148148 0.12604166666666666 0.6185185185185185 0.13072916666666667 0.6194444444444445
5 0.5807291666666666 0.7398148148148148 0.5791666666666667 0.7314814814814815 0.5822916666666667 0.7037037037037037 0.5817708333333333 0.6851851851851852 0.5765625 0.6685185185185185 0.571875 0.6712962962962963 0.5703125 0.687962962962963 0.5734375 0.7407407407407407 0.5770833333333333 0.7444444444444445 0.5807291666666666 0.7398148148148148
4 0.20104166666666667 0.725925925925926 0.20052083333333334 0.6583333333333333 0.19791666666666666 0.6546296296296297 0.19427083333333334 0.6564814814814814 0.19010416666666666 0.6685185185185185 0.19010416666666666 0.6944444444444444 0.19322916666666667 0.7240740740740741 0.19895833333333332 0.7277777777777777 0.20104166666666667 0.725925925925926
4 0.7411458333333333 0.7324074074074074 0.7442708333333333 0.6694444444444444 0.7401041666666667 0.6638888888888889 0.73125 0.674074074074074 0.7328125 0.7111111111111111 0.7307291666666667 0.725 0.7322916666666667 0.7296296296296296 0.7411458333333333 0.7324074074074074
5 0.059375 0.649074074074074 0.058333333333333334 0.625 0.05260416666666667 0.6240740740740741 0.049479166666666664 0.637962962962963 0.0484375 0.6546296296296297 0.050520833333333334 0.6814814814814815 0.05625 0.6842592592592592 0.059375 0.649074074074074
5 0.7640625 0.7935185185185185 0.7739583333333333 0.7935185185185185 0.7765625 0.8018518518518518 0.7802083333333333 0.8027777777777778 0.7807291666666667 0.7972222222222223 0.7734375 0.7685185185185185 0.7697916666666667 0.7435185185185185 0.7635416666666667 0.7277777777777777 0.7588541666666667 0.7296296296296296 0.7598958333333333 0.7472222222222222 0.7572916666666667 0.7555555555555555 0.7619791666666667 0.7657407407407407 0.7567708333333333 0.8009259259259259 0.7625 0.8027777777777778 0.7640625 0.7935185185185185
3 0.43020833333333336 0.6472222222222223 0.4375 0.6537037037037037 0.4395833333333333 0.6601851851851852 0.440625 0.649074074074074 0.43697916666666664 0.6370370370370371 0.4354166666666667 0.6027777777777777 0.43072916666666666 0.5944444444444444 0.4239583333333333 0.6074074074074074 0.425 0.6444444444444445 0.4270833333333333 0.6537037037037037 0.42916666666666664 0.6537037037037037 0.43020833333333336 0.6472222222222223
3 0 0.5796296296296296 0.00625 0.5796296296296296 0.009375 0.562962962962963 0.013541666666666667 0.5555555555555556 0.0078125 0.5388888888888889 0.0020833333333333333 0.5342592592592592 0 0.5342592592592592 0 0.5796296296296296
5 0.3104166666666667 0.7175925925925926 0.3067708333333333 0.6833333333333333 0.3026041666666667 0.6814814814814815 0.296875 0.6972222222222222 0.296875 0.7518518518518519 0.3104166666666667 0.7527777777777778 0.30885416666666665 0.7342592592592593 0.3104166666666667 0.7175925925925926
5 0.5838541666666667 0.6425925925925926 0.5854166666666667 0.6388888888888888 0.5848958333333333 0.6166666666666667 0.5875 0.6074074074074074 0.5838541666666667 0.5879629629629629 0.5796875 0.5861111111111111 0.5770833333333333 0.5981481481481481 0.5765625 0.6166666666666667 0.5723958333333333 0.6388888888888888 0.5760416666666667 0.6425925925925926 0.5838541666666667 0.6425925925925926
1 0.8651041666666667 0.6194444444444445 0.8703125 0.6064814814814815 0.8703125 0.5981481481481481 0.865625 0.587037037037037 0.8604166666666667 0.5879629629629629 0.8557291666666667 0.5972222222222222 0.8557291666666667 0.6240740740740741 0.8598958333333333 0.6342592592592593 0.8635416666666667 0.6342592592592593 0.8651041666666667 0.6194444444444445
4 0.43072916666666666 0.7351851851851852 0.43072916666666666 0.7212962962962963 0.43645833333333334 0.6805555555555556 0.42552083333333335 0.6731481481481482 0.4197916666666667 0.6796296296296296 0.4171875 0.6944444444444444 0.4166666666666667 0.7129629629629629 0.4192708333333333 0.7333333333333333 0.4276041666666667 0.7407407407407407 0.43072916666666666 0.7351851851851852
4 0.6083333333333333 0.7111111111111111 0.6109375 0.7083333333333334 0.6171875 0.6731481481481482 0.6140625 0.6481481481481481 0.6109375 0.6453703703703704 0.6041666666666666 0.6638888888888889 0.6041666666666666 0.6787037037037037 0.5989583333333334 0.7027777777777777 0.6020833333333333 0.7083333333333334 0.6083333333333333 0.7111111111111111
5 0.09010416666666667 0.5898148148148148 0.08697916666666666 0.5842592592592593 0.08229166666666667 0.5916666666666667 0.08229166666666667 0.6296296296296297 0.0890625 0.6333333333333333 0.09114583333333333 0.6305555555555555 0.09010416666666667 0.5898148148148148
4 0.43333333333333335 0.7 0.43645833333333334 0.6962962962962963 0.4395833333333333 0.6703703703703704 0.4427083333333333 0.6611111111111111 0.440625 0.6453703703703704 0.4354166666666667 0.6342592592592593 0.428125 0.6444444444444445 0.42916666666666664 0.6703703703703704 0.4276041666666667 0.674074074074074 0.43125 0.7 0.43333333333333335 0.7
0 0.7677083333333333 0.65 0.7661458333333333 0.6518518518518519 0.7666666666666667 0.6611111111111111 0.7713541666666667 0.6648148148148149 0.7723958333333333 0.6546296296296297 0.7677083333333333 0.65