5 0.7869791666666667 0.7287037037037037 0.7869791666666667 0.6953703703703704 0.7833333333333333 0.6768518518518518 0.7802083333333333 0.6777777777777778 0.7786458333333334 0.6842592592592592 0.7744791666666667 0.7277777777777777 0.7755208333333333 0.7314814814814815 0.7822916666666667 0.7324074074074074 0.7869791666666667 0.7287037037037037
3 0.6541666666666667 0.775 0.653125 0.7444444444444445 0.6557291666666667 0.725925925925926 0.6552083333333333 0.7138888888888889 0.65 0.700925925925926 0.6401041666666667 0.7092592592592593 0.6385416666666667 0.712037037037037 0.64375 0.7253083333333333 0.6442708333333333 0.7712962962962963 0.6541666666666667 0.775
5 0.34739583333333335 0.6824074074074075 0.3416666666666667 0.6638888888888889 0.3359375 0.6805555555555556 0.3359375 0.7203703703703703 0.3411458333333333 0.725925925925926 0.34791666666666665 0.6981481481481482 0.34739583333333335 0.6824074074074075
4 0.4473958333333333 0.7953703703703704 0.4510416666666667 0.7861111111111111 0.4557291666666667 0.7444444444444445 0.45260416666666664 0.7240740740740741 0.4484375 0.7240740740740741 0.440625 0.7435185185185185 0.4390625 0.7564814814814815 0.44427083333333334 0.7638888888888888 0.44375 0.7916666666666666 0.4473958333333333 0.7953703703703704
5 0.42291666666666666 0.799074074074074 0.421875 0.7796296296296297 0.4244791666666667 0.7648148148148148 0.4239583333333333 0.7453703703703703 0.41822916666666665 0.7277777777777777 0.4140625 0.7296296296296296 0.4109375 0.7425925925925926 0.4083333333333333 0.8 0.4119791666666667 0.8037037037037037 0.4197916666666667 0.8037037037037037 0.42291666666666666 0.799074074074074
5 0.11510416666666666 0.7324074074074074 0.11197916666666667 0.700925925925926 0.10729166666666666 0.6972222222222222 0.1015625 0.7166666666666667 0.09947916666666666 0.7657407407407407 0.1109375 0.7648148148148148 0.11145833333333334 0.7435185185185185 0.11510416666666666 0.7324074074074074
4 0.6067708333333334 0.8101851851851852 0.6078125 0.7981481481481482 0.6046875 0.7861111111111111 0.6088541666666667 0.7583333333333333 0.6052083333333333 0.7435185185185185 0.5994791666666667 0.7444444444444445 0.59375 0.7675925925925926 0.59375 0.8074074074074075 0.596875 0.8092592592592592 0.6005208333333333 0.8046296296296296 0.6067708333333334 0.8101851851851852
5 0.8328125 0.8101851851851852 0.8416666666666667 0.8111111111111111 0.8458333333333333 0.7833333333333333 0.8458333333333333 0.7537037037037037 0.8416666666666667 0.7407407407407407 0.8354166666666667 0.7435185185185185 0.8328125 0.7509259259259259 0.834375 0.762962962962963 0.8291666666666667 0.7703703703703704 0.8333333333333334 0.7805555555555556 0.8328125 0.8101851851851852
4 0.5260416666666666 0.8 0.5291666666666667 0.8037037037037037 0.5328125 0.8194444444444444 0.5369791666666667 0.8185185185185185 0.5364583333333334 0.8074074074074075 0.5307291666666667 0.7935185185185185 0.5317708333333333 0.7611111111111111 0.5302083333333333 0.7518518518518519 0.5265625 0.7472222222222222 0.5239583333333333 0.7509259259259259 0.5130208333333334 0.8138888888888889 0.5145833333333333 0.8175925925925925 0.51875 0.8175925925925925 0.5260416666666666 0.8
4 0.8953125 0.7277777777777777 0.8921875 0.7175925925925926 0.8885416666666667 0.6787037037037037 0.8828125 0.6805555555555556 0.8802083333333334 0.7083333333333334 0.8802083333333334 0.7342592592592593 0.8901041666666667 0.7324074074074074 0.89375 0.7351851851851852 0.8953125 0.7277777777777777
5 0.4791666666666667 0.6574074074074074 0.47552083333333334 0.6444444444444445 0.46770833333333334 0.6462962962962963 0.46979166666666666 0.6768518518518518 0.47708333333333336 0.675 0.4822916666666667 0.6611111111111111 0.4791666666666667 0.6574074074074074
4 0.7671875 0.8648148148148148 0.7661458333333333 0.8546296296296296 0.7697916666666667 0.8222222222222222 0.771875 0.8185185185185185 0.775 0.8222222222222222 0.775 0.8175925925925925 0.7645833333333333 0.7861111111111111 0.7609375 0.7861111111111111 0.7572916666666667 0.7972222222222223 0.7583333333333333 0.862037037037037 0.759375 0.8657407407407407 0.7640625 0.8675925925925926 0.7671875 0.8648148148148148
2 0.25052083333333336 0.6314814814814815 0.25364583333333335 0.6259259259259259 0.24791666666666667 0.5990740740740741 0.24375 0.600925925925926 0.240625 0.6083333333333333 0.24166666666666667 0.649074074074074 0.2453125 0.6537037037037037 0.24791666666666667 0.6509259259259259 0.25052083333333336 0.6314814814814815
5 0.5338541666666666 0.6814814814814815 0.5291666666666667 0.6648148148148149 0.5260416666666666 0.6648148148148149 0.5239583333333333 0.6694444444444444 0.5244791666666667 0.7203703703703703 0.5286458333333334 0.7222222222222222 0.53125 0.7166666666666667 0.5338541666666666 0.6814814814814815
4 0.834375 0.7231481481481481 0.8307291666666666 0.7101851851851851 0.8255208333333334 0.712037037037037 0.8255208333333334 0.7675925925925926 0.8302083333333333 0.7712962962962963 0.8338541666666667 0.7611111111111111 0.834375 0.7231481481481481
5 0.821875 0.8379629629629629 0.8234375 0.8342592592592593 0.8229166666666666 0.8212962962962963 0.828125 0.7953703703703704 0.825 0.7787037037037037 0.8229166666666666 0.7731481481481481 0.8182291666666667 0.7712962962962963 0.8072916666666666 0.7824074074074074 0.80625 0.7953703703703704 0.8130208333333333 0.7972222222222223 0.8177083333333334 0.8379629629629629 0.821875 0.8379629629629629
4 0.21145833333333333 0.7472222222222222 0.21145833333333333 0.7277777777777777 0.21458333333333332 0.7194444444444444 0.21354166666666666 0.6972222222222222 0.20885416666666667 0.6824074074074075 0.2046875 0.6842592592592592 0.20052083333333334 0.6953703703703704 0.20208333333333334 0.7481481481481481 0.20416666666666666 0.7527777777777778 0.20885416666666667 0.7527777777777778 0.21145833333333333 0.7472222222222222
4 0.5760416666666667 0.6509259259259259 0.5723958333333333 0.6537037037037037 0.5697916666666667 0.6694444444444444 0.56875 0.7037037037037037 0.5791666666666667 0.7037037037037037 0.5817708333333333 0.6675925925925926 0.5760416666666667 0.6509259259259259
3 0.5489583333333333 0.5666666666666667 0.5453125 0.5601851851851852 0.540625 0.5666666666666667 0.5401041666666667 0.587037037037037 0.5447916666666667 0.5944444444444444 0.5484375 0.5953703703703703 0.5489583333333333 0.5666666666666667
5 0.13489583333333333 0.7916666666666666 0.13802083333333334 0.7861111111111111 0.13854166666666667 0.7787037037037037 0.134375 0.7731481481481481 0.13385416666666666 0.7592592592592593 0.13125 0.7546296296296297 0.12760416666666666 0.7574074074074074 0.125 0.7685185185185185 0.12552083333333333 0.8185185185185185 0.13229166666666667 0.8212962962962963 0.134375 0.8194444444444444 0.13489583333333333 0.7916666666666666
0 0.13854166666666667 0.7787037037037037 0.13125 0.7768518518518519 0.13020833333333334 0.7907407407407407 0.13645833333333332 0.7898148148148149 0.1390625 0.7833333333333333 0.13854166666666667 0.7787037037037037