5 0.23125 0.6574074074074074 0.23125 0.6824074074074075 0.23697916666666666 0.6842592592592592 0.23958333333333334 0.6805555555555556 0.240625 0.6537037037037037 0.23333333333333334 0.6407407407407407 0.22916666666666666 0.6407407407407407 0.228125 0.6462962962962963 0.23125 0.6574074074074074
4 0 0.7388888888888889 0.009895833333333333 0.7425925925925926 0.0125 0.7398148148148148 0.011458333333333333 0.7268518518518519 0.013541666666666667 0.7055555555555556 0.009895833333333333 0.6898148148148148 0.0046875 0.687962962962963 0 0.6962962962962963 0 0.7222222222222222 0.0036458333333333334 0.7277777777777777 0 0.7342592592592593 0 0.7388888888888889
3 0.7984375 0.9231481481481482 0.7984375 0.9314814814814815 0.8104166666666667 0.9351851851851852 0.815625 0.9268518518518518 0.8234375 0.924074074074074 0.825 0.9333333333333333 0.8276041666666667 0.9342592592592592 0.828125 0.9157407407407407 0.8213541666666667 0.8722222222222222 0.8125 0.8555555555555555 0.8098958333333334 0.8574074074074074 0.8052083333333333 0.8759259259259259 0.8072916666666666 0.9101851851851852 0.7984375 0.9231481481481482
5 0.4583333333333333 0.6888888888888889 0.46145833333333336 0.6925925925925925 0.46822916666666664 0.6916666666666667 0.46979166666666666 0.6888888888888889 0.4666666666666667 0.675 0.4661458333333333 0.6537037037037037 0.4588541666666667 0.6416666666666667 0.4546875 0.6537037037037037 0.45416666666666666 0.662962962962963 0.4583333333333333 0.6888888888888889
4 0.2708333333333333 0.7944444444444444 0.2703125 0.8037037037037037 0.275 0.8064814814814815 0.2786458333333333 0.7907407407407407 0.2859375 0.7851851851851852 0.2890625 0.8046296296296296 0.2953125 0.8055555555555556 0.29739583333333336 0.8027777777777778 0.2942708333333333 0.799074074074074 0.2921875 0.7898148148148149 0.2864583333333333 0.7324074074074074 0.2828125 0.7314814814814815 0.28229166666666666 0.7388888888888889 0.2786458333333333 0.7462962962962963 0.2765625 0.7833333333333333 0.2708333333333333 0.7944444444444444
4 0.12708333333333333 0.7574074074074074 0.12864583333333332 0.75 0.12291666666666666 0.6972222222222222 0.11875 0.6935185185185185 0.11458333333333333 0.7046296296296296 0.1140625 0.7555555555555555 0.12708333333333333 0.7574074074074074
4 0.16927083333333334 0.6935185185185185 0.1875 0.6925925925925925 0.18958333333333333 0.6888888888888889 0.19010416666666666 0.6777777777777778 0.1890625 0.6527777777777778 0.18541666666666667 0.6481481481481481 0.17708333333333334 0.6574074074074074 0.17135416666666667 0.6722222222222223 0.16822916666666668 0.687962962962963 0.16927083333333334 0.6935185185185185
5 0.540625 0.7870370370370371 0.5447916666666667 0.7870370370370371 0.55 0.7768518518518519 0.5583333333333333 0.7759259259259259 0.5609375 0.7888888888888889 0.5645833333333333 0.7907407407407407 0.5661458333333333 0.7861111111111111 0.5625 0.7722222222222223 0.5619791666666667 0.75 0.5583333333333333 0.7324074074074074 0.55625 0.7296296296296296 0.5526041666666667 0.7314814814814815 0.5484375 0.7472222222222222 0.55 0.7592592592592593 0.540625 0.7870370370370371
4 0.4890625 0.7111111111111111 0.49270833333333336 0.7314814814814815 0.4979166666666667 0.7444444444444445 0.5015625 0.7462962962962963 0.5046875 0.7435185185185185 0.5015625 0.7092592592592593 0.5020833333333333 0.6925925925925925 0.4947916666666667 0.6814814814814815 0.4864583333333333 0.6805555555555556 0.48541666666666666 0.687037037037037 0.48541666666666666 0.7027777777777777 0.4890625 0.7111111111111111
4 0.40677083333333336 0.6777777777777778 0.4161458333333333 0.6805555555555556 0.4161458333333333 0.6685185185185185 0.4109375 0.6453703703703704 0.40572916666666664 0.637962962962963 0.40208333333333335 0.6425925925925926 0.40208333333333335 0.6601851851851852 0.40677083333333336 0.6777777777777778
3 0.0359375 0.6398148148148148 0.0375 0.6370370370370371 0.034895833333333334 0.6037037037037037 0.0328125 0.5981481481481481 0.0296875 0.5972222222222222 0.028125 0.6027777777777777 0.028125 0.6398148148148148 0.0359375 0.6398148148148148
4 0.3385416666666667 0.8722222222222222 0.34427083333333336 0.8953703703703704 0.3494791666666667 0.9 0.353125 0.8935185185185185 0.35260416666666666 0.8657407407407407 0.3546875 0.8583333333333333 0.35260416666666666 0.825925925925926 0.3458333333333333 0.8101851851851852 0.3421875 0.8101851851851852 0.33645833333333336 0.825925925925926 0.3359375 0.8342592592592593 0.33541666666666664 0.8555555555555555 0.3385416666666667 0.8722222222222222
4 0.33541666666666664 0.625 0.34010416666666665 0.637962962962963 0.3494791666666667 0.6398148148148148 0.3484375 0.6268518518518519 0.3453125 0.6222222222222222 0.3416666666666667 0.6037037037037037 0.3359375 0.6046296296296296 0.334375 0.6074074074074074 0.33541666666666664 0.625
5 0.33125 0.6712962962962963 0.3380208333333333 0.6805555555555556 0.3411458333333333 0.6787037037037037 0.3416666666666667 0.662962962962963 0.33645833333333336 0.6537037037037037 0.33177083333333335 0.6527777777777778 0.3265625 0.6657407407407407 0.3260416666666667 0.675 0.33125 0.6712962962962963
2 0.8557291666666667 0.6796296296296296 0.8536458333333333 0.700925925925926 0.8666666666666667 0.7037037037037037 0.86875 0.6990740740740741 0.8651041666666667 0.6537037037037037 0.8614583333333333 0.6453703703703704 0.8567708333333334 0.6481481481481481 0.8536458333333333 0.6722222222222223 0.8557291666666667 0.6796296296296296
3 0.3296875 0.7064814814814815 0.33697916666666666 0.7185185185185186 0.3416666666666667 0.7185185185185186 0.3416666666666667 0.6833333333333333 0.3385416666666667 0.6620370370370371 0.3333333333333333 0.6546296296296297 0.3260416666666667 0.6703703703703704 0.325 0.6861111111111111 0.3296875 0.7064814814814815
0 0.190625 0.6907407407407408 0.196875 0.6888888888888889 0.196875 0.6842592592592592 0.19375 0.6805555555555556 0.190625 0.6842592592592592 0.1890625 0.6888888888888889 0.190625 0.6907407407407408
5 0.042708333333333334 0.7944444444444444 0.044270833333333336 0.7972222222222223 0.05260416666666667 0.7962962962962963 0.05416666666666667 0.7907407407407407 0.040625 0.7324074074074074 0.036458333333333336 0.7351851851851852 0.033854166666666664 0.7472222222222222 0.03333333333333333 0.7564814814814815 0.042708333333333334 0.7944444444444444
5 0.3880208333333333 0.6703703703703704 0.39427083333333335 0.6703703703703704 0.39375 0.6425925925925926 0.3875 0.6268518518518519 0.38333333333333336 0.6268518518518519 0.3854166666666667 0.6657407407407407 0.3880208333333333 0.6703703703703704
5 0.18541666666666667 0.6944444444444444 0.196875 0.6888888888888889 0.19010416666666666 0.6462962962962963 0.18541666666666667 0.6453703703703704 0.18177083333333333 0.6537037037037037 0.18072916666666666 0.6925925925925925 0.18541666666666667 0.6944444444444444