4 0.3411458333333333 0.8611111111111112 0.34427083333333336 0.8592592592592593 0.3458333333333333 0.8472222222222222 0.3567708333333333 0.8574074074074074 0.3609375 0.8555555555555555 0.3625 0.8527777777777777 0.3578125 0.8277777777777777 0.3578125 0.7935185185185185 0.35572916666666665 0.775 0.353125 0.7712962962962963 0.3494791666666667 0.7731481481481481 0.34427083333333336 0.7907407407407407 0.3390625 0.8583333333333333 0.3411458333333333 0.8611111111111112
4 0.5526041666666667 0.7712962962962963 0.5572916666666666 0.774074074074074 0.5598958333333334 0.7694444444444445 0.56875 0.7194444444444444 0.5645833333333333 0.7 0.5609375 0.6990740740740741 0.5520833333333334 0.7166666666666667 0.55625 0.7435185185185185 0.5526041666666667 0.7712962962962963
4 0.5369791666666667 0.6398148148148148 0.540625 0.6268518518518519 0.5385416666666667 0.6185185185185185 0.540625 0.6064814814814815 0.5380208333333333 0.5981481481481481 0.5338541666666666 0.6018518518518519 0.5286458333333334 0.6222222222222222 0.5223958333333333 0.6324074074074074 0.5223958333333333 0.6388888888888888 0.5369791666666667 0.6398148148148148
5 0.6317708333333333 0.7222222222222222 0.6302083333333334 0.7268518518518519 0.6229166666666667 0.7314814814814815 0.6229166666666667 0.737037037037037 0.6338541666666667 0.7361111111111112 0.6359375 0.7472222222222222 0.6395833333333333 0.75 0.6416666666666667 0.7472222222222222 0.6401041666666667 0.7166666666666667 0.6421875 0.7083333333333334 0.6395833333333333 0.6851851851851852 0.6348958333333333 0.6842592592592592 0.6307291666666667 0.6925925925925925 0.6270833333333333 0.6925925925925925 0.6296875 0.7 0.6317708333333333 0.7222222222222222
5 0.08541666666666667 0.7129629629629629 0.07916666666666666 0.7277777777777777 0.0796875 0.7379629629629629 0.08385416666666666 0.7379629629629629 0.08697916666666666 0.7324074074074074 0.09114583333333333 0.7379629629629629 0.0953125 0.7361111111111112 0.09322916666666667 0.725 0.0953125 0.6981481481481482 0.09375 0.6777777777777778 0.09166666666666666 0.6731481481481482 0.08854166666666667 0.674074074074074 0.08072916666666667 0.6851851851851852 0.084375 0.6981481481481482 0.08541666666666667 0.7129629629629629
3 0.28489583333333335 0.6657407407407407 0.29010416666666666 0.6722222222222223 0.29375 0.700925925925926 0.3 0.700925925925926 0.3026041666666667 0.6972222222222222 0.30052083333333335 0.6805555555555556 0.3026041666666667 0.6675925925925926 0.30572916666666666 0.6657407407407407 0.2947916666666667 0.6388888888888888 0.290625 0.637962962962963 0.2890625 0.6416666666666667 0.2875 0.6601851851851852 0.28489583333333335 0.6657407407407407
4 0.16458333333333333 0.7240740740740741 0.17708333333333334 0.725925925925926 0.17864583333333334 0.7240740740740741 0.178125 0.687962962962963 0.17604166666666668 0.6694444444444444 0.17239583333333333 0.6675925925925926 0.16666666666666666 0.6824074074074075 0.16927083333333334 0.7037037037037037 0.16458333333333333 0.7240740740740741
3 0.040625 0.6111111111111112 0.0515625 0.6092592592592593 0.053125 0.6 0.050520833333333334 0.587037037037037 0.053125 0.5796296296296296 0.052083333333333336 0.575925925925926 0.0484375 0.5712962962962963 0.04479166666666667 0.5740740740740741 0.040625 0.5944444444444444 0.0390625 0.6064814814814815 0.040625 0.6111111111111112
5 0.12447916666666667 0.7342592592592593 0.13020833333333334 0.7342592592592593 0.13541666666666666 0.7222222222222222 0.1359375 0.7018518518518518 0.13958333333333334 0.6935185185185185 0.1359375 0.6759259259259259 0.13072916666666667 0.6787037037037037 0.12552083333333333 0.7166666666666667 0.12239583333333333 0.7194444444444444 0.121875 0.7268518518518519 0.12447916666666667 0.7342592592592593
5 0.27760416666666665 0.7398148148148148 0.28229166666666666 0.7361111111111112 0.2833333333333333 0.6916666666666667 0.2791666666666667 0.6796296296296296 0.2760416666666667 0.6768518518518518 0.2713541666666667 0.687962962962963 0.2734375 0.7361111111111112 0.27760416666666665 0.7398148148148148
4 0.1171875 0.775 0.11822916666666666 0.7870370370370371 0.11510416666666666 0.8027777777777778 0.11927083333333334 0.8055555555555556 0.13072916666666667 0.7981481481481482 0.12760416666666666 0.7731481481481481 0.13177083333333334 0.7537037037037037 0.1296875 0.7361111111111112 0.1234375 0.7277777777777777 0.11614583333333334 0.7481481481481481 0.1140625 0.7712962962962963 0.1171875 0.775
5 0.6677083333333333 0.6611111111111111 0.6697916666666667 0.6611111111111111 0.6770833333333334 0.6453703703703704 0.675 0.6148148148148148 0.671875 0.6138888888888889 0.66875 0.6240740740740741 0.6640625 0.6564814814814814 0.6677083333333333 0.6611111111111111
5 0.07395833333333333 0.6851851851851852 0.08385416666666666 0.6888888888888889 0.08072916666666667 0.6694444444444444 0.08125 0.6527777777777778 0.07604166666666666 0.6342592592592593 0.071875 0.637962962962963 0.06822916666666666 0.6712962962962963 0.06822916666666666 0.6907407407407408 0.07395833333333333 0.6851851851851852
5 0.6145833333333334 0.6953703703703704 0.6171875 0.6898148148148148 0.6260416666666667 0.6898148148148148 0.6265625 0.6935185185185185 0.6291666666666667 0.6935185185185185 0.6333333333333333 0.6851851851851852 0.6296875 0.6675925925925926 0.6302083333333334 0.6462962962962963 0.628125 0.6416666666666667 0.6255208333333333 0.6425925925925926 0.6192708333333333 0.6703703703703704 0.6125 0.6851851851851852 0.6119791666666666 0.6916666666666667 0.6145833333333334 0.6953703703703704
0 0.790625 0.6194444444444445 0.7932291666666667 0.6111111111111112 0.7979166666666667 0.6074074074074074 0.7869791666666667 0.6064814814814815 0.7864583333333334 0.6148148148148148 0.790625 0.6194444444444445
5 0.3104166666666667 0.6888888888888889 0.315625 0.6916666666666667 0.321875 0.6694444444444444 0.32395833333333335 0.65 0.3223958333333333 0.6342592592592593 0.3177083333333333 0.6305555555555555 0.31354166666666666 0.6444444444444445 0.31354166666666666 0.6712962962962963 0.3104166666666667 0.6888888888888889
3 0.8994791666666667 0.9462962962962963 0.9088541666666666 0.9435185185185185 0.9104166666666667 0.9583333333333334 0.915625 0.9546296296296296 0.9182291666666667 0.9416666666666667 0.9171875 0.9194444444444444 0.9203125 0.8962962962962963 0.9197916666666667 0.8805555555555555 0.9171875 0.8722222222222222 0.9130208333333333 0.8731481481481481 0.9057291666666667 0.8916666666666667 0.9041666666666667 0.9148148148148149 0.9 0.924074074074074 0.8932291666666666 0.9277777777777778 0.8963541666666667 0.9435185185185185 0.8994791666666667 0.9462962962962963
4 0.10052083333333334 0.6648148148148149 0.11145833333333334 0.6712962962962963 0.11302083333333333 0.6694444444444444 0.1140625 0.6398148148148148 0.1109375 0.6194444444444445 0.10625 0.6166666666666667 0.103125 0.6305555555555555 0.103125 0.6518518518518519 0.10052083333333334 0.6648148148148149
5 0.2755208333333333 0.8074074074074075 0.271875 0.8138888888888889 0.28177083333333336 0.8231481481481482 0.2796875 0.8296296296296296 0.28177083333333336 0.8333333333333334 0.2875 0.8305555555555556 0.2921875 0.7861111111111111 0.290625 0.7638888888888888 0.28541666666666665 0.762962962962963 0.28125 0.8055555555555556 0.2755208333333333 0.8074074074074075