4 0.5161458333333333 0.5601851851851852 0.515625 0.5472222222222223 0.5109375 0.5472222222222223 0.5057291666666667 0.5694444444444444 0.5046875 0.5907407407407408 0.5057291666666667 0.5953703703703703 0.5098958333333333 0.5972222222222222 0.5161458333333333 0.5601851851851852
5 0.4046875 0.6537037037037037 0.40729166666666666 0.6453703703703704 0.409375 0.6166666666666667 0.4083333333333333 0.6046296296296296 0.4041666666666667 0.6074074074074074 0.4010416666666667 0.6212962962962963 0.4 0.6398148148148148 0.3963541666666667 0.65 0.4 0.6574074074074074 0.4046875 0.6537037037037037
5 0.6744791666666666 0.6888888888888889 0.6760416666666667 0.675 0.6708333333333333 0.6324074074074074 0.66875 0.6314814814814815 0.6651041666666667 0.6425925925925926 0.6640625 0.6675925925925926 0.659375 0.6814814814814815 0.6619791666666667 0.6916666666666667 0.6744791666666666 0.6888888888888889
4 0.7192708333333333 0.6101851851851852 0.7192708333333333 0.6027777777777777 0.7229166666666667 0.5916666666666667 0.7223958333333333 0.5842592592592593 0.7151041666666667 0.5722222222222222 0.7125 0.5712962962962963 0.7109375 0.575 0.7104166666666667 0.6037037037037037 0.7125 0.6138888888888889 0.7161458333333334 0.6148148148148148 0.7192708333333333 0.6101851851851852
4 0.6234375 0.5796296296296296 0.6192708333333333 0.5731481481481482 0.6151041666666667 0.575 0.6135416666666667 0.5796296296296296 0.6135416666666667 0.6212962962962963 0.61875 0.6240740740740741 0.6234375 0.6092592592592593 0.6234375 0.5796296296296296
5 0.6234375 0.5537037037037037 0.6255208333333333 0.5444444444444444 0.6177083333333333 0.5444444444444444 0.6166666666666667 0.5555555555555556 0.6166666666666667 0.575925925925926 0.6239583333333333 0.5787037037037037 0.6255208333333333 0.5657407407407408 0.6234375 0.5537037037037037
4 0.7864583333333334 0.6481481481481481 0.7890625 0.637962962962963 0.7890625 0.6037037037037037 0.7869791666666667 0.5962962962962963 0.7828125 0.5925925925925926 0.778125 0.6046296296296296 0.7786458333333334 0.6203703703703703 0.775 0.6462962962962963 0.7791666666666667 0.65 0.7864583333333334 0.6481481481481481
4 0.3578125 0.5935185185185186 0.35260416666666666 0.5953703703703703 0.3494791666666667 0.6055555555555555 0.35052083333333334 0.6277777777777778 0.3458333333333333 0.6435185185185185 0.36041666666666666 0.6462962962962963 0.3578125 0.5935185185185186
4 0.6541666666666667 0.5777777777777777 0.6625 0.5861111111111111 0.6578125 0.5509259259259259 0.6536458333333334 0.5472222222222223 0.6473958333333333 0.5648148148148148 0.6463541666666667 0.575925925925926 0.6479166666666667 0.5796296296296296 0.6505208333333333 0.5814814814814815 0.6541666666666667 0.5777777777777777
4 0.7609375 0.7018518518518518 0.76875 0.7148148148148148 0.7708333333333334 0.712037037037037 0.7713541666666667 0.6787037037037037 0.7682291666666666 0.6527777777777778 0.7635416666666667 0.6527777777777778 0.7572916666666667 0.6694444444444444 0.7583333333333333 0.6805555555555556 0.753125 0.7046296296296296 0.7557291666666667 0.7074074074074074 0.7609375 0.7018518518518518
4 0.27447916666666666 0.7138888888888889 0.2786458333333333 0.7203703703703703 0.2828125 0.7203703703703703 0.2864583333333333 0.7046296296296296 0.2833333333333333 0.6907407407407408 0.2869791666666667 0.6814814814814815 0.2833333333333333 0.6601851851851852 0.278125 0.6518518518518519 0.27291666666666664 0.6657407407407407 0.2635416666666667 0.7157407407407408 0.2635416666666667 0.7222222222222222 0.265625 0.7240740740740741 0.27447916666666666 0.7138888888888889
5 0.4708333333333333 0.5796296296296296 0.471875 0.5518518518518518 0.46927083333333336 0.5444444444444444 0.46458333333333335 0.5481481481481482 0.46197916666666666 0.5675925925925925 0.4578125 0.575925925925926 0.4583333333333333 0.5805555555555556 0.4708333333333333 0.5796296296296296
4 0.17083333333333334 0.5861111111111111 0.1703125 0.5712962962962963 0.165625 0.5611111111111111 0.16197916666666667 0.5638888888888889 0.1609375 0.5768518518518518 0.15989583333333332 0.6111111111111112 0.1609375 0.6157407407407407 0.16666666666666666 0.6185185185185185 0.17083333333333334 0.5861111111111111
3 0.5270833333333333 0.6166666666666667 0.5291666666666667 0.625 0.5328125 0.6259259259259259 0.5302083333333333 0.6074074074074074 0.53125 0.5888888888888889 0.5291666666666667 0.5703703703703704 0.525 0.5712962962962963 0.521875 0.5824074074074074 0.5229166666666667 0.6046296296296296 0.515625 0.6148148148148148 0.5166666666666667 0.6175925925925926 0.5270833333333333 0.6166666666666667
5 0.5572916666666666 0.5685185185185185 0.5526041666666667 0.5583333333333333 0.5463541666666667 0.5657407407407408 0.5494791666666666 0.5944444444444444 0.5526041666666667 0.5981481481481481 0.55625 0.5916666666666667 0.5572916666666666 0.5685185185185185
5 0.17291666666666666 0.6083333333333333 0.17239583333333333 0.5712962962962963 0.16979166666666667 0.5657407407407408 0.16614583333333333 0.5657407407407408 0.1640625 0.5703703703703704 0.16510416666666666 0.6027777777777777 0.16354166666666667 0.6111111111111112 0.16979166666666667 0.6203703703703703 0.17291666666666666 0.6083333333333333
5 0.6473958333333333 0.6037037037037037 0.65 0.6083333333333333 0.6557291666666667 0.6074074074074074 0.65 0.587037037037037 0.6526041666666667 0.5722222222222222 0.65 0.5675925925925925 0.6453125 0.5675925925925925 0.640625 0.5740740740740741 0.6401041666666667 0.5925925925925926 0.634375 0.6101851851851852 0.6395833333333333 0.612037037037037 0.6473958333333333 0.6037037037037037
0 0.6421875 0.6074074074074074 0.640625 0.6018518518518519 0.6354166666666666 0.6046296296296296 0.6338541666666667 0.6101851851851852 0.6359375 0.6129629629629629 0.6395833333333333 0.6129629629629629 0.6421875 0.6074074074074074
4 0.3416666666666667 0.5703703703703704 0.3484375 0.5685185185185185 0.35 0.5370370370370371 0.346875 0.5268518518518519 0.33489583333333334 0.5222222222222223 0.33229166666666665 0.5259259259259259 0.3328125 0.55 0.33645833333333336 0.5564814814814815 0.3375 0.5675925925925925 0.3416666666666667 0.5703703703703704
5 0.34791666666666665 0.6148148148148148 0.35104166666666664 0.5990740740740741 0.3489583333333333 0.5851851851851851 0.3494791666666667 0.5703703703703704 0.34375 0.5666666666666667 0.340625 0.5731481481481482 0.33958333333333335 0.6111111111111112 0.340625 0.6157407407407407 0.3458333333333333 0.6166666666666667 0.34791666666666665 0.6148148148148148
3 0.2760416666666667 0.5314814814814814 0.27239583333333334 0.5222222222222223 0.2671875 0.5194444444444445 0.2598958333333333 0.5324074074074074 0.259375 0.5527777777777778 0.26666666666666666 0.5601851851851852 0.2760416666666667 0.5527777777777778 0.2760416666666667 0.5314814814814814
3 0.14895833333333333 0.5666666666666667 0.15052083333333333 0.5722222222222222 0.15572916666666667 0.5740740740740741 0.15885416666666666 0.5712962962962963 0.16041666666666668 0.5638888888888889 0.1609375 0.5314814814814814 0.15677083333333333 0.5268518518518519 0.15 0.5287037037037037 0.15 0.5425925925925926 0.14791666666666667 0.5444444444444444 0.15 0.5509259259259259 0.14895833333333333 0.5666666666666667
5 0.13802083333333334 0.6555555555555556 0.14166666666666666 0.6472222222222223 0.14635416666666667 0.6537037037037037 0.15260416666666668 0.6537037037037037 0.1484375 0.6277777777777778 0.14791666666666667 0.6046296296296296 0.1453125 0.600925925925926 0.1421875 0.6055555555555555 0.13854166666666667 0.6370370370370371 0.13333333333333333 0.65 0.134375 0.6555555555555556 0.13802083333333334 0.6555555555555556