5 0.6729166666666667 0.7333333333333333 0.68125 0.7314814814814815 0.6802083333333333 0.7157407407407408 0.6817708333333333 0.7018518518518518 0.690625 0.6935185185185185 0.6921875 0.6851851851851852 0.6786458333333333 0.6712962962962963 0.675 0.6611111111111111 0.6713541666666667 0.6620370370370371 0.6677083333333333 0.6694444444444444 0.66875 0.7296296296296296 0.6729166666666667 0.7333333333333333
5 0.23802083333333332 0.7129629629629629 0.23489583333333333 0.7296296296296296 0.2390625 0.7305555555555555 0.24166666666666667 0.725 0.2520833333333333 0.7296296296296296 0.25364583333333335 0.7194444444444444 0.24895833333333334 0.7064814814814815 0.25052083333333336 0.6768518518518518 0.24791666666666667 0.6620370370370371 0.24375 0.6555555555555556 0.24010416666666667 0.6564814814814814 0.23645833333333333 0.6685185185185185 0.23854166666666668 0.6938268518518518 0.23802083333333332 0.7129629629629629
4 0.5802083333333333 0.6638888888888889 0.5822916666666667 0.6611111111111111 0.5838541666666667 0.6222222222222222 0.5807291666666666 0.5990740740740741 0.578125 0.5990740740740741 0.5729166666666666 0.6074074074074074 0.5713541666666667 0.6259259259259259 0.571875 0.6611111111111111 0.5802083333333333 0.6638888888888889
4 0.18333333333333332 0.700925925925926 0.18125 0.7129629629629629 0.184375 0.737037037037037 0.18958333333333333 0.7388888888888889 0.19166666666666668 0.7361111111111112 0.19114583333333332 0.7222222222222222 0.19895833333333332 0.7157407407407408 0.19322916666666667 0.7018518518518518 0.19322916666666667 0.6851851851851852 0.19114583333333332 0.6768518518518518 0.1859375 0.6657407407407407 0.18177083333333333 0.6685185185185185 0.18125 0.6925925925925925 0.18333333333333332 0.700925925925926
5 0.45729166666666665 0.6657407407407407 0.4588541666666667 0.6703703703703704 0.4744791666666667 0.6666666666666666 0.46822916666666664 0.6601851851851852 0.46927083333333336 0.6462962962962963 0.4734375 0.6416666666666667 0.4734375 0.6370370370370371 0.471875 0.6185185185185185 0.4666666666666667 0.6018518518518519 0.4630208333333333 0.6037037037037037 0.4588541666666667 0.6175925925925926 0.4578125 0.6407407407407407 0.4588541666666667 0.6537037037037037 0.45729166666666665 0.6657407407407407
5 0.5359375 0.6648148148148149 0.5354166666666667 0.6805555555555556 0.540625 0.6824074074074075 0.5432291666666667 0.6777777777777778 0.54375 0.6583333333333333 0.5484375 0.6444444444444445 0.540625 0.6194444444444445 0.5369791666666667 0.6194444444444445 0.5333333333333333 0.6370370370370371 0.5328125 0.6537037037037037 0.5359375 0.6648148148148149
3 0.5255208333333333 0.7268518518518519 0.5276041666666667 0.7203703703703703 0.5255208333333333 0.7 0.528125 0.6907407407407408 0.528125 0.662962962962963 0.5223958333333333 0.6481481481481481 0.5192708333333333 0.6481481481481481 0.5177083333333333 0.6527777777777778 0.5203125 0.7240740740740741 0.5255208333333333 0.7268518518518519
4 0.49895833333333334 0.6666666666666666 0.5005208333333333 0.6731481481481482 0.5098958333333333 0.675 0.5177083333333333 0.6703703703703704 0.5171875 0.6277777777777778 0.5119791666666667 0.6074074074074074 0.509375 0.6027777777777777 0.5052083333333334 0.6027777777777777 0.5 0.6203703703703703 0.5010416666666667 0.6444444444444445 0.49895833333333334 0.6666666666666666
5 0.4901041666666667 0.6694444444444444 0.496875 0.6537037037037037 0.49635416666666665 0.6444444444444445 0.49895833333333334 0.637962962962963 0.49635416666666665 0.6074074074074074 0.49322916666666666 0.6046296296296296 0.4875 0.6212962962962963 0.4869791666666667 0.6666666666666666 0.4901041666666667 0.6694444444444444
5 0.2791666666666667 0.662962962962963 0.28177083333333336 0.6583333333333333 0.2864583333333333 0.6583333333333333 0.28802083333333334 0.6620370370370371 0.2921875 0.6620370370370371 0.28854166666666664 0.6064814814814815 0.2828125 0.5944444444444444 0.27708333333333335 0.6092592592592593 0.27708333333333335 0.6611111111111111 0.2791666666666667 0.662962962962963
4 0.7927083333333333 0.737037037037037 0.7921875 0.7564814814814815 0.7875 0.775 0.7932291666666667 0.7759259259259259 0.796875 0.7675925925925926 0.803125 0.775 0.8067708333333333 0.775 0.8072916666666666 0.762962962962963 0.8020833333333334 0.7416666666666667 0.8015625 0.7157407407407408 0.7947916666666667 0.7018518518518518 0.790625 0.7027777777777777 0.7890625 0.7083333333333334 0.7921875 0.7194444444444444 0.7927083333333333 0.737037037037037
4 0.4744791666666667 0.6731481481481482 0.478125 0.6731481481481482 0.48385416666666664 0.6694444444444444 0.484375 0.6657407407407407 0.4817708333333333 0.6074074074074074 0.478125 0.6046296296296296 0.47291666666666665 0.6185185185185185 0.47291666666666665 0.6657407407407407 0.4744791666666667 0.6731481481481482
4 0.88125 0.7166666666666667 0.8838541666666667 0.7203703703703703 0.8942708333333333 0.7194444444444444 0.8963541666666667 0.712037037037037 0.8979166666666667 0.6648148148148149 0.8947916666666667 0.65 0.8916666666666667 0.649074074074074 0.8895833333333333 0.6537037037037037 0.884375 0.7092592592592593 0.88125 0.7166666666666667
5 0.5682291666666667 0.6657407407407407 0.571875 0.6583333333333333 0.5723958333333333 0.6259259259259259 0.5703125 0.6018518518518519 0.5682291666666667 0.5990740740740741 0.565625 0.600925925925926 0.5619791666666667 0.612037037037037 0.5625 0.6648148148148149 0.5682291666666667 0.6657407407407407
2 0.33645833333333336 0.6268518518518519 0.33697916666666666 0.6537037037037037 0.33958333333333335 0.6546296296296297 0.3421875 0.6537037037037037 0.34322916666666664 0.6462962962962963 0.3453125 0.612037037037037 0.3416666666666667 0.5842592592592593 0.33489583333333334 0.600925925925926 0.3338541666666667 0.6175925925925926 0.33645833333333336 0.6268518518518519
4 0.3536458333333333 0.6407407407407407 0.35572916666666665 0.6435185185185185 0.36302083333333335 0.6425925925925926 0.3640625 0.6 0.3572916666666667 0.5824074074074074 0.3536458333333333 0.5833333333333334 0.35208333333333336 0.5907407407407408 0.35104166666666664 0.6157407407407407 0.3536458333333333 0.6407407407407407
5 0.3375 0.6268518518518519 0.3375 0.6537037037037037 0.34270833333333334 0.6555555555555556 0.3453125 0.6666666666666666 0.35104166666666664 0.6657407407407407 0.35260416666666666 0.6462962962962963 0.35104166666666664 0.6074074074074074 0.3416666666666667 0.5925925925925926 0.33541666666666664 0.6027777777777777 0.334375 0.6157407407407407 0.3375 0.6268518518518519
5 0.3546875 0.6305555555555555 0.35625 0.6416666666666667 0.3609375 0.6481481481481481 0.3609375 0.6537037037037037 0.3651041666666667 0.6546296296296297 0.3671875 0.6462962962962963 0.36875 0.6064814814814815 0.3640625 0.5935185185185186 0.3567708333333333 0.5944444444444444 0.3536458333333333 0.6148148148148148 0.3546875 0.6305555555555555
3 0.5802083333333333 0.5601851851851852 0.5838541666666667 0.5694444444444444 0.5901041666666667 0.5694444444444444 0.5927083333333333 0.5648148148148148 0.5953125 0.5462962962962963 0.5947916666666667 0.5212962962962963 0.5911458333333334 0.5166666666666667 0.5838541666666667 0.5222222222222223 0.5817708333333333 0.5287037037037037 0.5822916666666667 0.5524694444444445 0.5802083333333333 0.5601851851851852