5 0.7239583333333334 0.637962962962963 0.7276041666666667 0.637962962962963 0.728125 0.6305555555555555 0.7239583333333334 0.6240740740740741 0.7213541666666666 0.6129629629629629 0.721875 0.5990740740740741 0.7166666666666667 0.5879629629629629 0.7125 0.5916666666666667 0.7125 0.6361111111111111 0.7166666666666667 0.637962962962963 0.721875 0.6333333333333333 0.7239583333333334 0.637962962962963
5 0.5505208333333333 0.6564814814814814 0.565625 0.6564814814814814 0.5661458333333333 0.6509259259259259 0.5567708333333333 0.6407407407407407 0.5526041666666667 0.6185185185185185 0.5489583333333333 0.6148148148148148 0.546875 0.6185185185185185 0.5473958333333333 0.6462962962962963 0.5432291666666667 0.6657407407407407 0.5484375 0.6666666666666666 0.5505208333333333 0.6564814814814814
5 0.3296875 0.5944444444444444 0.3234375 0.5638888888888889 0.31927083333333334 0.5657407407407408 0.31614583333333335 0.5787037037037037 0.3182291666666667 0.6055555555555555 0.321875 0.6083333333333333 0.3260416666666667 0.5962962962962963 0.3296875 0.5944444444444444
3 0.4744791666666667 0.6666666666666666 0.4765625 0.6657407407407407 0.478125 0.6592592592592592 0.475 0.6453703703703704 0.4734375 0.6185185185185185 0.4671875 0.6037037037037037 0.46458333333333335 0.6064814814814815 0.4640625 0.6148148148148148 0.4630208333333333 0.6453703703703704 0.4666666666666667 0.6555555555555556 0.46979166666666666 0.6564814814814814 0.4744791666666667 0.6666666666666666
4 0.8255208333333334 0.7157407407407408 0.8286458333333333 0.7148148148148148 0.8302083333333333 0.7083333333333334 0.8265625 0.6898148148148148 0.8270833333333333 0.6657407407407407 0.8192708333333333 0.6518518518518519 0.8151041666666666 0.6537037037037037 0.8140625 0.6768518518518518 0.8177083333333334 0.6953703703703704 0.8234375 0.712037037037037 0.8255208333333334 0.7157407407407408
4 0.853125 0.6175925925925926 0.8609375 0.6240740740740741 0.8619791666666666 0.6175925925925926 0.859375 0.6111111111111112 0.85625 0.587037037037037 0.8526041666666667 0.5777777777777777 0.8479166666666667 0.5777777777777777 0.8463541666666666 0.5907407407407408 0.8473958333333333 0.6018518518518519 0.8447916666666667 0.6240740740740741 0.8494791666666667 0.6240740740740741 0.853125 0.6175925925925926
4 0.6286458333333333 0.6398148148148148 0.6223958333333334 0.6064814814814815 0.61875 0.6027777777777777 0.6166666666666667 0.6101851851851852 0.6171875 0.65 0.61875 0.6574074074074074 0.6229166666666667 0.6574074074074074 0.6286458333333333 0.6398148148148148
4 0.146875 0.7462962962962963 0.15260416666666668 0.7361111111111112 0.16197916666666667 0.7314814814814815 0.15677083333333333 0.7166666666666667 0.159375 0.6944444444444444 0.15052083333333333 0.6787037037037037 0.1421875 0.6944444444444444 0.14166666666666666 0.700925925925926 0.14583333333333334 0.7111111111111111 0.14739583333333334 0.7268518518518519 0.146875 0.7462962962962963
5 0.365625 0.5787037037037037 0.3734375 0.5731481481481482 0.371875 0.5555555555555556 0.365625 0.5453703703703704 0.3609375 0.5527777777777778 0.36041666666666666 0.5796296296296296 0.3609375 0.5833333333333334 0.3651041666666667 0.5833333333333334 0.365625 0.5787037037037037
4 0.2734375 0.6388888888888888 0.2765625 0.6370370370370371 0.2786458333333333 0.6287037037037037 0.2864583333333333 0.6268518518518519 0.2869791666666667 0.6231481481481481 0.28020833333333334 0.5953703703703703 0.27447916666666666 0.5944444444444444 0.2703125 0.6101851851851852 0.27239583333333334 0.6203703703703703 0.2713541666666667 0.637962962962963 0.2734375 0.6388888888888888
4 0.49166666666666664 0.5805555555555556 0.490625 0.5555555555555556 0.4864583333333333 0.5453703703703704 0.4817708333333333 0.5435185185185185 0.4822916666666667 0.5712962962962963 0.48541666666666666 0.5842592592592593 0.4901041666666667 0.5842592592592593 0.49166666666666664 0.5805555555555556
4 0.9390625 0.7018518518518518 0.9432291666666667 0.7018518518518518 0.9442708333333333 0.687037037037037 0.9416666666666667 0.6537037037037037 0.9354166666666667 0.6398148148148148 0.93125 0.6444444444444445 0.9317708333333333 0.6546296296296297 0.9296875 0.6620370370370371 0.9333333333333333 0.6861111111111111 0.9390625 0.7018518518518518
5 0.8817708333333333 0.6453703703703704 0.8807291666666667 0.625 0.8739583333333333 0.6083333333333333 0.8692708333333333 0.6092592592592593 0.8755208333333333 0.6574074074074074 0.8822916666666667 0.6620370370370371 0.884375 0.6546296296296297 0.8817708333333333 0.6453703703703704
4 0.40520833333333334 0.6194444444444445 0.40729166666666666 0.6111111111111112 0.41041666666666665 0.6083333333333333 0.42083333333333334 0.6111111111111112 0.4234375 0.6074074074074074 0.4140625 0.5990740740740741 0.4109375 0.5805555555555556 0.4036458333333333 0.5694444444444444 0.4 0.5703703703703704 0.39895833333333336 0.575 0.4 0.5898148148148148 0.3963541666666667 0.6111111111111112 0.4005208333333333 0.6185185185185185 0.40520833333333334 0.6194444444444445
5 0.4510416666666667 0.6916666666666667 0.4510416666666667 0.6805555555555556 0.4427083333333333 0.6333333333333333 0.43854166666666666 0.6342592592592593 0.43697916666666664 0.65 0.43645833333333334 0.674074074074074 0.44114583333333335 0.6851851851851852 0.446875 0.6916666666666667 0.4510416666666667 0.6916666666666667
5 0.46458333333333335 0.5861111111111111 0.4713541666666667 0.5851851851851851 0.47604166666666664 0.5796296296296296 0.46770833333333334 0.575 0.4666666666666667 0.5638888888888889 0.4630208333333333 0.5546296296296296 0.45677083333333335 0.5675925925925925 0.4588541666666667 0.575 0.45625 0.5916666666666667 0.4588541666666667 0.5953703703703703 0.46458333333333335 0.5861111111111111
5 0.24895833333333334 0.5962962962962963 0.24479166666666666 0.5888888888888889 0.24010416666666667 0.5962962962962963 0.24114583333333334 0.6231481481481481 0.24375 0.6324074074074074 0.2484375 0.6361111111111111 0.24895833333333334 0.5962962962962963
4 0.7677083333333333 0.8148148148148148 0.7713541666666667 0.8101851851851852 0.7677083333333333 0.7518518518518519 0.7635416666666667 0.7361111111111112 0.7604166666666666 0.7333333333333333 0.7583333333333333 0.7351851851851852 0.75625 0.7490740740740741 0.7557291666666667 0.787962962962963 0.7625 0.8018518518518518 0.7635416666666667 0.812037037037037 0.7677083333333333 0.8148148148148148
5 0.23229166666666667 0.6583333333333333 0.23385416666666667 0.6370370370370371 0.23177083333333334 0.6287037037037037 0.23125 0.6074074074074074 0.228125 0.600925925925926 0.225 0.6074074074074074 0.22395833333333334 0.6268518518518519 0.2265625 0.6537037037037037 0.22864583333333333 0.6583333333333333 0.23229166666666667 0.6583333333333333
3 0.38125 0.5537037037037037 0.3770833333333333 0.5277777777777778 0.371875 0.524074074074074 0.36614583333333334 0.5324074074074074 0.36875 0.5425925925925926 0.3651041666666667 0.549074074074074 0.3729166666666667 0.5555555555555556 0.38125 0.5537037037037037
4 0.4359375 0.524074074074074 0.4317708333333333 0.5277777777777778 0.434375 0.5638888888888889 0.44583333333333336 0.5574074074074075 0.44114583333333335 0.5296296296296297 0.4359375 0.524074074074074
5 0.40260416666666665 0.5879629629629629 0.40625 0.5768518518518518 0.4041666666666667 0.5657407407407408 0.39895833333333336 0.5638888888888889 0.3963541666666667 0.5768518518518518 0.3963541666666667 0.6101851851851852 0.4010416666666667 0.6083333333333333 0.4041666666666667 0.5962962962962963 0.40260416666666665 0.5879629629629629