4 0.5177083333333333 0.7129629629629629 0.5197916666666667 0.7083333333333334 0.5151041666666667 0.6925925925925925 0.5151041666666667 0.6842592592592592 0.5197916666666667 0.6657407407407407 0.5161458333333333 0.6574074074074074 0.515625 0.65 0.5130208333333334 0.6481481481481481 0.5052083333333334 0.6648148148148149 0.5067708333333333 0.6833333333333333 0.5036458333333333 0.7092592592592593 0.5119791666666667 0.7083333333333334 0.5177083333333333 0.7129629629629629
4 0.9026041666666667 0.7212962962962963 0.903125 0.7277777777777777 0.9078125 0.7305555555555555 0.909375 0.7222222222222222 0.90625 0.7101851851851851 0.9046875 0.6777777777777778 0.9010416666666666 0.6648148148148149 0.896875 0.6694444444444444 0.8875 0.725 0.8921875 0.7287037037037037 0.8953125 0.7222222222222222 0.9026041666666667 0.7212962962962963
4 0.4901041666666667 0.6 0.49583333333333335 0.575 0.4901041666666667 0.5675925925925925 0.48489583333333336 0.575 0.48333333333333334 0.6083333333333333 0.4869791666666667 0.6129629629629629 0.4901041666666667 0.6083333333333333 0.4901041666666667 0.6
5 0.8484375 0.6564814814814814 0.853125 0.6425925925925926 0.8494791666666667 0.6268518518518519 0.8458333333333333 0.6203703703703703 0.8416666666666667 0.6222222222222222 0.8390625 0.6305555555555555 0.8390625 0.6694444444444444 0.8416666666666667 0.6731481481481482 0.8479166666666667 0.6694444444444444 0.8484375 0.6564814814814814
5 0.30885416666666665 0.6416666666666667 0.31614583333333335 0.6425925925925926 0.3182291666666667 0.65 0.3203125 0.6416666666666667 0.31666666666666665 0.6314814814814815 0.3171875 0.6101851851851852 0.31302083333333336 0.5990740740740741 0.3098958333333333 0.6 0.30833333333333335 0.6203703703703703 0.3026041666666667 0.6481481481481481 0.30625 0.65 0.30885416666666665 0.6416666666666667
3 0.5645833333333333 0.6462962962962963 0.5625 0.6398148148148148 0.5635416666666667 0.6138888888888889 0.5598958333333334 0.5990740740740741 0.55625 0.5981481481481481 0.5546875 0.6027777777777777 0.55 0.6416666666666667 0.5494791666666666 0.6527777777777778 0.5515625 0.6546296296296297 0.5578125 0.6416666666666667 0.5645833333333333 0.6462962962962963
3 0.7255208333333333 0.5398148148148149 0.7234375 0.5444444444444444 0.7234375 0.5805555555555556 0.728125 0.5833333333333334 0.7322916666666667 0.5444444444444444 0.7255208333333333 0.5398148148148149
5 0.4244791666666667 0.6027777777777777 0.42604166666666665 0.6055555555555555 0.4348958333333333 0.6046296296296296 0.43802083333333336 0.5777777777777777 0.43697916666666664 0.5685185185185185 0.4276041666666667 0.562037037037037 0.4244791666666667 0.5685185185185185 0.4296875 0.5796296296296296 0.4296875 0.5861111111111111 0.4244791666666667 0.6027777777777777
5 0.5229166666666667 0.6101851851851852 0.5213541666666667 0.5925925925925926 0.5166666666666667 0.5898148148148148 0.5119791666666667 0.6046296296296296 0.5119791666666667 0.6268518518518519 0.5145833333333333 0.6287037037037037 0.5192708333333333 0.6231481481481481 0.5229166666666667 0.6101851851851852
5 0.7630208333333334 0.6111111111111112 0.7598958333333333 0.5888888888888889 0.7557291666666667 0.5879629629629629 0.7546875 0.5907407407407408 0.7552083333333334 0.6305555555555555 0.7713541666666667 0.6268518518518519 0.7713541666666667 0.6185185185185185 0.7630208333333334 0.6111111111111112
5 0.35260416666666666 0.6453703703703704 0.34791666666666665 0.637962962962963 0.3416666666666667 0.6407407407407407 0.3416666666666667 0.6888888888888889 0.3541666666666667 0.6768518518518518 0.35104166666666664 0.6675925925925926 0.35260416666666666 0.6453703703703704
4 0.7921875 0.6101851851851852 0.7947916666666667 0.5990740740740741 0.7947916666666667 0.5916666666666667 0.7916666666666666 0.5824074074074074 0.7875 0.5833333333333334 0.784375 0.5990740740740741 0.7833333333333333 0.6259259259259259 0.7911458333333333 0.6277777777777778 0.79375 0.6231481481481481 0.7921875 0.6101851851851852
4 0.940625 0.6898148148148148 0.9442708333333333 0.6944444444444444 0.9515625 0.687037037037037 0.9526041666666667 0.6453703703703704 0.946875 0.6324074074074074 0.9432291666666667 0.6333333333333333 0.9401041666666666 0.6481481481481481 0.9354166666666667 0.6574074074074074 0.940625 0.6638888888888889 0.940625 0.6898148148148148
5 0.5770833333333333 0.6138888888888889 0.5723958333333333 0.6157407407407407 0.565625 0.6472222222222223 0.5640625 0.6620370370370371 0.5734375 0.662962962962963 0.5796875 0.6314814814814815 0.5770833333333333 0.6138888888888889
3 0.4270833333333333 0.575925925925926 0.4348958333333333 0.575 0.43333333333333335 0.5398148148148149 0.428125 0.5333333333333333 0.41822916666666665 0.5398148148148149 0.4171875 0.5518518518518518 0.42135416666666664 0.5546296296296296 0.4239583333333333 0.5712962962962963 0.4270833333333333 0.575925925925926
5 0.7640625 0.6685185185185185 0.7598958333333333 0.6481481481481481 0.7557291666666667 0.6481481481481481 0.753125 0.6592592592592592 0.7515625 0.7083333333333334 0.7567708333333333 0.7111111111111111 0.7609375 0.7074074074074074 0.7640625 0.6685185185185185
4 0.659375 0.625 0.6640625 0.6148148148148148 0.6640625 0.6037037037037037 0.6588541666666666 0.5898148148148148 0.6567708333333333 0.5898148148148148 0.6526041666666667 0.6 0.653125 0.6388888888888888 0.6546875 0.6398148148148148 0.6583333333333333 0.6370370370370371 0.659375 0.625
4 0.3421875 0.6537037037037037 0.3494791666666667 0.6481481481481481 0.35208333333333336 0.6194444444444445 0.34739583333333335 0.6055555555555555 0.340625 0.6074074074074074 0.3380208333333333 0.6222222222222222 0.340625 0.6305555555555555 0.34010416666666665 0.6425925925925926 0.3421875 0.6537037037037037
4 0.5984375 0.6212962962962963 0.5989583333333334 0.6083333333333333 0.5958333333333333 0.5990740740740741 0.5911458333333334 0.600925925925926 0.5859375 0.6185185185185185 0.5848958333333333 0.6453703703703704 0.5880208333333333 0.6472222222222223 0.5942708333333333 0.6388888888888888 0.5984375 0.6212962962962963
4 0.9255208333333333 0.6240740740740741 0.9203125 0.6111111111111112 0.9161458333333333 0.6148148148148148 0.9119791666666667 0.649074074074074 0.9119791666666667 0.6648148148148149 0.9197916666666667 0.6657407407407407 0.9223958333333333 0.6611111111111111 0.9255208333333333 0.6240740740740741
5 0.35885416666666664 0.5990740740740741 0.35989583333333336 0.5944444444444444 0.3546875 0.5722222222222222 0.3494791666666667 0.5638888888888889 0.34479166666666666 0.5712962962962963 0.34322916666666664 0.587037037037037 0.3489583333333333 0.6027777777777777 0.353125 0.6037037037037037 0.35885416666666664 0.5990740740740741
4 0.34375 0.5944444444444444 0.353125 0.5990740740740741 0.35 0.5675925925925925 0.34322916666666664 0.5740740740740741 0.3375 0.5722222222222222 0.3333333333333333 0.5814814814814815 0.3338541666666667 0.6185185185185185 0.3375 0.6194444444444445 0.34010416666666665 0.6157407407407407 0.34375 0.5944444444444444
5 0.5213541666666667 0.6444444444444445 0.5203125 0.6277777777777778 0.5182291666666666 0.6222222222222222 0.5130208333333334 0.6203703703703703 0.5104166666666666 0.6305555555555555 0.5098958333333333 0.6537037037037037 0.5119791666666667 0.6574074074074074 0.5171875 0.6564814814814814 0.5213541666666667 0.6444444444444445