4 0.553125 0.5740740740740741 0.55 0.562037037037037 0.5442708333333334 0.562037037037037 0.5427083333333333 0.5675925925925925 0.54375 0.6 0.5484375 0.6018518518518519 0.553125 0.5740740740740741
5 0.7083333333333334 0.6435185185185185 0.7125 0.6435185185185185 0.715625 0.6231481481481481 0.7130208333333333 0.5944444444444444 0.7088541666666667 0.5935185185185186 0.7052083333333333 0.6064814814814815 0.70625 0.6222222222222222 0.703125 0.6268518518518519 0.7036458333333333 0.6361111111111111 0.7083333333333334 0.6435185185185185
5 0.5802083333333333 0.5796296296296296 0.5838541666666667 0.5898148148148148 0.5875 0.5898148148148148 0.5895833333333333 0.5814814814814815 0.5875 0.5574074074074075 0.5828125 0.5518518518518518 0.5765625 0.5583333333333333 0.5755208333333334 0.5638888888888889 0.578125 0.5638888888888889 0.58125 0.5712962962962963 0.5802083333333333 0.5796296296296296
4 0.4942708333333333 0.5527777777777778 0.49322916666666666 0.5370370370370371 0.48854166666666665 0.5324074074074074 0.48541666666666666 0.537962962962963 0.48541666666666666 0.5666666666666667 0.490625 0.5694444444444444 0.49270833333333336 0.5666666666666667 0.4942708333333333 0.5527777777777778
5 0.465625 0.5972222222222222 0.47291666666666665 0.6018518518518519 0.4744791666666667 0.6074074074074074 0.478125 0.6064814814814815 0.4739583333333333 0.5824074074074074 0.4744791666666667 0.5703703703703704 0.471875 0.562037037037037 0.46927083333333336 0.562962962962963 0.46458333333333335 0.5898148148148148 0.4588541666666667 0.5944444444444444 0.4588541666666667 0.5990740740740741 0.465625 0.5972222222222222
5 0.0875 0.7092592592592593 0.09635416666666667 0.7018518518518518 0.0984375 0.7138888888888889 0.10364583333333334 0.7157407407407408 0.10520833333333333 0.712037037037037 0.103125 0.7018518518518518 0.10208333333333333 0.6620370370370371 0.1 0.6564814814814814 0.096875 0.6574074074074074 0.09166666666666666 0.6962962962962963 0.08489583333333334 0.7 0.08385416666666666 0.7074074074074074 0.0875 0.7092592592592593
4 0.5885416666666666 0.7148148148148148 0.5901041666666667 0.7129629629629629 0.5927083333333333 0.6638888888888889 0.5875 0.6509259259259259 0.584375 0.6527777777777778 0.5791666666666667 0.6657407407407407 0.5802083333333333 0.6861111111111111 0.5776041666666667 0.7018518518518518 0.5838541666666667 0.7138888888888889 0.5885416666666666 0.7148148148148148
3 0.4739583333333333 0.6416666666666667 0.4786458333333333 0.6342592592592593 0.4869791666666667 0.6305555555555555 0.48854166666666665 0.6425925925925926 0.49114583333333334 0.6435185185185185 0.4895833333333333 0.5907407407407408 0.48489583333333336 0.5888888888888889 0.4796875 0.6064814814814815 0.48125 0.6101851851851852 0.48072916666666665 0.6222222222222222 0.4744791666666667 0.6333333333333333 0.4739583333333333 0.6416666666666667
5 0.3338541666666667 0.5657407407407408 0.3296875 0.5648148148148148 0.3265625 0.5685185185185185 0.3255208333333333 0.6037037037037037 0.33229166666666665 0.6064814814814815 0.33489583333333334 0.5907407407407408 0.3338541666666667 0.5657407407407408
4 0 0.6425925925925926 0.003125 0.6416666666666667 0.0046875 0.6277777777777778 0.0046875 0.6027777777777777 0.0015625 0.5888888888888889 0 0.5888888888888889 0 0.6425925925925926
4 0.0890625 0.6398148148148148 0.0890625 0.6092592592592593 0.08697916666666666 0.5972222222222222 0.08385416666666666 0.5953703703703703 0.08229166666666667 0.5990740740740741 0.075 0.6407407407407407 0.07447916666666667 0.6462962962962963 0.07708333333333334 0.649074074074074 0.08645833333333333 0.6462962962962963 0.0890625 0.6398148148148148
3 0.22916666666666666 0.5435185185185185 0.22395833333333334 0.5481481481481482 0.2234375 0.5879629629629629 0.228125 0.5907407407407408 0.2359375 0.5509259259259259 0.22916666666666666 0.5435185185185185
4 0.6083333333333333 0.5796296296296296 0.6171875 0.5740740740740741 0.6177083333333333 0.5703703703703704 0.6140625 0.5611111111111111 0.6145833333333334 0.549074074074074 0.6078125 0.5398148148148149 0.603125 0.5444444444444444 0.6057291666666667 0.5638888888888889 0.6010416666666667 0.5805555555555556 0.6036458333333333 0.587037037037037 0.6083333333333333 0.5796296296296296
2 0.9666666666666667 0.6435185185185185 0.9692708333333333 0.6388888888888888 0.9713541666666666 0.6083333333333333 0.9703125 0.5907407407407408 0.9671875 0.5861111111111111 0.9619791666666667 0.5879629629629629 0.9583333333333334 0.6027777777777777 0.9604166666666667 0.6305555555555555 0.9578125 0.637962962962963 0.9604166666666667 0.6425925925925926 0.9666666666666667 0.6435185185185185
0 0.6385416666666667 0.5740740740740741 0.6348958333333333 0.5768518518518518 0.6348958333333333 0.5833333333333334 0.6380208333333334 0.587037037037037 0.6416666666666667 0.5842592592592593 0.6385416666666667 0.5740740740740741
5 0.6359375 0.5833333333333334 0.6309895833333333 0.575462962962963 0.6260416666666667 0.5583333333333333 0.6265625 0.5527777777777778 0.6223958333333334 0.55 0.6177083333333333 0.5555555555555556 0.6182291666666667 0.5675925925925925 0.6265625 0.5888888888888889 0.6307291666666667 0.5888888888888889 0.6359375 0.5833333333333334
5 0.7328125 0.7018518518518518 0.7369791666666666 0.6851851851851852 0.7385416666666667 0.6620370370370371 0.7369791666666666 0.65 0.7322916666666667 0.649074074074074 0.7255208333333333 0.6620370370370371 0.7260416666666667 0.6796296296296296 0.7197916666666667 0.6981481481481482 0.7229166666666667 0.7018518518518518 0.7328125 0.7018518518518518
4 0.7041666666666667 0.6296296296296297 0.6979166666666666 0.6148148148148148 0.6895833333333333 0.6342592592592593 0.6916666666666667 0.6537037037037037 0.684375 0.6583333333333333 0.6848958333333334 0.6675925925925926 0.6932291666666667 0.6731481481481482 0.7026041666666667 0.6564814814814814 0.7041666666666667 0.6296296296296297
4 0.38958333333333334 0.6074074074074074 0.3932291666666667 0.6129629629629629 0.3963541666666667 0.6129629629629629 0.39427083333333335 0.5722222222222222 0.39166666666666666 0.5685185185185185 0.3875 0.575925925925926 0.3875 0.5861111111111111 0.38125 0.6083333333333333 0.3848958333333333 0.6111111111111112 0.38958333333333334 0.6074074074074074
5 0.6822916666666666 0.6675925925925926 0.6890625 0.6694444444444444 0.6895833333333333 0.6324074074074074 0.6869791666666667 0.6129629629629629 0.6833333333333333 0.6148148148148148 0.6796875 0.6277777777777778 0.6776041666666667 0.6416666666666667 0.675 0.6462962962962963 0.6791666666666667 0.6509259259259259 0.6822916666666666 0.6675925925925926
4 0.26614583333333336 0.6833333333333333 0.26927083333333335 0.6768518518518518 0.27291666666666664 0.6527777777777778 0.2713541666666667 0.6277777777777778 0.2677083333333333 0.6277777777777778 0.2625 0.6435185185185185 0.2630208333333333 0.6580250000000001 0.2604166666666667 0.6731481481481482 0.26197916666666665 0.6805555555555556 0.26614583333333336 0.6833333333333333
4 0.41302083333333334 0.7037037037037037 0.42135416666666664 0.6851851851851852 0.4203125 0.6712962962962963 0.421875 0.6601851851851852 0.4197916666666667 0.6425925925925926 0.415625 0.6435185185185185 0.4119791666666667 0.6574074074074074 0.4109375 0.687962962962963 0.40677083333333336 0.6990740740740741 0.4078125 0.7046296296296296 0.41302083333333334 0.7037037037037037