5 0.6380208333333334 0.6944444444444444 0.6390625 0.7101851851851851 0.6447916666666667 0.712037037037037 0.646875 0.700925925925926 0.6463541666666667 0.6731481481481482 0.6432291666666666 0.6675925925925926 0.6395833333333333 0.6675925925925926 0.6369791666666667 0.6731481481481482 0.6307291666666667 0.6731481481481482 0.6302083333333334 0.6768518518518518 0.6380208333333334 0.6944444444444444
4 0.5552083333333333 0.7509259259259259 0.5598958333333334 0.75 0.5625 0.7064814814814815 0.55625 0.6935185185185185 0.5520833333333334 0.6990740740740741 0.5505208333333333 0.7074074074074074 0.5520833333333334 0.7472222222222222 0.5552083333333333 0.7509259259259259
5 0.7947916666666667 0.7027777777777777 0.7963541666666667 0.7 0.7963541666666667 0.6620370370370371 0.7911458333333333 0.6564814814814814 0.7880208333333333 0.6611111111111111 0.7869791666666667 0.7 0.7947916666666667 0.7027777777777777
5 0.4041666666666667 0.7055555555555556 0.41041666666666665 0.7092592592592593 0.41302083333333334 0.6861111111111111 0.4109375 0.6685185185185185 0.4083333333333333 0.6638888888888889 0.40520833333333334 0.6657407407407407 0.403125 0.6759259259259259 0.40208333333333335 0.6861111111111111 0.4041666666666667 0.7055555555555556
4 0.4348958333333333 0.6722222222222223 0.4421875 0.6703703703703704 0.4421875 0.6481481481481481 0.4390625 0.6305555555555555 0.4354166666666667 0.6342592592592593 0.43385416666666665 0.6435185185185185 0.43333333333333335 0.6694444444444444 0.4348958333333333 0.6722222222222223
4 0.7557291666666667 0.6851851851851852 0.7625 0.6805555555555556 0.7625 0.6574074074074074 0.759375 0.6416666666666667 0.7546875 0.6416666666666667 0.7536458333333333 0.6824074074074075 0.7557291666666667 0.6851851851851852
4 0.4739583333333333 0.662962962962963 0.4744791666666667 0.6277777777777778 0.46770833333333334 0.6259259259259259 0.46458333333333335 0.637962962962963 0.4635416666666667 0.6611111111111111 0.4739583333333333 0.662962962962963
3 0.4859375 0.6916666666666667 0.4890625 0.687962962962963 0.49114583333333334 0.6564814814814814 0.4901041666666667 0.65 0.4859375 0.6444444444444445 0.4796875 0.6527777777777778 0.48072916666666665 0.6888888888888889 0.4859375 0.6916666666666667
3 0.8505208333333333 0.9703703703703703 0.8536458333333333 0.9768518518518519 0.8630208333333333 0.9833333333333333 0.865625 0.975925925925926 0.8666666666666667 0.9185185185185185 0.859375 0.8972222222222223 0.8546875 0.899074074074074 0.8473958333333333 0.9231481481481482 0.846875 0.9546296296296296 0.8505208333333333 0.9703703703703703
4 0.39479166666666665 0.6592592592592592 0.39739583333333334 0.6620370370370371 0.4083333333333333 0.6462962962962963 0.4083333333333333 0.6370370370370371 0.40729166666666666 0.6305555555555555 0.4010416666666667 0.6231481481481481 0.396875 0.6240740740740741 0.39427083333333335 0.6305555555555555 0.3927083333333333 0.6435185185185185 0.39479166666666665 0.6592592592592592
5 0.7635416666666667 0.7444444444444445 0.7703125 0.7472222222222222 0.7723958333333333 0.7435185185185185 0.7708333333333334 0.7083333333333334 0.7671875 0.6972222222222222 0.7625 0.7 0.7609375 0.7240740740740741 0.7635416666666667 0.7444444444444445
4 0.33645833333333336 0.7 0.33541666666666664 0.7074074074074074 0.3411458333333333 0.712037037037037 0.3453125 0.7111111111111111 0.34479166666666666 0.6694444444444444 0.3416666666666667 0.6648148148148149 0.3333333333333333 0.6694444444444444 0.33177083333333335 0.6861111111111111 0.33645833333333336 0.7
3 0.7661458333333333 0.6518518518518519 0.7786458333333334 0.6527777777777778 0.7817708333333333 0.65 0.7807291666666667 0.6435185185185185 0.7880208333333333 0.6351851851851852 0.7859375 0.6333333333333333 0.7875 0.6231481481481481 0.7708333333333334 0.6166666666666667 0.7651041666666667 0.6240740740740741 0.765625 0.6305555555555555 0.7625 0.6342592592592593 0.7619791666666667 0.6425925925925926 0.7661458333333333 0.6518518518518519
1 0.06770833333333333 0.7129629629629629 0.06979166666666667 0.6657407407407407 0.0640625 0.6638888888888889 0.059375 0.674074074074074 0.058854166666666666 0.7129629629629629 0.06770833333333333 0.7129629629629629
4 0.5796875 0.675 0.5828125 0.65 0.5807291666666666 0.6388888888888888 0.5755208333333334 0.6370370370370371 0.571875 0.6416666666666667 0.5713541666666667 0.6694444444444444 0.5796875 0.675
5 0.6296875 0.6638888888888889 0.6291666666666667 0.6731481481481482 0.6307291666666667 0.6768518518518518 0.634375 0.6768518518518518 0.6364583333333333 0.6722222222222223 0.6354166666666666 0.6305555555555555 0.6307291666666667 0.6305555555555555 0.6286458333333333 0.637962962962963 0.6270833333333333 0.6518518518518519 0.6296875 0.6638888888888889
4 0.3453125 0.6851851851851852 0.34010416666666665 0.649074074074074 0.33645833333333336 0.6472222222222223 0.3328125 0.6574074074074074 0.3328125 0.6888888888888889 0.3453125 0.6851851851851852
4 0.5458333333333333 0.6425925925925926 0.5473958333333333 0.6583333333333333 0.553125 0.6592592592592592 0.5546875 0.6574074074074074 0.5541666666666667 0.6416666666666667 0.5598958333333334 0.6259259259259259 0.5510416666666667 0.6222222222222222 0.5453125 0.6287037037037037 0.5411458333333333 0.6388888888888888 0.5458333333333333 0.6425925925925926
3 0.4 0.6444444444444445 0.4088541666666667 0.6453703703703704 0.41041666666666665 0.6425925925925926 0.4088541666666667 0.6203703703703703 0.4041666666666667 0.6129629629629629 0.3963541666666667 0.6231481481481481 0.39479166666666665 0.6305555555555555 0.39427083333333335 0.637962962962963 0.4 0.6444444444444445
5 0.775 0.6805555555555556 0.7776041666666667 0.6768518518518518 0.7770833333333333 0.6435185185185185 0.7713541666666667 0.6259259259259259 0.7677083333333333 0.637962962962963 0.7708333333333334 0.6777777777777778 0.775 0.6805555555555556
5 0.45625 0.6703703703703704 0.46041666666666664 0.6620370370370371 0.4609375 0.6462962962962963 0.4583333333333333 0.6407407407407407 0.4583333333333333 0.6314814814814815 0.4515625 0.6268518518518519 0.45260416666666664 0.6666666666666666 0.45625 0.6703703703703704
4 0.5682291666666667 0.7111111111111111 0.5729166666666666 0.7111111111111111 0.5755208333333334 0.7083333333333334 0.5760416666666667 0.6694444444444444 0.575 0.6657407407407407 0.5713541666666667 0.6648148148148149 0.5666666666666667 0.6731481481481482 0.5671875 0.7074074074074074 0.5682291666666667 0.7111111111111111