4 0.33697916666666666 0.5601851851851852 0.3375 0.575 0.3416666666666667 0.575925925925926 0.34375 0.5685185185185185 0.34375 0.5370370370370371 0.3359375 0.5296296296296297 0.3302083333333333 0.5333333333333333 0.33697916666666666 0.5601851851851852
3 0.18541666666666667 0.6546296296296297 0.18802083333333333 0.6805555555555556 0.19270833333333334 0.6935185185185185 0.19583333333333333 0.6925925925925925 0.19947916666666668 0.6814814814814815 0.19427083333333334 0.6703703703703704 0.19583333333333333 0.6574074074074074 0.19479166666666667 0.6407407407407407 0.18958333333333333 0.6296296296296297 0.18333333333333332 0.6314814814814815 0.18229166666666666 0.6518518518518519 0.18541666666666667 0.6546296296296297
4 0.20833333333333334 0.700925925925926 0.20833333333333334 0.7111111111111111 0.2125 0.7111111111111111 0.2171875 0.700925925925926 0.21614583333333334 0.6925925925925925 0.22135416666666666 0.6814814814814815 0.22083333333333333 0.6768518518518518 0.2125 0.6537037037037037 0.21041666666666667 0.6527777777777778 0.20677083333333332 0.6546296296296297 0.20208333333333334 0.6703703703703704 0.2015625 0.6851851851851852 0.20833333333333334 0.700925925925926
5 0.30885416666666665 0.6083333333333333 0.3171875 0.6074074074074074 0.31354166666666666 0.5685185185185185 0.30885416666666665 0.5638888888888889 0.30572916666666666 0.5703703703703704 0.30572916666666666 0.5935185185185186 0.30885416666666665 0.6083333333333333
4 0.7192708333333333 0.6111111111111112 0.7208333333333333 0.6175925925925926 0.7244791666666667 0.6175925925925926 0.7276041666666667 0.6092592592592593 0.7291666666666666 0.575 0.7203125 0.5638888888888889 0.7177083333333333 0.5685185185185185 0.7161458333333334 0.5861111111111111 0.7192708333333333 0.6111111111111112
4 0.4708333333333333 0.6694444444444444 0.475 0.6592592592592592 0.4791666666666667 0.6574074074074074 0.4786458333333333 0.6296296296296297 0.4739583333333333 0.6148148148148148 0.4703125 0.612037037037037 0.46510416666666665 0.6305555555555555 0.4671875 0.6666666666666666 0.4708333333333333 0.6694444444444444
5 0.365625 0.7083333333333334 0.37135416666666665 0.7092592592592593 0.375 0.700925925925926 0.371875 0.687037037037037 0.37447916666666664 0.662962962962963 0.3734375 0.6555555555555556 0.3671875 0.6416666666666667 0.3645833333333333 0.6416666666666667 0.36041666666666666 0.6537037037037037 0.35989583333333336 0.6703703703703704 0.365625 0.7083333333333334
5 0.14583333333333334 0.7268518518518519 0.14583333333333334 0.7361111111111112 0.15208333333333332 0.7324074074074074 0.15885416666666666 0.7333333333333333 0.15416666666666667 0.7018518518518518 0.1515625 0.6648148148148149 0.14635416666666667 0.6648148148148149 0.13854166666666667 0.6814814814814815 0.13854166666666667 0.6925925925925925 0.14583333333333334 0.7268518518518519
4 0.049479166666666664 0.6111111111111112 0.0515625 0.6148148148148148 0.059895833333333336 0.6148148148148148 0.0640625 0.6092592592592593 0.06197916666666667 0.6 0.06145833333333333 0.5712962962962963 0.05677083333333333 0.5611111111111111 0.052083333333333336 0.5638888888888889 0.0515625 0.6055555555555555 0.049479166666666664 0.6111111111111112
5 0.5328125 0.7703703703703704 0.5395833333333333 0.7555555555555555 0.5484375 0.7481481481481481 0.5447916666666667 0.7351851851851852 0.5479166666666667 0.7240740740740741 0.5375 0.7027777777777777 0.5317708333333333 0.712037037037037 0.5307291666666667 0.7185185185185186 0.5307291666666667 0.762962962962963 0.5328125 0.7703703703703704
4 0.5401041666666667 0.7944444444444444 0.54375 0.8046296296296296 0.5421875 0.8305555555555556 0.5442708333333334 0.8601851851851852 0.5484375 0.8611111111111112 0.5494791666666666 0.8564814814814815 0.5604166666666667 0.8694444444444445 0.5588541666666667 0.7944444444444444 0.553125 0.7777777777777778 0.5473958333333333 0.7787037037037037 0.5447916666666667 0.7888888888888889 0.5401041666666667 0.7944444444444444
5 0.5734375 0.6296296296296297 0.5739583333333333 0.65 0.5755208333333334 0.6527777777777778 0.58125 0.65 0.584375 0.6388888888888888 0.5822916666666667 0.6342592592592593 0.5828125 0.6129629629629629 0.5802083333333333 0.6 0.5776041666666667 0.5944444444444444 0.5708333333333333 0.5916666666666667 0.5692708333333333 0.6037037037037037 0.5692708333333333 0.6157407407407407 0.5734375 0.6296296296296297
0 0.5359375 0.799074074074074 0.5411458333333333 0.799074074074074 0.5385416666666667 0.7805555555555556 0.5328125 0.7731481481481481 0.528125 0.775 0.5302083333333333 0.7907407407407407 0.5359375 0.799074074074074
4 0.17447916666666666 0.6462962962962963 0.1828125 0.6342592592592593 0.18177083333333333 0.6064814814814815 0.17760416666666667 0.5907407407407408 0.1734375 0.5888888888888889 0.17135416666666667 0.5962962962962963 0.17083333333333334 0.6435185185185185 0.17447916666666666 0.6462962962962963
1 0.9447916666666667 0.6305555555555555 0.9432291666666667 0.6416666666666667 0.9546875 0.6435185185185185 0.9572916666666667 0.6333333333333333 0.9552083333333333 0.6277777777777778 0.9552083333333333 0.5990740740740741 0.9515625 0.575925925925926 0.9432291666666667 0.5898148148148148 0.9427083333333334 0.6175925925925926 0.9447916666666667 0.6305555555555555
5 0.14947916666666666 0.6611111111111111 0.15364583333333334 0.6648148148148149 0.1578125 0.6620370370370371 0.15677083333333333 0.6129629629629629 0.15208333333333332 0.6018518518518519 0.14947916666666666 0.600925925925926 0.146875 0.6138888888888889 0.14635416666666667 0.6305555555555555 0.14947916666666666 0.6611111111111111
4 0.8427083333333333 0.7027777777777777 0.8432291666666667 0.7166666666666667 0.8494791666666667 0.7212962962962963 0.8510416666666667 0.6638888888888889 0.8453125 0.65 0.8411458333333334 0.65 0.8375 0.6666666666666666 0.8375 0.6972222222222222 0.8427083333333333 0.7027777777777777