4 0.7338541666666667 0.5462962962962963 0.7395833333333334 0.5833333333333334 0.7479166666666667 0.5824074074074074 0.75 0.575925925925926 0.7453125 0.5583333333333333 0.746875 0.5435185185185185 0.7447916666666666 0.5287037037037037 0.7401041666666667 0.525 0.7369791666666666 0.5287037037037037 0.73125 0.5444444444444444 0.7338541666666667 0.5462962962962963
5 0.40729166666666666 0.637962962962963 0.4125 0.6407407407407407 0.4192708333333333 0.6351851851851852 0.41770833333333335 0.6231481481481481 0.41875 0.6055555555555555 0.415625 0.575925925925926 0.4114583333333333 0.5712962962962963 0.4083333333333333 0.5768518518518518 0.40625 0.5861111111111111 0.40729166666666666 0.637962962962963
5 0.16197916666666667 0.5953703703703703 0.1625 0.5833333333333334 0.1671875 0.5638888888888889 0.16197916666666667 0.537962962962963 0.1578125 0.5370370370370371 0.15364583333333334 0.5481481481481482 0.15520833333333334 0.5916666666666667 0.16197916666666667 0.5953703703703703
4 0.134375 0.6722222222222223 0.13697916666666668 0.6694444444444444 0.1390625 0.6583333333333333 0.14322916666666666 0.6537037037037037 0.14635416666666667 0.6574074074074074 0.1484375 0.6712962962962963 0.15416666666666667 0.6694444444444444 0.14895833333333333 0.6351851851851852 0.14947916666666666 0.6 0.1453125 0.6 0.14166666666666666 0.6074074074074074 0.13697916666666668 0.6453703703703704 0.13333333333333333 0.6592592592592592 0.13229166666666667 0.6694444444444444 0.134375 0.6722222222222223
4 0.9489583333333333 0.6435185185185185 0.9526041666666667 0.6555555555555556 0.959375 0.662962962962963 0.9625 0.6601851851851852 0.9630208333333333 0.6546296296296297 0.9598958333333333 0.6416666666666667 0.9588541666666667 0.5990740740740741 0.953125 0.5861111111111111 0.9505208333333334 0.5861111111111111 0.9489583333333333 0.5916666666666667 0.946875 0.6175925925925926 0.9489583333333333 0.6435185185185185
5 0.0671875 0.6111111111111112 0.06770833333333333 0.6342592592592593 0.071875 0.6398148148148148 0.075 0.637962962962963 0.07447916666666667 0.6166666666666667 0.07604166666666666 0.6111111111111112 0.07447916666666667 0.5712962962962963 0.07239583333333334 0.5675925925925925 0.06927083333333334 0.5694444444444444 0.065625 0.5824074074074074 0.06510416666666667 0.6027777777777777 0.0671875 0.6111111111111112
4 0.29791666666666666 0.8453703703703703 0.29739583333333336 0.8574074074074074 0.3140625 0.8583333333333333 0.315625 0.850925925925926 0.31145833333333334 0.8203703703703704 0.3104166666666667 0.7777777777777778 0.3026041666666667 0.7537037037037037 0.29739583333333336 0.7555555555555555 0.2911458333333333 0.7787037037037037 0.290625 0.8101851851851852 0.29791666666666666 0.8453703703703703
4 0.0109375 0.5675925925925925 0.014583333333333334 0.5703703703703704 0.0171875 0.5685185185185185 0.0203125 0.5472222222222223 0.025 0.5444444444444444 0.025520833333333333 0.5287037037037037 0.020833333333333332 0.5212962962962963 0.020833333333333332 0.5157407407407407 0.013541666666666667 0.5074074074074074 0.011979166666666667 0.5175925925925926 0.013020833333333334 0.5574074074074075 0.0109375 0.5675925925925925
5 0 0.799074074074074 0.0046875 0.7962962962962963 0.0020833333333333333 0.7231481481481481 0 0.7231481481481481 0 0.799074074074074
1 0.9302083333333333 0.6148148148148148 0.9302083333333333 0.6416666666666667 0.9432291666666667 0.6444444444444445 0.9453125 0.6361111111111111 0.940625 0.6175925925925926 0.9411458333333333 0.5888888888888889 0.9354166666666667 0.5731481481481482 0.9286458333333333 0.575925925925926 0.9255208333333333 0.5990740740740741 0.9302083333333333 0.6148148148148148
0 0.7682291666666666 0.6027777777777777 0.7703125 0.6 0.76875 0.5916666666666667 0.7635416666666667 0.5925925925925926 0.7645833333333333 0.600925925925926 0.7682291666666666 0.6027777777777777
5 0.7234375 0.6574074074074074 0.721875 0.6925925925925925 0.7333333333333333 0.6981481481481482 0.7348958333333333 0.6962962962962963 0.7333333333333333 0.6898148148148148 0.734375 0.6746916666666667 0.7385416666666667 0.6527777777777778 0.7375 0.6305555555555555 0.7322916666666667 0.6129629629629629 0.728125 0.6157407407407407 0.721875 0.6425925925925926 0.7213541666666666 0.6537037037037037 0.7234375 0.6574074074074074
3 0.09114583333333333 0.6833333333333333 0.0875 0.7055555555555556 0.0921875 0.7083333333333334 0.10208333333333333 0.700925925925926 0.09895833333333333 0.6851851851851852 0.09895833333333333 0.6583333333333333 0.103125 0.6518518518518519 0.10729166666666666 0.6527777777777778 0.10833333333333334 0.649074074074074 0.096875 0.6231481481481481 0.09479166666666666 0.6231481481481481 0.08802083333333334 0.637962962962963 0.0875 0.6509259259259259 0.09114583333333333 0.6833333333333333