4 0.4979166666666667 0.6898148148148148 0.5005208333333333 0.6861111111111111 0.5036458333333333 0.6703703703703704 0.5052083333333334 0.6444444444444445 0.4979166666666667 0.6287037037037037 0.4921875 0.6425925925925926 0.4953125 0.687037037037037 0.4979166666666667 0.6898148148148148
4 0.6979166666666666 0.6435185185185185 0.7036458333333333 0.6416666666666667 0.7072916666666667 0.6129629629629629 0.7067708333333333 0.6027777777777777 0.7026041666666667 0.5907407407407408 0.696875 0.5916666666666667 0.6932291666666667 0.6101851851851852 0.6942708333333333 0.6407407407407407 0.6979166666666666 0.6435185185185185
5 0.4005208333333333 0.6444444444444445 0.4036458333333333 0.6416666666666667 0.409375 0.6055555555555555 0.4046875 0.5925925925925926 0.4010416666666667 0.5944444444444444 0.39791666666666664 0.6037037037037037 0.39895833333333336 0.6416666666666667 0.4005208333333333 0.6444444444444445
4 0.603125 0.762962962962963 0.6083333333333333 0.7666666666666667 0.6119791666666666 0.762962962962963 0.61875 0.7425925925925926 0.6151041666666667 0.6944444444444444 0.6109375 0.6935185185185185 0.603125 0.7129629629629629 0.60625 0.7388888888888889 0.603125 0.762962962962963
4 0.3729166666666667 0.6064814814814815 0.37552083333333336 0.600925925925926 0.3770833333333333 0.5675925925925925 0.3729166666666667 0.5564814814814815 0.36666666666666664 0.5675925925925925 0.36666666666666664 0.6037037037037037 0.3729166666666667 0.6064814814814815
4 0.41822916666666665 0.8814814814814815 0.42135416666666664 0.9009259259259259 0.4234375 0.937037037037037 0.4265625 0.9324074074074075 0.43697916666666664 0.9388888888888889 0.4375 0.9175925925925926 0.43385416666666665 0.8888888888888888 0.43697916666666664 0.875 0.4401041666666667 0.8759259259259259 0.4401041666666667 0.8712962962962963 0.434375 0.8537037037037037 0.42864583333333334 0.8453703703703703 0.4276041666666667 0.837037037037037 0.421875 0.8398148148148148 0.421875 0.8453703703703703 0.41458333333333336 0.8611111111111112 0.4140625 0.8703703703703703 0.41822916666666665 0.8814814814814815
5 0.4822916666666667 0.7592592592592593 0.4828125 0.7666666666666667 0.4864583333333333 0.7666666666666667 0.490625 0.7583333333333333 0.5010416666666667 0.75 0.50625 0.7546296296296297 0.5041666666666667 0.7666666666666667 0.5057291666666667 0.7703703703703704 0.5119791666666667 0.7666666666666667 0.5125 0.7129629629629629 0.509375 0.7092592592592593 0.5036458333333333 0.7175925925925926 0.4942708333333333 0.7444444444444445 0.4822916666666667 0.7592592592592593
5 0.6817708333333333 0.6925925925925925 0.6791666666666667 0.637962962962963 0.6739583333333333 0.6268518518518519 0.6682291666666667 0.637962962962963 0.6677083333333333 0.6685185185185185 0.665625 0.6759259259259259 0.6661458333333333 0.6916666666666667 0.6817708333333333 0.6925925925925925
4 0.2046875 0.6759259259259259 0.20833333333333334 0.6694444444444444 0.20989583333333334 0.6287037037037037 0.20520833333333333 0.6138888888888889 0.2015625 0.6157407407407407 0.1984375 0.625 0.2 0.6694444444444444 0.2046875 0.6759259259259259
5 0.3078125 0.8740740740740741 0.30052083333333335 0.8796296296296297 0.3015625 0.887962962962963 0.30833333333333335 0.8814814814814815 0.3145833333333333 0.8805555555555555 0.3182291666666667 0.8962962962962963 0.32447916666666665 0.8962962962962963 0.32135416666666666 0.8833333333333333 0.32135416666666666 0.8694444444444445 0.3182291666666667 0.862037037037037 0.32265625 0.85 0.3260416666666667 0.85 0.3260416666666667 0.8462962962962963 0.3182291666666667 0.8379629629629629 0.32083333333333336 0.825925925925926 0.31927083333333334 0.8157407407407408 0.3151041666666667 0.8157407407407408 0.309375 0.8296296296296296 0.3026041666666667 0.8592592592592593 0.3072916666666667 0.8657407407407407 0.3078125 0.8740740740740741
5 0.26458333333333334 0.6953703703703704 0.25729166666666664 0.7129629629629629 0.25729166666666664 0.7175925925925926 0.259375 0.7212962962962963 0.2713541666666667 0.7194444444444444 0.2786458333333333 0.6694444444444444 0.27708333333333335 0.6546296296296297 0.2713541666666667 0.6527777777777778 0.26197916666666665 0.6759259259259259 0.2640625 0.6814814814814815 0.26458333333333334 0.6953703703703704
3 0.23385416666666667 0.7287037037037037 0.2359375 0.7351851851851852 0.23958333333333334 0.7361111111111112 0.24375 0.7314814814814815 0.2453125 0.7166666666666667 0.24739583333333334 0.6796296296296296 0.24427083333333333 0.662962962962963 0.23854166666666668 0.6601851851851852 0.23072916666666668 0.6824074074074075 0.23489583333333333 0.7024694444444445 0.23385416666666667 0.7287037037037037
5 0.7744791666666667 0.7598768518518518 0.7729166666666667 0.7824074074074074 0.775 0.7861111111111111 0.7828125 0.7851851851851852 0.7880208333333333 0.7796296296296297 0.7864583333333334 0.7592592592592593 0.7916666666666666 0.7351851851851852 0.7875 0.7203703703703703 0.7791666666666667 0.7055555555555556 0.7755208333333333 0.7083333333333334 0.7713541666666667 0.7472222222222222 0.7744791666666667 0.7598768518518518
5 0.050520833333333334 0.6666666666666666 0.05 0.6925925925925925 0.0578125 0.6953703703703704 0.059895833333333336 0.6925925925925925 0.059895833333333336 0.6777777777777778 0.06458333333333334 0.6583333333333333 0.06197916666666667 0.637962962962963 0.05625 0.6314814814814815 0.04791666666666667 0.649074074074074 0.04791666666666667 0.6611111111111111 0.050520833333333334 0.6666666666666666
4 0.05520833333333333 0.6231481481481481 0.06197916666666667 0.6231481481481481 0.06458333333333334 0.6148148148148148 0.06354166666666666 0.5805555555555556 0.05677083333333333 0.5722222222222222 0.0515625 0.5787037037037037 0.05364583333333333 0.6194444444444445 0.05520833333333333 0.6231481481481481
5 0.590625 0.8222222222222222 0.5895833333333333 0.8453703703703703 0.5911458333333334 0.850925925925926 0.5958333333333333 0.8537037037037037 0.5989583333333334 0.85 0.5979166666666667 0.8425925925925926 0.6010416666666667 0.8287037037037037 0.6 0.7953703703703704 0.603125 0.7787037037037037 0.6026041666666667 0.7685185185185185 0.5973958333333333 0.7675925925925926 0.5885416666666666 0.787962962962963 0.5880208333333333 0.812962962962963 0.590625 0.8222222222222222
4 0.8036458333333333 0.8083333333333333 0.7979166666666667 0.8351851851851851 0.8057291666666667 0.837037037037037 0.8145833333333333 0.8453703703703703 0.8244791666666667 0.7953703703703704 0.8244791666666667 0.7824074074074074 0.8171875 0.7638888888888888 0.8135416666666667 0.762962962962963 0.8119791666666667 0.7675925925925926 0.809375 0.7935185185185185 0.8036458333333333 0.8083333333333333
0 0.775 0.825925925925926 0.7755208333333333 0.8175925925925925 0.7734375 0.812037037037037 0.7661458333333333 0.8138888888888889 0.7671875 0.825925925925926 0.775 0.825925925925926
4 0.9276041666666667 0.7509259259259259 0.9296875 0.7472222222222222 0.9364583333333333 0.6981481481481482 0.9270833333333334 0.6759259259259259 0.9234375 0.6777777777777778 0.9182291666666667 0.7027777777777777 0.9203125 0.7472222222222222 0.9276041666666667 0.7509259259259259
5 0.028645833333333332 0.6472222222222223 0.03125 0.6287037037037037 0.027083333333333334 0.5953703703703703 0.022916666666666665 0.5981481481481481 0.0203125 0.6148148148148148 0.019791666666666666 0.6462962962962963 0.028645833333333332 0.6472222222222223
3 0.227375 0.549962962962963 0.015645833333333314 0.04677777777777776