4 0.7203125 0.6611111111111111 0.725 0.662962962962963 0.7307291666666667 0.6481481481481481 0.7322916666666667 0.6212962962962963 0.7265625 0.6074074074074074 0.7239583333333334 0.6074074074074074 0.7182291666666667 0.6203703703703703 0.7192708333333333 0.6574074074074074 0.7203125 0.6611111111111111
4 0.6973958333333333 0.6148148148148148 0.6994791666666667 0.6101851851851852 0.70625 0.6129629629629629 0.7078125 0.6083333333333333 0.7072916666666667 0.5787037037037037 0.7015625 0.5657407407407408 0.696875 0.5722222222222222 0.6942708333333333 0.5861111111111111 0.6927083333333334 0.6148148148148148 0.6973958333333333 0.6148148148148148
4 0.48072916666666665 0.5722222222222222 0.4869791666666667 0.5703703703703704 0.4895833333333333 0.5777777777777777 0.49270833333333336 0.575 0.4901041666666667 0.5601851851851852 0.49166666666666664 0.5444444444444444 0.4901041666666667 0.5407407407407407 0.4822916666666667 0.5453703703703704 0.47760416666666666 0.5666666666666667 0.478125 0.5768518518518518 0.48072916666666665 0.5722222222222222
5 0.3296875 0.5981481481481481 0.334375 0.5972222222222222 0.3359375 0.5740740740740741 0.3338541666666667 0.5537037037037037 0.3296875 0.5555555555555556 0.3265625 0.5722222222222222 0.3260416666666667 0.5944444444444444 0.3296875 0.5981481481481481
4 0.7223958333333333 0.5675925925925925 0.7208333333333333 0.5916666666666667 0.7296875 0.5944444444444444 0.7317708333333334 0.5916666666666667 0.7302083333333333 0.5518518518518518 0.7244791666666667 0.55 0.721875 0.5527777777777778 0.7197916666666667 0.5583333333333333 0.7223958333333333 0.5675925925925925
4 0.5125 0.6148148148148148 0.515625 0.6212962962962963 0.5166666666666667 0.6416666666666667 0.5208333333333334 0.6462962962962963 0.525 0.6453703703703704 0.5265625 0.6398148148148148 0.5255208333333333 0.6 0.521875 0.5935185185185186 0.5177083333333333 0.5935185185185186 0.509375 0.6101851851851852 0.5088541666666667 0.6157407407407407 0.5125 0.6148148148148148
5 0.1109375 0.575925925925926 0.11510416666666666 0.575 0.12135416666666667 0.5564814814814815 0.11979166666666667 0.537962962962963 0.1140625 0.5425925925925926 0.1109375 0.5601851851851852 0.10989583333333333 0.5722222222222222 0.1109375 0.575925925925926
5 0.3541666666666667 0.6388888888888888 0.35885416666666664 0.6231481481481481 0.3619791666666667 0.5888888888888889 0.35520833333333335 0.5888888888888889 0.35260416666666666 0.6027777777777777 0.3494791666666667 0.6351851851851852 0.3541666666666667 0.6388888888888888
5 0.20833333333333334 0.600925925925926 0.2046875 0.6018518518518519 0.20416666666666666 0.6074074074074074 0.21458333333333332 0.6138888888888889 0.22083333333333333 0.587037037037037 0.21875 0.5648148148148148 0.21302083333333333 0.5648148148148148 0.2078125 0.5833333333333334 0.20989583333333334 0.5962962962962963 0.20833333333333334 0.600925925925926
4 0.4354166666666667 0.5675925925925925 0.4390625 0.5824074074074074 0.4484375 0.5842592592592593 0.45416666666666666 0.5601851851851852 0.4546875 0.5527777777777778 0.45208333333333334 0.5444444444444444 0.44166666666666665 0.5472222222222223 0.43802083333333336 0.5527777777777778 0.4354166666666667 0.5583333333333333 0.4354166666666667 0.5675925925925925
5 0.515625 0.5731481481481482 0.5255208333333333 0.5805555555555556 0.5307291666666667 0.5675925925925925 0.5296875 0.5601851851851852 0.5265625 0.5509259259259259 0.5208333333333334 0.5564814814814815 0.5208333333333334 0.5648148148148148 0.515625 0.5731481481481482
4 0.6223958333333334 0.5962962962962963 0.6270833333333333 0.5953703703703703 0.6286458333333333 0.5611111111111111 0.6229166666666667 0.5518518518518518 0.6182291666666667 0.5601851851851852 0.6197916666666666 0.5907407407407408 0.6223958333333334 0.5962962962962963
5 0.6421875 0.6398148148148148 0.6494791666666667 0.6064814814814815 0.6463541666666667 0.5888888888888889 0.6421875 0.5879629629629629 0.6385416666666667 0.5953703703703703 0.6375 0.6342592592592593 0.6421875 0.6398148148148148
4 0.35104166666666664 0.5916666666666667 0.35520833333333335 0.5879629629629629 0.3541666666666667 0.55 0.353125 0.5462962962962963 0.3494791666666667 0.5462962962962963 0.346875 0.5527777777777778 0.346875 0.5888888888888889 0.35104166666666664 0.5916666666666667
5 0.3734375 0.5601851851851852 0.3807291666666667 0.5675925925925925 0.38697916666666665 0.5462962962962963 0.38645833333333335 0.5370370370370371 0.3807291666666667 0.5333333333333333 0.3729166666666667 0.5398148148148149 0.3703125 0.5444444444444444 0.3734375 0.5601851851851852
3 0.509375 0.6129629629629629 0.521875 0.5953703703703703 0.5213541666666667 0.5898148148148148 0.5265625 0.575 0.5171875 0.5685185185185185 0.5130208333333334 0.5712962962962963 0.509375 0.5814814814814815 0.5078125 0.6037037037037037 0.509375 0.6129629629629629
4 0.5942708333333333 0.5611111111111111 0.5989583333333334 0.5814814814814815 0.603125 0.5731481481481482 0.6026041666666667 0.5472222222222223 0.5994791666666667 0.5398148148148149 0.5942708333333333 0.549074074074074 0.5942708333333333 0.5611111111111111
5 0.434375 0.5740740740740741 0.4401041666666667 0.5805555555555556 0.446875 0.5518518518518518 0.4432291666666667 0.5444444444444444 0.4390625 0.5444444444444444 0.43385416666666665 0.5601851851851852 0.43020833333333336 0.575925925925926 0.434375 0.5740740740740741
5 0.20104166666666667 0.6527777777777778 0.20416666666666666 0.6268518518518519 0.20833333333333334 0.612037037037037 0.21302083333333333 0.6148148148148148 0.21510416666666668 0.6111111111111112 0.21510416666666668 0.6 0.2125 0.5972222222222222 0.20989583333333334 0.6037037037037037 0.20416666666666666 0.6 0.19895833333333332 0.6092592592592593 0.1953125 0.6259259259259259 0.19270833333333334 0.65 0.20104166666666667 0.6527777777777778
4 0.2203125 0.5796296296296296 0.21927083333333333 0.5444444444444444 0.21666666666666667 0.5398148148148149 0.21458333333333332 0.5416666666666666 0.21197916666666666 0.5527777777777778 0.21197916666666666 0.575925925925926 0.2203125 0.5796296296296296
4 0.12395833333333334 0.5574074074074075 0.12604166666666666 0.5611111111111111 0.13489583333333333 0.5611111111111111 0.13802083333333334 0.525 0.13072916666666667 0.525 0.128125 0.5333333333333333 0.12760416666666666 0.5453703703703704 0.12395833333333334 0.5574074074074075
5 0.6 0.5805555555555556 0.6010416666666667 0.5555555555555556 0.5953125 0.5398148148148149 0.5921875 0.5398148148148149 0.5901041666666667 0.5444444444444444 0.5859375 0.575925925925926 0.6 0.5805555555555556