4 0.4328125 0.6231481481481481 0.4359375 0.6259259259259259 0.4390625 0.6111111111111112 0.4390625 0.5981481481481481 0.4354166666666667 0.5962962962962963 0.4317708333333333 0.6027777777777777 0.43125 0.6157407407407407 0.4328125 0.6231481481481481
4 0.7713541666666667 0.6888888888888889 0.7729166666666667 0.6796296296296296 0.7692708333333333 0.6537037037037037 0.7645833333333333 0.649074074074074 0.7625 0.6537037037037037 0.7598958333333333 0.6851851851851852 0.7713541666666667 0.6888888888888889
5 0.43697916666666664 0.7064814814814815 0.44375 0.7037037037037037 0.4473958333333333 0.6703703703703704 0.44375 0.6648148148148149 0.440625 0.6675925925925926 0.434375 0.700925925925926 0.43697916666666664 0.7064814814814815
5 0.4192708333333333 0.6537037037037037 0.4244791666666667 0.6537037037037037 0.42604166666666665 0.65 0.42604166666666665 0.6231481481481481 0.42239583333333336 0.6194444444444445 0.41822916666666665 0.6212962962962963 0.41822916666666665 0.65 0.4192708333333333 0.6537037037037037
5 0.4942708333333333 0.6648148148148149 0.49635416666666665 0.6611111111111111 0.4979166666666667 0.6388888888888888 0.49375 0.6296296296296297 0.4901041666666667 0.6342592592592593 0.4895833333333333 0.6509259259259259 0.4942708333333333 0.6648148148148149
2 0.0546875 0.6592592592592592 0.05416666666666667 0.6675925925925926 0.059375 0.6694444444444444 0.0625 0.6657407407407407 0.06302083333333333 0.6388888888888888 0.0578125 0.6268518518518519 0.052083333333333336 0.6370370370370371 0.051041666666666666 0.6472222222222223 0.0546875 0.6592592592592592
4 0.7010416666666667 0.649074074074074 0.7036458333333333 0.6453703703703704 0.7041666666666667 0.6212962962962963 0.7010416666666667 0.6148148148148148 0.696875 0.6148148148148148 0.6953125 0.6194444444444445 0.6963541666666667 0.6444444444444445 0.7010416666666667 0.649074074074074
3 0.8932291666666666 0.8527777777777777 0.8979166666666667 0.8657407407407407 0.8932291666666666 0.8888888888888888 0.8963541666666667 0.8935185185185185 0.9026041666666667 0.8787037037037037 0.90625 0.8824074074074074 0.9072916666666667 0.8925925925925926 0.9109375 0.8944444444444445 0.9119791666666667 0.8870370370370371 0.9166666666666666 0.8842592592592593 0.9182291666666667 0.8759259259259259 0.915625 0.8694444444444445 0.9098958333333333 0.8675925925925926 0.9083333333333333 0.8407407407407408 0.9041666666666667 0.8287037037037037 0.9 0.825925925925926 0.8984375 0.8296296296296296 0.8973958333333333 0.8462962962962963 0.8932291666666666 0.8527777777777777
5 0.5958333333333333 0.6722222222222223 0.5979166666666667 0.6703703703703704 0.6015625 0.6537037037037037 0.6010416666666667 0.6407407407407407 0.5994791666666667 0.6361111111111111 0.5953125 0.6370370370370371 0.5927083333333333 0.6453703703703704 0.5921875 0.6657407407407407 0.5958333333333333 0.6722222222222223
4 0.5557291666666667 0.6222222222222222 0.5588541666666667 0.6203703703703703 0.5598958333333334 0.5990740740740741 0.55625 0.5907407407407408 0.5520833333333334 0.5925925925925926 0.5505208333333333 0.5981481481481481 0.5505208333333333 0.6185185185185185 0.5557291666666667 0.6222222222222222
3 0.3776041666666667 0.6101851851851852 0.38385416666666666 0.5916666666666667 0.3765625 0.5861111111111111 0.3703125 0.5953703703703703 0.36770833333333336 0.6064814814814815 0.3776041666666667 0.6101851851851852
5 0.540625 0.6472222222222223 0.54375 0.6462962962962963 0.5453125 0.6259259259259259 0.5479166666666667 0.6222222222222222 0.5395833333333333 0.6157407407407407 0.5359375 0.6166666666666667 0.5390625 0.6416666666666667 0.540625 0.6472222222222223
4 0.5369791666666667 0.7694444444444445 0.540625 0.7685185185185185 0.5427083333333333 0.7611111111111111 0.54375 0.725 0.5390625 0.7148148148148148 0.5369791666666667 0.7148148148148148 0.5328125 0.7240740740740741 0.5317708333333333 0.7648148148148148 0.5369791666666667 0.7694444444444445
5 0.478125 0.6240740740740741 0.48333333333333334 0.6064814814814815 0.4817708333333333 0.5990740740740741 0.471875 0.5990740740740741 0.4739583333333333 0.6240740740740741 0.478125 0.6240740740740741
4 0.20885416666666667 0.7527777777777778 0.2125 0.75 0.2140625 0.7407407407407407 0.21302083333333333 0.700925925925926 0.20885416666666667 0.6962962962962963 0.2046875 0.7064814814814815 0.20416666666666666 0.725925925925926 0.20885416666666667 0.7527777777777778
4 0.35625 0.6342592592592593 0.3567708333333333 0.6425925925925926 0.3609375 0.6453703703703704 0.3640625 0.6287037037037037 0.36302083333333335 0.6074074074074074 0.3572916666666667 0.6101851851851852 0.3546875 0.6185185185185185 0.353125 0.6268518518518519 0.35625 0.6342592592592593
5 0.26875 0.6962962962962963 0.2713541666666667 0.7027777777777777 0.275 0.7018518518518518 0.278125 0.674074074074074 0.2765625 0.6620370370370371 0.2708333333333333 0.6574074074074074 0.26614583333333336 0.6685185185185185 0.26510416666666664 0.6787037037037037 0.26875 0.6962962962962963
3 0.5833333333333334 0.6027777777777777 0.5921875 0.6175925925925926 0.5973958333333333 0.6018518518518519 0.5973958333333333 0.5935185185185186 0.5932291666666667 0.5879629629629629 0.5859375 0.5898148148148148 0.5833333333333334 0.5953703703703703 0.5833333333333334 0.6027777777777777
5 0.3463541666666667 0.65 0.3484375 0.6453703703703704 0.3489583333333333 0.6259259259259259 0.3453125 0.6129629629629629 0.3411458333333333 0.6185185185185185 0.3416666666666667 0.6435185185185185 0.3463541666666667 0.65
4 0.31145833333333334 0.6657407407407407 0.3223958333333333 0.6657407407407407 0.3234375 0.637962962962963 0.321875 0.6259259259259259 0.3182291666666667 0.6240740740740741 0.31354166666666666 0.6342592592592593 0.3104166666666667 0.6305555555555555 0.3098958333333333 0.6583333333333333 0.31145833333333334 0.6657407407407407
0 0.7317708333333334 0.6768518518518518 0.7328125 0.6694444444444444 0.728125 0.6666666666666666 0.7276041666666667 0.6768518518518518 0.7317708333333334 0.6768518518518518
3 0.43645833333333334 0.6583333333333333 0.44114583333333335 0.6648148148148149 0.44375 0.6305555555555555 0.4348958333333333 0.6185185185185185 0.43385416666666665 0.6305555555555555 0.43645833333333334 0.6583333333333333
5 0.3614583333333333 0.6305555555555555 0.3651041666666667 0.6305555555555555 0.36875 0.6240740740740741 0.36875 0.6129629629629629 0.365625 0.6027777777777777 0.3609375 0.6055555555555555 0.359375 0.6157407407407407 0.3614583333333333 0.6305555555555555
4 0.36666666666666664 0.612037037037037 0.36875 0.625 0.3729166666666667 0.6277777777777778 0.37552083333333336 0.6240740740740741 0.3770833333333333 0.6074074074074074 0.37552083333333336 0.5981481481481481 0.37135416666666665 0.5944444444444444 0.36666666666666664 0.6027777777777777 0.36666666666666664 0.612037037037037
4 0.5229166666666667 0.6574074074074074 0.5255208333333333 0.6611111111111111 0.528125 0.6546296296296297 0.5296875 0.6342592592592593 0.525 0.6231481481481481 0.5213541666666667 0.6277777777777778 0.5213541666666667 0.6453703703703704 0.5229166666666667 0.6574074074074074
5 0.3098958333333333 0.6685185185185185 0.321875 0.662962962962963 0.321875 0.6537037037037037 0.31614583333333335 0.6361111111111111 0.31145833333333334 0.6287037037037037 0.30833333333333335 0.6324074074074074 0.3067708333333333 0.6462962962962963 0.3098958333333333 0.6685185185185185