5 0.31979166666666664 0.7361111111111112 0.32135416666666666 0.7472222222222222 0.3260416666666667 0.7481481481481481 0.33125 0.7407407407407407 0.3375 0.7509259259259259 0.340625 0.7490740740740741 0.33229166666666665 0.725 0.33177083333333335 0.7083333333333334 0.32916666666666666 0.700925925925926 0.3255208333333333 0.6990740740740741 0.32135416666666666 0.7083333333333334 0.3223958333333333 0.7203703703703703 0.31979166666666664 0.7361111111111112
4 0.434375 0.7018518518518518 0.4432291666666667 0.7027777777777777 0.44427083333333334 0.6925925925925925 0.44114583333333335 0.6796296296296296 0.440625 0.662962962962963 0.4354166666666667 0.6537037037037037 0.43125 0.6601851851851852 0.43072916666666666 0.6768518518518518 0.434375 0.7018518518518518
5 0.13385416666666666 0.7666666666666667 0.13802083333333334 0.7694444444444445 0.14739583333333334 0.7675925925925926 0.14322916666666666 0.7407407407407407 0.14270833333333333 0.7111111111111111 0.13854166666666667 0.7092592592592593 0.13385416666666666 0.7240740740740741 0.13125 0.7481481481481481 0.13385416666666666 0.7666666666666667
5 0.5286458333333334 0.6842592592592592 0.5307291666666667 0.6814814814814815 0.5302083333333333 0.649074074074074 0.5255208333333333 0.6370370370370371 0.5208333333333334 0.6462962962962963 0.5208333333333334 0.6824074074074075 0.5286458333333334 0.6842592592592592
5 0.015625 0.8453703703703703 0.0140625 0.8685185185185185 0.020833333333333332 0.8712962962962963 0.022916666666666665 0.8685185185185185 0.020833333333333332 0.850925925925926 0.0234375 0.8333333333333334 0.029166666666666667 0.8314814814814815 0.023958333333333335 0.8111111111111111 0.021354166666666667 0.7870370370370371 0.016666666666666666 0.7888888888888889 0.008854166666666666 0.8111111111111111 0.008854166666666666 0.8268518518518518 0.015625 0.8453703703703703
5 0.18177083333333333 0.7083333333333334 0.1875 0.7092592592592593 0.18802083333333333 0.7037037037037037 0.19270833333333334 0.6990740740740741 0.196875 0.7055555555555556 0.19947916666666668 0.6731481481481482 0.19635416666666666 0.6555555555555556 0.1921875 0.6564814814814814 0.18385416666666668 0.6814814814814815 0.18541666666666667 0.6935185185185185 0.18177083333333333 0.7083333333333334
4 0.2015625 0.7222222222222222 0.2015625 0.7407407407407407 0.20885416666666667 0.7435185185185185 0.21302083333333333 0.7138888888888889 0.21041666666666667 0.6851851851851852 0.2078125 0.6842592592592592 0.196875 0.7046296296296296 0.19635416666666666 0.7083333333333334 0.2015625 0.7222222222222222
4 0.34479166666666666 0.6370370370370371 0.34270833333333334 0.65 0.3453125 0.6537037037037037 0.353125 0.6537037037037037 0.35208333333333336 0.6348768518518518 0.3546875 0.6166666666666667 0.3494791666666667 0.6101851851851852 0.34322916666666664 0.6138888888888889 0.340625 0.6185185185185185 0.34479166666666666 0.6370370370370371
4 0.30885416666666665 0.8055555555555556 0.31197916666666664 0.8157407407407408 0.3125 0.8453703703703703 0.3140625 0.8490740740740741 0.3177083333333333 0.8481481481481481 0.32083333333333336 0.8425925925925926 0.325 0.7944444444444444 0.325 0.7824074074074074 0.31875 0.7666666666666667 0.3151041666666667 0.7675925925925926 0.30625 0.7981481481481482 0.30572916666666666 0.8027777777777778 0.30885416666666665 0.8055555555555556
5 0.3 0.7851851851851852 0.30625 0.7907407407407407 0.309375 0.7888888888888889 0.31197916666666664 0.7620370370370371 0.30833333333333335 0.7472222222222222 0.3026041666666667 0.7342592592592593 0.29635416666666664 0.7472222222222222 0.29583333333333334 0.7675925925925926 0.3 0.7851851851851852
5 0.5713541666666667 0.7324074074074074 0.5796875 0.7314814814814815 0.5729166666666666 0.6861111111111111 0.56875 0.6759259259259259 0.565625 0.6805555555555556 0.5666666666666667 0.7194444444444444 0.5713541666666667 0.7324074074074074
4 0.4713541666666667 0.6462962962962963 0.4713541666666667 0.6601851851851852 0.4739583333333333 0.662962962962963 0.478125 0.6611111111111111 0.4817708333333333 0.637962962962963 0.4786458333333333 0.6083333333333333 0.475 0.6037037037037037 0.4713541666666667 0.6046296296296296 0.4666666666666667 0.6231481481481481 0.4661458333333333 0.6296296296296297 0.4713541666666667 0.6462962962962963
3 0.4239583333333333 0.7796296296296297 0.428125 0.7805555555555556 0.43125 0.7666666666666667 0.43697916666666664 0.7685185185185185 0.4401041666666667 0.7787037037037037 0.4432291666666667 0.7796296296296297 0.44479166666666664 0.7731481481481481 0.43854166666666666 0.7527777777777778 0.4390625 0.7212962962962963 0.4354166666666667 0.7111111111111111 0.4296875 0.7129629629629629 0.43020833333333336 0.7268518518518519 0.4239583333333333 0.7796296296296297
5 0.5458333333333333 0.7944444444444444 0.5494791666666666 0.8074074074074075 0.5536458333333333 0.8462962962962963 0.5572916666666666 0.850925925925926 0.5588541666666667 0.8490740740740741 0.5614583333333333 0.7842592592592592 0.55625 0.7703703703703704 0.5515625 0.7675925925925926 0.5473958333333333 0.7712962962962963 0.5427083333333333 0.7907407407407407 0.5458333333333333 0.7944444444444444
4 0.5416666666666666 0.7898148148148149 0.5447916666666667 0.7935185185185185 0.5484375 0.7916666666666666 0.5505208333333333 0.7824074074074074 0.5598958333333334 0.7796296296296297 0.5567708333333333 0.7620370370370371 0.5583333333333333 0.7518518518518519 0.5567708333333333 0.7333333333333333 0.5526041666666667 0.7194444444444444 0.5489583333333333 0.7194444444444444 0.5473958333333333 0.7240740740740741 0.546875 0.7527777777777778 0.5416666666666666 0.7898148148148149
4 0.4666666666666667 0.9490740740740741 0.46510416666666665 0.9629629629629629 0.4661458333333333 0.9666666666666667 0.46979166666666666 0.9657407407407408 0.4744791666666667 0.9444444444444444 0.4822916666666667 0.9416666666666667 0.48072916666666665 0.9629629629629629 0.4875 0.9666666666666667 0.4901041666666667 0.9638888888888889 0.48802083333333335 0.9564814814814815 0.4895833333333333 0.9416666666666667 0.48802083333333335 0.8685185185185185 0.4822916666666667 0.8685185185185185 0.47604166666666664 0.8898148148148148 0.47239583333333335 0.9314814814814815 0.4666666666666667 0.9490740740740741
3 0.79375 0.9231481481481482 0.7901041666666667 0.937037037037037 0.7828125 0.9462962962962963 0.7817708333333333 0.9592592592592593 0.7833333333333333 0.9648148148148148 0.7869791666666667 0.9648148148148148 0.7901041666666667 0.9583333333333334 0.7984375 0.9712962962962963 0.7994791666666666 0.9777777777777777 0.8067708333333333 0.9777777777777777 0.8083333333333333 0.975 0.809375 0.9388888888888889 0.8145833333333333 0.9277777777777778 0.8145833333333333 0.9111111111111111 0.8041666666666667 0.8851851851851852 0.8015625 0.8842592592592593 0.7989583333333333 0.8888888888888888 0.7947916666666667 0.9074074074074074 0.79375 0.9231481481481482
3 0.2635416666666667 0.6314814814814815 0.2671875 0.6333333333333333 0.2708333333333333 0.6 0.2671875 0.5833333333333334 0.2635416666666667 0.5796296296296296 0.2604166666666667 0.5851851851851851 0.2598958333333333 0.6092592592592593 0.2635416666666667 0.6314814814814815
3 0.0546875 0.637962962962963 0.06354166666666666 0.637962962962963 0.06666666666666667 0.5953703703703703 0.0640625 0.5898148148148148 0.05572916666666667 0.5898148148148148 0.0515625 0.6037037037037037 0.0546875 0.6203703703703703 0.0546875 0.637962962962963
4 0.278125 0.7564814814814815 0.2859375 0.7861111111111111 0.290625 0.787962962962963 0.29375 0.7712962962962963 0.2875 0.7333333333333333 0.28020833333333334 0.725925925925926 0.2760416666666667 0.7277777777777777 0.2708333333333333 0.75 0.2708333333333333 0.7574074074074074 0.278125 0.7564814814814815
5 0.32864583333333336 0.8222222222222222 0.3359375 0.825925925925926 0.33697916666666666 0.8101851851851852 0.34270833333333334 0.8138888888888889 0.3458333333333333 0.8240740740740741 0.35052083333333334 0.8277777777777777 0.3515625 0.8203703703703704 0.34010416666666665 0.7972222222222223 0.3380208333333333 0.7777777777777778 0.3296875 0.7648148148148148 0.32447916666666665 0.7666666666666667 0.3234375 0.7787037037037037 0.32864583333333336 0.8222222222222222