5 0.06458333333333334 0.6046296296296296 0.0671875 0.5953703703703703 0.071875 0.5907407407407408 0.07239583333333334 0.5731481481481482 0.06458333333333334 0.5601851851851852 0.06145833333333333 0.562037037037037 0.059895833333333336 0.5694444444444444 0.06145833333333333 0.6027777777777777 0.06458333333333334 0.6046296296296296
4 0.4973958333333333 0.6277777777777778 0.4947916666666667 0.5916666666666667 0.4901041666666667 0.5814814814814815 0.4864583333333333 0.5824074074074074 0.484375 0.5907407407407408 0.4859375 0.6259259259259259 0.4973958333333333 0.6277777777777778
5 0.4234375 0.6222222222222222 0.4317708333333333 0.6231481481481481 0.43385416666666665 0.6175925925925926 0.4296875 0.587037037037037 0.42604166666666665 0.575925925925926 0.4234375 0.5740740740740741 0.42083333333333334 0.5787037037037037 0.42135416666666664 0.6185185185185185 0.4234375 0.6222222222222222
5 0.6776041666666667 0.6842592592592592 0.6854166666666667 0.6787037037037037 0.6869791666666667 0.6731481481481482 0.6817708333333333 0.6666666666666666 0.6776041666666667 0.6342592592592593 0.6729166666666667 0.6333333333333333 0.6723958333333333 0.6814814814814815 0.6776041666666667 0.6842592592592592
5 0.6786458333333333 0.5972222222222222 0.6890625 0.5916666666666667 0.6895833333333333 0.5861111111111111 0.6838541666666667 0.5740740740740741 0.6822916666666666 0.5574074074074075 0.6770833333333334 0.5583333333333333 0.675 0.5953703703703703 0.6786458333333333 0.5972222222222222
4 0.04895833333333333 0.6055555555555555 0.052083333333333336 0.6027777777777777 0.05572916666666667 0.5833333333333334 0.05416666666666667 0.5685185185185185 0.052083333333333336 0.562037037037037 0.0484375 0.5601851851851852 0.042708333333333334 0.5740740740740741 0.0421875 0.6027777777777777 0.04895833333333333 0.6055555555555555
3 0.29375 0.6111111111111112 0.2984375 0.6175925925925926 0.303125 0.6111111111111112 0.303125 0.5842592592592593 0.2989583333333333 0.5740740740740741 0.2942708333333333 0.575925925925926 0.2921875 0.5833333333333334 0.29375 0.6111111111111112
5 0.10260416666666666 0.65 0.11197916666666667 0.6481481481481481 0.11302083333333333 0.6435185185185185 0.10885416666666667 0.637962962962963 0.10729166666666666 0.6300925925925925 0.10885416666666667 0.6148148148148148 0.10677083333333333 0.6074074074074074 0.10260416666666666 0.6018518518518519 0.09947916666666666 0.6111111111111112 0.09947916666666666 0.6361111111111111 0.10260416666666666 0.65
5 0.5130208333333334 0.6425925925925926 0.5177083333333333 0.6416666666666667 0.5213541666666667 0.6333333333333333 0.5213541666666667 0.6277777777777778 0.5177083333333333 0.625 0.5135416666666667 0.5916666666666667 0.5088541666666667 0.5907407407407408 0.5088541666666667 0.6268518518518519 0.5130208333333334 0.6425925925925926
4 0.30104166666666665 0.6527777777777778 0.30364583333333334 0.662962962962963 0.30885416666666665 0.6638888888888889 0.3098958333333333 0.649074074074074 0.3067708333333333 0.6388888888888888 0.3046875 0.6166666666666667 0.3015625 0.6092592592592593 0.296875 0.612037037037037 0.29739583333333336 0.6481481481481481 0.30104166666666665 0.6527777777777778
5 0.26979166666666665 0.5666666666666667 0.27395833333333336 0.5638888888888889 0.27239583333333334 0.5435185185185185 0.2677083333333333 0.5305555555555556 0.25885416666666666 0.5425925925925926 0.2635416666666667 0.5638888888888889 0.26979166666666665 0.5666666666666667
5 0.703125 0.6435185185185185 0.7161458333333334 0.6453703703703704 0.7166666666666667 0.637962962962963 0.7114583333333333 0.625 0.7114583333333333 0.6074074074074074 0.7078125 0.5944444444444444 0.7036458333333333 0.5944444444444444 0.7010416666666667 0.6111111111111112 0.7005208333333334 0.6314814814814815 0.703125 0.6435185185185185
4 0.23802083333333332 0.5712962962962963 0.23541666666666666 0.5472222222222223 0.23072916666666668 0.5472222222222223 0.22864583333333333 0.5638888888888889 0.22916666666666666 0.5731481481481482 0.23802083333333332 0.5712962962962963
5 0.6479166666666667 0.6064814814814815 0.6510416666666666 0.6185185185185185 0.6552083333333333 0.6185185185185185 0.6583333333333333 0.6074074074074074 0.6546875 0.5972222222222222 0.6520833333333333 0.575925925925926 0.6479166666666667 0.5731481481481482 0.6463541666666667 0.575925925925926 0.6479166666666667 0.6064814814814815
4 0.8895833333333333 0.637962962962963 0.9046875 0.6472222222222223 0.9078125 0.6388888888888888 0.9052083333333333 0.6287037037037037 0.90625 0.6212962962962963 0.9041666666666667 0.6046296296296296 0.9 0.5925925925925926 0.8958333333333334 0.5916666666666667 0.8958333333333334 0.6175925925925926 0.8895833333333333 0.637962962962963
4 0.6208333333333333 0.5824074074074074 0.6223958333333334 0.575925925925926 0.61875 0.5444444444444444 0.6151041666666667 0.5398148148148149 0.6119791666666666 0.5416666666666666 0.609375 0.5564814814814815 0.609375 0.5833333333333334 0.6208333333333333 0.5824074074074074
5 0.29375 0.5851851851851851 0.2989583333333333 0.5777777777777777 0.29270833333333335 0.5444444444444444 0.28958333333333336 0.5444444444444444 0.2864583333333333 0.5601851851851852 0.2864583333333333 0.587037037037037 0.29375 0.5851851851851851
4 0.03697916666666667 0.6564814814814814 0.043229166666666666 0.6425925925925926 0.052083333333333336 0.6481481481481481 0.05416666666666667 0.6462962962962963 0.049479166666666664 0.6361111111111111 0.04635416666666667 0.6240740740740741 0.04635416666666667 0.6138888888888889 0.0421875 0.6027777777777777 0.0375 0.6074074074074074 0.034375 0.6212962962962963 0.033854166666666664 0.6555555555555556 0.03697916666666667 0.6564814814814814
2 0.9755208333333333 0.6194444444444445 0.9744791666666667 0.6305555555555555 0.9770833333333333 0.6342592592592593 0.9822916666666667 0.6333333333333333 0.9848958333333333 0.5990740740740741 0.9802083333333333 0.5916666666666667 0.9703125 0.587037037037037 0.9697916666666667 0.5962962962962963 0.9755208333333333 0.6194444444444445
4 0.2520833333333333 0.5675925925925925 0.25833333333333336 0.5601851851851852 0.25885416666666666 0.5435185185185185 0.2557291666666667 0.5324074074074074 0.2484375 0.5398148148148149 0.24791666666666667 0.5638888888888889 0.2520833333333333 0.5675925925925925
3 0.3229166666666667 0.5592592592592592 0.3265625 0.5555555555555556 0.32916666666666666 0.5287037037037037 0.3260416666666667 0.5157407407407407 0.32083333333333336 0.5212962962962963 0.32083333333333336 0.5564814814814815 0.3229166666666667 0.5592592592592592
3 0.0859375 0.5592592592592592 0.09635416666666667 0.562962962962963 0.0953125 0.5407407407407407 0.08802083333333334 0.5296296296296297 0.08489583333333334 0.5361111111111111 0.08333333333333333 0.5518518518518518 0.0859375 0.5592592592592592
4 0.22604166666666667 0.6037037037037037 0.22916666666666666 0.6055555555555555 0.23229166666666667 0.5953703703703703 0.24010416666666667 0.5879629629629629 0.24114583333333334 0.5824074074074074 0.2359375 0.5611111111111111 0.23020833333333332 0.562037037037037 0.228125 0.5685185185185185 0.225 0.5962962962962963 0.22604166666666667 0.6037037037037037
4 0.3338541666666667 0.5777777777777777 0.3390625 0.5833333333333334 0.34270833333333334 0.5768518518518518 0.3390625 0.55 0.3380208333333333 0.5462962962962963 0.334375 0.5462962962962963 0.33125 0.5518518518518518 0.3307291666666667 0.5601851851851852 0.3338541666666667 0.5777777777777777