5 0.6317708333333333 0.6796296296296296 0.6348958333333333 0.6777777777777778 0.6369791666666667 0.6712962962962963 0.6338541666666667 0.6620370370370371 0.6328125 0.637962962962963 0.6307291666666667 0.6296296296296297 0.6270833333333333 0.6296296296296297 0.6255208333333333 0.6361111111111111 0.6260416666666667 0.6768518518518518 0.6317708333333333 0.6796296296296296
5 0.10052083333333334 0.7203703703703703 0.10208333333333333 0.7277777777777777 0.1046875 0.7287037037037037 0.10625 0.7203703703703703 0.11302083333333333 0.7203703703703703 0.11510416666666666 0.7277777777777777 0.11875 0.7305555555555555 0.11666666666666667 0.7037037037037037 0.11979166666666667 0.6962962962962963 0.11979166666666667 0.6814814814814815 0.11145833333333334 0.6768518518518518 0.10572916666666667 0.6907407407407408 0.10572916666666667 0.7018518518518518 0.10052083333333334 0.7203703703703703
4 0.5729166666666666 0.6564814814814814 0.5755208333333334 0.6620370370370371 0.5838541666666667 0.6620370370370371 0.5859375 0.6555555555555556 0.5822916666666667 0.6222222222222222 0.5796875 0.6148148148148148 0.575 0.6148148148148148 0.571875 0.6388888888888888 0.5729166666666666 0.6564814814814814
4 0.5255208333333333 0.7240740740740741 0.5286458333333334 0.7268518518518519 0.5328125 0.7240740740740741 0.5369791666666667 0.7138888888888889 0.5442708333333334 0.7212962962962963 0.546875 0.7175925925925926 0.5421875 0.7055555555555556 0.540625 0.6787037037037037 0.5369791666666667 0.6703703703703704 0.5328125 0.674074074074074 0.53125 0.7046296296296296 0.5255208333333333 0.7240740740740741
5 0.490625 0.7611111111111111 0.5046875 0.7675925925925926 0.5057291666666667 0.7601851851851852 0.5036458333333333 0.7435185185185185 0.5083333333333333 0.7203703703703703 0.4979166666666667 0.7046296296296296 0.4947916666666667 0.7083333333333334 0.49270833333333336 0.7212962962962963 0.4953125 0.7407407407407407 0.490625 0.7611111111111111
4 0.328125 0.8555555555555555 0.3333333333333333 0.8583333333333333 0.3375 0.8518518518518519 0.33541666666666664 0.8333333333333334 0.34375 0.8009259259259259 0.3375 0.7777777777777778 0.334375 0.774074074074074 0.33125 0.7777777777777778 0.32447916666666665 0.8074074074074075 0.328125 0.8555555555555555
5 0.40989583333333335 0.8453703703703703 0.41770833333333335 0.8462962962962963 0.4171875 0.8351851851851851 0.42135416666666664 0.825925925925926 0.4265625 0.8314814814814815 0.43125 0.8435185185185186 0.4354166666666667 0.8425925925925926 0.4354166666666667 0.8342592592592593 0.4278645833333333 0.8217592592592593 0.425 0.8083333333333333 0.42239583333333336 0.762962962962963 0.4171875 0.762962962962963 0.4140625 0.7851851851851852 0.41458333333333336 0.8064814814814815 0.40989583333333335 0.8453703703703703
5 0.68125 0.6907407407407408 0.68125 0.6990740740740741 0.6854166666666667 0.7046296296296296 0.6859375 0.712037037037037 0.6890625 0.7148148148148148 0.7052083333333333 0.7074074074074074 0.7052083333333333 0.700925925925926 0.6979166666666666 0.6925925925925925 0.6984375 0.6731481481481482 0.6958333333333333 0.6601851851851852 0.6932291666666667 0.6564814814814814 0.6911458333333333 0.6583333333333333 0.6895833333333333 0.6787037037037037 0.68125 0.6907407407407408
4 0.21927083333333333 0.7509259259259259 0.2203125 0.7555555555555555 0.22447916666666667 0.7546296296296297 0.2296875 0.7472222222222222 0.24427083333333333 0.7194444444444444 0.24010416666666667 0.700925925925926 0.2359375 0.6990740740740741 0.22447916666666667 0.7203703703703703 0.225 0.7314814814814815 0.21927083333333333 0.7509259259259259
5 0.16979166666666667 0.799074074074074 0.1734375 0.8018518518518518 0.17604166666666668 0.799074074074074 0.1734375 0.7768518518518519 0.17864583333333334 0.7601851851851852 0.17447916666666666 0.7324074074074074 0.16979166666666667 0.7324074074074074 0.16354166666666667 0.7481481481481481 0.165625 0.7787037037037037 0.16979166666666667 0.799074074074074
5 0.7546875 0.8138888888888889 0.7671875 0.812962962962963 0.76875 0.8064814814814815 0.7635416666666667 0.7925925925925926 0.7635416666666667 0.7611111111111111 0.7609375 0.7472222222222222 0.7557291666666667 0.7509259259259259 0.753125 0.7777777777777778 0.7526041666666666 0.7981481481481482 0.7546875 0.8138888888888889
4 0.11666666666666667 0.6851851851851852 0.11875 0.6925925925925925 0.11927083333333334 0.6851851851851852 0.12291666666666666 0.6814814814814815 0.12395833333333334 0.6759259259259259 0.12291666666666666 0.6564814814814814 0.11822916666666666 0.6546296296296297 0.11041666666666666 0.6675925925925926 0.10833333333333334 0.6814814814814815 0.11666666666666667 0.6851851851851852
4 0.7171875 0.8240740740740741 0.7213541666666666 0.8277777777777777 0.7276041666666667 0.825925925925926 0.7239583333333334 0.8055555555555556 0.7270833333333333 0.7703703703703704 0.71875 0.7472222222222222 0.7145833333333333 0.75 0.7145833333333333 0.7703703703703704 0.7125 0.775 0.7119791666666667 0.7981481481481482 0.7171875 0.8240740740740741
5 0.6098958333333333 0.7101851851851851 0.6078125 0.7240740740740741 0.6109375 0.7398148148148148 0.6171875 0.7398148148148148 0.6208333333333333 0.7425925925925926 0.6229166666666667 0.75 0.6255208333333333 0.7481481481481481 0.6265625 0.7425925925925926 0.6213541666666667 0.7268518518518519 0.6197916666666666 0.7111111111111111 0.6213541666666667 0.7 0.6151041666666667 0.6842592592592592 0.6114583333333333 0.6833333333333333 0.609375 0.6888888888888889 0.6078125 0.700925925925926 0.6098958333333333 0.7101851851851851
4 0.17916666666666667 0.7675925925925926 0.1890625 0.7796296296296297 0.19635416666666666 0.7388888888888889 0.203125 0.7203703703703703 0.2015625 0.7166666666666667 0.20260416666666667 0.712037037037037 0.20104166666666667 0.7092592592592593 0.1890625 0.7129629629629629 0.18177083333333333 0.7305555555555555 0.18229166666666666 0.7481481481481481 0.17916666666666667 0.7675925925925926
3 0.9885416666666667 0.887962962962963 0.9921875 0.9018518518518519 0.9885416666666667 0.9277777777777778 0.9927083333333333 0.9435185185185185 0.9994791666666667 0.9398148148148148 0.9994791666666667 0.8592592592592593 0.9947916666666666 0.8648148148148148 0.9947916666666666 0.8777777777777778 0.9885416666666667 0.887962962962963
5 0.19635416666666666 0.7379629629629629 0.20729166666666668 0.7296296296296296 0.21041666666666667 0.7305555555555555 0.21302083333333333 0.725925925925926 0.21510416666666668 0.7101851851851851 0.21927083333333333 0.7046296296296296 0.21979166666666666 0.6925925925925925 0.21666666666666667 0.6907407407407408 0.20833333333333334 0.7055555555555556 0.20052083333333334 0.7046296296296296 0.19427083333333334 0.7129629629629629 0.19375 0.7296296296296296 0.19635416666666666 0.7379629629629629
4 0 0.7703703703703704 0.0020833333333333333 0.7675925925925926 0.0026041666666666665 0.737037037037037 0.0067708333333333336 0.7277777777777777 0.0015625 0.7074074074074074 0 0.7074074074074074 0 0.7703703703703704
3 0.40625 0.7518518518518519 0.4083333333333333 0.7481481481481481 0.40989583333333335 0.725 0.41458333333333336 0.7083333333333334 0.4114583333333333 0.6851851851851852 0.409375 0.6824074074074075 0.40572916666666664 0.6851851851851852 0.4015625 0.7287037037037037 0.4 0.7509259259259259 0.40625 0.7518518518518519
4 0.2125 0.7324074074074074 0.215625 0.7212962962962963 0.21822916666666667 0.7212962962962963 0.22083333333333333 0.7314814814814815 0.225 0.7129629629629629 0.22135416666666666 0.6842592592592592 0.21666666666666667 0.6851851851851852 0.20989583333333334 0.7101851851851851 0.20729166666666668 0.7351851851851852 0.2125 0.7324074074074074
5 0.6770833333333334 0.737037037037037 0.6796875 0.7555555555555555 0.6848958333333334 0.7574074074074074 0.6869791666666667 0.7555555555555555 0.6875 0.7490740740740741 0.684375 0.7351851851851852 0.6911458333333333 0.712037037037037 0.6854166666666667 0.6888888888888889 0.68125 0.6888888888888889 0.6791666666666667 0.6972222222222222 0.6765625 0.7157407407407408 0.6770833333333334 0.737037037037037