4 0.3098958333333333 0.6333333333333333 0.3145833333333333 0.6324074074074074 0.31666666666666665 0.6259259259259259 0.315625 0.5953703703703703 0.30625 0.5814814814814815 0.3020833333333333 0.587037037037037 0.3015625 0.6222222222222222 0.3098958333333333 0.6333333333333333
4 0.8442708333333333 0.6305555555555555 0.8473958333333333 0.6296296296296297 0.8494791666666667 0.6064814814814815 0.8484375 0.5953703703703703 0.8458333333333333 0.5888888888888889 0.8427083333333333 0.5888888888888889 0.8375 0.5990740740740741 0.8380208333333333 0.625 0.8442708333333333 0.6305555555555555
3 0.4708333333333333 0.625 0.475 0.5953703703703703 0.4671875 0.5703703703703704 0.4635416666666667 0.575925925925926 0.46458333333333335 0.5828703703703704 0.4625 0.5944444444444444 0.46197916666666666 0.6222222222222222 0.4708333333333333 0.625
4 0.5192708333333333 0.712037037037037 0.5182291666666666 0.7287037037037037 0.5255208333333333 0.7324074074074074 0.5291666666666667 0.7277777777777777 0.5286458333333334 0.7138888888888889 0.5322916666666667 0.6962962962962963 0.53125 0.6851851851851852 0.525 0.6675925925925926 0.5213541666666667 0.6694444444444444 0.5171875 0.6842592592592592 0.5151041666666667 0.6990740740740741 0.5192708333333333 0.712037037037037
5 0.38958333333333334 0.6268518518518519 0.3927083333333333 0.625 0.39739583333333334 0.6074074074074074 0.39739583333333334 0.5962962962962963 0.3932291666666667 0.5842592592592593 0.3880208333333333 0.5916666666666667 0.38697916666666665 0.6222222222222222 0.38958333333333334 0.6268518518518519
5 0.6302083333333334 0.5935185185185186 0.6338541666666667 0.6018518518518519 0.6369791666666667 0.6018518518518519 0.6390625 0.5990740740740741 0.6364583333333333 0.5675925925925925 0.6307291666666667 0.5638888888888889 0.6286458333333333 0.5675925925925925 0.628125 0.5814814814814815 0.6302083333333334 0.5935185185185186
5 0.7395833333333334 0.6574074074074074 0.7432291666666667 0.6555555555555556 0.7447916666666666 0.6222222222222222 0.740625 0.6074074074074074 0.7369791666666666 0.6101851851851852 0.7338541666666667 0.6259259259259259 0.7333333333333333 0.6537037037037037 0.7395833333333334 0.6574074074074074
2 0.1046875 0.6268518518518519 0.10677083333333333 0.6222222222222222 0.10625 0.6018518518518519 0.10833333333333334 0.5953703703703703 0.10677083333333333 0.5833333333333334 0.10364583333333334 0.5796296296296296 0.09947916666666666 0.5805555555555556 0.096875 0.5981481481481481 0.0953125 0.6277777777777778 0.1046875 0.6268518518518519
4 0.6583333333333333 0.5990740740740741 0.6729166666666667 0.5990740740740741 0.66875 0.5685185185185185 0.6666666666666666 0.5657407407407408 0.6609375 0.5675925925925925 0.6604166666666667 0.5907407407407408 0.6583333333333333 0.5990740740740741
4 0.221875 0.6712962962962963 0.2265625 0.6657407407407407 0.2296875 0.6527777777777778 0.23177083333333334 0.6370370370370371 0.23072916666666668 0.6222222222222222 0.22395833333333334 0.6175925925925926 0.21614583333333334 0.6342592592592593 0.21875 0.6694444444444444 0.221875 0.6712962962962963
3 0.42083333333333334 0.5546296296296296 0.41875 0.5601851851851852 0.42239583333333336 0.5675925925925925 0.4265625 0.5685185185185185 0.42864583333333334 0.5638888888888889 0.42864583333333334 0.5398148148148149 0.4265625 0.5370370370370371 0.4197916666666667 0.5398148148148149 0.4171875 0.5444444444444444 0.42083333333333334 0.5546296296296296
4 0.4822916666666667 0.5953703703703703 0.4859375 0.5925925925925926 0.4901041666666667 0.5685185185185185 0.4859375 0.5592592592592592 0.4817708333333333 0.5592592592592592 0.4796875 0.562962962962963 0.48020833333333335 0.5925925925925926 0.4822916666666667 0.5953703703703703
4 0.2760416666666667 0.6444444444444445 0.2791666666666667 0.6537037037037037 0.2838541666666667 0.6527777777777778 0.2869791666666667 0.6222222222222222 0.284375 0.6018518518518519 0.28229166666666666 0.6 0.2708333333333333 0.6101851851851852 0.2703125 0.6425925925925926 0.2760416666666667 0.6444444444444445
5 0.5036458333333333 0.5916666666666667 0.5041666666666667 0.5722222222222222 0.5020833333333333 0.5657407407407408 0.4979166666666667 0.5638888888888889 0.4953125 0.5731481481481482 0.49322916666666666 0.5925925925925926 0.5036458333333333 0.5916666666666667
4 0.353125 0.6166666666666667 0.3609375 0.5935185185185186 0.3609375 0.5768518518518518 0.3578125 0.5675925925925925 0.35052083333333334 0.575925925925926 0.3484375 0.5898148148148148 0.34739583333333335 0.6111111111111112 0.353125 0.6166666666666667
4 0.8041666666666667 0.6685185185185185 0.8036458333333333 0.6888888888888889 0.80625 0.6935185185185185 0.8109375 0.6935185185185185 0.8130208333333333 0.6888888888888889 0.8135416666666667 0.65 0.8098958333333334 0.6388888888888888 0.8057291666666667 0.637962962962963 0.8 0.6620370370370371 0.8041666666666667 0.6685185185185185
5 0.24166666666666667 0.6574074074074074 0.24010416666666667 0.612037037037037 0.2359375 0.6101851851851852 0.23125 0.6268518518518519 0.23229166666666667 0.6620370370370371 0.24166666666666667 0.6574074074074074
5 0.3026041666666667 0.625 0.3067708333333333 0.6185185185185185 0.3098958333333333 0.5888888888888889 0.3067708333333333 0.5787037037037037 0.30052083333333335 0.587037037037037 0.2989583333333333 0.6203703703703703 0.3026041666666667 0.625
5 0.5192708333333333 0.5814814814814815 0.5203125 0.5555555555555556 0.5177083333333333 0.5527777777777778 0.5135416666666667 0.5546296296296296 0.509375 0.5666666666666667 0.509375 0.5814814814814815 0.5192708333333333 0.5814814814814815
0 0.5041666666666667 0.5916666666666667 0.5015625 0.5833333333333334 0.4984375 0.587037037037037 0.49947916666666664 0.5935185185185186 0.5041666666666667 0.5916666666666667
5 0.3609375 0.5953703703703703 0.3619791666666667 0.5638888888888889 0.35572916666666665 0.5611111111111111 0.3494791666666667 0.5796296296296296 0.3494791666666667 0.5953703703703703 0.3609375 0.5953703703703703
5 0.2713541666666667 0.6435185185185185 0.275 0.6296296296296297 0.2760416666666667 0.5888888888888889 0.2703125 0.5953703703703703 0.2677083333333333 0.6064814814814815 0.2671875 0.6425925925925926 0.2713541666666667 0.6435185185185185
4 0.5192708333333333 0.5824074074074074 0.5239583333333333 0.5601851851851852 0.5234375 0.5527777777777778 0.5197916666666667 0.55 0.5135416666666667 0.5518518518518518 0.5088541666666667 0.5675925925925925 0.509375 0.5814814814814815 0.5192708333333333 0.5824074074074074
3 0.8223958333333333 0.5925925925925926 0.825 0.5648148148148148 0.821875 0.5518518518518518 0.8182291666666667 0.5509259259259259 0.8177083333333334 0.5537037037037037 0.8177083333333334 0.5907407407407408 0.8223958333333333 0.5925925925925926
3 0.8880208333333334 0.8962962962962963 0.8859375 0.9037037037037037 0.8890625 0.9064814814814814 0.8979166666666667 0.899074074074074 0.9010416666666666 0.9064814814814814 0.9041666666666667 0.9074074074074074 0.9052083333333333 0.9037037037037037 0.9010416666666666 0.8759259259259259 0.9010416666666666 0.8601851851851852 0.9041666666666667 0.8444444444444444 0.8994791666666667 0.825 0.8963541666666667 0.8231481481481482 0.8942708333333333 0.825925925925926 0.8895833333333333 0.8453703703703703 0.8838541666666667 0.8759259259259259 0.8880208333333334 0.8962962962962963
5 0.465625 0.5888888888888889 0.4703125 0.587037037037037 0.4708333333333333 0.5694444444444444 0.4666666666666667 0.562962962962963 0.4630208333333333 0.5694444444444444 0.4635416666666667 0.5861111111111111 0.465625 0.5888888888888889