5 0.5088541666666667 0.6898148148148148 0.5145833333333333 0.6935185185185185 0.51875 0.6898148148148148 0.5161458333333333 0.6703703703703704 0.5171875 0.6370370370370371 0.515625 0.6259259259259259 0.509375 0.6194444444444445 0.5052083333333334 0.6268518518518519 0.5088541666666667 0.6898148148148148
5 0.11354166666666667 0.7388888888888889 0.1171875 0.7398148148148148 0.1203125 0.7361111111111112 0.11927083333333334 0.7277777777777777 0.121875 0.7166666666666667 0.121875 0.6990740740740741 0.11770833333333333 0.6842592592592592 0.11822916666666666 0.6675925925925926 0.1140625 0.6638888888888889 0.109375 0.6777777777777778 0.1109375 0.7333333333333333 0.11354166666666667 0.7388888888888889
5 0.171875 0.6222222222222222 0.17708333333333334 0.6361111111111111 0.17552083333333332 0.6462962962962963 0.18541666666666667 0.6509259259259259 0.1859375 0.6342592592592593 0.19010416666666666 0.6148148148148148 0.1890625 0.600925925925926 0.18541666666666667 0.5879629629629629 0.18072916666666666 0.5879629629629629 0.1734375 0.5981481481481481 0.17135416666666667 0.6018518518518519 0.171875 0.6222222222222222
4 0.5515625 0.7351851851851852 0.5557291666666667 0.6768518518518518 0.5489583333333333 0.6564814814814814 0.5453125 0.6611111111111111 0.5421875 0.7092592592592593 0.5411458333333333 0.7361111111111112 0.5515625 0.7351851851851852
3 0.43333333333333335 0.6305555555555555 0.4354166666666667 0.6324074074074074 0.43697916666666664 0.6277777777777778 0.44114583333333335 0.6277777777777778 0.4421875 0.6342592592592593 0.44427083333333334 0.6351851851851852 0.44583333333333336 0.6305555555555555 0.44583333333333336 0.5768518518518518 0.44166666666666665 0.575 0.4375 0.5851851851851851 0.4375 0.6106481481481482 0.43333333333333335 0.6305555555555555
5 0.31197916666666664 0.6712962962962963 0.3109375 0.6898148148148148 0.3151041666666667 0.6925925925925925 0.32083333333333336 0.6851851851851852 0.31875 0.6759259259259259 0.3234375 0.6537037037037037 0.32083333333333336 0.637962962962963 0.3145833333333333 0.6259259259259259 0.3098958333333333 0.6425925925925926 0.309375 0.6537037037037037 0.31197916666666664 0.6712962962962963
5 0.0640625 0.6916666666666667 0.07135416666666666 0.6916666666666667 0.06510416666666667 0.6222222222222222 0.06041666666666667 0.6259259259259259 0.059375 0.6361111111111111 0.0609375 0.687962962962963 0.0640625 0.6916666666666667
4 0.55 0.6462962962962963 0.5526041666666667 0.65 0.5588541666666667 0.6425925925925926 0.5598958333333334 0.6027777777777777 0.553125 0.5898148148148148 0.5479166666666667 0.6018518518518519 0.5473958333333333 0.6231481481481481 0.55 0.6462962962962963
4 0.6880208333333333 0.6074074074074074 0.6895833333333333 0.6231481481481481 0.6932291666666667 0.6268518518518519 0.6979166666666666 0.6194444444444445 0.6989583333333333 0.5842592592592593 0.6953125 0.5712962962962963 0.6932291666666667 0.5694444444444444 0.6895833333333333 0.575 0.6875 0.5898148148148148 0.6880208333333333 0.6074074074074074
3 0.15989583333333332 0.5638888888888889 0.16197916666666667 0.5675925925925925 0.16979166666666667 0.5675925925925925 0.17291666666666666 0.5444444444444444 0.17239583333333333 0.5324074074074074 0.16979166666666667 0.524074074074074 0.16302083333333334 0.5324074074074074 0.1640625 0.5453703703703704 0.15989583333333332 0.5638888888888889
4 0.596875 0.6564814814814814 0.6 0.6583333333333333 0.6026041666666667 0.6546296296296297 0.6036458333333333 0.6111111111111112 0.5989583333333334 0.5953703703703703 0.5953125 0.5972222222222222 0.5921875 0.6259259259259259 0.596875 0.6564814814814814
5 0.0796875 0.6546296296296297 0.08229166666666667 0.6509259259259259 0.08541666666666667 0.6222222222222222 0.0828125 0.5953703703703703 0.08072916666666667 0.5907407407407408 0.0765625 0.5935185185185186 0.0734375 0.6074074074074074 0.07552083333333333 0.6518518518518519 0.0796875 0.6546296296296297
0 0.4979166666666667 0.6944444444444444 0.5015625 0.6888888888888889 0.5010416666666667 0.6833333333333333 0.4979166666666667 0.6777777777777778 0.49583333333333335 0.6805555555555556 0.4953125 0.6898148148148148 0.4979166666666667 0.6944444444444444
4 0.7296875 0.7361111111111112 0.7322916666666667 0.7074074074074074 0.73125 0.6777777777777778 0.725 0.6620370370370371 0.7223958333333333 0.6648148148148149 0.7213541666666666 0.6833333333333333 0.7182291666666667 0.6972222222222222 0.71875 0.7361111111111112 0.7296875 0.7361111111111112
4 0.6083333333333333 0.725 0.6104166666666667 0.7435185185185185 0.615625 0.7472222222222222 0.6192708333333333 0.7342592592592593 0.6213541666666667 0.6842592592592592 0.6197916666666666 0.6685185185185185 0.6151041666666667 0.662962962962963 0.6078125 0.6851851851851852 0.603125 0.7064814814814815 0.6083333333333333 0.725
5 0.3859375 0.7175925925925926 0.39114583333333336 0.7203703703703703 0.3921875 0.7 0.39791666666666664 0.6833333333333333 0.39427083333333335 0.6611111111111111 0.3890625 0.6527777777777778 0.3848958333333333 0.6527777777777778 0.3802083333333333 0.6787037037037037 0.3796875 0.6888888888888889 0.3859375 0.7175925925925926
4 0.7359375 0.7046296296296296 0.7479166666666667 0.7074074074074074 0.75 0.700925925925926 0.7479166666666667 0.6842592592592592 0.75 0.6694444444444444 0.7494791666666667 0.649074074074074 0.7453125 0.6361111111111111 0.7390625 0.6333333333333333 0.7380208333333333 0.6953703703703704 0.7359375 0.7046296296296296
4 0.7088541666666667 0.6814814814814815 0.7088541666666667 0.6324074074074074 0.7046875 0.6185185185185185 0.6994791666666667 0.6231481481481481 0.696875 0.6583333333333333 0.6958333333333333 0.6805555555555556 0.7088541666666667 0.6814814814814815
4 0.8578125 0.6666666666666666 0.8609375 0.6601851851851852 0.8609375 0.6148148148148148 0.8557291666666667 0.6037037037037037 0.853125 0.6027777777777777 0.85 0.6083333333333333 0.8526041666666667 0.662962962962963 0.8578125 0.6666666666666666
5 0.23385416666666667 0.6962962962962963 0.2359375 0.6935185185185185 0.23489583333333333 0.6805555555555556 0.23958333333333334 0.6620370370370371 0.2359375 0.6305555555555555 0.23229166666666667 0.6277777777777778 0.22708333333333333 0.6407407407407407 0.22864583333333333 0.6925925925925925 0.23385416666666667 0.6962962962962963
4 0.5010416666666667 0.6277777777777778 0.5015625 0.6314814814814815 0.5052083333333334 0.6314814814814815 0.5119791666666667 0.6222222222222222 0.5135416666666667 0.5935185185185186 0.50625 0.5796296296296296 0.5 0.5907407407407408 0.49895833333333334 0.6064814814814815 0.5010416666666667 0.6277777777777778
5 0.4864583333333333 0.6287037037037037 0.4921875 0.6277777777777778 0.49375 0.6259259259259259 0.49375 0.5990740740740741 0.49166666666666664 0.5768518518518518 0.4901041666666667 0.5740740740740741 0.4859375 0.5768518518518518 0.4828125 0.5888888888888889 0.4828125 0.6240740740740741 0.4864583333333333 0.6287037037037037
5 0.16614583333333333 0.5990740740740741 0.16927083333333334 0.6027777777777777 0.17083333333333334 0.6222222222222222 0.17395833333333333 0.6287037037037037 0.17760416666666667 0.6259259259259259 0.17916666666666667 0.5944444444444444 0.1765625 0.575925925925926 0.171875 0.575 0.16822916666666668 0.5962962962962963 0.16614583333333333 0.5990740740740741
3 0.4713541666666667 0.5703703703703704 0.47760416666666666 0.5453703703703704 0.47708333333333336 0.5388888888888889 0.47552083333333334 0.5296296296296297 0.4703125 0.5222222222222223 0.46510416666666665 0.5324074074074074 0.4661458333333333 0.5685185185185185 0.4713541666666667 0.5703703703703704