4 0.2552083333333333 0.9537037037037037 0.2552083333333333 0.9703703703703703 0.24791666666666667 0.9953703703703703 0.25104166666666666 0.9990740740740741 0.2734375 0.9990740740740741 0.27447916666666666 0.9777777777777777 0.27760416666666665 0.9675925925925926 0.275 0.95 0.26666666666666666 0.9231481481481482 0.2630208333333333 0.9203703703703704 0.25833333333333336 0.925 0.25885416666666666 0.937037037037037 0.2552083333333333 0.9537037037037037
5 0.16927083333333334 0.7898148148148149 0.165625 0.8240740740740741 0.16979166666666667 0.8231481481481482 0.171875 0.8166666666666667 0.1765625 0.8157407407407408 0.17864583333333334 0.8203703703703704 0.18385416666666668 0.8185185185185185 0.18385416666666668 0.7851851851851852 0.19270833333333334 0.775 0.1859375 0.7407407407407407 0.17760416666666667 0.7194444444444444 0.16979166666666667 0.7361111111111112 0.165625 0.7592592592592593 0.16510416666666666 0.7722222222222223 0.16927083333333334 0.7898148148148149
4 0.4125 0.6916666666666667 0.4140625 0.6824074074074075 0.41302083333333334 0.6592592592592592 0.4088541666666667 0.6407407407407407 0.4046875 0.6425925925925926 0.40208333333333335 0.6564814814814814 0.3984375 0.662962962962963 0.4 0.6916666666666667 0.4125 0.6916666666666667
5 0.20833333333333334 0.7888888888888889 0.21197916666666666 0.7962962962962963 0.21197916666666666 0.8490740740740741 0.21614583333333334 0.8527777777777777 0.21979166666666666 0.850925925925926 0.22239583333333332 0.8425925925925926 0.228125 0.7925925925925926 0.23072916666666668 0.7870370370370371 0.22864583333333333 0.7703703703703704 0.22239583333333332 0.7518518518518519 0.2203125 0.75 0.21666666666666667 0.7537037037037037 0.21354166666666666 0.7731481481481481 0.20833333333333334 0.7888888888888889
5 0.14270833333333333 0.8916666666666667 0.13333333333333333 0.9231481481481482 0.13020833333333334 0.9490740740740741 0.12604166666666666 0.9537037037037037 0.128125 0.9638888888888889 0.13072916666666667 0.9648148148148148 0.13489583333333333 0.9592592592592593 0.1421875 0.9314814814814815 0.15416666666666667 0.9120370370370371 0.1609375 0.8953703703703704 0.15989583333333332 0.8768518518518519 0.15416666666666667 0.8546296296296296 0.14947916666666666 0.850925925925926 0.14583333333333334 0.8555555555555555 0.14583333333333334 0.8722222222222222 0.14270833333333333 0.8916666666666667
5 0.28072916666666664 0.7416666666666667 0.2786458333333333 0.7777777777777778 0.28229166666666666 0.7703703703703704 0.2890625 0.7657407407407407 0.2947916666666667 0.7768518518518519 0.2984375 0.7777777777777778 0.3 0.7712962962962963 0.296875 0.7675925925925926 0.29270833333333335 0.7490740740740741 0.30052083333333335 0.7194444444444444 0.2984375 0.7157407407407408 0.29583333333333334 0.7175925925925926 0.2838541666666667 0.6907407407407408 0.28125 0.6925925925925925 0.2786458333333333 0.7046296296296296 0.278125 0.7277777777777777 0.28072916666666664 0.7416666666666667
5 0.384375 0.7305555555555555 0.3859375 0.7277777777777777 0.39166666666666666 0.737037037037037 0.39739583333333334 0.7351851851851852 0.4 0.7 0.3963541666666667 0.6657407407407407 0.38958333333333334 0.6694444444444444 0.3807291666666667 0.7111111111111111 0.38125 0.7268518518518519 0.384375 0.7305555555555555
5 0.2921875 0.7175925925925926 0.29010416666666666 0.7351851851851852 0.2911458333333333 0.7435185185185185 0.2947916666666667 0.7481481481481481 0.3015625 0.7212962962962963 0.30885416666666665 0.7222222222222222 0.31197916666666664 0.7314814814814815 0.31145833333333334 0.7398148148148148 0.3140625 0.7453703703703703 0.31666666666666665 0.7435185185185185 0.3177083333333333 0.737037037037037 0.3145833333333333 0.7203703703703703 0.3078125 0.7018518518518518 0.31197916666666664 0.6851851851851852 0.31145833333333334 0.6787037037037037 0.3020833333333333 0.6648148148148149 0.29635416666666664 0.6824074074074075 0.29583333333333334 0.7083333333333334 0.2921875 0.7175925925925926
4 0.340625 0.7287037037037037 0.3458333333333333 0.7268518518518519 0.35104166666666664 0.7435185185185185 0.3536458333333333 0.7444444444444445 0.35520833333333335 0.7379629629629629 0.3541666666666667 0.6777777777777778 0.35 0.6638888888888889 0.3453125 0.6592592592592592 0.3416666666666667 0.6592592592592592 0.3380208333333333 0.6694444444444444 0.33697916666666666 0.6953703703703704 0.340625 0.7287037037037037
3 0.43854166666666666 0.8064814814814815 0.4421875 0.812962962962963 0.44479166666666664 0.8444444444444444 0.44114583333333335 0.8564814814814815 0.4479166666666667 0.8601851851851852 0.45677083333333335 0.8518518518518519 0.4588541666666667 0.8546296296296296 0.4630208333333333 0.8453703703703703 0.4546875 0.8138888888888889 0.4578125 0.8037037037037037 0.459375 0.7824074074074074 0.4473958333333333 0.7472222222222222 0.4427083333333333 0.7472222222222222 0.4401041666666667 0.7518518518518519 0.4427083333333333 0.7796296296296297 0.43854166666666666 0.8064814814814815
3 0.5630208333333333 0.6185185185185185 0.5645833333333333 0.6212962962962963 0.5729166666666666 0.6129629629629629 0.5755208333333334 0.6231481481481481 0.5796875 0.625 0.578125 0.5981481481481481 0.5802083333333333 0.5851851851851851 0.5729166666666666 0.5694444444444444 0.5682291666666667 0.5777777777777777 0.5677083333333334 0.5981481481481481 0.5630208333333333 0.6185185185185185
5 0.39479166666666665 0.6722222222222223 0.39791666666666664 0.6620370370370371 0.3963541666666667 0.6472222222222223 0.3921875 0.6435185185185185 0.38645833333333335 0.6601851851851852 0.38697916666666665 0.6768518518518518 0.39479166666666665 0.6722222222222223
4 0.39739583333333334 0.725 0.4 0.7361111111111112 0.4041666666666667 0.7435185185185185 0.4083333333333333 0.7453703703703703 0.4114583333333333 0.7398148148148148 0.4119791666666667 0.725 0.40989583333333335 0.6851851851851852 0.403125 0.674074074074074 0.4 0.6712962962962963 0.39791666666666664 0.674074074074074 0.3963541666666667 0.6824074074074075 0.39739583333333334 0.725
5 0.32916666666666666 0.7027777777777777 0.3375 0.7018518518518518 0.3375 0.6675925925925926 0.34010416666666665 0.6537037037037037 0.3338541666666667 0.6509259259259259 0.328125 0.6657407407407407 0.32708333333333334 0.6907407407407408 0.32916666666666666 0.7027777777777777
2 0.050520833333333334 0.6935185185185185 0.0484375 0.7166666666666667 0.05520833333333333 0.7185185185185186 0.05677083333333333 0.7166666666666667 0.058333333333333334 0.6888888888888889 0.065625 0.6777777777777778 0.0640625 0.6703703703703704 0.065625 0.6611111111111111 0.05625 0.6351851851851852 0.05260416666666667 0.6314814814814815 0.04583333333333333 0.6462962962962963 0.044270833333333336 0.6555555555555556 0.043229166666666666 0.674074074074074 0.050520833333333334 0.6935185185185185
4 0.2713541666666667 0.775 0.2760416666666667 0.7777777777777778 0.27760416666666665 0.7856481481481481 0.2760416666666667 0.8444444444444444 0.2833333333333333 0.8462962962962963 0.2869791666666667 0.8407407407407408 0.28489583333333335 0.812962962962963 0.290625 0.7824074074074074 0.2984375 0.7759259259259259 0.2994791666666667 0.7712962962962963 0.29635416666666664 0.7685185185185185 0.28854166666666664 0.7416666666666667 0.28229166666666666 0.7407407407407407 0.28072916666666664 0.7435185185185185 0.278125 0.7694444444444445 0.2713541666666667 0.775
4 0.31927083333333334 0.700925925925926 0.3145833333333333 0.712037037037037 0.3109375 0.7129629629629629 0.309375 0.7194444444444444 0.31354166666666666 0.7416666666666667 0.3177083333333333 0.7472222222222222 0.3203125 0.7453703703703703 0.32447916666666665 0.7231481481481481 0.32708333333333334 0.7222222222222222 0.33125 0.7388888888888889 0.33489583333333334 0.7444444444444445 0.3375 0.7398148148148148 0.3338541666666667 0.7333333333333333 0.3307291666666667 0.712037037037037 0.32864583333333336 0.6787037037037037 0.325 0.6759259259259259 0.3223958333333333 0.6685185185185185 0.3177083333333333 0.6666666666666666 0.3109375 0.6805555555555556 0.31302083333333336 0.6925925925925925 0.31927083333333334 0.700925925925926
4 0.8848958333333333 0.9064814814814814 0.8833333333333333 0.9277777777777778 0.8770833333333333 0.9462962962962963 0.88125 0.9518518518518518 0.8859375 0.950925925925926 0.8901041666666667 0.924074074074074 0.89375 0.9194444444444444 0.9057291666666667 0.9407407407407408 0.9057291666666667 0.9518518518518518 0.9078125 0.9546296296296296 0.9119791666666667 0.9518518518518518 0.9130208333333333 0.9416666666666667 0.9041666666666667 0.9212962962962963 0.903125 0.8648148148148148 0.8963541666666667 0.8379629629629629 0.8921875 0.8379629629629629 0.890625 0.8416666666666667 0.890625 0.8740740740740741 0.8848958333333333 0.8805555555555555 0.8885416666666667 0.8925925925925926 0.8848958333333333 0.9064814814814814
5 0.5234375 0.7527777777777778 0.525 0.7574074074074074 0.5328125 0.7583333333333333 0.534375 0.7518518518518519 0.5286458333333334 0.7305555555555555 0.5317708333333333 0.6972222222222222 0.525 0.6759259259259259 0.5208333333333334 0.675 0.5182291666666666 0.6888888888888889 0.5171875 0.7018518518518518 0.5234375 0.7527777777777778