4 0.4390625 0.6166666666666667 0.4390625 0.6101851851851852 0.434375 0.6018518518518519 0.4359375 0.5824074074074074 0.43125 0.5694444444444444 0.4270833333333333 0.5722222222222222 0.4239583333333333 0.587037037037037 0.4265625 0.6018518518518519 0.4244791666666667 0.6185185185185185 0.4276041666666667 0.6212962962962963 0.4390625 0.6166666666666667
5 0.3958333333333333 0.5990740740740741 0.3953125 0.587037037037037 0.3890625 0.5740740740740741 0.38645833333333335 0.575925925925926 0.38385416666666666 0.587037037037037 0.38645833333333335 0.6231481481481481 0.38958333333333334 0.625 0.3927083333333333 0.6222222222222222 0.3958333333333333 0.5990740740740741
5 0.2953125 0.6527777777777778 0.290625 0.65 0.2828125 0.6666666666666666 0.28958333333333336 0.7138888888888889 0.29270833333333335 0.7166666666666667 0.296875 0.6777777777777778 0.2953125 0.6527777777777778
3 0.20208333333333334 0.6851851851851852 0.2046875 0.6805555555555556 0.2078125 0.6342592592592593 0.20104166666666667 0.6194444444444445 0.19739583333333333 0.6194444444444445 0.19322916666666667 0.6305555555555555 0.19270833333333334 0.6453703703703704 0.19583333333333333 0.6657407407407407 0.20052083333333334 0.6851851851851852 0.20208333333333334 0.6851851851851852
5 0.052083333333333336 0.6203703703703703 0.050520833333333334 0.6074074074074074 0.04635416666666667 0.5944444444444444 0.04114583333333333 0.5981481481481481 0.0390625 0.6055555555555555 0.04010416666666667 0.6268518518518519 0.0484375 0.6324074074074074 0.052083333333333336 0.6203703703703703
4 0.15 0.6583333333333333 0.153125 0.6296296296296297 0.15208333333333332 0.6111111111111112 0.14635416666666667 0.5990740740740741 0.14010416666666667 0.6101851851851852 0.1390625 0.6268518518518519 0.1421875 0.6546296296296297 0.14791666666666667 0.6601851851851852 0.15 0.6583333333333333
5 0.5598958333333334 0.6287037037037037 0.5520833333333334 0.625 0.5473958333333333 0.6388888888888888 0.5484375 0.6851851851851852 0.5526041666666667 0.6888888888888889 0.5625 0.6342592592592593 0.5598958333333334 0.6287037037037037
4 0.11354166666666667 0.6342592592592593 0.1171875 0.6425925925925926 0.12291666666666666 0.6425925925925926 0.11770833333333333 0.5990740740740741 0.11510416666666666 0.5925925925925926 0.109375 0.5916666666666667 0.10885416666666667 0.6194444444444445 0.103125 0.6407407407407407 0.109375 0.6425925925925926 0.11354166666666667 0.6342592592592593
4 0.03697916666666667 0.85 0.04114583333333333 0.8490740740740741 0.04739583333333333 0.8027777777777778 0.046875 0.7907407407407407 0.052083333333333336 0.7833333333333333 0.04375 0.7657407407407407 0.040625 0.7638888888888888 0.029166666666666667 0.7851851851851852 0.030729166666666665 0.8166666666666667 0.0359375 0.8351851851851851 0.035416666666666666 0.8462962962962963 0.03697916666666667 0.85
5 0.3229166666666667 0.6842592592592592 0.325 0.6814814814814815 0.3255208333333333 0.6703703703703704 0.3302083333333333 0.6694444444444444 0.3302083333333333 0.6657407407407407 0.3255208333333333 0.6546296296296297 0.32708333333333334 0.6416666666666667 0.3255208333333333 0.6305555555555555 0.321875 0.6212962962962963 0.3182291666666667 0.6194444444444445 0.3171875 0.6222222222222222 0.3140625 0.6342592592592593 0.3140625 0.6462962962962963 0.31875 0.6805555555555556 0.3229166666666667 0.6842592592592592
5 0.5015625 0.6592592592592592 0.5041666666666667 0.6574074074074074 0.5015625 0.6444444444444445 0.5041666666666667 0.6240740740740741 0.5015625 0.6064814814814815 0.4979166666666667 0.6046296296296296 0.49270833333333336 0.6222222222222222 0.48541666666666666 0.6648148148148149 0.49114583333333334 0.6620370370370371 0.49375 0.6481481481481481 0.5015625 0.6592592592592592
4 0.440625 0.6962962962962963 0.4390625 0.6509259259259259 0.4322916666666667 0.637962962962963 0.4296875 0.637962962962963 0.4276041666666667 0.6435185185185185 0.42604166666666665 0.6592592592592592 0.4354166666666667 0.700925925925926 0.4390625 0.7018518518518518 0.440625 0.6962962962962963
5 0 0.6842592592592592 0.0046875 0.7027777777777777 0.0026041666666666665 0.7083333333333334 0.005729166666666666 0.712037037037037 0.00625 0.7203703703703703 0.009375 0.7231481481481481 0.0125 0.7203703703703703 0.013020833333333334 0.700925925925926 0.0171875 0.6842592592592592 0.0109375 0.6537037037037037 0.005208333333333333 0.6546296296296297 0.0020833333333333333 0.6657407407407407 0 0.6666666666666666 0 0.6842592592592592
3 0.1828125 0.5833333333333334 0.1875 0.5833333333333334 0.19166666666666668 0.5675925925925925 0.19583333333333333 0.5648148148148148 0.196875 0.5518518518518518 0.18958333333333333 0.5361111111111111 0.18541666666666667 0.5361111111111111 0.1796875 0.5435185185185185 0.178125 0.5481481481481482 0.17864583333333334 0.5638888888888889 0.18333333333333332 0.5694444444444444 0.1828125 0.5833333333333334
4 0.057291666666666664 0.7148148148148148 0.05625 0.6620370370370371 0.052083333333333336 0.65 0.04791666666666667 0.6472222222222223 0.0421875 0.6638888888888889 0.042708333333333334 0.7203703703703703 0.0453125 0.7222222222222222 0.05572916666666667 0.7175925925925926 0.057291666666666664 0.7148148148148148
5 0.45625 0.7842592592592592 0.459375 0.7805555555555556 0.46510416666666665 0.7379629629629629 0.46510416666666665 0.7231481481481481 0.4630208333333333 0.712037037037037 0.4588541666666667 0.7092592592592593 0.4510416666666667 0.725 0.44895833333333335 0.7305555555555555 0.45 0.7648148148148148 0.453125 0.7814814814814814 0.45625 0.7842592592592592
4 0.8010416666666667 0.8490740740740741 0.815625 0.8462962962962963 0.8177083333333334 0.8546296296296296 0.8260416666666667 0.8564814814814815 0.8270833333333333 0.8527777777777777 0.821875 0.8444444444444444 0.8114583333333333 0.7703703703703704 0.8067708333333333 0.7712962962962963 0.8020833333333334 0.7898148148148149 0.8020833333333334 0.812037037037037 0.8046875 0.825925925925926 0.7984375 0.8416666666666667 0.8010416666666667 0.8490740740740741
3 0.06510416666666667 0.5638888888888889 0.06510416666666667 0.5407407407407407 0.0609375 0.537962962962963 0.05625 0.5398148148148149 0.0515625 0.5537037037037037 0.050520833333333334 0.5611111111111111 0.053125 0.5851851851851851 0.059895833333333336 0.5861111111111111 0.06510416666666667 0.5638888888888889
4 0.684375 0.687962962962963 0.6848958333333334 0.6759259259259259 0.6770833333333334 0.6583333333333333 0.6723958333333333 0.6648148148148149 0.66875 0.6833333333333333 0.6677083333333333 0.7138888888888889 0.66875 0.7268518518518519 0.6723958333333333 0.7287037037037037 0.684375 0.687962962962963
4 0.5598958333333334 0.6064814814814815 0.55625 0.5944444444444444 0.5515625 0.5925925925925926 0.5489583333333333 0.6064814814814815 0.5484375 0.6342592592592593 0.559375 0.6407407407407407 0.5640625 0.6388888888888888 0.5598958333333334 0.6064814814814815
4 0.7489583333333333 0.6092592592592593 0.7401041666666667 0.5972222222222222 0.7354166666666667 0.6037037037037037 0.7390625 0.637962962962963 0.7442708333333333 0.6398148148148148 0.7463541666666667 0.6351851851851852 0.7489583333333333 0.6092592592592593
5 0.0515625 0.6509259259259259 0.050520833333333334 0.6129629629629629 0.04479166666666667 0.5990740740740741 0.03958333333333333 0.6074074074074074 0.0390625 0.6425925925925926 0.04114583333333333 0.6574074074074074 0.04479166666666667 0.6592592592592592 0.0515625 0.6509259259259259
5 0.058854166666666666 0.7166666666666667 0.05416666666666667 0.7111111111111111 0.043229166666666666 0.7157407407407408 0.04479166666666667 0.7675925925925926 0.05260416666666667 0.7907407407407407 0.05677083333333333 0.7907407407407407 0.058854166666666666 0.7166666666666667