3 0.475 0.6851851851851852 0.47604166666666664 0.649074074074074 0.4708333333333333 0.6361111111111111 0.4666666666666667 0.6361111111111111 0.4640625 0.6472222222222223 0.4661458333333333 0.6787037037037037 0.46822916666666664 0.6888888888888889 0.4708333333333333 0.6907407407407408 0.475 0.6851851851851852
5 0.29739583333333336 0.6277777777777778 0.2947916666666667 0.6101851851851852 0.2916666666666667 0.6111111111111112 0.2875 0.6222222222222222 0.2869791666666667 0.6342592592592593 0.2828125 0.6462962962962963 0.2828125 0.6518518518518519 0.28958333333333336 0.6537037037037037 0.29322916666666665 0.649074074074074 0.29739583333333336 0.6277777777777778
4 0.34427083333333336 0.6694444444444444 0.3411458333333333 0.6527777777777778 0.34270833333333334 0.637962962962963 0.3375 0.625 0.3333333333333333 0.6287037037037037 0.3307291666666667 0.6462962962962963 0.3359375 0.6731481481481482 0.340625 0.674074074074074 0.34427083333333336 0.6694444444444444
4 0.6078125 0.6694444444444444 0.6010416666666667 0.6361111111111111 0.5994791666666667 0.6342592592592593 0.5953125 0.637962962962963 0.5895833333333333 0.6472222222222223 0.590625 0.6851851851851852 0.5958333333333333 0.6824074074074075 0.6010416666666667 0.6703703703703704 0.6078125 0.6694444444444444
5 0.5583333333333333 0.7416666666666667 0.5604166666666667 0.7435185185185185 0.5619791666666667 0.7379629629629629 0.5572916666666666 0.7296296296296296 0.5552083333333333 0.7 0.5526041666666667 0.6898148148148148 0.5479166666666667 0.6925925925925925 0.5442708333333334 0.7111111111111111 0.5473958333333333 0.7435185185185185 0.5489583333333333 0.7472222222222222 0.5583333333333333 0.7416666666666667
4 0.8744791666666667 0.6768518518518518 0.8692708333333333 0.6398148148148148 0.8651041666666667 0.6324074074074074 0.8614583333333333 0.637962962962963 0.8598958333333333 0.6620370370370371 0.859375 0.6814814814814815 0.8609375 0.6833333333333333 0.8697916666666666 0.6759259259259259 0.8744791666666667 0.6768518518518518
4 0.428125 0.6185185185185185 0.4239583333333333 0.6083333333333333 0.421875 0.612037037037037 0.4119791666666667 0.6037037037037037 0.40729166666666666 0.6194444444444445 0.4083333333333333 0.6361111111111111 0.41770833333333335 0.6370370370370371 0.4244791666666667 0.6342592592592593 0.428125 0.6185185185185185
5 0.43385416666666665 0.6435185185185185 0.4276041666666667 0.6074074074074074 0.42291666666666666 0.6074074074074074 0.41510416666666666 0.6138888888888889 0.4140625 0.6268518518518519 0.41770833333333335 0.6416666666666667 0.42239583333333336 0.6453703703703704 0.43385416666666665 0.6435185185185185
4 0.20208333333333334 0.7546296296296297 0.20729166666666668 0.7555555555555555 0.20885416666666667 0.7527777777777778 0.20520833333333333 0.7314814814814815 0.20677083333333332 0.712037037037037 0.20104166666666667 0.6981481481481482 0.19739583333333333 0.7018518518518518 0.1921875 0.7157407407407408 0.19322916666666667 0.7592592592592593 0.19635416666666666 0.7611111111111111 0.20208333333333334 0.7546296296296297
5 0.5776041666666667 0.6055555555555555 0.5703125 0.587037037037037 0.5682291666666667 0.5833333333333334 0.5661458333333333 0.587037037037037 0.5640625 0.6166666666666667 0.5677083333333334 0.6185185185185185 0.578125 0.6129629629629629 0.5776041666666667 0.6055555555555555
5 0.24427083333333333 0.6333333333333333 0.23958333333333334 0.6333333333333333 0.2359375 0.6425925925925926 0.23854166666666668 0.6814814814814815 0.24375 0.6851851851851852 0.24583333333333332 0.6537037037037037 0.24427083333333333 0.6333333333333333
4 0.9135416666666667 0.7796296296296297 0.915625 0.7833333333333333 0.9234375 0.7833333333333333 0.9276041666666667 0.7722222222222223 0.9291666666666667 0.7444444444444445 0.9239583333333333 0.7351851851851852 0.9119791666666667 0.7333333333333333 0.9109375 0.7407407407407407 0.9145833333333333 0.7472222222222222 0.9166666666666666 0.7597222222222222 0.9135416666666667 0.7796296296296297
5 0.8536458333333333 0.8055555555555556 0.8557291666666667 0.7981481481481482 0.853125 0.7907407407407407 0.8588541666666667 0.775 0.8614583333333333 0.775 0.8614583333333333 0.7694444444444445 0.8572916666666667 0.7490740740740741 0.8510416666666667 0.7361111111111112 0.8479166666666667 0.737037037037037 0.8432291666666667 0.7509259259259259 0.8416666666666667 0.7675925925925926 0.846875 0.7888888888888889 0.8458333333333333 0.8018518518518518 0.8536458333333333 0.8055555555555556
5 0.4786458333333333 0.6037037037037037 0.48125 0.5981481481481481 0.4796875 0.5824074074074074 0.4822916666666667 0.5675925925925925 0.4786458333333333 0.5592592592592592 0.4744791666666667 0.5611111111111111 0.47291666666666665 0.5675925925925925 0.4734375 0.5907407407407408 0.47552083333333334 0.6027777777777777 0.4786458333333333 0.6037037037037037
5 0.22708333333333333 0.7018518518518518 0.2296875 0.6851851851851852 0.22864583333333333 0.6620370370370371 0.22395833333333334 0.6611111111111111 0.21979166666666666 0.674074074074074 0.22135416666666666 0.7157407407407408 0.225 0.7194444444444444 0.22760416666666666 0.7166666666666667 0.22708333333333333 0.7018518518518518
4 0.5828125 0.6194444444444445 0.5869791666666667 0.612037037037037 0.5953125 0.6148148148148148 0.5953125 0.6083333333333333 0.5911458333333334 0.6046296296296296 0.5875 0.5879629629629629 0.5838541666666667 0.5814814814814815 0.5817708333333333 0.5833333333333334 0.58125 0.5981481481481481 0.5765625 0.6101851851851852 0.578125 0.6185185185185185 0.5828125 0.6194444444444445
4 0.28229166666666666 0.6462962962962963 0.2786458333333333 0.637962962962963 0.275 0.6370370370370371 0.271875 0.6481481481481481 0.2713541666666667 0.6898148148148148 0.28072916666666664 0.6925925925925925 0.2833333333333333 0.6888888888888889 0.28229166666666666 0.6462962962962963
4 0.6739583333333333 0.7564814814814815 0.6697916666666667 0.7425925925925926 0.6666666666666666 0.7398148148148148 0.6604166666666667 0.775 0.6614583333333334 0.7976851851851852 0.6588541666666666 0.8101851851851852 0.6739583333333333 0.8138888888888889 0.6739583333333333 0.7564814814814815
4 0.5213541666666667 0.6 0.5265625 0.575925925925926 0.5260416666666666 0.5666666666666667 0.525 0.5601851851851852 0.5171875 0.5601851851851852 0.515625 0.5740740740740741 0.5171875 0.5916666666666667 0.51875 0.5990740740740741 0.5213541666666667 0.6
5 0.41822916666666665 0.6694444444444444 0.415625 0.6555555555555556 0.4171875 0.6472222222222223 0.4197916666666667 0.6453703703703704 0.4203125 0.637962962962963 0.41458333333333336 0.6240740740740741 0.41041666666666665 0.6231481481481481 0.4078125 0.6268518518518519 0.4041666666666667 0.6462962962962963 0.409375 0.6694444444444444 0.415625 0.675 0.41822916666666665 0.6694444444444444
3 0.35885416666666664 0.5555555555555556 0.3567708333333333 0.5527777777777778 0.35104166666666664 0.5583333333333333 0.35052083333333334 0.5833333333333334 0.3541666666666667 0.5879629629629629 0.35885416666666664 0.5675925925925925 0.35885416666666664 0.5555555555555556
0 0.540625 0.5944444444444444 0.540625 0.6064814814814815 0.5442708333333334 0.6064814814814815 0.5453125 0.5953703703703703 0.540625 0.5944444444444444