5 0.6927083333333334 0.6175925925925926 0.6895833333333333 0.6157407407407407 0.6848958333333334 0.6277777777777778 0.6880208333333333 0.6814814814814815 0.6932291666666667 0.6833333333333333 0.6979166666666666 0.6314814814814815 0.6927083333333334 0.6175925925925926
5 0.23333333333333334 0.6027777777777777 0.22864583333333333 0.5833333333333334 0.22447916666666667 0.5805555555555556 0.21979166666666666 0.5944444444444444 0.2203125 0.6305555555555555 0.23229166666666667 0.6314814814814815 0.23125 0.6212962962962963 0.23333333333333334 0.6027777777777777
5 0.2125 0.7398148148148148 0.2171875 0.7361111111111112 0.21875 0.7398148148148148 0.22447916666666667 0.7407407407407407 0.22604166666666667 0.7361111111111112 0.22447916666666667 0.7185185185185186 0.2265625 0.700925925925926 0.22552083333333334 0.6861111111111111 0.21927083333333333 0.6703703703703704 0.21666666666666667 0.6703703703703704 0.21145833333333333 0.6824074074074075 0.20989583333333334 0.6898148148148148 0.21197916666666666 0.6990740740740741 0.21145833333333333 0.7351851851851852 0.2125 0.7398148148148148
4 0.6276041666666666 0.6064814814814815 0.625 0.5990740740740741 0.621875 0.5981481481481481 0.6166666666666667 0.6111111111111112 0.61875 0.6537037037037037 0.6276041666666666 0.6555555555555556 0.6296875 0.6537037037037037 0.6276041666666666 0.6064814814814815
4 0.7244791666666667 0.6851851851851852 0.7239583333333334 0.6601851851851852 0.7182291666666667 0.6462962962962963 0.7140625 0.6462962962962963 0.709375 0.6648148148148149 0.7088541666666667 0.7138888888888889 0.7166666666666667 0.7101851851851851 0.7208333333333333 0.7037037037037037 0.7244791666666667 0.6851851851851852
4 0.7755208333333333 0.8944444444444445 0.7755208333333333 0.8768518518518519 0.7796875 0.8722222222222222 0.7791666666666667 0.8648148148148148 0.7760416666666666 0.8611111111111112 0.7765625 0.8296296296296296 0.7635416666666667 0.8046296296296296 0.7588541666666667 0.8064814814814815 0.7526041666666666 0.8287037037037037 0.7546875 0.8453703703703703 0.7708333333333334 0.8916666666666667 0.7755208333333333 0.8944444444444445
5 0.7 0.8925925925925926 0.696875 0.9120370370370371 0.7026041666666667 0.9212962962962963 0.7052083333333333 0.937037037037037 0.7088541666666667 0.937037037037037 0.7119791666666667 0.9324074074074075 0.7197916666666667 0.9398148148148148 0.7234375 0.9388888888888889 0.7255208333333333 0.9314814814814815 0.7166666666666667 0.9060185185185186 0.715625 0.887962962962963 0.7078125 0.8537037037037037 0.7041666666666667 0.8416666666666667 0.7010416666666667 0.8388888888888889 0.6979166666666666 0.8435185185185186 0.7 0.8722222222222222 0.6963541666666667 0.8787037037037037 0.6963541666666667 0.8833333333333333 0.7 0.8925925925925926
4 0.275 0.9018518518518519 0.28541666666666665 0.8842592592592593 0.29791666666666666 0.8805555555555555 0.3078125 0.8722222222222222 0.3026041666666667 0.8675925925925926 0.29791666666666666 0.8537037037037037 0.29791666666666666 0.8296296296296296 0.2869791666666667 0.8111111111111111 0.2828125 0.8175925925925925 0.2833333333333333 0.8268518518518518 0.2765625 0.8870370370370371 0.2713541666666667 0.8944444444444445 0.275 0.9018518518518519
5 0 0.6953703703703704 0.005729166666666666 0.6851851851851852 0.0078125 0.6546296296296297 0.0067708333333333336 0.6462962962962963 0.0015625 0.6342592592592593 0 0.6342592592592593 0 0.6953703703703704
5 0.39791666666666664 0.8472222222222222 0.39947916666666666 0.8101851851851852 0.39427083333333335 0.8018518518518518 0.3927083333333333 0.7925925925925926 0.3885416666666667 0.7907407407407407 0.378125 0.8231481481481482 0.378125 0.8379629629629629 0.3723958333333333 0.8731481481481481 0.3885416666666667 0.8740740740740741 0.39791666666666664 0.8472222222222222
4 0.5375 0.7425925925925926 0.5526041666666667 0.7194444444444444 0.5484375 0.7064814814814815 0.5515625 0.6888888888888889 0.5484375 0.6777777777777778 0.5447916666666667 0.675 0.5364583333333334 0.6842592592592592 0.5317708333333333 0.7212962962962963 0.5348958333333333 0.7333333333333333 0.5338541666666666 0.7398148148148148 0.5375 0.7425925925925926
4 0.490625 0.8064814814814815 0.4942708333333333 0.787962962962963 0.5015625 0.7882712962962962 0.5010416666666667 0.8018518518518518 0.509375 0.8055555555555556 0.5109375 0.8018518518518518 0.5078125 0.7481481481481481 0.5104166666666666 0.7425925925925926 0.5088541666666667 0.7324074074074074 0.503125 0.7194444444444444 0.49947916666666664 0.7212962962962963 0.4859375 0.7592592592592593 0.49322916666666666 0.7712962962962963 0.48541666666666666 0.7935185185185185 0.4859375 0.8027777777777778 0.490625 0.8064814814814815
4 0.0140625 0.812037037037037 0.01875 0.8064814814814815 0.028645833333333332 0.8083333333333333 0.027083333333333334 0.7981481481481482 0.028645833333333332 0.7648148148148148 0.027083333333333334 0.7398148148148148 0.023958333333333335 0.7277777777777777 0.019270833333333334 0.7268518518518519 0.013020833333333334 0.7398148148148148 0.009895833333333333 0.7601851851851852 0.009375 0.775 0.0125 0.7861111111111111 0.011979166666666667 0.8101851851851852 0.0140625 0.812037037037037
5 0.5447916666666667 0.7768518518518519 0.5489583333333333 0.7787037037037037 0.5515625 0.7722222222222223 0.5541666666666667 0.7722222222222223 0.559375 0.7787037037037037 0.5635416666666667 0.7787037037037037 0.5598958333333334 0.7592592592592593 0.5536458333333333 0.7453703703703703 0.5588541666666667 0.7240740740740741 0.5526041666666667 0.7175925925925926 0.5484375 0.7185185185185186 0.54375 0.7305555555555555 0.5432291666666667 0.7481481481481481 0.546875 0.7648148148148148 0.5442708333333334 0.7712962962962963 0.5447916666666667 0.7768518518518519
3 0.9661458333333334 0.9490740740740741 0.96875 0.9425925925925925 0.9760416666666667 0.9435185185185185 0.978125 0.9611111111111111 0.9875 0.9583333333333334 0.996875 0.9 0.996875 0.887962962962963 0.99375 0.8759259259259259 0.9885416666666667 0.8712962962962963 0.9859375 0.8601851851851852 0.9817708333333334 0.8592592592592593 0.9796875 0.8629629629629629 0.9755208333333333 0.8833333333333333 0.9723958333333333 0.9175925925925926 0.9619791666666667 0.9305555555555556 0.9661458333333334 0.9490740740740741
4 0.13020833333333334 0.6935185185185185 0.13854166666666667 0.6972222222222222 0.14114583333333333 0.6935185185185185 0.140625 0.6696296296296297 0.14479166666666668 0.6564814814814814 0.13854166666666667 0.6324074074074074 0.134375 0.6314814814814815 0.13020833333333334 0.6435185185185185 0.1265625 0.6675925925925926 0.13125 0.6731481481481482 0.12760416666666666 0.6888888888888889 0.13020833333333334 0.6935185185185185
3 0.3567708333333333 0.5740740740740741 0.3609375 0.575 0.3651041666666667 0.562037037037037 0.3692708333333333 0.5601851851851852 0.3723958333333333 0.5527777777777778 0.3734375 0.5407407407407407 0.3692708333333333 0.5212962962962963 0.35260416666666666 0.5212962962962963 0.346875 0.5444444444444444 0.3489583333333333 0.5564814814814815 0.35520833333333335 0.5638888888888889 0.3567708333333333 0.5740740740740741
3 0.5369791666666667 0.6962962962962963 0.5463541666666667 0.6777777777777778 0.5453125 0.6611111111111111 0.540625 0.649074074074074 0.5369791666666667 0.6481481481481481 0.5359375 0.6546296296296297 0.5307291666666667 0.6620370370370371 0.5307291666666667 0.675 0.534375 0.6833333333333333 0.5333333333333333 0.6925925925925925 0.5369791666666667 0.6962962962962963
3 0.12135416666666667 0.5712962962962963 0.12604166666666666 0.5527777777777778 0.125 0.5444444444444444 0.11875 0.5324074074074074 0.1078125 0.5453703703703704 0.1109375 0.5777777777777777 0.11822916666666666 0.5824074074074074 0.12239583333333333 0.5796296296296296 0.12135416666666667 0.5712962962962963
4 0.25416666666666665 0.5990740740740741 0.2515625 0.5898148148148148 0.24739583333333334 0.5861111111111111 0.24322916666666666 0.6018518518518519 0.24270833333333333 0.6398148148148148 0.24791666666666667 0.6425925925925926 0.25104166666666666 0.637962962962963 0.25416666666666665 0.5990740740740741
0 0.165625 0.9083333333333333 0.16197916666666667 0.9055555555555556 0.15572916666666667 0.9120370370370371 0.15572916666666667 0.9185185185185185 0.16041666666666668 0.9222222222222223 0.16666666666666666 0.9157407407407407 0.165625 0.9083333333333333
4 0.390625 0.8453703703703703 0.3927083333333333 0.8611111111111112 0.396875 0.8648148148148148 0.39739583333333334 0.8703703703703703 0.4005208333333333 0.8712962962962963 0.40260416666666665 0.862037037037037 0.40572916666666664 0.7981481481481482 0.4041666666666667 0.7888888888888889 0.3963541666666667 0.7731481481481481 0.3927083333333333 0.774074074074074 0.39114583333333336 0.7787037037037037 0.3885416666666667 0.7944444444444444 0.3890625 0.8212962962962963 0.3921875 0.8388888888888889 0.390625 0.8453703703703703
5 0.528125 0.6657407407407407 0.5276041666666667 0.6212962962962963 0.5260416666666666 0.6148148148148148 0.5213541666666667 0.6101851851851852 0.5166666666666667 0.6231481481481481 0.5161458333333333 0.6314814814814815 0.5213541666666667 0.6648148148148149 0.5265625 0.6675925925925926 0.528125 0.6657407407407407
5 0.1234375 0.9277777777777778 0.128125 0.9175925925925926 0.13385416666666666 0.9138888888888889 0.13854166666666667 0.9166666666666666 0.14114583333333333 0.9064814814814814 0.1484375 0.8962962962962963 0.1484375 0.8916666666666667 0.140625 0.8777777777777778 0.14739583333333334 0.8703703703703703 0.14270833333333333 0.8546296296296296 0.14479166666666668 0.8453703703703703 0.14270833333333333 0.8379629629629629 0.1375 0.8398148148148148 0.12708333333333333 0.8796296296296297 0.128125 0.9018518518518519 0.11822916666666666 0.9222222222222223 0.11927083333333334 0.9268518518518518 0.1234375 0.9277777777777778