4 0.17708333333333334 0.587037037037037 0.1765625 0.5703703703703704 0.16979166666666667 0.5555555555555556 0.165625 0.5555555555555556 0.16145833333333334 0.5685185185185185 0.16197916666666667 0.6166666666666667 0.16979166666666667 0.6222222222222222 0.17239583333333333 0.6185185185185185 0.17708333333333334 0.587037037037037
4 0 0.662962962962963 0.00625 0.6722222222222223 0.005208333333333333 0.6944444444444444 0.0020833333333333333 0.7046296296296296 0.005729166666666666 0.7083333333333334 0.017708333333333333 0.7083333333333334 0.01875 0.7037037037037037 0.015625 0.6768518518518518 0.019270833333333334 0.6666666666666666 0.018229166666666668 0.6472222222222223 0.0109375 0.6277777777777778 0.0067708333333333336 0.6305555555555555 0 0.6574074074074074 0 0.662962962962963
5 0.5958333333333333 0.5638888888888889 0.5979166666666667 0.5601851851851852 0.5989583333333334 0.524074074074074 0.5953125 0.5101851851851852 0.5916666666666667 0.5092592592592593 0.5880208333333333 0.5287037037037037 0.5901041666666667 0.5481481481481482 0.5885416666666666 0.5638888888888889 0.5958333333333333 0.5638888888888889
3 0.2947916666666667 0.5712962962962963 0.29791666666666666 0.5675925925925925 0.29322916666666665 0.512962962962963 0.28958333333333336 0.5083333333333333 0.284375 0.5212962962962963 0.28489583333333335 0.5506175925925926 0.2828125 0.5685185185185185 0.2911458333333333 0.5666666666666667 0.2947916666666667 0.5712962962962963
5 0.375 0.6101851851851852 0.378125 0.5675925925925925 0.3734375 0.5537037037037037 0.3697916666666667 0.5546296296296296 0.3671875 0.5657407407407408 0.3651041666666667 0.5990740740740741 0.36770833333333336 0.6148148148148148 0.3723958333333333 0.6166666666666667 0.375 0.6101851851851852
5 0.3885416666666667 0.5611111111111111 0.384375 0.5601851851851852 0.3859375 0.5648148148148148 0.38385416666666666 0.5722222222222222 0.3885416666666667 0.5722222222222222 0.3885416666666667 0.5611111111111111
5 0.023958333333333335 0.5953703703703703 0.025 0.5601851851851852 0.021354166666666667 0.549074074074074 0.016666666666666666 0.5518518518518518 0.015625 0.6111111111111112 0.022916666666666665 0.6138888888888889 0.027604166666666666 0.6074074074074074 0.023958333333333335 0.5953703703703703
5 0.13072916666666667 0.6925925925925925 0.14010416666666667 0.6888888888888889 0.14114583333333333 0.6842592592592592 0.13489583333333333 0.6648148148148149 0.13541666666666666 0.6333333333333333 0.13177083333333334 0.6185185185185185 0.12760416666666666 0.6203703703703703 0.12552083333333333 0.6370370370370371 0.125 0.6611111111111111 0.12708333333333333 0.6824074074074075 0.125 0.6898148148148148 0.13072916666666667 0.6925925925925925
2 0.7661458333333333 0.5879629629629629 0.7713541666666667 0.5925925925925926 0.775 0.5861111111111111 0.7729166666666667 0.5435185185185185 0.7682291666666666 0.5277777777777778 0.7640625 0.5305555555555556 0.7630208333333334 0.5592592592592592 0.75625 0.587037037037037 0.7588541666666667 0.5907407407407408 0.7661458333333333 0.5879629629629629
5 0.6286458333333333 0.6194444444444445 0.6234375 0.6453703703703704 0.6265625 0.6481481481481481 0.6296875 0.6453703703703704 0.6421875 0.6472222222222223 0.6390625 0.6222222222222222 0.6401041666666667 0.6027777777777777 0.634375 0.5842592592592593 0.6270833333333333 0.5833333333333334 0.6270833333333333 0.5953703703703703 0.6229166666666667 0.6064814814814815 0.628125 0.612037037037037 0.6286458333333333 0.6194444444444445
5 0.6572916666666667 0.6129629629629629 0.6541666666666667 0.5824074074074074 0.6546875 0.5675925925925925 0.6515625 0.55 0.6484375 0.5527777777777778 0.6442708333333333 0.5787037037037037 0.6453125 0.5898148148148148 0.6421875 0.6129629629629629 0.6484375 0.6157407407407407 0.6572916666666667 0.6129629629629629
5 0.39166666666666666 0.5685185185185185 0.390625 0.524074074074074 0.38645833333333335 0.512962962962963 0.38333333333333336 0.5138888888888888 0.38177083333333334 0.524074074074074 0.3807291666666667 0.5407407407407407 0.38333333333333336 0.5712962962962963 0.3890625 0.5722222222222222 0.39166666666666666 0.5685185185185185
4 0.4125 0.5287037037037037 0.4041666666666667 0.5083333333333333 0.4015625 0.512962962962963 0.4 0.5287037037037037 0.39947916666666666 0.5537037037037037 0.4041666666666667 0.5722222222222222 0.4083333333333333 0.5722222222222222 0.4125 0.5287037037037037
4 0.18072916666666666 0.5370370370370371 0.19322916666666667 0.5407407407407407 0.18854166666666666 0.525 0.18958333333333333 0.512962962962963 0.1859375 0.5009259259259259 0.178125 0.4935185185185185 0.17291666666666666 0.49722222222222223 0.17239583333333333 0.5055555555555555 0.178125 0.5101851851851852 0.18072916666666666 0.5212962962962963 0.18072916666666666 0.5370370370370371
5 0.5171875 0.512962962962963 0.5192708333333333 0.5092592592592593 0.5223958333333333 0.48518518518518516 0.521875 0.4703703703703704 0.5177083333333333 0.4638888888888889 0.5078125 0.4666666666666667 0.5057291666666667 0.47314814814814815 0.5057291666666667 0.4861111111111111 0.5114583333333333 0.5092592592592593 0.5171875 0.512962962962963
4 0.4083333333333333 0.5166666666666667 0.4041666666666667 0.5027777777777778 0.40208333333333335 0.5064814814814815 0.4005208333333333 0.525 0.4046875 0.525 0.4083333333333333 0.5212962962962963 0.4083333333333333 0.5166666666666667
4 0.446875 0.4824074074074074 0.44114583333333335 0.49074074074074076 0.4421875 0.5351851851851852 0.4552083333333333 0.5342592592592592 0.4510416666666667 0.48703703703703705 0.446875 0.4824074074074074
4 0.6307291666666667 0.5944444444444444 0.634375 0.5981481481481481 0.6369791666666667 0.5953703703703703 0.6380208333333334 0.5601851851851852 0.6354166666666666 0.5564814814814815 0.6333333333333333 0.5444444444444444 0.6307291666666667 0.5416666666666666 0.6276041666666666 0.5444444444444444 0.6255208333333333 0.5518518518518518 0.6260416666666667 0.6018518518518519 0.628125 0.6018518518518519 0.6307291666666667 0.5944444444444444
4 0.18177083333333333 0.5833333333333334 0.18541666666666667 0.5888888888888889 0.18854166666666666 0.5888888888888889 0.18385416666666668 0.5583333333333333 0.18645833333333334 0.5361111111111111 0.18125 0.5296296296296297 0.17604166666666668 0.5435185185185185 0.17447916666666666 0.5675925925925925 0.1765625 0.5842592592592593 0.17760416666666667 0.587037037037037 0.18177083333333333 0.5833333333333334