4 0.209375 0.5722222222222222 0.2125 0.575925925925926 0.215625 0.5722222222222222 0.22447916666666667 0.575 0.22604166666666667 0.5712962962962963 0.221875 0.5314814814814814 0.21666666666666667 0.5194444444444445 0.2140625 0.5222222222222223 0.21145833333333333 0.5444444444444444 0.21197916666666666 0.5574074074074075 0.209375 0.5722222222222222
4 0.10416666666666667 0.6055555555555555 0.10833333333333334 0.6018518518518519 0.109375 0.5509259259259259 0.1078125 0.5398148148148149 0.103125 0.5398148148148149 0.1 0.5518518518518518 0.1 0.6027777777777777 0.10416666666666667 0.6055555555555555
5 0.5880208333333333 0.6111111111111112 0.590625 0.6064814814814815 0.5875 0.5694444444444444 0.5838541666666667 0.5564814814814815 0.5796875 0.55 0.5770833333333333 0.5509259259259259 0.5760416666666667 0.6111111111111112 0.5880208333333333 0.6111111111111112
4 0.653125 0.6851851851851852 0.6526041666666667 0.7111111111111111 0.6619791666666667 0.7129629629629629 0.665625 0.7083333333333334 0.6645833333333333 0.6888888888888889 0.6713541666666667 0.6574074074074074 0.66875 0.6537037037037037 0.6677083333333333 0.6435185185185185 0.6583333333333333 0.6296296296296297 0.6536458333333334 0.6398148148148148 0.646875 0.6444444444444445 0.6494791666666667 0.6712962962962963 0.653125 0.6851851851851852
5 0.7234375 0.6861111111111111 0.71875 0.6990740740740741 0.7192708333333333 0.7037037037037037 0.734375 0.7046296296296296 0.7333333333333333 0.65 0.73125 0.6351851851851852 0.7286458333333333 0.6305555555555555 0.7244791666666667 0.6333333333333333 0.725 0.6583333333333333 0.7203125 0.6768518518518518 0.7234375 0.6796296296296296 0.7234375 0.6861111111111111
5 0.47604166666666664 0.5425925925925926 0.4828125 0.5462962962962963 0.4875 0.5222222222222223 0.4869791666666667 0.512962962962963 0.48125 0.5 0.478125 0.4981481481481482 0.47239583333333335 0.5157407407407407 0.4703125 0.5462962962962963 0.47604166666666664 0.5425925925925926
4 0.525 0.6620370370370371 0.5328125 0.6638888888888889 0.5354166666666667 0.6620370370370371 0.5359375 0.6398148148148148 0.5333333333333333 0.6148148148148148 0.5364583333333334 0.5916666666666667 0.5286458333333334 0.5898148148148148 0.525 0.600925925925926 0.5234375 0.6231481481481481 0.525 0.6620370370370371
5 0.6541666666666667 0.6083333333333333 0.6572916666666667 0.5953703703703703 0.6505208333333333 0.5796296296296296 0.6473958333333333 0.5796296296296296 0.6421875 0.5962962962962963 0.6432291666666666 0.6037037037037037 0.6541666666666667 0.6083333333333333
3 0.028645833333333332 0.5296296296296297 0.034895833333333334 0.5055555555555555 0.034375 0.4777777777777778 0.027083333333333334 0.47314814814814815 0.024479166666666666 0.4740740740740741 0.025 0.47962962962962963 0.020833333333333332 0.4824074074074074 0.021354166666666667 0.5287037037037037 0.028645833333333332 0.5296296296296297
4 0.5140625 0.5694444444444444 0.5177083333333333 0.5712962962962963 0.5197916666666667 0.5685185185185185 0.5229166666666667 0.5425925925925926 0.5229166666666667 0.524074074074074 0.5182291666666666 0.5111111111111111 0.5135416666666667 0.5166666666666667 0.5125 0.5222222222222223 0.5130208333333334 0.5648148148148148 0.5140625 0.5694444444444444
4 0.2375 0.5324074074074074 0.24114583333333334 0.5333333333333333 0.24375 0.5314814814814814 0.24895833333333334 0.4962962962962963 0.24375 0.48333333333333334 0.24010416666666667 0.4842592592592593 0.2375 0.4898148148148148 0.23645833333333333 0.5259259259259259 0.2375 0.5324074074074074
5 0.5447916666666667 0.5787037037037037 0.5484375 0.575925925925926 0.5463541666666667 0.5361111111111111 0.5421875 0.525 0.5375 0.5277777777777778 0.5364583333333334 0.5777777777777777 0.5447916666666667 0.5787037037037037
4 0.39791666666666664 0.5861111111111111 0.39947916666666666 0.5888888888888889 0.40520833333333334 0.5861111111111111 0.4119791666666667 0.5888888888888889 0.4161458333333333 0.5777777777777777 0.4161458333333333 0.55 0.4125 0.525 0.4114583333333333 0.5222222222222223 0.4083333333333333 0.5259259259259259 0.39947916666666666 0.5268518518518519 0.39791666666666664 0.5333333333333333 0.39791666666666664 0.5861111111111111
5 0.3182291666666667 0.5833333333333334 0.32083333333333336 0.587037037037037 0.3265625 0.5842592592592593 0.3338541666666667 0.587037037037037 0.33125 0.537962962962963 0.3265625 0.5277777777777778 0.3234375 0.5342592592592592 0.321875 0.5712962962962963 0.3182291666666667 0.5833333333333334
5 0.3776041666666667 0.6657407407407407 0.3802083333333333 0.6694444444444444 0.38385416666666666 0.6648148148148149 0.3932291666666667 0.6685185185185185 0.3953125 0.6648148148148149 0.3932291666666667 0.6583333333333333 0.39427083333333335 0.6074074074074074 0.3921875 0.5944444444444444 0.3880208333333333 0.5907407407407408 0.38333333333333336 0.6055555555555555 0.38229166666666664 0.6453703703703704 0.3776041666666667 0.6657407407407407
4 0.8760416666666667 0.7787037037037037 0.8770833333333333 0.7833333333333333 0.8822916666666667 0.7861111111111111 0.8869791666666667 0.812962962962963 0.8864583333333333 0.8240740740740741 0.8927083333333333 0.8287037037037037 0.8963541666666667 0.8185185185185185 0.8958333333333334 0.7888888888888889 0.9 0.7527777777777778 0.8901041666666667 0.725925925925926 0.8869791666666667 0.725 0.8838541666666667 0.7296296296296296 0.8817708333333333 0.7592592592592593 0.8760416666666667 0.7787037037037037
5 0.409375 0.587037037037037 0.4119791666666667 0.5888888888888889 0.4171875 0.5777777777777777 0.4171875 0.5425925925925926 0.4119791666666667 0.5185185185185185 0.4088541666666667 0.5212962962962963 0.40625 0.5305555555555556 0.40989583333333335 0.5601851851851852 0.409375 0.587037037037037
0 0.1328125 0.6092592592592593 0.13072916666666667 0.5972222222222222 0.12604166666666666 0.5990740740740741 0.12604166666666666 0.6111111111111112 0.1328125 0.6092592592592593
5 0.5536458333333333 0.6351851851851852 0.5526041666666667 0.6583333333333333 0.5651041666666666 0.6611111111111111 0.5666666666666667 0.6583333333333333 0.5651041666666666 0.6055555555555555 0.559375 0.5898148148148148 0.55625 0.5898148148148148 0.5541666666666667 0.5962962962962963 0.5515625 0.6222222222222222 0.5536458333333333 0.6351851851851852
4 0.6625 0.6342592592592593 0.6661458333333333 0.6550925925925926 0.6661458333333333 0.6703703703703704 0.6697916666666667 0.6722222222222223 0.6734375 0.662962962962963 0.675 0.6166666666666667 0.6734375 0.6 0.6703125 0.5907407407407408 0.665625 0.5879629629629629 0.6635416666666667 0.5944444444444444 0.6640625 0.6314814814814815 0.6625 0.6342592592592593
2 0.975 0.6101851851851852 0.9760416666666667 0.5944444444444444 0.9807291666666667 0.575 0.9791666666666666 0.5564814814814815 0.9703125 0.537962962962963 0.9671875 0.5481481481481482 0.9661458333333334 0.6074074074074074 0.975 0.6101851851851852
5 0.7072916666666667 0.6564814814814814 0.7046875 0.6768518518518518 0.7078125 0.6805555555555556 0.7177083333333333 0.6814814814814815 0.7213541666666666 0.6768518518518518 0.7192708333333333 0.6435185185185185 0.7130208333333333 0.6157407407407407 0.7088541666666667 0.6129629629629629 0.7067708333333333 0.6185185185185185 0.7036458333333333 0.6398148148148148 0.7072916666666667 0.6564814814814814