3 0.4114583333333333 0.6537037037037037 0.4119791666666667 0.6462962962962963 0.41458333333333336 0.6425925925925926 0.4234375 0.6537037037037037 0.4171875 0.6287037037037037 0.4161458333333333 0.6037037037037037 0.4119791666666667 0.5953703703703703 0.40677083333333336 0.5972222222222222 0.40677083333333336 0.6537037037037037 0.4114583333333333 0.6537037037037037
4 0.39114583333333336 0.7296296296296296 0.39791666666666664 0.7166666666666667 0.3958333333333333 0.7083333333333334 0.4 0.6935185185185185 0.4 0.6814814814814815 0.3921875 0.6611111111111111 0.3880208333333333 0.6611111111111111 0.38645833333333335 0.6768518518518518 0.3880208333333333 0.7287037037037037 0.39114583333333336 0.7296296296296296
5 0.1203125 0.7175925925925926 0.121875 0.7083333333333334 0.128125 0.7083333333333334 0.13072916666666667 0.7175925925925926 0.13489583333333333 0.7175925925925926 0.1296875 0.6833333333333333 0.12864583333333332 0.6574074074074074 0.12291666666666666 0.6583333333333333 0.11770833333333333 0.6731481481481482 0.1171875 0.7166666666666667 0.1203125 0.7175925925925926
3 0.04479166666666667 0.5777777777777777 0.0484375 0.5777777777777777 0.05260416666666667 0.5666666666666667 0.059895833333333336 0.562037037037037 0.059895833333333336 0.5555555555555556 0.05572916666666667 0.5305555555555556 0.0484375 0.5287037037037037 0.04375 0.5388888888888889 0.042708333333333334 0.5731481481481482 0.04479166666666667 0.5777777777777777
5 0.3182291666666667 0.7361111111111112 0.3265625 0.7231481481481481 0.32708333333333334 0.712037037037037 0.3177083333333333 0.6666666666666666 0.3151041666666667 0.6638888888888889 0.31197916666666664 0.6666666666666666 0.3140625 0.7324074074074074 0.3182291666666667 0.7361111111111112
5 0.27447916666666666 0.6092592592592593 0.2791666666666667 0.612037037037037 0.2755208333333333 0.5712962962962963 0.26979166666666665 0.5685185185185185 0.26666666666666666 0.5833333333333334 0.26666666666666666 0.612037037037037 0.27447916666666666 0.6092592592592593
4 0.2125 0.6620370370370371 0.215625 0.65 0.22552083333333334 0.6546296296296297 0.22447916666666667 0.6425925925925926 0.21875 0.6342592592592593 0.21510416666666668 0.6092592592592593 0.2109375 0.6027777777777777 0.20885416666666667 0.6018518518518519 0.2078125 0.6055555555555555 0.20833333333333334 0.6620370370370371 0.2125 0.6620370370370371
0 0.153125 0.7138888888888889 0.15833333333333333 0.712037037037037 0.1578125 0.7037037037037037 0.15364583333333334 0.700925925925926 0.15052083333333333 0.7046296296296296 0.15 0.7083333333333334 0.153125 0.7138888888888889
4 0.2557291666666667 0.6972222222222222 0.2604166666666667 0.7 0.26510416666666664 0.6907407407407408 0.2791666666666667 0.6953703703703704 0.2791666666666667 0.6861111111111111 0.27291666666666664 0.6796296296296296 0.26979166666666665 0.6537037037037037 0.2635416666666667 0.6407407407407407 0.259375 0.6425925925925926 0.259375 0.6861111111111111 0.2557291666666667 0.6972222222222222
4 0.5244791666666667 0.6157407407407407 0.5322916666666667 0.6388888888888888 0.5411458333333333 0.6398148148148148 0.5416666666666666 0.6314814814814815 0.5369791666666667 0.6055555555555555 0.5328125 0.5916666666666667 0.525 0.5805555555555556 0.5234375 0.5833333333333334 0.5244791666666667 0.6157407407407407
4 0.7078125 0.7592592592592593 0.7151041666666667 0.7601851851851852 0.7166666666666667 0.7046296296296296 0.7088541666666667 0.6851851851851852 0.70625 0.687962962962963 0.7041666666666667 0.7 0.7036458333333333 0.7435185185185185 0.7078125 0.7592592592592593
4 0.4354166666666667 0.6037037037037037 0.4390625 0.6064814814814815 0.44583333333333336 0.5953703703703703 0.44114583333333335 0.5666666666666667 0.4354166666666667 0.5592592592592592 0.43333333333333335 0.5601851851851852 0.43385416666666665 0.5916666666666667 0.4354166666666667 0.6037037037037037
4 0.434375 0.6574074074074074 0.4390625 0.6611111111111111 0.44166666666666665 0.6574074074074074 0.44166666666666665 0.612037037037037 0.4395833333333333 0.5916666666666667 0.4359375 0.5953703703703703 0.43697916666666664 0.5990740740740741 0.4328125 0.6064814814814815 0.43125 0.637962962962963 0.434375 0.6574074074074074
5 0.584375 0.6601851851851852 0.5916666666666667 0.6620370370370371 0.5953125 0.6527777777777778 0.590625 0.637962962962963 0.5916666666666667 0.6148148148148148 0.5895833333333333 0.6037037037037037 0.5838541666666667 0.5990740740740741 0.58125 0.6074074074074074 0.5807291666666666 0.6212962962962963 0.584375 0.6601851851851852
5 0.715625 0.7712962962962963 0.7208333333333333 0.774074074074074 0.7255208333333333 0.7620370370370371 0.7302083333333333 0.762962962962963 0.7317708333333334 0.7574074074074074 0.7255208333333333 0.7388888888888889 0.7260416666666667 0.7222222222222222 0.7213541666666666 0.7037037037037037 0.715625 0.7027777777777777 0.7145833333333333 0.7574074074074074 0.715625 0.7712962962962963
5 0.6442708333333333 0.6388888888888888 0.646875 0.6472222222222223 0.6505208333333333 0.649074074074074 0.653125 0.6425925925925926 0.6515625 0.6370370370370371 0.653125 0.6305555555555555 0.6520833333333333 0.6148148148148148 0.646875 0.6046296296296296 0.6427083333333333 0.6111111111111112 0.6416666666666667 0.6231481481481481 0.6442708333333333 0.6388888888888888
5 0.5270833333333333 0.6222222222222222 0.5302083333333333 0.612037037037037 0.528125 0.6018518518518519 0.5296875 0.5907407407407408 0.5255208333333333 0.5768518518518518 0.5213541666666667 0.5787037037037037 0.5229166666666667 0.6185185185185185 0.5270833333333333 0.6222222222222222
5 0.4505208333333333 0.6287037037037037 0.44947916666666665 0.637962962962963 0.4510416666666667 0.6425925925925926 0.4552083333333333 0.6444444444444445 0.45729166666666665 0.6425925925925926 0.45625 0.6231481481481481 0.4588541666666667 0.6027777777777777 0.4546875 0.5907407407407408 0.446875 0.5972222222222222 0.4473958333333333 0.6175925925925926 0.4505208333333333 0.6287037037037037
4 0.5973958333333333 0.6324074074074074 0.60625 0.6388888888888888 0.609375 0.6138888888888889 0.6057291666666667 0.5935185185185186 0.5994791666666667 0.5833333333333334 0.5958333333333333 0.5861111111111111 0.5984375 0.6166666666666667 0.5973958333333333 0.6324074074074074
4 0.6005208333333333 0.6314814814814815 0.6078125 0.6546296296296297 0.6151041666666667 0.6546296296296297 0.6161458333333333 0.6453703703703704 0.6119791666666666 0.6111111111111112 0.6036458333333333 0.5916666666666667 0.6 0.5944444444444444 0.5989583333333334 0.6203703703703703 0.6005208333333333 0.6314814814814815
3 0.0125 0.5787037037037037 0.017708333333333333 0.5833333333333334 0.019270833333333334 0.5805555555555556 0.019270833333333334 0.5546296296296296 0.0171875 0.5472222222222223 0.013020833333333334 0.5407407407407407 0.005729166666666666 0.5527777777777778 0.007291666666666667 0.5796296296296296 0.0125 0.5787037037037037
4 0.6494791666666667 0.6648148148148149 0.6536458333333334 0.674074074074074 0.6630208333333333 0.675 0.6651041666666667 0.6657407407407407 0.6583333333333333 0.6287037037037037 0.646875 0.6064814814814815 0.6453125 0.6064814814814815 0.6442708333333333 0.6138888888888889 0.64375 0.6222222222222222 0.6494791666666667 0.6648148148148149
1 0.9083333333333333 0.6305555555555555 0.9078125 0.6462962962962963 0.9161458333333333 0.6481481481481481 0.9182291666666667 0.6435185185185185 0.9166666666666666 0.6351851851851852 0.9177083333333333 0.6064814814814815 0.9130208333333333 0.5916666666666667 0.9072916666666667 0.5907407407407408 0.9052083333333333 0.5953703703703703 0.9036458333333334 0.6148148148148148 0.9083333333333333 0.6305555555555555