3 0.4828125 0.6305555555555555 0.48489583333333336 0.6277777777777778 0.48854166666666665 0.575925925925926 0.4822916666666667 0.5703703703703704 0.4765625 0.5824074074074074 0.4744791666666667 0.6037037037037037 0.4786458333333333 0.6111111111111112 0.478125 0.6287037037037037 0.4828125 0.6305555555555555
5 0.5520833333333334 0.6027777777777777 0.553125 0.5685185185185185 0.5552083333333333 0.5601851851851852 0.5484375 0.5537037037037037 0.54375 0.5638888888888889 0.5427083333333333 0.5722222222222222 0.546875 0.5814814814814815 0.5473958333333333 0.6 0.5520833333333334 0.6027777777777777
5 0.8875 0.6537037037037037 0.8796875 0.6425925925925926 0.875 0.6574074074074074 0.8760416666666667 0.662962962962963 0.871875 0.700925925925926 0.8880208333333334 0.7064814814814815 0.8875 0.6537037037037037
5 0.6578125 0.6074074074074074 0.6619791666666667 0.5824074074074074 0.665625 0.5796296296296296 0.6578125 0.5601851851851852 0.6541666666666667 0.5601851851851852 0.6505208333333333 0.5685185185185185 0.6494791666666667 0.5712962962962963 0.6526041666666667 0.5861111111111111 0.65 0.5953703703703703 0.6578125 0.6074074074074074
5 0.603125 0.6064814814814815 0.5994791666666667 0.6 0.5947916666666667 0.612037037037037 0.5942708333333333 0.6537037037037037 0.5973958333333333 0.6574074074074074 0.60625 0.6574074074074074 0.603125 0.6064814814814815
4 0.4479166666666667 0.649074074074074 0.44375 0.6296296296296297 0.44375 0.6027777777777777 0.44114583333333335 0.5972222222222222 0.4390625 0.5962962962962963 0.4375 0.6037037037037037 0.43072916666666666 0.6111111111111112 0.428125 0.6222222222222222 0.428125 0.6611111111111111 0.434375 0.6638888888888889 0.43802083333333336 0.6564814814814814 0.4479166666666667 0.649074074074074
5 0.6541666666666667 0.687037037037037 0.6510416666666666 0.6694444444444444 0.646875 0.6694444444444444 0.6421875 0.6898148148148148 0.6416666666666667 0.7296296296296296 0.6463541666666667 0.7333333333333333 0.6541666666666667 0.7157407407407408 0.6541666666666667 0.687037037037037
5 0.91875 0.6027777777777777 0.9140625 0.6037037037037037 0.9109375 0.6231481481481481 0.9104166666666667 0.6537037037037037 0.9203125 0.6574074074074074 0.9234375 0.6203703703703703 0.91875 0.6027777777777777
4 0.27395833333333336 0.5787037037037037 0.271875 0.5611111111111111 0.26927083333333335 0.5574074074074075 0.2635416666666667 0.5611111111111111 0.26197916666666665 0.5675925925925925 0.26145833333333335 0.6111111111111112 0.2635416666666667 0.612037037037037 0.26927083333333335 0.6074074074074074 0.27395833333333336 0.5787037037037037
4 0.9432291666666667 0.6833333333333333 0.9447916666666667 0.6342592592592593 0.9390625 0.6194444444444445 0.9348958333333334 0.625 0.9333333333333333 0.6453703703703704 0.9322916666666666 0.6777777777777778 0.9348958333333334 0.6814814814814815 0.9390625 0.6787037037037037 0.9432291666666667 0.6833333333333333
5 0.36875 0.612037037037037 0.37135416666666665 0.6 0.37552083333333336 0.5953703703703703 0.37083333333333335 0.5916666666666667 0.36875 0.5814814814814815 0.3651041666666667 0.5805555555555556 0.3614583333333333 0.5953703703703703 0.36041666666666666 0.6305555555555555 0.365625 0.6342592592592593 0.3697916666666667 0.6305555555555555 0.36875 0.612037037037037
4 0.40625 0.5916666666666667 0.4046875 0.575925925925926 0.40208333333333335 0.575925925925926 0.39791666666666664 0.5879629629629629 0.3953125 0.6064814814814815 0.3953125 0.6361111111111111 0.4 0.6425925925925926 0.4036458333333333 0.6416666666666667 0.40625 0.5916666666666667
5 0.28020833333333334 0.6388888888888888 0.2838541666666667 0.6351851851851852 0.2869791666666667 0.6018518518518519 0.2828125 0.5805555555555556 0.2765625 0.587037037037037 0.27395833333333336 0.6 0.2760416666666667 0.6092592592592593 0.2765625 0.6361111111111111 0.28020833333333334 0.6388888888888888
4 0.23385416666666667 0.6351851851851852 0.23489583333333333 0.6203703703703703 0.23229166666666667 0.5814814814814815 0.228125 0.5796296296296296 0.22395833333333334 0.5916666666666667 0.22291666666666668 0.6074074074074074 0.22760416666666666 0.6305555555555555 0.2296875 0.6361111111111111 0.23385416666666667 0.6351851851851852
4 0.23333333333333334 0.6342592592592593 0.234375 0.6203703703703703 0.23229166666666667 0.6074074074074074 0.22395833333333334 0.6037037037037037 0.21979166666666666 0.6083333333333333 0.21770833333333334 0.6203703703703703 0.21927083333333333 0.6583333333333333 0.22083333333333333 0.6638888888888889 0.22447916666666667 0.6638888888888889 0.23333333333333334 0.6342592592592593
4 0.29322916666666665 0.5537037037037037 0.2942708333333333 0.5324074074074074 0.2911458333333333 0.5231481481481481 0.28802083333333334 0.525 0.2859375 0.5361111111111111 0.2833333333333333 0.5638888888888889 0.28802083333333334 0.5703703703703704 0.2916666666666667 0.5666666666666667 0.29322916666666665 0.5537037037037037
4 0.49375 0.5361111111111111 0.490625 0.5305555555555556 0.48854166666666665 0.5314814814814814 0.48489583333333336 0.5444444444444444 0.48385416666666664 0.5722222222222222 0.49322916666666666 0.5740740740740741 0.49583333333333335 0.5527777777777778 0.49375 0.5361111111111111
5 0.42239583333333336 0.5361111111111111 0.4197916666666667 0.525 0.415625 0.5259259259259259 0.4125 0.5648148148148148 0.4197916666666667 0.5703703703703704 0.4234375 0.5638888888888889 0.42239583333333336 0.5361111111111111
0 0.4270833333333333 0.537962962962963 0.4234375 0.5314814814814814 0.42083333333333334 0.5324074074074074 0.42083333333333334 0.5388888888888889 0.4234375 0.5435185185185185 0.4270833333333333 0.537962962962963
3 0.9427083333333334 0.5333333333333333 0.9395833333333333 0.5268518518518519 0.9375 0.5287037037037037 0.9375 0.5425925925925926 0.9348958333333334 0.5527777777777778 0.934375 0.5722222222222222 0.9390625 0.5861111111111111 0.9432291666666667 0.5546296296296296 0.9427083333333334 0.5333333333333333
4 0.40989583333333335 0.5564814814814815 0.4041666666666667 0.5435185185185185 0.39947916666666666 0.5518518518518518 0.4 0.5805555555555556 0.4046875 0.5842592592592593 0.40989583333333335 0.5675925925925925 0.40989583333333335 0.5564814814814815
4 0.4432291666666667 0.6546296296296297 0.4484375 0.65 0.44479166666666664 0.6361111111111111 0.44427083333333334 0.5953703703703703 0.4375 0.5962962962962963 0.4348958333333333 0.6111111111111112 0.43697916666666664 0.65 0.4390625 0.6546296296296297 0.4432291666666667 0.6546296296296297
3 0.35052083333333334 0.5472222222222223 0.35104166666666664 0.5231481481481481 0.3541666666666667 0.512962962962963 0.3453125 0.49722222222222223 0.3421875 0.5277777777777778 0.34427083333333336 0.5481481481481482 0.3463541666666667 0.55 0.35052083333333334 0.5472222222222223
1 0.12083333333333333 0.6185185185185185 0.12395833333333334 0.6148148148148148 0.1265625 0.5842592592592593 0.12916666666666668 0.5833333333333334 0.12864583333333332 0.5703703703703704 0.12291666666666666 0.5601851851851852 0.11614583333333334 0.562962962962963 0.11302083333333333 0.575925925925926 0.115625 0.5824074074074074 0.11666666666666667 0.6148148148148148 0.12083333333333333 0.6185185185185185
5 0.6473958333333333 0.6472222222222223 0.6510416666666666 0.6481481481481481 0.6552083333333333 0.6175925925925926 0.6588541666666666 0.6148148148148148 0.6583333333333333 0.6046296296296296 0.6541666666666667 0.5898148148148148 0.6432291666666666 0.5962962962962963 0.6421875 0.5990740740740741 0.6453125 0.6074074074074074 0.6458333333333334 0.6425925925925926 0.6473958333333333 0.6472222222222223