4 0.6338541666666667 0.6537037037037037 0.6421875 0.6564814814814814 0.6447916666666667 0.6305555555555555 0.6432291666666666 0.6185185185185185 0.6385416666666667 0.6157407407407407 0.6333333333333333 0.6240740740740741 0.6322916666666667 0.6388888888888888 0.6276041666666666 0.6537037037037037 0.6296875 0.6574074074074074 0.6338541666666667 0.6537037037037037
0 0.6463541666666667 0.6111111111111112 0.6463541666666667 0.6175925925925926 0.6520833333333333 0.6185185185185185 0.65 0.6074074074074074 0.6463541666666667 0.6111111111111112
4 0.4510416666666667 0.6851851851851852 0.4552083333333333 0.6851851851851852 0.4583333333333333 0.6814814814814815 0.45729166666666665 0.6638888888888889 0.46041666666666664 0.6453703703703704 0.4552083333333333 0.6314814814814815 0.4484375 0.6370370370370371 0.4453125 0.6425925925925926 0.44947916666666665 0.6611111111111111 0.4505208333333333 0.6824074074074075 0.4510416666666667 0.6851851851851852
4 0.6578125 0.6185185185185185 0.6588541666666666 0.6101851851851852 0.6541666666666667 0.5833333333333334 0.65 0.5824074074074074 0.646875 0.5916666666666667 0.6479166666666667 0.6083333333333333 0.6463541666666667 0.6148148148148148 0.6510416666666666 0.6203703703703703 0.6578125 0.6185185185185185
4 0.440625 0.6064814814814815 0.43802083333333336 0.6083333333333333 0.4359375 0.6166666666666667 0.4354166666666667 0.6351851851851852 0.4473958333333333 0.6462962962962963 0.44895833333333335 0.6185185185185185 0.440625 0.6064814814814815
4 0.23645833333333333 0.6509259259259259 0.2390625 0.6462962962962963 0.2390625 0.6342592592592593 0.2359375 0.6027777777777777 0.23229166666666667 0.5990740740740741 0.2296875 0.6083333333333333 0.228125 0.6305555555555555 0.22395833333333334 0.6453703703703704 0.228125 0.6509259259259259 0.23645833333333333 0.6509259259259259
4 0.44947916666666665 0.5879629629629629 0.453125 0.5592592592592592 0.4505208333333333 0.55 0.4453125 0.5518518518518518 0.4427083333333333 0.5611111111111111 0.4427083333333333 0.5861111111111111 0.4473958333333333 0.5916666666666667 0.44947916666666665 0.5879629629629629
4 0.37135416666666665 0.5851851851851851 0.36822916666666666 0.5814814814814815 0.3645833333333333 0.5898148148148148 0.3651041666666667 0.6194444444444445 0.3697916666666667 0.6240740740740741 0.3723958333333333 0.6148148148148148 0.37135416666666665 0.5851851851851851
4 0.6911458333333333 0.6759259259259259 0.6859375 0.6620370370370371 0.6802083333333333 0.6731481481481482 0.6828125 0.7194444444444444 0.6885416666666667 0.7212962962962963 0.690625 0.7111111111111111 0.6911458333333333 0.6759259259259259
5 0.3046875 0.7444444444444445 0.3078125 0.7361111111111112 0.30625 0.6935185185185185 0.3 0.6796296296296296 0.296875 0.6814814814814815 0.29375 0.6925925925925925 0.29322916666666665 0.7018518518518518 0.2984375 0.7212962962962963 0.30104166666666665 0.7425925925925926 0.3046875 0.7444444444444445
2 0.10104166666666667 0.5842592592592593 0.09947916666666666 0.575925925925926 0.096875 0.5740740740740741 0.09270833333333334 0.5824074074074074 0.09375 0.6194444444444445 0.09895833333333333 0.6203703703703703 0.10260416666666666 0.6148148148148148 0.10104166666666667 0.5842592592592593
5 0.41458333333333336 0.5703703703703704 0.4109375 0.5712962962962963 0.4046875 0.6 0.415625 0.6046296296296296 0.4161458333333333 0.5740740740740741 0.41458333333333336 0.5703703703703704
5 0.6161458333333333 0.6222222222222222 0.6109375 0.6064814814814815 0.6067708333333334 0.612037037037037 0.6057291666666667 0.6305555555555555 0.6078125 0.6472222222222223 0.6145833333333334 0.6425925925925926 0.6161458333333333 0.6222222222222222
4 0.2703125 0.6712962962962963 0.278125 0.6583333333333333 0.27760416666666665 0.6138888888888889 0.2755208333333333 0.600925925925926 0.26666666666666666 0.6138888888888889 0.2640625 0.6222222222222222 0.265625 0.6462962962962963 0.2635416666666667 0.662962962962963 0.2671875 0.6712962962962963 0.2703125 0.6712962962962963
5 0.31302083333333336 0.6509259259259259 0.3140625 0.637962962962963 0.31197916666666664 0.6064814814814815 0.309375 0.6037037037037037 0.30572916666666666 0.6083333333333333 0.30416666666666664 0.6138888888888889 0.30572916666666666 0.6509259259259259 0.3104166666666667 0.6555555555555556 0.31302083333333336 0.6509259259259259
5 0.2786458333333333 0.6148148148148148 0.2755208333333333 0.6064814814814815 0.27239583333333334 0.6129629629629629 0.271875 0.6583333333333333 0.2755208333333333 0.662962962962963 0.28020833333333334 0.6574074074074074 0.2786458333333333 0.6148148148148148
5 0.3307291666666667 0.5916666666666667 0.3234375 0.5935185185185186 0.32395833333333335 0.6342592592592593 0.3260416666666667 0.6416666666666667 0.3302083333333333 0.6435185185185185 0.3307291666666667 0.5916666666666667
5 0.3484375 0.5833333333333334 0.3453125 0.5796296296296296 0.340625 0.5879629629629629 0.33958333333333335 0.6194444444444445 0.346875 0.6240740740740741 0.3489583333333333 0.6194444444444445 0.3484375 0.5833333333333334
3 0.45208333333333334 0.537962962962963 0.44947916666666665 0.5351851851851852 0.44427083333333334 0.5370370370370371 0.4427083333333333 0.5407407407407407 0.4453125 0.5555555555555556 0.45260416666666664 0.5583333333333333 0.45208333333333334 0.537962962962963
5 0.42291666666666666 0.6703703703703704 0.4239583333333333 0.6601851851851852 0.421875 0.6342592592592593 0.4171875 0.6212962962962963 0.41302083333333334 0.6268518518518519 0.4119791666666667 0.6388888888888888 0.4161458333333333 0.6657407407407407 0.4197916666666667 0.6712962962962963 0.42291666666666666 0.6703703703703704
4 0.10572916666666667 0.7472222222222222 0.10572916666666667 0.6861111111111111 0.10052083333333334 0.6851851851851852 0.096875 0.6990740740740741 0.09791666666666667 0.7240740740740741 0.09427083333333333 0.7435185185185185 0.09739583333333333 0.7481481481481481 0.10572916666666667 0.7472222222222222
5 0.609375 0.6657407407407407 0.6046875 0.6527777777777778 0.6020833333333333 0.6537037037037037 0.5989583333333334 0.6620370370370371 0.6010416666666667 0.7055555555555556 0.6057291666666667 0.7083333333333334 0.6078125 0.7027777777777777 0.609375 0.6657407407407407
5 0.44375 0.5981481481481481 0.43854166666666666 0.5972222222222222 0.43697916666666664 0.6 0.4354166666666667 0.6138888888888889 0.4390625 0.6166666666666667 0.44427083333333334 0.6148148148148148 0.44375 0.5981481481481481
3 0.8067708333333333 0.8685185185185185 0.8161458333333333 0.8731481481481481 0.8197916666666667 0.8157407407407408 0.8140625 0.7935185185185185 0.809375 0.7953703703703704 0.8036458333333333 0.8138888888888889 0.8041666666666667 0.8416666666666667 0.8005208333333333 0.8685185185185185 0.8020833333333334 0.8722222222222222 0.8067708333333333 0.8685185185185185
3 0.7520833333333333 0.5444444444444444 0.7489583333333333 0.5509259259259259 0.7484375 0.5731481481481482 0.7552083333333334 0.575 0.75625 0.5453703703703704 0.7520833333333333 0.5444444444444444
3 0.38958333333333334 0.6592592592592592 0.3927083333333333 0.6712962962962963 0.3953125 0.6648148148148149 0.390625 0.6185185185185185 0.3859375 0.6185185185185185 0.3828125 0.6268518518518519 0.3807291666666667 0.6694444444444444 0.384375 0.6703703703703704 0.3859375 0.6611111111111111 0.38958333333333334 0.6592592592592592