4 0.3140625 0.6888888888888889 0.31875 0.6861111111111111 0.31614583333333335 0.6657407407407407 0.3182291666666667 0.6537037037037037 0.3177083333333333 0.6370370370370371 0.3140625 0.6361111111111111 0.3104166666666667 0.6425925925925926 0.303125 0.6712962962962963 0.296875 0.6796296296296296 0.2984375 0.687037037037037 0.3067708333333333 0.6777777777777778 0.3125 0.6768518518518518 0.3140625 0.6888888888888889
4 0.15 0.6222222222222222 0.14635416666666667 0.6185185185185185 0.14322916666666666 0.6231481481481481 0.13958333333333334 0.6444444444444445 0.1375 0.674074074074074 0.1421875 0.6759259259259259 0.15 0.6555555555555556 0.15 0.6222222222222222
5 0.4473958333333333 0.6907407407407408 0.45260416666666664 0.6777777777777778 0.446875 0.637962962962963 0.4427083333333333 0.6388888888888888 0.43854166666666666 0.6666666666666666 0.4359375 0.6962962962962963 0.4401041666666667 0.7 0.44166666666666665 0.6935185185185185 0.4473958333333333 0.6907407407407408
5 0.39739583333333334 0.6314814814814815 0.4041666666666667 0.6203703703703703 0.4041666666666667 0.5898148148148148 0.39947916666666666 0.587037037037037 0.3953125 0.5990740740740741 0.38958333333333334 0.6342592592592593 0.3921875 0.6388888888888888 0.3958333333333333 0.6388888888888888 0.39739583333333334 0.6314814814814815
4 0.4666666666666667 0.6333333333333333 0.4744791666666667 0.6175925925925926 0.4734375 0.5833333333333334 0.4703125 0.5805555555555556 0.4666666666666667 0.5888888888888889 0.4661458333333333 0.600925925925926 0.46197916666666666 0.6138888888888889 0.4630208333333333 0.6305555555555555 0.4666666666666667 0.6333333333333333
4 0.040625 0.7138888888888889 0.05364583333333333 0.7138888888888889 0.058333333333333334 0.6962962962962963 0.05625 0.6537037037037037 0.052083333333333336 0.6518518518518519 0.04583333333333333 0.6657407407407407 0.04479166666666667 0.6851851851851852 0.040625 0.700925925925926 0.035416666666666666 0.7083333333333334 0.040625 0.7138888888888889
4 0.721875 0.6620370370370371 0.7119791666666667 0.6342592592592593 0.7125 0.6055555555555555 0.7088541666666667 0.6037037037037037 0.7067708333333333 0.6074074074074074 0.6981770833333333 0.6407407407407407 0.6921875 0.6435185185185185 0.6927083333333334 0.6518518518518519 0.709375 0.6481481481481481 0.7161458333333334 0.6620370370370371 0.721875 0.6620370370370371
5 0 0.6537037037037037 0.0078125 0.6537037037037037 0.009375 0.6601851851851852 0.013541666666666667 0.6601851851851852 0.015104166666666667 0.6574074074074074 0.013541666666666667 0.6527777777777778 0.014583333333333334 0.6074074074074074 0.010416666666666666 0.6037037037037037 0.004166666666666667 0.6074074074074074 0.005208333333333333 0.6324074074074074 0.003125 0.6416666666666667 0 0.6425925925925926 0 0.6537037037037037
3 0.0875 0.6907407407407408 0.09010416666666667 0.6824074074074075 0.0953125 0.6907407407407408 0.10572916666666667 0.6851851851851852 0.1015625 0.6555555555555556 0.103125 0.6472222222222223 0.1015625 0.6305555555555555 0.09947916666666666 0.6268518518518519 0.096875 0.6287037037037037 0.08958333333333333 0.6453703703703704 0.09010416666666667 0.662962962962963 0.08541666666666667 0.6759259259259259 0.08385416666666666 0.6925925925925925 0.0875 0.6907407407407408
5 0.571875 0.7083333333333334 0.5744791666666667 0.7046296296296296 0.5770833333333333 0.6462962962962963 0.5713541666666667 0.6462962962962963 0.559375 0.6805555555555556 0.565625 0.6916666666666667 0.5682291666666667 0.7055555555555556 0.571875 0.7083333333333334
4 0.23229166666666667 0.7796296296296297 0.2390625 0.7824074074074074 0.24166666666666667 0.7787037037037037 0.24010416666666667 0.7712962962962963 0.24114583333333334 0.7416666666666667 0.24427083333333333 0.7342592592592593 0.24739583333333334 0.7342592592592593 0.24322916666666666 0.7287037037037037 0.24010416666666667 0.7074074074074074 0.2359375 0.7046296296296296 0.23385416666666667 0.7083333333333334 0.23020833333333332 0.7407407407407407 0.22135416666666666 0.7555555555555555 0.23229166666666667 0.762962962962963 0.23229166666666667 0.7796296296296297
2 0.9744791666666667 0.6407407407407407 0.978125 0.6333333333333333 0.9729166666666667 0.618287037037037 0.9723958333333333 0.600925925925926 0.9666666666666667 0.5842592592592593 0.9614583333333333 0.5842592592592593 0.9630208333333333 0.6 0.9614583333333333 0.6398148148148148 0.9630208333333333 0.6435185185185185 0.9744791666666667 0.6407407407407407
5 0.41354166666666664 0.8 0.4192708333333333 0.8222222222222222 0.4244791666666667 0.8231481481481482 0.4276041666666667 0.8194444444444444 0.421875 0.8074074074074075 0.4192708333333333 0.7907407407407407 0.4197916666666667 0.7703703703703704 0.4171875 0.7472222222222222 0.4119791666666667 0.7453703703703703 0.4041666666666667 0.7666666666666667 0.40677083333333336 0.7800925925925926 0.4036458333333333 0.7935185185185185 0.3921875 0.8009259259259259 0.3921875 0.8101851851851852 0.3963541666666667 0.8101851851851852 0.39895833333333336 0.8046296296296296 0.41354166666666664 0.8
0 0.8567708333333334 0.6453703703703704 0.8671875 0.637962962962963 0.85625 0.6305555555555555 0.8515625 0.6305555555555555 0.8541666666666666 0.6342592592592593 0.8536458333333333 0.6416666666666667 0.8567708333333334 0.6453703703703704
3 0.9395833333333333 0.8796296296296297 0.9447916666666667 0.8814814814814815 0.9510416666666667 0.8916666666666667 0.9552083333333333 0.8870370370370371 0.9588541666666667 0.8722222222222222 0.9578125 0.8055555555555556 0.9552083333333333 0.8018518518518518 0.9520833333333333 0.8037037037037037 0.9453125 0.8231481481481482 0.9458333333333333 0.8574074074074074 0.9385416666666667 0.8648148148148148 0.9380208333333333 0.8740740740740741 0.9395833333333333 0.8796296296296297