4 0.7359375 0.6666666666666666 0.7390625 0.6416666666666667 0.7328125 0.6240740740740741 0.728125 0.6259259259259259 0.7239583333333334 0.6453703703703704 0.7260416666666667 0.6638888888888889 0.7229166666666667 0.6833333333333333 0.7390625 0.6842592592592592 0.7359375 0.6666666666666666
5 0.165625 0.6842592592592592 0.16770833333333332 0.6814814814814815 0.1671875 0.6564814814814814 0.16979166666666667 0.6462962962962963 0.16666666666666666 0.6231481481481481 0.16041666666666668 0.6259259259259259 0.1578125 0.6425925925925926 0.15729166666666666 0.6546296296296297 0.15989583333333332 0.6648148148148149 0.15885416666666666 0.6833333333333333 0.165625 0.6842592592592592
5 0.2578125 0.6277777777777778 0.26197916666666665 0.6370370370370371 0.26510416666666664 0.6351851851851852 0.26145833333333335 0.6194444444444445 0.2598958333333333 0.5916666666666667 0.2557291666666667 0.5888888888888889 0.2520833333333333 0.5944444444444444 0.24791666666666667 0.6101851851851852 0.24791666666666667 0.6407407407407407 0.2515625 0.6388888888888888 0.25364583333333335 0.6277777777777778 0.2578125 0.6277777777777778
5 0.5390625 0.6148148148148148 0.5333333333333333 0.6 0.528125 0.6111111111111112 0.5291666666666667 0.65 0.5333333333333333 0.6518518518518519 0.5354166666666667 0.6481481481481481 0.5390625 0.6148148148148148
4 0.21041666666666667 0.662962962962963 0.20885416666666667 0.6537037037037037 0.2109375 0.6425925925925926 0.20989583333333334 0.6231481481481481 0.20572916666666666 0.612037037037037 0.20260416666666667 0.6101851851851852 0.2 0.612037037037037 0.1953125 0.6259259259259259 0.19322916666666667 0.65 0.19635416666666666 0.6731481481481482 0.20885416666666667 0.675 0.21041666666666667 0.662962962962963
4 0.7770833333333333 0.5990740740740741 0.7739583333333333 0.5861111111111111 0.7713541666666667 0.5842592592592593 0.7692708333333333 0.5888888888888889 0.7703125 0.637962962962963 0.775 0.6425925925925926 0.7776041666666667 0.6398148148148148 0.7770833333333333 0.5990740740740741
4 0.4979166666666667 0.6351851851851852 0.4973958333333333 0.6185185185185185 0.5005208333333333 0.5972222222222222 0.4947916666666667 0.5842592592592593 0.4895833333333333 0.5935185185185186 0.48802083333333335 0.6305555555555555 0.4901041666666667 0.6361111111111111 0.4947916666666667 0.637962962962963 0.4979166666666667 0.6351851851851852
3 0.46458333333333335 0.5972222222222222 0.4578125 0.5796296296296296 0.4546875 0.5796296296296296 0.453125 0.5925925925925926 0.4546875 0.6342592592592593 0.459375 0.6370370370370371 0.4630208333333333 0.6342592592592593 0.46458333333333335 0.5972222222222222
5 0.2796875 0.6851851851851852 0.2828125 0.6907407407407408 0.2869791666666667 0.6898148148148148 0.29635416666666664 0.6472222222222223 0.29583333333333334 0.6370370370370371 0.2911458333333333 0.6287037037037037 0.2791666666666667 0.6314814814814815 0.2755208333333333 0.6370370370370371 0.275 0.6546296296296297 0.2765625 0.6537037037037037 0.28229166666666666 0.6648148148148149 0.2796875 0.6851851851851852
2 0.11302083333333333 0.6453703703703704 0.12083333333333333 0.6462962962962963 0.11979166666666667 0.6203703703703703 0.12291666666666666 0.6037037037037037 0.1265625 0.5990740740740741 0.11822916666666666 0.5935185185185186 0.11145833333333334 0.6037037037037037 0.10677083333333333 0.600925925925926 0.10520833333333333 0.6064814814814815 0.1078125 0.6111111111111112 0.10625 0.6388888888888888 0.11302083333333333 0.6453703703703704
4 0.4515625 0.691975 0.45625 0.6777777777777778 0.45416666666666666 0.6620370370370371 0.44895833333333335 0.6462962962962963 0.4453125 0.6453703703703704 0.43854166666666666 0.6638888888888889 0.4390625 0.712037037037037 0.4432291666666667 0.7166666666666667 0.4505208333333333 0.7157407407407408 0.4515625 0.691975
5 0.9395833333333333 0.75 0.9416666666666667 0.7268518518518519 0.9458333333333333 0.7157407407407408 0.946875 0.700925925925926 0.9416666666666667 0.6805555555555556 0.9390625 0.6777777777777778 0.9354166666666667 0.6824074074074075 0.93125 0.700925925925926 0.9307291666666667 0.7101851851851851 0.9354166666666667 0.7351851851851852 0.9348958333333334 0.7481481481481481 0.9395833333333333 0.75
5 0.44479166666666664 0.6324074074074074 0.44427083333333334 0.6138888888888889 0.4401041666666667 0.5916666666666667 0.4354166666666667 0.5916666666666667 0.4328125 0.6027777777777777 0.4328125 0.6148148148148148 0.43802083333333336 0.6361111111111111 0.4432291666666667 0.637962962962963 0.44479166666666664 0.6324074074074074
5 0.278125 0.6425925925925926 0.28802083333333334 0.6342592592592593 0.2869791666666667 0.600925925925926 0.2828125 0.6 0.275 0.6203703703703703 0.2760416666666667 0.6287037037037037 0.27395833333333336 0.6509259259259259 0.2760416666666667 0.6537037037037037 0.278125 0.6425925925925926
4 0.3307291666666667 0.5722222222222222 0.3255208333333333 0.562962962962963 0.31875 0.575925925925926 0.31979166666666664 0.6055555555555555 0.3265625 0.6111111111111112 0.3302083333333333 0.6 0.3307291666666667 0.5722222222222222
4 0.35052083333333334 0.5907407407407408 0.34739583333333335 0.5777777777777777 0.3411458333333333 0.5722222222222222 0.33489583333333334 0.5805555555555556 0.33489583333333334 0.5935185185185186 0.3416666666666667 0.6222222222222222 0.35 0.6222222222222222 0.35052083333333334 0.5907407407407408
4 0.9791666666666666 0.7111111111111111 0.9739583333333334 0.6898148148148148 0.9692708333333333 0.6907407407407408 0.9640625 0.7324074074074074 0.9625 0.7592592592592593 0.9739583333333334 0.7648148148148148 0.9770833333333333 0.7481481481481481 0.9791666666666666 0.7111111111111111
5 0.2 0.6111111111111112 0.196875 0.6046296296296296 0.19270833333333334 0.6111111111111112 0.19010416666666666 0.6333333333333333 0.19010416666666666 0.6546296296296297 0.19270833333333334 0.6611111111111111 0.196875 0.6620370370370371 0.2 0.6111111111111112
5 0.3380208333333333 0.5777777777777777 0.3338541666666667 0.5731481481481482 0.32916666666666666 0.575 0.3260416666666667 0.5944444444444444 0.3260416666666667 0.612037037037037 0.3375 0.6111111111111112 0.33958333333333335 0.6037037037037037 0.3380208333333333 0.5777777777777777
5 0.31354166666666666 0.6046296296296296 0.32395833333333335 0.6064814814814815 0.3265625 0.5796296296296296 0.3229166666666667 0.5722222222222222 0.3145833333333333 0.5731481481481482 0.309375 0.5824074074074074 0.3078125 0.5916666666666667 0.3098958333333333 0.5953703703703703 0.3104166666666667 0.6074074074074074 0.31354166666666666 0.6046296296296296
4 0.7578125 0.8453703703703703 0.7640625 0.8481481481481481 0.771875 0.825 0.7776041666666667 0.8287037037037037 0.78125 0.8490740740740741 0.7854166666666667 0.85 0.7864583333333334 0.8416666666666667 0.7796875 0.8092592592592592 0.778125 0.7824074074074074 0.7734375 0.7657407407407407 0.7697916666666667 0.7657407407407407 0.7651041666666667 0.7925925925925926 0.7630208333333334 0.7944444444444444 0.7671875 0.8027777777777778 0.7640625 0.8138888888888889 0.7625 0.8342592592592593 0.7578125 0.8453703703703703
4 0.1921875 0.6453703703703704 0.1890625 0.6333333333333333 0.18541666666666667 0.6305555555555555 0.1796875 0.6472222222222223 0.18229166666666666 0.6962962962962963 0.18541666666666667 0.6972222222222222 0.1921875 0.6768518518518518 0.1921875 0.6453703703703704
3 0.4078125 0.5324074074074074 0.40208333333333335 0.5472222222222223 0.4036458333333333 0.5768518518518518 0.4125 0.5768518518518518 0.4140625 0.5398148148148149 0.4078125 0.5324074074074074