4 0.5057291666666667 0.6731481481481482 0.5098958333333333 0.6731481481481482 0.5130208333333334 0.6694444444444444 0.5145833333333333 0.6546296296296297 0.5135416666666667 0.6314814814814815 0.509375 0.6296296296296297 0.5052083333333334 0.6425925925925926 0.5046875 0.6694444444444444 0.5057291666666667 0.6731481481481482
4 0.2515625 0.6351851851851852 0.25416666666666665 0.6074074074074074 0.2520833333333333 0.5916666666666667 0.24791666666666667 0.5898148148148148 0.24427083333333333 0.6018518518518519 0.24479166666666666 0.6342592592592593 0.2515625 0.6351851851851852
4 0.17916666666666667 0.6796296296296296 0.1890625 0.6851851851851852 0.1890625 0.6351851851851852 0.18489583333333334 0.6333333333333333 0.18125 0.6481481481481481 0.18177083333333333 0.6694444444444444 0.17916666666666667 0.6796296296296296
5 0.5921875 0.6824074074074075 0.5984375 0.6759259259259259 0.6020833333333333 0.6916666666666667 0.60625 0.6925925925925925 0.6072916666666667 0.6833333333333333 0.6015625 0.6453703703703704 0.5984375 0.6435185185185185 0.5947916666666667 0.6518518518518519 0.5885416666666666 0.6814814814814815 0.5921875 0.6824074074074075
4 0.4588541666666667 0.6111111111111112 0.4625 0.6185185185185185 0.4703125 0.6185185185185185 0.4713541666666667 0.6111111111111112 0.46822916666666664 0.5851851851851851 0.4625 0.5777777777777777 0.45989583333333334 0.5907407407407408 0.46041666666666664 0.6064814814814815 0.4588541666666667 0.6111111111111112
5 0.1609375 0.6898148148148148 0.1625 0.6935185185185185 0.1703125 0.6944444444444444 0.17291666666666666 0.6777777777777778 0.1703125 0.6416666666666667 0.165625 0.6435185185185185 0.16354166666666667 0.6564814814814814 0.1640625 0.6759259259259259 0.1609375 0.6898148148148148
3 0.9140625 0.9537037037037037 0.9197916666666667 0.9555555555555556 0.9223958333333333 0.8842592592592593 0.915625 0.8648148148148148 0.9119791666666667 0.8648148148148148 0.9098958333333333 0.8712962962962963 0.9083333333333333 0.9203703703703704 0.9140625 0.9537037037037037
5 0.4739583333333333 0.7240740740740741 0.4786458333333333 0.725925925925926 0.4822916666666667 0.7129629629629629 0.4901041666666667 0.7111111111111111 0.4864583333333333 0.7055555555555556 0.48333333333333334 0.6814814814814815 0.4791666666666667 0.6712962962962963 0.4765625 0.6731481481481482 0.475 0.6925925925925925 0.4765625 0.7018518518518518 0.4739583333333333 0.7240740740740741
3 0.203125 0.5833333333333334 0.20885416666666667 0.6037037037037037 0.21614583333333334 0.6055555555555555 0.21822916666666667 0.6037037037037037 0.21666666666666667 0.5712962962962963 0.2125 0.562037037037037 0.2078125 0.562962962962963 0.203125 0.575 0.203125 0.5833333333333334
3 0.35104166666666664 0.6768518518518518 0.3567708333333333 0.6777777777777778 0.359375 0.675 0.359375 0.625 0.3578125 0.6222222222222222 0.3536458333333333 0.6240740740740741 0.35052083333333334 0.6333333333333333 0.35 0.6731481481481482 0.35104166666666664 0.6768518518518518
4 0.14583333333333334 0.8185185185185185 0.15104166666666666 0.8231481481481482 0.1578125 0.8018518518518518 0.16041666666666668 0.7759259259259259 0.1578125 0.7509259259259259 0.153125 0.7481481481481481 0.14635416666666667 0.7666666666666667 0.14791666666666667 0.7944444444444444 0.14583333333333334 0.8185185185185185
4 0.5197916666666667 0.8203703703703704 0.5213541666666667 0.825925925925926 0.525 0.825 0.5255208333333333 0.7675925925925926 0.5213541666666667 0.7546296296296297 0.5171875 0.7518518518518519 0.509375 0.775 0.5088541666666667 0.8222222222222222 0.5197916666666667 0.8203703703703704
5 0.20625 0.6342592592592593 0.21197916666666666 0.6037037037037037 0.21145833333333333 0.5972222222222222 0.20833333333333334 0.5916666666666667 0.2046875 0.5916666666666667 0.2 0.6018518518518519 0.2015625 0.6305555555555555 0.20625 0.6342592592592593
5 0.4166666666666667 0.6296296296296297 0.4171875 0.649074074074074 0.42083333333333334 0.6518518518518519 0.4244791666666667 0.6462962962962963 0.425 0.6148148148148148 0.4234375 0.6083333333333333 0.41510416666666666 0.6083333333333333 0.41354166666666664 0.6148148148148148 0.4166666666666667 0.6296296296296297
4 0.4010416666666667 0.7462962962962963 0.415625 0.75 0.4171875 0.7361111111111112 0.41302083333333334 0.7138888888888889 0.4119791666666667 0.6925925925925925 0.4078125 0.6925925925925925 0.403125 0.7046296296296296 0.4041666666666667 0.725925925925926 0.4010416666666667 0.7462962962962963
4 0.6463541666666667 0.6592592592592592 0.6494791666666667 0.6796296296296296 0.6526041666666667 0.6805555555555556 0.6557291666666667 0.6694444444444444 0.65625 0.6435185185185185 0.6505208333333333 0.6333333333333333 0.6463541666666667 0.6333333333333333 0.6458333333333334 0.6361111111111111 0.6442708333333333 0.6574074074074074 0.6463541666666667 0.6592592592592592
0 0.6067708333333334 0.6935185185185185 0.6083333333333333 0.6851851851851852 0.6036458333333333 0.6768518518518518 0.6015625 0.6787037037037037 0.6020833333333333 0.6935185185185185 0.6067708333333334 0.6935185185185185
4 0.7 0.6481481481481481 0.7052083333333333 0.6481481481481481 0.7072916666666667 0.6444444444444445 0.7083333333333334 0.6157407407407407 0.7052083333333333 0.6074074074074074 0.6989583333333333 0.6064814814814815 0.6973958333333333 0.6435185185185185 0.7 0.6481481481481481
5 0.15052083333333333 0.6694444444444444 0.159375 0.6666666666666666 0.1609375 0.6583333333333333 0.15625 0.6203703703703703 0.15416666666666667 0.6157407407407407 0.14947916666666666 0.6203703703703703 0.14791666666666667 0.6657407407407407 0.15052083333333333 0.6694444444444444
4 0.14635416666666667 0.6583333333333333 0.14583333333333334 0.6666666666666666 0.1515625 0.6694444444444444 0.15677083333333333 0.6453703703703704 0.15520833333333334 0.6203703703703703 0.15 0.6157407407407407 0.1453125 0.6268518518518519 0.14322916666666666 0.6462962962962963 0.14635416666666667 0.6583333333333333
5 0.18020833333333333 0.7333333333333333 0.17916666666666667 0.7444444444444445 0.190625 0.75 0.190625 0.7314814814814815 0.18802083333333333 0.7185185185185186 0.19010416666666666 0.6925925925925925 0.18489583333333334 0.6925925925925925 0.17708333333333334 0.7185185185185186 0.1765625 0.7240740740740741 0.18020833333333333 0.7333333333333333
5 0.31354166666666666 0.7157407407407408 0.31666666666666665 0.7194444444444444 0.321875 0.7185185185185186 0.3234375 0.7166666666666667 0.32447916666666665 0.687962962962963 0.32395833333333335 0.6648148148148149 0.321875 0.6592592592592592 0.3177083333333333 0.6620370370370371 0.3145833333333333 0.6833333333333333 0.31666666666666665 0.7037037037037037 0.31354166666666666 0.7157407407407408
3 0.4197916666666667 0.6111111111111112 0.43125 0.6111111111111112 0.4328125 0.6074074074074074 0.4317708333333333 0.5675925925925925 0.42239583333333336 0.5712962962962963 0.4203125 0.5796296296296296 0.4171875 0.6074074074074074 0.4197916666666667 0.6111111111111112
5 0.378125 0.6694444444444444 0.3807291666666667 0.6722222222222223 0.3848958333333333 0.6694444444444444 0.38645833333333335 0.6611111111111111 0.3848958333333333 0.6314814814814815 0.3807291666666667 0.6296296296296297 0.3765625 0.6435185185185185 0.37552083333333336 0.6537037037037037 0.378125 0.6694444444444444