3 0.7942708333333334 0.5333333333333333 0.7973958333333333 0.5481481481481482 0.8088541666666667 0.5481481481481482 0.8130208333333333 0.537962962962963 0.8182291666666667 0.5407407407407407 0.8192708333333333 0.525 0.8151041666666666 0.524074074074074 0.8088541666666667 0.5148148148148148 0.8083333333333333 0.5046296296296297 0.8026041666666667 0.5009259259259259 0.8 0.5027777777777778 0.7958333333333333 0.5166666666666667 0.796875 0.5277777777777778 0.7942708333333334 0.5333333333333333
4 0.528125 0.6074074074074074 0.5348958333333333 0.6074074074074074 0.5369791666666667 0.6037037037037037 0.5369791666666667 0.5675925925925925 0.5333333333333333 0.5583333333333333 0.5302083333333333 0.5564814814814815 0.5260416666666666 0.5638888888888889 0.525 0.575925925925926 0.528125 0.6074074074074074
3 0.3645833333333333 0.5407407407407407 0.3697916666666667 0.5398148148148149 0.37135416666666665 0.5092592592592593 0.36822916666666666 0.5018518518518519 0.3651041666666667 0.5009259259259259 0.3619791666666667 0.5120370370370371 0.3609375 0.5370370370370371 0.3645833333333333 0.5407407407407407
5 0.8151041666666666 0.6018518518518519 0.8171875 0.5990740740740741 0.8182291666666667 0.5592592592592592 0.815625 0.5481481481481482 0.8119791666666667 0.5481481481481482 0.8104166666666667 0.5527777777777778 0.8109375 0.6 0.8151041666666666 0.6018518518518519
3 0.4197916666666667 0.5907407407407408 0.4197916666666667 0.5722222222222222 0.4234375 0.5435185185185185 0.41354166666666664 0.5351851851851852 0.4078125 0.5481481481481482 0.40989583333333335 0.5879629629629629 0.4197916666666667 0.5907407407407408
5 0.6229166666666667 0.6046296296296296 0.6265625 0.6 0.6276041666666666 0.5611111111111111 0.6229166666666667 0.5481481481481482 0.61875 0.5601851851851852 0.6197916666666666 0.6027777777777777 0.6229166666666667 0.6046296296296296
4 0.31354166666666666 0.587037037037037 0.3125 0.6037037037037037 0.3140625 0.6083333333333333 0.3177083333333333 0.6074074074074074 0.3223958333333333 0.575925925925926 0.32135416666666666 0.562037037037037 0.31927083333333334 0.5546296296296296 0.3140625 0.549074074074074 0.3098958333333333 0.5546296296296296 0.309375 0.5703703703703704 0.31354166666666666 0.587037037037037
4 0.4640625 0.6462962962962963 0.46770833333333334 0.649074074074074 0.47239583333333335 0.6425925925925926 0.4791666666666667 0.6462962962962963 0.48072916666666665 0.6416666666666667 0.47552083333333334 0.6226851851851852 0.47604166666666664 0.5972222222222222 0.47239583333333335 0.5861111111111111 0.46875 0.587037037037037 0.4661458333333333 0.6046296296296296 0.4661458333333333 0.637962962962963 0.4640625 0.6462962962962963
5 0.384375 0.6027777777777777 0.390625 0.6027777777777777 0.3932291666666667 0.575 0.38958333333333334 0.5527777777777778 0.384375 0.5518518518518518 0.3807291666666667 0.5638888888888889 0.38229166666666664 0.5972222222222222 0.384375 0.6027777777777777
5 0.3265625 0.5666666666666667 0.3296875 0.5722222222222222 0.33229166666666665 0.5694444444444444 0.33645833333333336 0.5444444444444444 0.3328125 0.5268518518518519 0.3296875 0.525 0.3255208333333333 0.5333333333333333 0.32395833333333335 0.5444444444444444 0.3265625 0.5666666666666667
4 0.4979166666666667 0.5712962962962963 0.503125 0.5638888888888889 0.5052083333333334 0.5407407407407407 0.5 0.5277777777777778 0.4973958333333333 0.5277777777777778 0.4942708333333333 0.5370370370370371 0.49375 0.5685185185185185 0.4979166666666667 0.5712962962962963
5 0.5869791666666667 0.5527777777777778 0.5911458333333334 0.5546296296296296 0.5953125 0.5361111111111111 0.5932291666666667 0.5194444444444445 0.5875 0.5138888888888888 0.5859375 0.5212962962962963 0.5869791666666667 0.5527777777777778
4 0.284375 0.5944444444444444 0.28854166666666664 0.575 0.2864583333333333 0.5444444444444444 0.2828125 0.5425925925925926 0.27760416666666665 0.5592592592592592 0.278125 0.5916666666666667 0.284375 0.5944444444444444
5 0.7833333333333333 0.575925925925926 0.7859375 0.5722222222222222 0.7864583333333334 0.5398148148148149 0.7828125 0.5259259259259259 0.7786458333333334 0.5287037037037037 0.778125 0.5435185185185185 0.778125 0.5731481481481482 0.7833333333333333 0.575925925925926
5 0.43854166666666666 0.5509259259259259 0.4390625 0.5601851851851852 0.44635416666666666 0.5611111111111111 0.4479166666666667 0.5175925925925926 0.4395833333333333 0.512962962962963 0.4354166666666667 0.5175925925925926 0.4354166666666667 0.5444444444444444 0.43854166666666666 0.5509259259259259
5 0.5520833333333334 0.5731481481481482 0.5536458333333333 0.5712962962962963 0.5526041666666667 0.5555555555555556 0.5578125 0.5444444444444444 0.5494791666666666 0.5268518518518519 0.5447916666666667 0.5370370370370371 0.54375 0.5712962962962963 0.5520833333333334 0.5731481481481482
5 0.7078125 0.6407407407407407 0.7098958333333333 0.6537037037037037 0.7135416666666666 0.6555555555555556 0.7166666666666667 0.6537037037037037 0.7166666666666667 0.6055555555555555 0.7151041666666667 0.5981481481481481 0.7125 0.5962962962962963 0.7109375 0.5990740740740741 0.7078125 0.6212962962962963 0.7078125 0.6407407407407407
4 0.42291666666666666 0.5592592592592592 0.428125 0.5574074074074075 0.43020833333333336 0.55 0.4359375 0.5481481481481482 0.4354166666666667 0.5388888888888889 0.43802083333333336 0.5287037037037037 0.4359375 0.5166666666666667 0.4239583333333333 0.5138888888888888 0.42135416666666664 0.5259259259259259 0.42135416666666664 0.5564814814814815 0.42291666666666666 0.5592592592592592
4 0.31197916666666664 0.5638888888888889 0.31875 0.5583333333333333 0.315625 0.524074074074074 0.31302083333333336 0.525 0.309375 0.5388888888888889 0.3104166666666667 0.5712962962962963 0.31197916666666664 0.5638888888888889
3 0.8921875 0.9074074074074074 0.8979166666666667 0.9027777777777778 0.9005208333333333 0.9120370370370371 0.9005208333333333 0.9277777777777778 0.9041666666666667 0.9342592592592592 0.90625 0.9194444444444444 0.9067708333333333 0.85 0.9020833333333333 0.8407407407407408 0.9010416666666666 0.8314814814814815 0.8963541666666667 0.8296296296296296 0.8875 0.8518518518518519 0.8875 0.8916666666666667 0.8921875 0.9074074074074074
4 0.47552083333333334 0.5509259259259259 0.4791666666666667 0.5472222222222223 0.4864583333333333 0.5212962962962963 0.4875 0.5055555555555555 0.4859375 0.5027777777777778 0.4796875 0.5037037037037037 0.4739583333333333 0.5185185185185185 0.47291666666666665 0.549074074074074 0.47552083333333334 0.5509259259259259
4 0.7682291666666666 0.5787037037037037 0.7708333333333334 0.575 0.7703125 0.5407407407407407 0.7671875 0.5268518518518519 0.7635416666666667 0.525 0.7625 0.5287037037037037 0.7630208333333334 0.575925925925926 0.7682291666666666 0.5787037037037037
5 0.4515625 0.5268518518518519 0.45208333333333334 0.549074074074074 0.4588541666666667 0.5518518518518518 0.4588541666666667 0.5166666666666667 0.4552083333333333 0.5 0.4510416666666667 0.5 0.44947916666666665 0.5212962962962963 0.4515625 0.5268518518518519