4 0.7203125 0.6351851851851852 0.7244791666666667 0.6398148148148148 0.728125 0.6388888888888888 0.7296875 0.6342592592592593 0.7302083333333333 0.587037037037037 0.7265625 0.5777777777777777 0.7234375 0.5768518518518518 0.71875 0.5879629629629629 0.7177083333333333 0.6185185185185185 0.7203125 0.6351851851851852
5 0.39791666666666664 0.7092592592592593 0.3953125 0.7203703703703703 0.39739583333333334 0.7212962962962963 0.40625 0.7092592592592593 0.4119791666666667 0.7111111111111111 0.4125 0.7046296296296296 0.4083333333333333 0.7 0.40625 0.6898148148148148 0.409375 0.6703703703703704 0.4041666666666667 0.6537037037037037 0.39947916666666666 0.6509259259259259 0.3958333333333333 0.6638888888888889 0.3984375 0.6925925925925925 0.39791666666666664 0.7092592592592593
4 0.6541666666666667 0.7277777777777777 0.6515625 0.737037037037037 0.6463541666666667 0.7444444444444445 0.6489583333333333 0.7481481481481481 0.6546875 0.7481481481481481 0.6583333333333333 0.7379629629629629 0.665625 0.7379629629629629 0.6666666666666666 0.75 0.6723958333333333 0.7518518518518519 0.6734375 0.7435185185185185 0.6697916666666667 0.725925925925926 0.6677083333333333 0.6898148148148148 0.6619791666666667 0.6768518518518518 0.6578125 0.6768518518518518 0.6567708333333333 0.6805555555555556 0.6578125 0.7027777777777777 0.6541666666666667 0.7277777777777777
4 0.9890625 0.8444444444444444 0.9942708333333333 0.8462962962962963 0.9994791666666667 0.8416666666666667 0.9994791666666667 0.7574074074074074 0.9973958333333334 0.7592592592592593 0.9901041666666667 0.7972222222222223 0.99375 0.8277777777777777 0.9890625 0.8444444444444444
3 0.5958333333333333 0.5564814814814815 0.5989583333333334 0.5518518518518518 0.603125 0.512962962962963 0.5973958333333333 0.5111111111111111 0.5927083333333333 0.5138888888888888 0.5916666666666667 0.549074074074074 0.5958333333333333 0.5564814814814815
5 0.18645833333333334 0.6305555555555555 0.18697916666666667 0.6592592592592592 0.1890625 0.6666666666666666 0.19375 0.6657407407407407 0.1921875 0.6546296296296297 0.19895833333333332 0.6277777777777778 0.19479166666666667 0.6037037037037037 0.19322916666666667 0.600925925925926 0.1890625 0.6027777777777777 0.184375 0.6148148148148148 0.18333333333333332 0.6222222222222222 0.18645833333333334 0.6305555555555555
5 0.4984375 0.5953703703703703 0.5015625 0.5916666666666667 0.5020833333333333 0.5861111111111111 0.5015625 0.549074074074074 0.4979166666666667 0.5435185185185185 0.49375 0.5435185185185185 0.4953125 0.5916666666666667 0.4984375 0.5953703703703703
5 0.34270833333333334 0.6657407407407407 0.34479166666666666 0.6743824074074074 0.34322916666666664 0.6888888888888889 0.34479166666666666 0.6916666666666667 0.3515625 0.6898148148148148 0.3567708333333333 0.6611111111111111 0.35625 0.6537037037037037 0.35052083333333334 0.6481481481481481 0.34479166666666666 0.6481481481481481 0.3385416666666667 0.6555555555555556 0.3375 0.6611111111111111 0.34270833333333334 0.6657407407407407
4 0.6546875 0.6398148148148148 0.6567708333333333 0.637962962962963 0.659375 0.6231481481481481 0.6552083333333333 0.5796296296296296 0.6505208333333333 0.5777777777777777 0.6479166666666667 0.5907407407407408 0.6494791666666667 0.6351851851851852 0.6546875 0.6398148148148148
5 0.9479166666666666 0.7583333333333333 0.9526041666666667 0.7083333333333334 0.9473958333333333 0.6842592592592592 0.9432291666666667 0.6833333333333333 0.9411458333333333 0.6888888888888889 0.9348958333333334 0.7620370370370371 0.9479166666666666 0.7583333333333333
5 0.7 0.6333333333333333 0.7052083333333333 0.6231481481481481 0.7067708333333333 0.6018518518518519 0.7010416666666667 0.5888888888888889 0.6973958333333333 0.5879629629629629 0.6953125 0.5916666666666667 0.6947916666666667 0.6305555555555555 0.7 0.6333333333333333
3 0.21510416666666668 0.6731481481481482 0.22395833333333334 0.6712962962962963 0.23072916666666668 0.6296296296296297 0.22708333333333333 0.6240740740740741 0.21927083333333333 0.6231481481481481 0.21354166666666666 0.6342592592592593 0.21354166666666666 0.6694444444444444 0.21510416666666668 0.6731481481481482