4 0.15 0.6296296296296297 0.15416666666666667 0.6046296296296296 0.15416666666666667 0.5861111111111111 0.15 0.575925925925926 0.1453125 0.5740740740740741 0.14166666666666666 0.5777777777777777 0.13854166666666667 0.5907407407407408 0.13802083333333334 0.6046296296296296 0.14114583333333333 0.6259259259259259 0.1453125 0.6305555555555555 0.15 0.6296296296296297
5 0.27760416666666665 0.5527777777777778 0.2734375 0.5509259259259259 0.26927083333333335 0.5638888888888889 0.26979166666666665 0.5833333333333334 0.2671875 0.5990740740740741 0.28177083333333336 0.5990740740740741 0.27760416666666665 0.5527777777777778
5 0.18229166666666666 0.7555555555555555 0.184375 0.7435185185185185 0.203125 0.7333333333333333 0.20104166666666667 0.7277777777777777 0.19375 0.7240740740740741 0.1875 0.6898148148148148 0.18489583333333334 0.687037037037037 0.1828125 0.6907407407407408 0.18333333333333332 0.725 0.175 0.7555555555555555 0.17708333333333334 0.7592592592592593 0.18229166666666666 0.7555555555555555
4 0.2994791666666667 0.5703703703703704 0.3015625 0.5685185185185185 0.3026041666666667 0.5601851851851852 0.30364583333333334 0.5296296296296297 0.2947916666666667 0.5268518518518519 0.29270833333333335 0.5287037037037037 0.29322916666666665 0.5555555555555556 0.29583333333333334 0.5685185185185185 0.2994791666666667 0.5703703703703704
1 0.7958333333333333 0.637962962962963 0.7973958333333333 0.6259259259259259 0.8015625 0.6222222222222222 0.8114583333333333 0.6370370370370371 0.815625 0.637962962962963 0.8166666666666667 0.6296296296296297 0.8098958333333334 0.6203703703703703 0.8046875 0.600925925925926 0.8 0.5935185185185186 0.7932291666666667 0.5935185185185186 0.7942708333333334 0.6037037037037037 0.7890625 0.6333333333333333 0.7901041666666667 0.6370370370370371 0.7958333333333333 0.637962962962963
0 0.7645833333333333 0.6305555555555555 0.7598958333333333 0.6314814814814815 0.7583333333333333 0.6342592592592593 0.759375 0.6398148148148148 0.7666666666666667 0.6416666666666667 0.7645833333333333 0.6305555555555555
5 0.03177083333333333 0.6259259259259259 0.036458333333333336 0.6305555555555555 0.040625 0.6231481481481481 0.04010416666666667 0.6018518518518519 0.0453125 0.5805555555555556 0.04114583333333333 0.5694444444444444 0.03229166666666667 0.5722222222222222 0.030208333333333334 0.587037037037037 0.026041666666666668 0.5916666666666667 0.030208333333333334 0.5972222222222222 0.03177083333333333 0.6259259259259259
4 0.23333333333333334 0.700925925925926 0.23229166666666667 0.6805555555555556 0.23385416666666667 0.6685185185185185 0.23125 0.6388888888888888 0.22916666666666666 0.6351851851851852 0.225 0.6361111111111111 0.21927083333333333 0.65 0.2203125 0.6851851851851852 0.21875 0.6962962962962963 0.23177083333333334 0.7027777777777777 0.23333333333333334 0.700925925925926
5 0.13854166666666667 0.7037037037037037 0.14114583333333333 0.6851851851851852 0.134375 0.637962962962963 0.13020833333333334 0.6398148148148148 0.12708333333333333 0.6537037037037037 0.12916666666666668 0.6824074074074075 0.12552083333333333 0.6888888888888889 0.12395833333333334 0.700925925925926 0.13854166666666667 0.7037037037037037
4 0.43854166666666666 0.5731481481481482 0.446875 0.5731481481481482 0.4505208333333333 0.5675925925925925 0.4505208333333333 0.5398148148148149 0.4479166666666667 0.5287037037037037 0.440625 0.5314814814814814 0.434375 0.5398148148148149 0.43854166666666666 0.5550925925925926 0.43697916666666664 0.5694444444444444 0.43854166666666666 0.5731481481481482
5 0.471875 0.6703703703703704 0.4744791666666667 0.6666666666666666 0.4765625 0.6148148148148148 0.46979166666666666 0.6064814814814815 0.4625 0.6064814814814815 0.4625 0.6240740740740741 0.46770833333333334 0.6666666666666666 0.471875 0.6703703703703704
4 0.6604166666666667 0.6027777777777777 0.6588541666666666 0.575 0.6541666666666667 0.5685185185185185 0.6510416666666666 0.5703703703703704 0.6463541666666667 0.5916666666666667 0.6494791666666667 0.625 0.6567708333333333 0.6259259259259259 0.6578125 0.6092592592592593 0.6604166666666667 0.6027777777777777
5 0.4708333333333333 0.6064814814814815 0.471875 0.5935185185185186 0.4739583333333333 0.5907407407407408 0.47291666666666665 0.5787037037037037 0.4703125 0.5675925925925925 0.4671875 0.5638888888888889 0.46041666666666664 0.5777777777777777 0.4588541666666667 0.5925925925925926 0.4625 0.6083333333333333 0.4666666666666667 0.6111111111111112 0.4708333333333333 0.6064814814814815
4 0.04114583333333333 0.5370370370370371 0.034375 0.5425925925925926 0.0328125 0.5740740740740741 0.04479166666666667 0.5805555555555556 0.0453125 0.5444444444444444 0.04114583333333333 0.5370370370370371
3 0.3416666666666667 0.6351851851851852 0.3453125 0.6342592592592593 0.3380208333333333 0.5898148148148148 0.33125 0.5796296296296296 0.328125 0.5824074074074074 0.32916666666666666 0.6370370370370371 0.3328125 0.6370370370370371 0.33958333333333335 0.6287037037037037 0.3416666666666667 0.6351851851851852
4 0.4161458333333333 0.637962962962963 0.4171875 0.6324074074074074 0.41875 0.5907407407407408 0.41302083333333334 0.5824074074074074 0.41041666666666665 0.5824074074074074 0.4078125 0.5898148148148148 0.40625 0.612037037037037 0.4083333333333333 0.637962962962963 0.4125 0.6416666666666667 0.4161458333333333 0.637962962962963
5 0.675 0.6101851851851852 0.6734375 0.5990740740740741 0.6697916666666667 0.5898148148148148 0.665625 0.5879629629629629 0.659375 0.5990740740740741 0.6583333333333333 0.6074074074074074 0.65625 0.6259259259259259 0.6572916666666667 0.6388888888888888 0.6708333333333333 0.6407407407407407 0.675 0.6101851851851852
4 0.7098958333333333 0.6944444444444444 0.7098958333333333 0.65 0.7046875 0.6305555555555555 0.7010416666666667 0.6314814814814815 0.6994791666666667 0.6370370370370371 0.6979166666666666 0.6694444444444444 0.7 0.7 0.7036458333333333 0.7018518518518518 0.7098958333333333 0.6944444444444444