4 0.5098958333333333 0.6240740740740741 0.5109375 0.6111111111111112 0.5088541666666667 0.5833333333333334 0.5052083333333334 0.5777777777777777 0.5 0.5907407407407408 0.5005208333333333 0.6055555555555555 0.4973958333333333 0.6222222222222222 0.5015625 0.6259259259259259 0.5098958333333333 0.6240740740740741
4 0.3692708333333333 0.8518518518518519 0.37083333333333335 0.8629629629629629 0.365625 0.8824074074074074 0.37135416666666665 0.8925925925925926 0.37447916666666664 0.8907407407407407 0.3807291666666667 0.8712962962962963 0.3880208333333333 0.8314814814814815 0.3953125 0.825 0.39479166666666665 0.8185185185185185 0.3875 0.812962962962963 0.384375 0.8009259259259259 0.3807291666666667 0.7981481481481482 0.37916666666666665 0.8009259259259259 0.37864583333333335 0.8074074074074075 0.365625 0.8296296296296296 0.3729166666666667 0.8333333333333334 0.3692708333333333 0.8518518518518519
4 0.25052083333333336 0.6537037037037037 0.2453125 0.6537037037037037 0.24114583333333334 0.6731481481481482 0.24010416666666667 0.6851851851851852 0.24322916666666666 0.7175925925925926 0.2552083333333333 0.7166666666666667 0.25052083333333336 0.6537037037037037
4 0.19322916666666667 0.6222222222222222 0.1890625 0.6111111111111112 0.1859375 0.612037037037037 0.18072916666666666 0.6268518518518519 0.1828125 0.6703703703703704 0.1890625 0.6731481481481482 0.1953125 0.6388888888888888 0.19322916666666667 0.6222222222222222
4 0.7984375 0.5787037037037037 0.7947916666666667 0.5787037037037037 0.790625 0.5962962962962963 0.7901041666666667 0.6222222222222222 0.8005208333333333 0.6231481481481481 0.8020833333333334 0.5851851851851851 0.7984375 0.5787037037037037
5 0.8609375 0.7324074074074074 0.8588541666666667 0.7129629629629629 0.8598958333333333 0.6842592592592592 0.8572916666666667 0.6666666666666666 0.853125 0.6611111111111111 0.8505208333333333 0.6722222222222223 0.8427083333333333 0.6768518518518518 0.85 0.6944444444444444 0.8484375 0.7240740740740741 0.8463541666666666 0.7314814814814815 0.8609375 0.7324074074074074
5 0.7140625 0.7842592592592592 0.7166666666666667 0.7796296296296297 0.715625 0.7435185185185185 0.7057291666666666 0.7157407407407408 0.7010416666666667 0.7129629629629629 0.6994791666666667 0.725 0.7036458333333333 0.7416666666666667 0.7010416666666667 0.7787037037037037 0.7140625 0.7842592592592592
5 0.33697916666666666 0.6398148148148148 0.3416666666666667 0.6398148148148148 0.346875 0.5990740740740741 0.3453125 0.5861111111111111 0.3411458333333333 0.5879629629629629 0.3375 0.6027777777777777 0.3375 0.6166666666666667 0.3328125 0.6259259259259259 0.33229166666666665 0.6324074074074074 0.33697916666666666 0.6398148148148148
4 0.6182291666666667 0.7092592592592593 0.6171875 0.6666666666666666 0.6151041666666667 0.6564814814814814 0.6098958333333333 0.6509259259259259 0.6041666666666666 0.6620370370370371 0.6026041666666667 0.6722222222222223 0.6046875 0.6984564814814814 0.6036458333333333 0.7083333333333334 0.6182291666666667 0.7092592592592593
3 0.6546875 0.7527777777777778 0.6567708333333333 0.7490740740740741 0.6588541666666666 0.7166666666666667 0.6578125 0.6907407407407408 0.65 0.6759259259259259 0.6458333333333334 0.6768518518518518 0.6427083333333333 0.6907407407407408 0.6421875 0.7064814814814815 0.6479166666666667 0.7296296296296296 0.65 0.7481481481481481 0.6546875 0.7527777777777778
5 0.19947916666666668 0.7787037037037037 0.20885416666666667 0.7777777777777778 0.20833333333333334 0.7388888888888889 0.2125 0.7324074074074074 0.20885416666666667 0.7046296296296296 0.2046875 0.7046296296296296 0.196875 0.7185185185185186 0.19583333333333333 0.7314814814814815 0.1984375 0.7592592592592593 0.19635416666666666 0.775 0.19947916666666668 0.7787037037037037
4 0.37552083333333336 0.7416666666666667 0.37916666666666665 0.7379629629629629 0.384375 0.7444444444444445 0.3875 0.7546296296296297 0.38958333333333334 0.7546296296296297 0.39114583333333336 0.7509259259259259 0.3854166666666667 0.7282407407407407 0.38645833333333335 0.7074074074074074 0.3802083333333333 0.6861111111111111 0.3729166666666667 0.6972222222222222 0.37135416666666665 0.712037037037037 0.37135416666666665 0.7333333333333333 0.36822916666666666 0.7555555555555555 0.3723958333333333 0.7546296296296297 0.37552083333333336 0.7416666666666667
5 0.4192708333333333 0.7944444444444444 0.43020833333333336 0.7944444444444444 0.43125 0.799074074074074 0.4354166666666667 0.8009259259259259 0.4390625 0.7981481481481482 0.43333333333333335 0.774074074074074 0.43645833333333334 0.7638888888888888 0.43645833333333334 0.7453703703703703 0.43125 0.7240740740740741 0.4276041666666667 0.7240740740740741 0.42604166666666665 0.7296296296296296 0.42604166666666665 0.7564814814814815 0.42239583333333336 0.7675925925925926 0.42239583333333336 0.7819444444444444 0.4192708333333333 0.7944444444444444
3 0.3421875 0.5712962962962963 0.34270833333333334 0.55 0.35208333333333336 0.5407407407407407 0.3440973958333334 0.5398148148148149 0.3333333333333333 0.5314814814814814 0.32864583333333336 0.5342592592592592 0.3260416666666667 0.5305555555555556 0.3260416666666667 0.5509259259259259 0.3328125 0.5703703703703704 0.3385416666666667 0.5666666666666667 0.3421875 0.5712962962962963
5 0.49895833333333334 0.8814814814814815 0.49947916666666664 0.8722222222222222 0.4901041666666667 0.8592592592592593 0.4921875 0.8425925925925926 0.49114583333333334 0.825925925925926 0.48333333333333334 0.8064814814814815 0.478125 0.8083333333333333 0.47552083333333334 0.825 0.475 0.8462962962962963 0.48125 0.8601851851851852 0.48541666666666666 0.8833333333333333 0.49895833333333334 0.8814814814814815
4 0.3453125 0.8148148148148148 0.35052083333333334 0.8203703703703704 0.353125 0.8296296296296296 0.3578125 0.8194444444444444 0.3572916666666667 0.8018518518518518 0.36041666666666666 0.7796296296296297 0.3578125 0.7574074074074074 0.353125 0.7555555555555555 0.34270833333333334 0.775 0.3416666666666667 0.7935185185185185 0.32916666666666666 0.8231481481481482 0.33229166666666665 0.8296296296296296 0.3453125 0.8148148148148148
5 0.3541666666666667 0.8342592592592593 0.36041666666666666 0.8212962962962963 0.35625 0.8055555555555556 0.35989583333333336 0.7953703703703704 0.3619791666666667 0.775 0.35885416666666664 0.7592592592592593 0.35572916666666665 0.7555555555555555 0.35208333333333336 0.7574074074074074 0.3484375 0.7731481481481481 0.3484375 0.8157407407407408 0.3515625 0.825925925925926 0.3489583333333333 0.8333333333333334 0.3541666666666667 0.8342592592592593
4 0.8208333333333333 0.8166666666666667 0.8197916666666667 0.8296296296296296 0.8270833333333333 0.8324074074074074 0.8296875 0.8287037037037037 0.83125 0.762962962962963 0.8265625 0.7416666666666667 0.821875 0.7425925925925926 0.8208333333333333 0.7462962962962963 0.8208333333333333 0.7657407407407407 0.8171875 0.7796296296296297 0.8182291666666667 0.8064814814814815 0.8208333333333333 0.8166666666666667
5 0.859375 0.7972222222222223 0.8630208333333333 0.7824074074074074 0.8614583333333333 0.7675925925925926 0.85625 0.7537037037037037 0.85625 0.7481481481481481 0.853125 0.7444444444444445 0.8489583333333334 0.7490740740740741 0.8473958333333333 0.7870370370370371 0.8479166666666667 0.8296296296296296 0.8583333333333333 0.8296296296296296 0.8609375 0.8268518518518518 0.859375 0.7972222222222223
4 0.0296875 0.7657407407407407 0.029166666666666667 0.7379629629629629 0.03125 0.7222222222222222 0.029166666666666667 0.7101851851851851 0.023958333333333335 0.712037037037037 0.017708333333333333 0.7277777777777777 0.016145833333333335 0.7416666666666667 0.015625 0.7907407407407407 0.021354166666666667 0.7935185185185185 0.024479166666666666 0.7898148148148149 0.0296875 0.7657407407407407
5 0.8453125 0.6138888888888889 0.8447916666666667 0.6185185185185185 0.840625 0.6648148148148149 0.85625 0.6657407407407407 0.85 0.6157407407407407 0.8453125 0.6138888888888889
5 0.42083333333333334 0.7314814814814815 0.42239583333333336 0.6925925925925925 0.4171875 0.6611111111111111 0.41302083333333334 0.662962962962963 0.40677083333333336 0.6851851851851852 0.4083333333333333 0.7138888888888889 0.40572916666666664 0.7277777777777777 0.4078125 0.7314814814814815 0.42083333333333334 0.7314814814814815