5 0.6333333333333333 0.6148148148148148 0.634375 0.6185185185185185 0.6390625 0.6185185185185185 0.6411458333333333 0.6148148148148148 0.6411458333333333 0.5805555555555556 0.6390625 0.5694444444444444 0.634375 0.5675925925925925 0.6322916666666667 0.5712962962962963 0.6333333333333333 0.6148148148148148
5 0.6072916666666667 0.6222222222222222 0.6098958333333333 0.6194444444444445 0.6114583333333333 0.5990740740740741 0.6109375 0.5694444444444444 0.6072916666666667 0.5675925925925925 0.6020833333333333 0.5787037037037037 0.6015625 0.6185185185185185 0.6072916666666667 0.6222222222222222
4 0.8208333333333333 0.6416666666666667 0.8208333333333333 0.5953703703703703 0.8171875 0.5861111111111111 0.8135416666666667 0.5851851851851851 0.809375 0.5935185185185186 0.8072916666666666 0.6083333333333333 0.8072916666666666 0.6416666666666667 0.8208333333333333 0.6416666666666667
5 0.5604166666666667 0.6212962962962963 0.5640625 0.6175925925925926 0.5666666666666667 0.5898148148148148 0.5645833333333333 0.5666666666666667 0.5583333333333333 0.5722222222222222 0.5557291666666667 0.587037037037037 0.5557291666666667 0.6157407407407407 0.5604166666666667 0.6212962962962963
5 0.9369791666666667 0.6962962962962963 0.9520833333333333 0.700925925925926 0.9505208333333334 0.6851851851851852 0.953125 0.6685185185185185 0.9473958333333333 0.6351851851851852 0.9432291666666667 0.6351851851851852 0.9385416666666667 0.6611111111111111 0.9411458333333333 0.6787037037037037 0.9369791666666667 0.6962962962962963
3 0.8302083333333333 0.6416666666666667 0.8317708333333333 0.6472222222222223 0.8375 0.6462962962962963 0.8411458333333334 0.6425925925925926 0.8421875 0.6342592592592593 0.8395833333333333 0.5953703703703703 0.8322916666666667 0.5842592592592593 0.8276041666666667 0.5879629629629629 0.8260416666666667 0.5981481481481481 0.825 0.6407407407407407 0.8302083333333333 0.6416666666666667
2 0.5338541666666666 0.6111111111111112 0.5375 0.612037037037037 0.5421875 0.6 0.5432291666666667 0.5888888888888889 0.5416666666666666 0.562962962962963 0.5385416666666667 0.5472222222222223 0.5369791666666667 0.5462962962962963 0.5359375 0.5555555555555556 0.5328125 0.5601851851851852 0.53125 0.5731481481481482 0.5338541666666666 0.6111111111111112
4 0.22083333333333333 0.697412962962963 0.22291666666666668 0.7020425925925926 0.221875 0.70945 0.22395833333333334 0.7122277777777778 0.228125 0.7103759259259259 0.23395520833333333 0.6712462962962963 0.23663281249999998 0.6613407407407408 0.23645833333333333 0.6501907407407408 0.23645833333333333 0.646487037037037 0.23229166666666667 0.6455611111111111 0.225 0.6631537037037037 0.22239583333333332 0.6853759259259259 0.21302083333333333 0.6927833333333333 0.21302083333333333 0.7001907407407407 0.22083333333333333 0.697412962962963
5 0.5442708333333334 0.6277777777777778 0.5484375 0.6305555555555555 0.553125 0.5925925925925926 0.5505208333333333 0.5768518518518518 0.54375 0.575925925925926 0.5427083333333333 0.5824074074074074 0.5416666666666666 0.5935185185185186 0.5442708333333334 0.6277777777777778
5 0.6234375 0.6240740740740741 0.6260416666666667 0.6175925925925926 0.6270833333333333 0.5833333333333334 0.6239583333333333 0.5703703703703704 0.6192708333333333 0.575 0.61875 0.6222222222222222 0.6234375 0.6240740740740741
4 0.8703125 0.6481481481481481 0.8723958333333334 0.6574074074074074 0.8765625 0.6583333333333333 0.8802083333333334 0.6555555555555556 0.8838541666666667 0.6453703703703704 0.8854166666666666 0.6027777777777777 0.8807291666666667 0.5916666666666667 0.8723958333333334 0.600925925925926 0.8697916666666666 0.6222222222222222 0.8703125 0.6481481481481481
5 0.4791666666666667 0.6231481481481481 0.48072916666666665 0.6574074074074074 0.4822916666666667 0.6592592592592592 0.4869791666666667 0.6546296296296297 0.4895833333333333 0.6305555555555555 0.48854166666666665 0.6046296296296296 0.4864583333333333 0.5981481481481481 0.4822916666666667 0.600925925925926 0.4822916666666667 0.6148148148148148 0.4791666666666667 0.6231481481481481
4 0.4390625 0.6814814814814815 0.4427083333333333 0.6768518518518518 0.44375 0.6583333333333333 0.446875 0.6444444444444445 0.4427083333333333 0.6185185185185185 0.4390625 0.6157407407407407 0.434375 0.6231481481481481 0.4348958333333333 0.6805555555555556 0.4390625 0.6814814814814815
5 0.69375 0.6398148148148148 0.7005208333333334 0.6351851851851852 0.7015625 0.6287037037037037 0.6984375 0.6194444444444445 0.6994791666666667 0.5981481481481481 0.6979166666666666 0.5833333333333334 0.6927083333333334 0.5787037037037037 0.6911458333333333 0.5851851851851851 0.690625 0.6361111111111111 0.69375 0.6398148148148148
4 0.8770833333333333 0.6546296296296297 0.8848958333333333 0.6481481481481481 0.8869791666666667 0.6037037037037037 0.8859375 0.5953703703703703 0.8807291666666667 0.5907407407407408 0.8739583333333333 0.6018518518518519 0.8734375 0.65 0.8770833333333333 0.6546296296296297
3 0.8026041666666667 0.5518518518518518 0.8109375 0.5416666666666666 0.8114583333333333 0.5092592592592593 0.8052083333333333 0.5046296296296297 0.8010416666666667 0.5074074074074074 0.7994791666666666 0.512962962962963 0.7989583333333333 0.5462962962962963 0.8026041666666667 0.5518518518518518
4 0.8572916666666667 0.649074074074074 0.8614583333333333 0.6509259259259259 0.8645833333333334 0.6472222222222223 0.8697916666666666 0.6148148148148148 0.8692708333333333 0.5962962962962963 0.8677083333333333 0.5916666666666667 0.8609375 0.5916666666666667 0.8567708333333334 0.6018518518518519 0.85625 0.6444444444444445 0.8572916666666667 0.649074074074074
5 0.7661458333333333 0.6361111111111111 0.7713541666666667 0.637962962962963 0.7729166666666667 0.6342592592592593 0.7734375 0.5824074074074074 0.7708333333333334 0.5768518518518518 0.7630208333333334 0.5787037037037037 0.7625 0.6259259259259259 0.7661458333333333 0.6361111111111111
0 0.23854166666666668 0.6648148148148149 0.24010416666666667 0.6685185185185185 0.23958333333333334 0.6731481481481482 0.24114583333333334 0.6731481481481482 0.24375 0.6712962962962963 0.24583333333333332 0.6675925925925926 0.24635416666666668 0.6648148148148149 0.24583333333333332 0.6620370370370371 0.24375 0.6583333333333333 0.24322916666666666 0.6592592592592592 0.24010416666666667 0.6592592592592592 0.23854166666666668 0.6620370370370371 0.23854166666666668 0.6648148148148149