5 0.6875 0.7407407407407407 0.6932291666666667 0.7416666666666667 0.6963541666666667 0.700925925925926 0.7010416666666667 0.7027777777777777 0.7057291666666666 0.6898148148148148 0.7046875 0.6787037037037037 0.7010416666666667 0.6657407407407407 0.6890625 0.6666666666666666 0.6848958333333334 0.674074074074074 0.6770833333333334 0.6722222222222223 0.6760416666666667 0.6935185185185185 0.68125 0.7 0.6880208333333333 0.7342592592592593 0.6875 0.7407407407407407
5 0.7588541666666667 0.8111111111111111 0.7614583333333333 0.8148148148148148 0.7671875 0.8148148148148148 0.7755208333333333 0.7490740740740741 0.7671875 0.7222222222222222 0.7619791666666667 0.7240740740740741 0.7578125 0.7435185185185185 0.7598958333333333 0.7611111111111111 0.7572916666666667 0.7805555555555556 0.7604166666666666 0.8009259259259259 0.7588541666666667 0.8111111111111111
5 0.07604166666666666 0.8222222222222222 0.07708333333333334 0.8083333333333333 0.071875 0.7981481481481482 0.07083333333333333 0.7898148148148149 0.0765625 0.7555555555555555 0.07447916666666667 0.7388888888888889 0.06822916666666666 0.7194444444444444 0.06354166666666666 0.7212962962962963 0.057291666666666664 0.7703703703703704 0.06197916666666667 0.8018518518518518 0.05677083333333333 0.825 0.06041666666666667 0.8268518518518518 0.07604166666666666 0.8222222222222222
5 0.5921875 0.7203703703703703 0.5953125 0.7185185185185186 0.596875 0.7046296296296296 0.5994791666666667 0.6370370370370371 0.5953125 0.6361111111111111 0.5869791666666667 0.6601851851851852 0.5880208333333333 0.6935185185185185 0.5859375 0.7111111111111111 0.5875 0.7185185185185186 0.5921875 0.7203703703703703
4 0.6458333333333334 0.7222222222222222 0.6541666666666667 0.6583333333333333 0.6526041666666667 0.6407407407407407 0.6489583333333333 0.6398148148148148 0.6395833333333333 0.6462962962962963 0.6359375 0.6638888888888889 0.6354166666666666 0.6805555555555556 0.6364583333333333 0.7092592592592593 0.6348958333333333 0.7185185185185186 0.6390625 0.7231481481481481 0.6458333333333334 0.7222222222222222
5 0.36354166666666665 0.637962962962963 0.3572916666666667 0.6203703703703703 0.35260416666666666 0.6222222222222222 0.3494791666666667 0.6370370370370371 0.3489583333333333 0.7083333333333334 0.36822916666666666 0.7083333333333334 0.3645833333333333 0.6842592592592592 0.36354166666666665 0.637962962962963
4 0.421875 0.6935185185185185 0.4244791666666667 0.6305555555555555 0.4197916666666667 0.6175925925925926 0.4119791666666667 0.6259259259259259 0.41458333333333336 0.700925925925926 0.4161458333333333 0.7018518518518518 0.4197916666666667 0.7 0.421875 0.6935185185185185
3 0.6359375 0.8 0.6359375 0.8064814814814815 0.6328125 0.8138888888888889 0.634375 0.8194444444444444 0.6385416666666667 0.8194444444444444 0.6421875 0.8138888888888889 0.6421875 0.7787037037037037 0.6479166666666667 0.7425925925925926 0.6463541666666667 0.7203703703703703 0.640625 0.712037037037037 0.6364583333333333 0.7129629629629629 0.6317708333333333 0.7240740740740741 0.634375 0.7342592592592593 0.6317708333333333 0.774074074074074 0.6359375 0.8
4 0.6130208333333333 0.7240740740740741 0.6197916666666666 0.7277777777777777 0.6244791666666667 0.7240740740740741 0.6265625 0.7166666666666667 0.6291666666666667 0.6648148148148149 0.6286458333333333 0.6574074074074074 0.6229166666666667 0.6416666666666667 0.6171875 0.6388888888888888 0.6151041666666667 0.6425925925925926 0.6119791666666666 0.6574074074074074 0.6119791666666666 0.6851851851851852 0.6140625 0.6990740740740741 0.6130208333333333 0.7240740740740741
4 0.5994791666666667 0.7231481481481481 0.6041666666666666 0.7231481481481481 0.6067708333333334 0.7203703703703703 0.60625 0.7083333333333334 0.6109375 0.687037037037037 0.6119791666666666 0.6537037037037037 0.6072916666666667 0.6361111111111111 0.6015625 0.637962962962963 0.5979166666666667 0.6481481481481481 0.5963541666666666 0.6583333333333333 0.5984375 0.6962962962962963 0.5973958333333333 0.7175925925925926 0.5994791666666667 0.7231481481481481
2 0.4421875 0.6425925925925926 0.446875 0.6425925925925926 0.4390625 0.6092592592592593 0.4348958333333333 0.6101851851851852 0.43333333333333335 0.6148148148148148 0.43072916666666666 0.6259259259259259 0.43125 0.6370370370370371 0.4354166666666667 0.65 0.4421875 0.6425925925925926
5 0.6864583333333333 0.65 0.6838541666666667 0.6375 0.684375 0.6185185185185185 0.68125 0.6138888888888889 0.6796875 0.6157407407407407 0.6723958333333333 0.6342592592592593 0.6692708333333334 0.6546296296296297 0.678125 0.675 0.6822916666666666 0.6712962962962963 0.6864583333333333 0.65
5 0.42916666666666664 0.6981481481481482 0.42864583333333334 0.6851851851851852 0.4317708333333333 0.6703703703703704 0.43125 0.6259259259259259 0.4234375 0.6231481481481481 0.42291666666666666 0.6453703703703704 0.4203125 0.6583333333333333 0.4192708333333333 0.6981481481481482 0.42239583333333336 0.7046296296296296 0.42604166666666665 0.7046296296296296 0.42916666666666664 0.6981481481481482
5 0.4401041666666667 0.7185185185185186 0.446875 0.7157407407407408 0.45 0.6768518518518518 0.446875 0.6370370370370371 0.44375 0.6314814814814815 0.4401041666666667 0.6324074074074074 0.4348958333333333 0.649074074074074 0.4328125 0.6611111111111111 0.43697916666666664 0.6888888888888889 0.4348958333333333 0.7148148148148148 0.4401041666666667 0.7185185185185186
4 0.7041666666666667 0.6583333333333333 0.7125 0.6546296296296297 0.7125 0.6518518518518519 0.7083333333333334 0.6305555555555555 0.7010416666666667 0.6148148148148148 0.696875 0.6138888888888889 0.6932291666666667 0.6268518518518519 0.6927083333333334 0.6462962962962963 0.6890625 0.6657407407407407 0.7010416666666667 0.674074074074074 0.7041666666666667 0.6583333333333333
4 0.9088541666666666 0.8833333333333333 0.9135416666666667 0.8833333333333333 0.9177083333333333 0.8731481481481481 0.9255208333333333 0.8759259259259259 0.9260416666666667 0.8833333333333333 0.9291666666666667 0.8842592592592593 0.93125 0.8805555555555555 0.9359375 0.8101851851851852 0.93125 0.7916666666666666 0.93125 0.7805555555555556 0.9244791666666666 0.7796296296296297 0.9229166666666667 0.7888888888888889 0.9171875 0.7981481481481482 0.9083333333333333 0.8222222222222222 0.9078125 0.8333333333333334 0.9140625 0.8393518518518519 0.9119791666666667 0.8712962962962963 0.9088541666666666 0.8833333333333333