5 0.6421875 0.6185185185185185 0.6427083333333333 0.5833333333333334 0.6385416666666667 0.5712962962962963 0.6348958333333333 0.5722222222222222 0.6333333333333333 0.5787037037037037 0.6338541666666667 0.6185185185185185 0.6421875 0.6185185185185185
5 0.7536458333333333 0.65 0.7598958333333333 0.649074074074074 0.7625 0.6425925925925926 0.7614583333333333 0.6333333333333333 0.7661458333333333 0.6259259259259259 0.7630208333333334 0.6083333333333333 0.759375 0.5990740740740741 0.7557291666666667 0.5972222222222222 0.7510416666666667 0.6092592592592593 0.75 0.6425925925925926 0.7536458333333333 0.65
4 0.23854166666666668 0.7407407407407407 0.24010416666666667 0.7453703703703703 0.24270833333333333 0.7444444444444445 0.2453125 0.7398148148148148 0.25364583333333335 0.6944444444444444 0.24791666666666667 0.6796296296296296 0.24427083333333333 0.6796296296296296 0.2359375 0.6972222222222222 0.23802083333333332 0.7074074074074074 0.23854166666666668 0.7407407407407407
4 0.7052083333333333 0.6574074074074074 0.709375 0.6592592592592592 0.7130208333333333 0.6546296296296297 0.7166666666666667 0.6342592592592593 0.7166666666666667 0.6175925925925926 0.7130208333333333 0.6055555555555555 0.7072916666666667 0.6046296296296296 0.7041666666666667 0.625 0.703125 0.65 0.7052083333333333 0.6574074074074074
5 0.0875 0.6916666666666667 0.09166666666666666 0.6898148148148148 0.09427083333333333 0.6805555555555556 0.10572916666666667 0.6796296296296296 0.103125 0.6462962962962963 0.09947916666666666 0.6333333333333333 0.0953125 0.6305555555555555 0.09166666666666666 0.6416666666666667 0.09166666666666666 0.6611111111111111 0.0875 0.6916666666666667
4 0.7427083333333333 0.700925925925926 0.7463541666666667 0.700925925925926 0.7473958333333334 0.6814814814814815 0.7515625 0.6703703703703704 0.7541666666666667 0.65 0.74375 0.6407407407407407 0.7380208333333333 0.6537037037037037 0.7385416666666667 0.6898148148148148 0.7427083333333333 0.700925925925926
5 0.6895833333333333 0.687037037037037 0.6973958333333333 0.6731481481481482 0.6984375 0.6398148148148148 0.6927083333333334 0.6277777777777778 0.6890625 0.6324074074074074 0.6869791666666667 0.6509259259259259 0.6864583333333333 0.6842592592592592 0.6895833333333333 0.687037037037037
5 0.7645833333333333 0.6990740740740741 0.7661458333333333 0.7027777777777777 0.771875 0.7037037037037037 0.7739583333333333 0.6972222222222222 0.7708333333333334 0.6814814814814815 0.7744791666666667 0.6574074074074074 0.7635416666666667 0.6444444444444445 0.7583333333333333 0.6509259259259259 0.7625 0.6722222222222223 0.7645833333333333 0.6990740740740741
5 0.3145833333333333 0.7777777777777778 0.3182291666666667 0.7842592592592592 0.3260416666666667 0.7824074074074074 0.32916666666666666 0.7638888888888888 0.33541666666666664 0.7518518518518519 0.334375 0.7203703703703703 0.33125 0.7129629629629629 0.3260416666666667 0.7185185185185186 0.321875 0.7611111111111111 0.3145833333333333 0.7777777777777778
5 0.13697916666666668 0.7703703703703704 0.13854166666666667 0.7796296296296297 0.15520833333333334 0.7379629629629629 0.15625 0.7148148148148148 0.15364583333333334 0.7101851851851851 0.14635416666666667 0.7101851851851851 0.14010416666666667 0.725925925925926 0.140625 0.7407407407407407 0.13697916666666668 0.7703703703703704
5 0.8020833333333334 0.7824074074074074 0.8020833333333334 0.7944444444444444 0.8059895833333334 0.8013888888888889 0.8083333333333333 0.8157407407407408 0.815625 0.8166666666666667 0.8182291666666667 0.812037037037037 0.8182291666666667 0.8055555555555556 0.8151041666666666 0.8018518518518518 0.8140625 0.7907407407407407 0.8177083333333334 0.7777777777777778 0.8197916666666667 0.7555555555555555 0.8145833333333333 0.7361111111111112 0.8098958333333334 0.7342592592592593 0.8052083333333333 0.7537037037037037 0.8026041666666667 0.7555555555555555 0.8046875 0.7731481481481481 0.8020833333333334 0.7824074074074074
5 0.4817708333333333 0.587037037037037 0.4828125 0.5833333333333334 0.4786458333333333 0.5611111111111111 0.4708333333333333 0.549074074074074 0.46822916666666664 0.5527777777777778 0.46927083333333336 0.5851851851851851 0.4817708333333333 0.587037037037037
4 0.5640625 0.6444444444444445 0.5734375 0.637962962962963 0.5765625 0.6398148148148148 0.5786458333333333 0.6351851851851852 0.5755208333333334 0.5944444444444444 0.571875 0.5898148148148148 0.5692708333333333 0.5916666666666667 0.5671875 0.6027777777777777 0.5630208333333333 0.6407407407407407 0.5640625 0.6444444444444445
5 0.18385416666666668 0.6046296296296296 0.18802083333333333 0.5990740740740741 0.1890625 0.5666666666666667 0.18541666666666667 0.5601851851851852 0.1796875 0.5703703703703704 0.18020833333333333 0.600925925925926 0.18385416666666668 0.6046296296296296
0 0.190625 0.775 0.19270833333333334 0.7712962962962963 0.1921875 0.7638888888888888 0.1859375 0.762962962962963 0.184375 0.7712962962962963 0.190625 0.775
4 0.5213541666666667 0.5962962962962963 0.5234375 0.5916666666666667 0.5234375 0.562037037037037 0.5177083333333333 0.549074074074074 0.5151041666666667 0.5518518518518518 0.5135416666666667 0.5990740740740741 0.5213541666666667 0.5962962962962963
4 0.6697916666666667 0.6194444444444445 0.6734375 0.6148148148148148 0.6776041666666667 0.5833333333333334 0.6744791666666666 0.5657407407407408 0.6697916666666667 0.5675925925925925 0.6651041666666667 0.5898148148148148 0.6645833333333333 0.6157407407407407 0.6697916666666667 0.6194444444444445
4 0.4109375 0.7759259259259259 0.4114583333333333 0.7805555555555556 0.415625 0.7787037037037037 0.42239583333333336 0.7657407407407407 0.425 0.7657407407407407 0.4276041666666667 0.7722222222222223 0.42916666666666664 0.7666666666666667 0.4270833333333333 0.7472222222222222 0.43125 0.7314814814814815 0.4317708333333333 0.7157407407407408 0.42604166666666665 0.700925925925926 0.42291666666666666 0.6990740740740741 0.4197916666666667 0.7046296296296296 0.4166666666666667 0.7555555555555555 0.4109375 0.7759259259259259
3 0.3494791666666667 0.5592592592592592 0.353125 0.5574074074074075 0.3541666666666667 0.55 0.3609375 0.5444444444444444 0.3609375 0.5268518518518519 0.353125 0.5120370370370371 0.34739583333333335 0.5138888888888888 0.33958333333333335 0.5324074074074074 0.3390625 0.5370370370370371 0.3494791666666667 0.5592592592592592
4 0.6078125 0.6768518518518518 0.6119791666666666 0.6694444444444444 0.61875 0.6361111111111111 0.6151041666666667 0.6212962962962963 0.6078125 0.6259259259259259 0.6057291666666667 0.6342592592592593 0.6052083333333333 0.675 0.6078125 0.6768518518518518
3 0.5171875 0.6185185185185185 0.51875 0.6527777777777778 0.5229166666666667 0.6546296296296297 0.5265625 0.65 0.5260416666666666 0.6231481481481481 0.5296875 0.6055555555555555 0.5213541666666667 0.5898148148148148 0.5182291666666666 0.5916666666666667 0.5140625 0.5990740740740741 0.5171875 0.6185185185185185
3 0.14739583333333334 0.5666666666666667 0.15 0.562962962962963 0.15364583333333334 0.5444444444444444 0.15416666666666667 0.5296296296296297 0.15104166666666666 0.5222222222222223 0.14583333333333334 0.5222222222222223 0.14322916666666666 0.5324074074074074 0.1421875 0.5638888888888889 0.14739583333333334 0.5666666666666667
4 0.1453125 0.7101851851851851 0.15 0.7111111111111111 0.15364583333333334 0.6861111111111111 0.15989583333333332 0.6657407407407407 0.15572916666666667 0.6425925925925926 0.15208333333333332 0.6416666666666667 0.14635416666666667 0.6509259259259259 0.14322916666666666 0.6620370370370371 0.13854166666666667 0.6675925925925926 0.14479166666666668 0.687962962962963 0.1453125 0.7101851851851851