4 0.20833333333333334 0.6074074074074074 0.2203125 0.6074074074074074 0.22135416666666666 0.6018518518518519 0.21770833333333334 0.5824074074074074 0.21875 0.5796296296296296 0.2140625 0.5611111111111111 0.20885416666666667 0.5601851851851852 0.20729166666666668 0.6046296296296296 0.20833333333333334 0.6074074074074074
4 0.2828125 0.6620370370370371 0.2869791666666667 0.6611111111111111 0.2890625 0.6222222222222222 0.2833333333333333 0.6111111111111112 0.2796875 0.6129629629629629 0.2765625 0.6222222222222222 0.2791666666666667 0.65 0.2828125 0.6620370370370371
5 0.45364583333333336 0.575925925925926 0.4557291666666667 0.587037037037037 0.4588541666666667 0.5879629629629629 0.4640625 0.5675925925925925 0.4635416666666667 0.5555555555555556 0.459375 0.5453703703703704 0.4546875 0.5481481481481482 0.45208333333333334 0.5555555555555556 0.45364583333333336 0.575925925925926
4 0.4354166666666667 0.5851851851851851 0.4390625 0.5796296296296296 0.43802083333333336 0.5527777777777778 0.4348958333333333 0.5416666666666666 0.42916666666666664 0.5444444444444444 0.4265625 0.5833333333333334 0.4354166666666667 0.5851851851851851
4 0.3416666666666667 0.6 0.3453125 0.5990740740740741 0.34791666666666665 0.5916666666666667 0.3484375 0.5657407407407408 0.34479166666666666 0.5564814814814815 0.3416666666666667 0.5564814814814815 0.3390625 0.5685185185185185 0.34010416666666665 0.5962962962962963 0.3416666666666667 0.6
5 0.309375 0.6851851851851852 0.3109375 0.6861111111111111 0.32083333333333336 0.6694444444444444 0.3171875 0.6351851851851852 0.3140625 0.6268518518518519 0.3098958333333333 0.6287037037037037 0.3072916666666667 0.649074074074074 0.309375 0.6851851851851852
3 0.30625 0.5518518518518518 0.30833333333333335 0.5481481481481482 0.3026041666666667 0.5203703703703704 0.2984375 0.5175925925925926 0.2953125 0.5324074074074074 0.29583333333333334 0.5481481481481482 0.30625 0.5518518518518518
3 0.5171875 0.6444444444444445 0.5208333333333334 0.6611111111111111 0.5234375 0.6620370370370371 0.5291666666666667 0.6537037037037037 0.5265625 0.637962962962963 0.5302083333333333 0.6222222222222222 0.5255208333333333 0.6064814814814815 0.5208333333333334 0.6037037037037037 0.5166666666666667 0.6101851851851852 0.5151041666666667 0.6240740740740741 0.5171875 0.6444444444444445
5 0.7270833333333333 0.625 0.7317708333333334 0.625 0.7338541666666667 0.6305555555555555 0.7317708333333334 0.65 0.728125 0.6620370370370371 0.74375 0.6638888888888889 0.7453125 0.6537037037037037 0.7432291666666667 0.6231481481481481 0.7401041666666667 0.6111111111111112 0.7359375 0.6111111111111112 0.7333333333333333 0.6175925925925926 0.7276041666666667 0.6203703703703703 0.7260416666666667 0.6222222222222222 0.7270833333333333 0.625
5 0.6947916666666667 0.612037037037037 0.6963541666666667 0.6157407407407407 0.7005208333333334 0.6157407407407407 0.703125 0.5990740740740741 0.7026041666666667 0.5777777777777777 0.696875 0.5703703703703704 0.690625 0.5805555555555556 0.690625 0.5944444444444444 0.6947916666666667 0.612037037037037
4 0.6505208333333333 0.700925925925926 0.6536458333333334 0.7148148148148148 0.6583333333333333 0.7175925925925926 0.6609375 0.7138888888888889 0.6604166666666667 0.6981481481481482 0.6677083333333333 0.6814814814814815 0.6671875 0.674074074074074 0.6578125 0.6648148148148149 0.6541666666666667 0.6564814814814814 0.65 0.6601851851851852 0.6484375 0.6824074074074075 0.6505208333333333 0.700925925925926
5 0.40260416666666665 0.6648148148148149 0.4114583333333333 0.6657407407407407 0.4114583333333333 0.6259259259259259 0.4078125 0.6111111111111112 0.4041666666666667 0.6111111111111112 0.4005208333333333 0.6296296296296297 0.4 0.6462962962962963 0.40260416666666665 0.6648148148148149
3 0.7921875 0.8731481481481481 0.7947916666666667 0.8768518518518519 0.8026041666666667 0.8694444444444445 0.8104166666666667 0.899074074074074 0.8125 0.8861111111111111 0.8151041666666666 0.8851851851851852 0.8182291666666667 0.899074074074074 0.821875 0.9009259259259259 0.8182291666666667 0.8731481481481481 0.8208333333333333 0.8342592592592593 0.8151041666666666 0.8203703703703704 0.8145833333333333 0.812962962962963 0.8088541666666667 0.812962962962963 0.7994791666666666 0.8611111111111112 0.7921875 0.8731481481481481
5 0.025520833333333333 0.6972222222222222 0.026041666666666668 0.7083333333333334 0.029166666666666667 0.7101851851851851 0.03177083333333333 0.7055555555555556 0.03333333333333333 0.6694444444444444 0.025 0.6444444444444445 0.020833333333333332 0.65 0.019791666666666666 0.6777777777777778 0.025520833333333333 0.6972222222222222
4 0.6932291666666667 0.5953703703703703 0.6953125 0.5916666666666667 0.6885416666666667 0.5574074074074075 0.6848958333333334 0.5537037037037037 0.6817708333333333 0.5601851851851852 0.6802083333333333 0.5944444444444444 0.6932291666666667 0.5953703703703703
5 0.6635416666666667 0.700925925925926 0.6703125 0.7361111111111112 0.675 0.7398148148148148 0.6770833333333334 0.737037037037037 0.6770833333333334 0.7046296296296296 0.675 0.6888888888888889 0.6692708333333334 0.6731481481481482 0.6609375 0.6731481481481482 0.659375 0.6925925925925925 0.6635416666666667 0.700925925925926
4 0.07552083333333333 0.6703703703703704 0.078125 0.6694444444444444 0.08020833333333334 0.6657407407407407 0.08020833333333334 0.6583333333333333 0.07760416666666667 0.6518518518518519 0.078125 0.6240740740740741 0.0734375 0.6138888888888889 0.0703125 0.6129629629629629 0.06614583333333333 0.6259259259259259 0.06666666666666667 0.6537037037037037 0.07552083333333333 0.6703703703703704
4 0.5208333333333334 0.6277777777777778 0.5296875 0.6333333333333333 0.53125 0.6388888888888888 0.5359375 0.6388888888888888 0.5369791666666667 0.6 0.53125 0.5925925925925926 0.5239583333333333 0.6064814814814815 0.5208333333333334 0.6046296296296296 0.51875 0.6074074074074074 0.5177083333333333 0.6222222222222222 0.5208333333333334 0.6277777777777778
5 0.021354166666666667 0.787962962962963 0.024479166666666666 0.7888888888888889 0.027083333333333334 0.799074074074074 0.026041666666666668 0.8083333333333333 0.03958333333333333 0.8046296296296296 0.040625 0.8083333333333333 0.0453125 0.8074074074074075 0.04375 0.799074074074074 0.0453125 0.7796296296296297 0.0421875 0.7722222222222223 0.029166666666666667 0.7574074074074074 0.021875 0.7675925925925926 0.025520833333333333 0.7731481481481481 0.021354166666666667 0.787962962962963
3 0.6708333333333333 0.5592592592592592 0.6755208333333333 0.5638888888888889 0.6776041666666667 0.5601851851851852 0.6786458333333333 0.5351851851851852 0.675 0.524074074074074 0.671875 0.524074074074074 0.6697916666666667 0.5314814814814814 0.6708333333333333 0.5592592592592592
5 0.09791666666666667 0.7416666666666667 0.10260416666666666 0.7398148148148148 0.10677083333333333 0.7231481481481481 0.11927083333333334 0.7203703703703703 0.11927083333333334 0.7157407407407408 0.10989583333333333 0.7129629629629629 0.1046875 0.6787037037037037 0.10104166666666667 0.6768518518518518 0.09895833333333333 0.6814814814814815 0.0953125 0.7379629629629629 0.09791666666666667 0.7416666666666667
4 0.005208333333333333 0.7935185185185185 0.010416666666666666 0.8018518518518518 0.013020833333333334 0.8148148148148148 0.025 0.8148148148148148 0.025 0.8083333333333333 0.019791666666666666 0.8027777777777778 0.0140625 0.7851851851851852 0.018229166666666668 0.7722222222222223 0.019791666666666666 0.7546296296296297 0.013541666666666667 0.7314814814814815 0.008854166666666666 0.7324074074074074 0.008333333333333333 0.7462962962962963 0.005208333333333333 0.7555555555555555 0.0036458333333333334 0.7824074074074074 0.005208333333333333 0.7935185185185185
5 0.703125 0.6972222222222222 0.7046875 0.7 0.7135416666666666 0.6990740740740741 0.715625 0.6953703703703704 0.7114583333333333 0.662962962962963 0.7119791666666667 0.6527777777777778 0.7052083333333333 0.6388888888888888 0.7020833333333333 0.6453703703703704 0.7010416666666667 0.6814814814814815 0.703125 0.6972222222222222