4 0.528125 0.6814814814814815 0.5291666666666667 0.6605555555555556 0.5328125 0.6453703703703704 0.5260416666666666 0.6305555555555555 0.5208333333333334 0.637962962962963 0.5213541666666667 0.6787037037037037 0.528125 0.6814814814814815
4 0.6203125 0.6314814814814815 0.621875 0.6277777777777778 0.6255208333333333 0.6314814814814815 0.6286458333333333 0.6296296296296297 0.6265625 0.5981481481481481 0.6229166666666667 0.5898148148148148 0.61875 0.5916666666666667 0.6166666666666667 0.6111111111111112 0.6161458333333333 0.6305555555555555 0.6203125 0.6314814814814815
5 0.4828125 0.6388888888888888 0.4869791666666667 0.6435185185185185 0.48802083333333335 0.6388888888888888 0.4828125 0.6194444444444445 0.4765625 0.6083333333333333 0.47291666666666665 0.6092592592592593 0.47291666666666665 0.6416666666666667 0.4828125 0.6388888888888888
5 0.4015625 0.7222222222222222 0.403125 0.7277777777777777 0.41354166666666664 0.7222222222222222 0.4166666666666667 0.6898148148148148 0.4161458333333333 0.6694444444444444 0.4114583333333333 0.6657407407407407 0.40625 0.6796296296296296 0.40625 0.7083333333333334 0.4015625 0.7222222222222222
5 0.5213541666666667 0.7632712962962963 0.5192708333333333 0.7722222222222223 0.5140625 0.7759259259259259 0.5140625 0.7814814814814814 0.5177083333333333 0.7842592592592592 0.5276041666666667 0.7796296296296297 0.53125 0.7935185185185185 0.5364583333333334 0.7953703703703704 0.528125 0.7305555555555555 0.5260416666666666 0.7268518518518519 0.5229166666666667 0.7287037037037037 0.5208333333333334 0.7444444444444445 0.5213541666666667 0.7632712962962963
5 0.18020833333333333 0.7092592592592593 0.18333333333333332 0.7083333333333334 0.18802083333333333 0.6990740740740741 0.190625 0.7 0.19322916666666667 0.7111111111111111 0.1953125 0.7092592592592593 0.19583333333333333 0.674074074074074 0.1921875 0.6601851851851852 0.1875 0.6574074074074074 0.1828125 0.674074074074074 0.18333333333333332 0.6907407407407408 0.18020833333333333 0.7092592592592593
4 0.7510416666666667 0.7787037037037037 0.7552083333333334 0.7898148148148149 0.7572916666666667 0.8138888888888889 0.7635416666666667 0.8157407407407408 0.7661458333333333 0.812037037037037 0.7635416666666667 0.7925925925925926 0.7671875 0.7824074074074074 0.7671875 0.7675925925925926 0.7614583333333333 0.7472222222222222 0.7572916666666667 0.7472222222222222 0.7557291666666667 0.7509259259259259 0.7552083333333334 0.7685185185185185 0.7510416666666667 0.7787037037037037
0 0.7421875 0.8157407407407408 0.7489583333333333 0.8138888888888889 0.7473958333333334 0.8064814814814815 0.7416666666666667 0.8074074074074075 0.740625 0.8138888888888889 0.7421875 0.8157407407407408
5 0.20104166666666667 0.7546296296296297 0.20885416666666667 0.7583333333333333 0.2125 0.7555555555555555 0.21614583333333334 0.7240740740740741 0.22395833333333334 0.7203703703703703 0.2203125 0.7166666666666667 0.22083333333333333 0.7074074074074074 0.2125 0.700925925925926 0.2046875 0.7083333333333334 0.2 0.7398148148148148 0.19947916666666668 0.7518518518518519 0.20104166666666667 0.7546296296296297
5 0.45989583333333334 0.6898148148148148 0.46197916666666666 0.6583333333333333 0.4588541666666667 0.6444444444444445 0.4546875 0.637962962962963 0.45260416666666664 0.6453703703703704 0.446875 0.6518518518518519 0.446875 0.6898148148148148 0.45989583333333334 0.6898148148148148
5 0.2994791666666667 0.675 0.3026041666666667 0.6546296296296297 0.3026041666666667 0.6305555555555555 0.2984375 0.6268518518518519 0.29375 0.6416666666666667 0.29322916666666665 0.6712962962962963 0.2994791666666667 0.675
4 0.24739583333333334 0.7703703703703704 0.2526041666666667 0.7731481481481481 0.2604166666666667 0.7314814814814815 0.2557291666666667 0.7101851851851851 0.2515625 0.7111111111111111 0.24635416666666668 0.7231481481481481 0.24479166666666666 0.7333333333333333 0.24739583333333334 0.7703703703703704
4 0.2557291666666667 0.6666666666666666 0.25625 0.6518518518518519 0.2625 0.6518518518518519 0.2671875 0.6657407407407407 0.2713541666666667 0.6657407407407407 0.2713541666666667 0.6314814814814815 0.26875 0.6231481481481481 0.2635416666666667 0.6203703703703703 0.2598958333333333 0.6268518518518519 0.25729166666666664 0.6268518518518519 0.246875 0.6185185185185185 0.24791666666666667 0.662962962962963 0.2557291666666667 0.6666666666666666
3 0.8515625 0.9111111111111111 0.8552083333333333 0.912962962962963 0.8588541666666667 0.8962962962962963 0.8625 0.8916666666666667 0.8682291666666667 0.8935185185185185 0.8713541666666667 0.9111111111111111 0.8739583333333333 0.9138888888888889 0.8755208333333333 0.9120370370370371 0.8739583333333333 0.8537037037037037 0.865625 0.8333333333333334 0.8619791666666666 0.8361111111111111 0.8572916666666667 0.850925925925926 0.8494791666666667 0.899074074074074 0.8515625 0.9111111111111111
4 0.3182291666666667 0.6796296296296296 0.321875 0.6796296296296296 0.32708333333333334 0.6620370370370371 0.3265625 0.6305555555555555 0.321875 0.6296296296296297 0.3177083333333333 0.6425925925925926 0.3145833333333333 0.6694444444444444 0.3182291666666667 0.6796296296296296
3 0.32708333333333334 0.7129629629629629 0.32864583333333336 0.7166666666666667 0.3416666666666667 0.7175925925925926 0.3390625 0.6657407407407407 0.3333333333333333 0.6564814814814814 0.3265625 0.6666666666666666 0.32864583333333336 0.6814814814814815 0.32708333333333334 0.7129629629629629
5 0.2328125 0.6611111111111111 0.23697916666666666 0.6564814814814814 0.24427083333333333 0.6611111111111111 0.24583333333333332 0.6574074074074074 0.24479166666666666 0.649074074074074 0.23854166666666668 0.6231481481481481 0.23489583333333333 0.6222222222222222 0.23072916666666668 0.6305555555555555 0.23020833333333332 0.6592592592592592 0.2328125 0.6611111111111111
4 0.20104166666666667 0.6851851851851852 0.20416666666666666 0.7138888888888889 0.21302083333333333 0.7222222222222222 0.22447916666666667 0.7203703703703703 0.225 0.6833333333333333 0.21822916666666667 0.6537037037037037 0.21614583333333334 0.6509259259259259 0.203125 0.6648148148148149 0.20104166666666667 0.6685185185185185 0.20104166666666667 0.6851851851851852
5 0.2265625 0.6898148148148148 0.2328125 0.7240740740740741 0.2375 0.725925925925926 0.23958333333333334 0.7185185185185186 0.23958333333333334 0.6805555555555556 0.23645833333333333 0.6657407407407407 0.23177083333333334 0.6666666666666666 0.2265625 0.6814814814814815 0.2265625 0.6898148148148148
4 0.24010416666666667 0.6083333333333333 0.246875 0.6324074074074074 0.2453125 0.6592592592592592 0.24791666666666667 0.6657407407407407 0.2552083333333333 0.6675925925925926 0.25677083333333334 0.6648148148148149 0.25625 0.6277777777777778 0.2520833333333333 0.6148148148148148 0.2484375 0.6157407407407407 0.24010416666666667 0.6083333333333333
4 0.2234375 0.6694444444444444 0.22083333333333333 0.6425925925925926 0.21770833333333334 0.637962962962963 0.21145833333333333 0.6546296296296297 0.20677083333333332 0.6592592592592592 0.2125 0.6722222222222223 0.2234375 0.6694444444444444
3 0.27291666666666664 0.5805555555555556 0.275 0.5925925925925926 0.2786458333333333 0.5925925925925926 0.28125 0.5824074074074074 0.28125 0.5675925925925925 0.275 0.5555555555555556 0.2713541666666667 0.5564814814814815 0.26927083333333335 0.562037037037037 0.2677083333333333 0.575 0.27291666666666664 0.5805555555555556