3 0.640625 0.6620370370370371 0.6338541666666667 0.6675925925925926 0.6333333333333333 0.6777777777777778 0.6380208333333334 0.6907407407407408 0.6364583333333333 0.700925925925926 0.6421875 0.7046296296296296 0.6432291666666666 0.6972222222222222 0.6505208333333333 0.6925925925925925 0.6505208333333333 0.687037037037037 0.6541666666666667 0.6814814814814815 0.6520833333333333 0.6611111111111111 0.6567708333333333 0.6537037037037037 0.6578125 0.6453703703703704 0.6526041666666667 0.6268518518518519 0.65 0.6268518518518519 0.6401041666666667 0.6425925925925926 0.6427083333333333 0.6537037037037037 0.640625 0.6620370370370371
4 0.5390625 0.7240740740740741 0.5369791666666667 0.7324074074074074 0.5572916666666666 0.7231481481481481 0.559375 0.7268518518518519 0.5583333333333333 0.7435185185185185 0.5640625 0.7462962962962963 0.565625 0.7435185185185185 0.5640625 0.7111111111111111 0.5671875 0.7046296296296296 0.5645833333333333 0.6722222222222223 0.5598958333333334 0.6731481481481482 0.5526041666666667 0.6851851851851852 0.5489583333333333 0.7129629629629629 0.5390625 0.7240740740740741
4 0.4947916666666667 0.6555555555555556 0.5010416666666667 0.6564814814814814 0.5015625 0.6759259259259259 0.5036458333333333 0.6833333333333333 0.5057291666666667 0.6833333333333333 0.5078125 0.6731481481481482 0.5109375 0.6731481481481482 0.5135416666666667 0.6824074074074075 0.515625 0.6777777777777778 0.5145833333333333 0.6592592592592592 0.5171875 0.65 0.5088541666666667 0.6333333333333333 0.5015625 0.6287037037037037 0.4901041666666667 0.6564814814814814 0.4901041666666667 0.662962962962963 0.4947916666666667 0.6555555555555556
4 0.2625 0.6824074074074075 0.26197916666666665 0.6898148148148148 0.2640625 0.6935185185185185 0.26614583333333336 0.6898148148148148 0.2760416666666667 0.687037037037037 0.2791666666666667 0.6990740740740741 0.2833333333333333 0.6990740740740741 0.28541666666666665 0.6962962962962963 0.28125 0.6824074074074075 0.28020833333333334 0.6685185185185185 0.28229166666666666 0.6305555555555555 0.278125 0.6277777777777778 0.271875 0.6342592592592593 0.2708333333333333 0.6694444444444444 0.2625 0.6824074074074075
5 0.11510416666666666 0.6814814814814815 0.11979166666666667 0.6787037037037037 0.11927083333333334 0.6407407407407407 0.12291666666666666 0.6148148148148148 0.12135416666666667 0.6092592592592593 0.11822916666666666 0.6083333333333333 0.11041666666666666 0.6231481481481481 0.11041666666666666 0.6361111111111111 0.103125 0.6685185185185185 0.10416666666666667 0.6777777777777778 0.11510416666666666 0.6814814814814815
4 0.321875 0.637962962962963 0.3265625 0.6407407407407407 0.3302083333333333 0.6314814814814815 0.3338541666666667 0.587037037037037 0.32864583333333336 0.5722222222222222 0.3255208333333333 0.5703703703703704 0.32395833333333335 0.5731481481481482 0.31927083333333334 0.5898148148148148 0.321875 0.637962962962963
4 0.8083333333333333 0.6916666666666667 0.8015625 0.7 0.8020833333333334 0.7074074074074074 0.80625 0.7083333333333334 0.8177083333333334 0.6898148148148148 0.8229166666666666 0.6975305555555555 0.8239583333333333 0.7092592592592593 0.8296875 0.7092592592592593 0.8291666666666667 0.6935185185185185 0.8229166666666666 0.6555555555555556 0.8182291666666667 0.6444444444444445 0.8140625 0.6462962962962963 0.8104166666666667 0.6842592592592592 0.8083333333333333 0.6916666666666667
5 0.22135416666666666 0.6157407407407407 0.21666666666666667 0.6231481481481481 0.22239583333333332 0.6259259259259259 0.22864583333333333 0.6370370370370371 0.23229166666666667 0.6351851851851852 0.23489583333333333 0.5990740740740741 0.23229166666666667 0.5712962962962963 0.22760416666666666 0.5740740740740741 0.22447916666666667 0.6037037037037037 0.22135416666666666 0.6157407407407407
5 0.41875 0.6324074074074074 0.4114583333333333 0.6416666666666667 0.4109375 0.6509259259259259 0.428125 0.6537037037037037 0.4317708333333333 0.6388888888888888 0.43385416666666665 0.6064814814814815 0.428125 0.5953703703703703 0.42083333333333334 0.6 0.41302083333333334 0.5990740740740741 0.41770833333333335 0.6166666666666667 0.41875 0.6324074074074074
5 0.4578125 0.675 0.46041666666666664 0.6796296296296296 0.459375 0.7129629629629629 0.46197916666666666 0.7166666666666667 0.4666666666666667 0.7157407407407408 0.4703125 0.7083333333333334 0.4708333333333333 0.687037037037037 0.4734375 0.6777777777777778 0.4765625 0.675 0.46875 0.6462962962962963 0.46510416666666665 0.6462962962962963 0.4552083333333333 0.6694444444444444 0.4546875 0.6768518518518518 0.4578125 0.675
3 0.36666666666666664 0.5138888888888888 0.3614583333333333 0.5342592592592592 0.36302083333333335 0.5370370370370371 0.3692708333333333 0.5333333333333333 0.3770833333333333 0.5370370370370371 0.3729166666666667 0.4962962962962963 0.3651041666666667 0.5018518518518519 0.35520833333333335 0.5009259259259259 0.34791666666666665 0.5046296296296297 0.365625 0.5083333333333333 0.36666666666666664 0.5138888888888888
5 0.4036458333333333 0.700925925925926 0.40625 0.7240740740740741 0.4088541666666667 0.725925925925926 0.4114583333333333 0.7240740740740741 0.421875 0.6851851851851852 0.421875 0.6564814814814814 0.415625 0.6546296296296297 0.40729166666666666 0.6694444444444444 0.4078125 0.6824074074074075 0.4036458333333333 0.700925925925926
4 0.2609375 0.6074074074074074 0.25416666666666665 0.6111111111111112 0.2526041666666667 0.6157407407407407 0.2546875 0.6194444444444445 0.2640625 0.6203703703703703 0.2671875 0.6351851851851852 0.271875 0.6361111111111111 0.27239583333333334 0.575 0.2671875 0.5722222222222222 0.2635416666666667 0.5833333333333334 0.2609375 0.6074074074074074
5 0.34427083333333336 0.6018518518518519 0.3494791666666667 0.6027777777777777 0.3546875 0.5731481481481482 0.3541666666666667 0.5509259259259259 0.3489583333333333 0.5518518518518518 0.34375 0.5712962962962963 0.3416666666666667 0.5953703703703703 0.34427083333333336 0.6018518518518519
5 0.1703125 0.7703703703703704 0.165625 0.7731481481481481 0.1640625 0.7805555555555556 0.17239583333333333 0.7824074074074074 0.17447916666666666 0.7870370370370371 0.175 0.8018518518518518 0.18072916666666666 0.8018518518518518 0.1796875 0.7861111111111111 0.18333333333333332 0.7481481481481481 0.18072916666666666 0.7166666666666667 0.17552083333333332 0.7157407407407408 0.165625 0.7388888888888889 0.1703125 0.7604935185185185 0.1703125 0.7703703703703704
4 0.30520833333333336 0.7277777777777777 0.3026041666666667 0.7277777777777777 0.3015625 0.7333333333333333 0.3067708333333333 0.7407407407407407 0.309375 0.7527777777777778 0.3072916666666667 0.762962962962963 0.3109375 0.7648148148148148 0.31354166666666666 0.762962962962963 0.32083333333333336 0.7185185185185186 0.3229166666666667 0.7166666666666667 0.3203125 0.6981481481481482 0.321875 0.6851851851851852 0.31666666666666665 0.6833333333333333 0.3098958333333333 0.6981481481481482 0.3078125 0.7222222222222222 0.30520833333333336 0.7277777777777777
4 0.8098958333333334 0.6287037037037037 0.821875 0.6296296296296297 0.8260416666666667 0.6388888888888888 0.8333333333333334 0.637962962962963 0.8244791666666667 0.6083333333333333 0.8260416666666667 0.5916666666666667 0.821875 0.5851851851851851 0.8177083333333334 0.5814814814814815 0.8046875 0.6018518518518519 0.8104166666666667 0.6185185185185185 0.8098958333333334 0.6287037037037037
5 0.875 0.7055555555555556 0.8770833333333333 0.7138888888888889 0.875 0.7240740740740741 0.8786458333333333 0.7277777777777777 0.884375 0.725 0.8932291666666666 0.6787037037037037 0.8901041666666667 0.6620370370370371 0.8859375 0.6527777777777778 0.8802083333333334 0.6546296296296297 0.8755208333333333 0.674074074074074 0.8760416666666667 0.687037037037037 0.8697916666666666 0.6972222222222222 0.8692708333333333 0.700925925925926 0.875 0.7055555555555556
4 0.88125 0.7444444444444445 0.8791666666666667 0.7555555555555555 0.8822916666666667 0.7574074074074074 0.8864583333333333 0.7490740740740741 0.8911458333333333 0.7472222222222222 0.8932291666666666 0.7518518518518519 0.8916666666666667 0.7620370370370371 0.896875 0.7638888888888888 0.9026041666666667 0.7425925925925926 0.9041666666666667 0.7203703703703703 0.9098958333333333 0.7046296296296296 0.9041666666666667 0.6833333333333333 0.9 0.6833333333333333 0.890625 0.7046296296296296 0.8895833333333333 0.7314814814814815 0.88125 0.7444444444444445
5 0.41302083333333334 0.5925925925925926 0.4078125 0.5962962962962963 0.4083333333333333 0.6027777777777777 0.4197916666666667 0.6064814814814815 0.42291666666666666 0.5990740740740741 0.425 0.5675925925925925 0.4239583333333333 0.562962962962963 0.4197916666666667 0.5648148148148148 0.41458333333333336 0.5796296296296296 0.41302083333333334 0.5925925925925926
0 0.4625 0.7157407407407408 0.4703125 0.712037037037037 0.46770833333333334 0.7 0.4625 0.700925925925926 0.4609375 0.712037037037037 0.4625 0.7157407407407408