5 0.6109375 0.5175925925925926 0.6145833333333334 0.5212962962962963 0.6166666666666667 0.5324074074074074 0.6161458333333333 0.5518518518518518 0.61875 0.5555555555555556 0.6239583333333333 0.5509259259259259 0.6239583333333333 0.5324074074074074 0.6260416666666667 0.5222222222222223 0.63125 0.5212962962962963 0.6328125 0.5166666666666667 0.63125 0.5027777777777778 0.625 0.48148148148148145 0.6208333333333333 0.48148148148148145 0.6151041666666667 0.49537037037037035 0.6109375 0.5092592592592593 0.6109375 0.5175925925925926
4 0.496875 0.5453703703703704 0.49947916666666664 0.5537037037037037 0.5171875 0.5518518518518518 0.515625 0.5305555555555556 0.5177083333333333 0.5194444444444445 0.5067708333333333 0.5101851851851852 0.4973958333333333 0.5092592592592593 0.49375 0.5361111111111111 0.49322916666666666 0.5444444444444444 0.496875 0.5453703703703704
5 0.4739583333333333 0.5342592592592592 0.4822916666666667 0.5370370370370371 0.4796875 0.5574074074074075 0.4859375 0.5712962962962963 0.4901041666666667 0.5574074074074075 0.496875 0.5092592592592593 0.4921875 0.5018518518518519 0.4901041666666667 0.4925925925925926 0.4869791666666667 0.4935185185185185 0.4817708333333333 0.5074074074074074 0.47708333333333336 0.5305555555555556 0.4739583333333333 0.5342592592592592
4 0.5567708333333333 0.6416666666666667 0.5635416666666667 0.6231481481481481 0.5692708333333333 0.6259259259259259 0.5713541666666667 0.6342592592592593 0.5739583333333333 0.6351851851851852 0.578125 0.6342592592592593 0.5848958333333333 0.6259259259259259 0.5796875 0.6212962962962963 0.578125 0.6157407407407407 0.578125 0.5990740740740741 0.575 0.5777777777777777 0.5697916666666667 0.5657407407407408 0.5661458333333333 0.5666666666666667 0.5645833333333333 0.5722222222222222 0.553125 0.6333333333333333 0.5526041666666667 0.6416666666666667 0.5567708333333333 0.6416666666666667
5 0.678125 0.600925925925926 0.6776041666666667 0.6138888888888889 0.6744791666666666 0.6231481481481481 0.6802083333333333 0.6342592592592593 0.6822916666666666 0.6305555555555555 0.6854166666666667 0.6037037037037037 0.6947916666666667 0.5777777777777777 0.6947916666666667 0.5712962962962963 0.6880208333333333 0.55 0.684375 0.5472222222222223 0.6817708333333333 0.5509259259259259 0.6739583333333333 0.5796296296296296 0.678125 0.600925925925926
4 0.7802083333333333 0.5481481481481482 0.7807291666666667 0.5703703703703704 0.7822916666666667 0.5740740740740741 0.7916666666666666 0.5722222222222222 0.79375 0.5601851851851852 0.7932291666666667 0.5407407407407407 0.796875 0.5287037037037037 0.7953125 0.5083333333333333 0.7869791666666667 0.49074074074074076 0.7833333333333333 0.49074074074074076 0.778125 0.5111111111111111 0.7776041666666667 0.5351851851851852 0.7802083333333333 0.5481481481481482
5 0.521875 0.5583333333333333 0.5213541666666667 0.5648148148148148 0.5255208333333333 0.5675925925925925 0.5296875 0.5407407407407407 0.534375 0.5259259259259259 0.5291666666666667 0.5 0.525 0.49722222222222223 0.5166666666666667 0.5203703703703704 0.5161458333333333 0.5342592592592592 0.521875 0.5583333333333333
4 0.3703125 0.5518518518518518 0.3776041666666667 0.55 0.3796875 0.5638888888888889 0.384375 0.5666666666666667 0.3859375 0.5638888888888889 0.38385416666666666 0.5555555555555556 0.384375 0.5333333333333333 0.39010416666666664 0.5055555555555555 0.384375 0.47962962962962963 0.3807291666666667 0.48055555555555557 0.3776041666666667 0.49074074074074076 0.37447916666666664 0.4935185185185185 0.3723958333333333 0.5092592592592593 0.3734375 0.5305555555555556 0.3703125 0.5518518518518518
5 0.3489583333333333 0.5185185185185185 0.3651041666666667 0.5259259259259259 0.36354166666666665 0.5157407407407407 0.3697916666666667 0.5018518518518519 0.3671875 0.4703703703703704 0.3640625 0.4675925925925926 0.3546875 0.4861111111111111 0.3536458333333333 0.5074074074074074 0.3489583333333333 0.5185185185185185
5 0.26666666666666666 0.5592592592592592 0.27291666666666664 0.5564814814814815 0.2791666666666667 0.5601851851851852 0.28125 0.5212962962962963 0.2859375 0.5166666666666667 0.28541666666666665 0.5018518518518519 0.2791666666666667 0.4861111111111111 0.27447916666666666 0.4824074074074074 0.26927083333333335 0.49074074074074076 0.2677083333333333 0.5083333333333333 0.26875 0.5324074074074074 0.26666666666666666 0.5592592592592592
5 0.459375 0.5990740740740741 0.4666666666666667 0.6222222222222222 0.46875 0.6166666666666667 0.4734375 0.6148148148148148 0.475 0.6222222222222222 0.4786458333333333 0.6240740740740741 0.48020833333333335 0.6212962962962963 0.4765625 0.612037037037037 0.47552083333333334 0.5944444444444444 0.4703125 0.575 0.478125 0.5722222222222222 0.478125 0.5685185185185185 0.46458333333333335 0.5425925925925926 0.4625 0.5407407407407407 0.46041666666666664 0.5444444444444444 0.4546875 0.5601851851851852 0.459375 0.5990740740740741
4 0.8020833333333334 0.6787037037037037 0.8005208333333333 0.6953703703703704 0.8041666666666667 0.7092592592592593 0.803125 0.7203703703703703 0.8140625 0.7305555555555555 0.81875 0.7287037037037037 0.8208333333333333 0.7203703703703703 0.8109375 0.7 0.8182291666666667 0.6638888888888889 0.8182291666666667 0.6555555555555556 0.8104166666666667 0.625 0.80625 0.625 0.8041666666666667 0.6305555555555555 0.8046875 0.6407407407407407 0.8010416666666667 0.6601851851851852 0.7942708333333334 0.6638888888888889 0.79375 0.6685185185185185 0.8020833333333334 0.6787037037037037
4 0.4453125 0.6033953703703704 0.44583333333333336 0.6259259259259259 0.4473958333333333 0.6296296296296297 0.4510416666666667 0.6296296296296297 0.45677083333333335 0.5990740740740741 0.4557291666666667 0.5638888888888889 0.4510416666666667 0.5370370370370371 0.4453125 0.5407407407407407 0.44114583333333335 0.5555555555555556 0.44114583333333335 0.5842592592592593 0.4453125 0.6033953703703704
5 0.11354166666666667 0.4675925925925926 0.11822916666666666 0.45185185185185184 0.1265625 0.4425925925925926 0.11927083333333334 0.4148148148148148 0.109375 0.42777777777777776 0.10520833333333333 0.44074074074074077 0.10520833333333333 0.46944444444444444 0.11354166666666667 0.4675925925925926
4 0.36354166666666665 0.524074074074074 0.3619791666666667 0.5416666666666666 0.3651041666666667 0.562037037037037 0.36875 0.5601851851851852 0.37083333333333335 0.5518518518518518 0.37447916666666664 0.5212962962962963 0.375 0.4740740740740741 0.3734375 0.4703703703703704 0.3651041666666667 0.4777777777777778 0.3619791666666667 0.49722222222222223 0.3614583333333333 0.5111111111111111 0.36354166666666665 0.524074074074074
3 0.7119791666666667 0.4305555555555556 0.7109375 0.4398148148148148 0.7125 0.4444444444444444 0.7192708333333333 0.4462962962962963 0.7213541666666666 0.4398148148148148 0.7244791666666667 0.39814814814814814 0.7223958333333333 0.3861111111111111 0.7239583333333334 0.38055555555555554 0.7166666666666667 0.37592592592592594 0.7114583333333333 0.4009259259259259 0.709375 0.41944444444444445 0.7119791666666667 0.4305555555555556
2 0.3098958333333333 0.5259259259259259 0.30885416666666665 0.5453703703703704 0.3182291666666667 0.5546296296296296 0.3229166666666667 0.5370370370370371 0.3255208333333333 0.49722222222222223 0.32135416666666666 0.4981481481481482 0.3046875 0.5148148148148148 0.30416666666666664 0.5203703703703704 0.3098958333333333 0.5259259259259259
0 0.48333333333333334 0.5444444444444444 0.4817708333333333 0.524074074074074 0.478125 0.5212962962962963 0.47291666666666665 0.5259259259259259 0.46875 0.5333333333333333 0.48333333333333334 0.5444444444444444
4 0.4119791666666667 0.5611111111111111 0.4088541666666667 0.5842592592592593 0.4119791666666667 0.5861111111111111 0.41510416666666666 0.5731481481481482 0.4270833333333333 0.5879629629629629 0.43125 0.587037037037037 0.42604166666666665 0.5388888888888889 0.4276041666666667 0.5157407407407407 0.4239583333333333 0.49444444444444446 0.4197916666666667 0.49537037037037035 0.41822916666666665 0.5055555555555555 0.4119791666666667 0.5148148148148148 0.409375 0.5342592592592592 0.4119791666666667 0.5453703703703704 0.4119791666666667 0.5611111111111111
3 0.6984375 0.6222222222222222 0.7010416666666667 0.6425925925925926 0.6994791666666667 0.6537037037037037 0.7046875 0.6574074074074074 0.7072916666666667 0.6527777777777778 0.7171875 0.6564814814814814 0.71875 0.6518518518518519 0.7140625 0.6314814814814815 0.7135416666666666 0.6194444444444445 0.7161458333333334 0.6046296296296296 0.7171875 0.5740740740740741 0.7125 0.5537037037037037 0.7078125 0.5518518518518518 0.7052083333333333 0.5583333333333333 0.7026041666666667 0.6027777777777777 0.6984375 0.6222222222222222
5 0.3265625 0.5444444444444444 0.3296875 0.575925925925926 0.334375 0.5805555555555556 0.3359375 0.5416666666666666 0.3416666666666667 0.5212962962962963 0.3359375 0.5074074074074074 0.3338541666666667 0.4935185185185185 0.3302083333333333 0.4898148148148148 0.3255208333333333 0.4935185185185185 0.321875 0.5055555555555555 0.32135416666666666 0.5351851851851852 0.3265625 0.5444444444444444
5 0.5041666666666667 0.6101851851851852 0.5036458333333333 0.6222222222222222 0.49895833333333334 0.6462962962962963 0.4947916666666667 0.6537037037037037 0.5015625 0.6611111111111111 0.5052083333333334 0.6416666666666667 0.5098958333333333 0.6361111111111111 0.5166666666666667 0.6574074074074074 0.5213541666666667 0.6583333333333333 0.5161458333333333 0.6351851851851852 0.5166666666666667 0.6092592592592593 0.5177083333333333 0.6037037037037037 0.528125 0.5990740740740741 0.5208333333333334 0.5944444444444444 0.5109375 0.5722222222222222 0.5067708333333333 0.575 0.5026041666666666 0.5935185185185186 0.5015625 0.6064814814814815 0.5041666666666667 0.6101851851851852
5 0.392796875 0.3742314814814815 0.0008697916666667046 0.0015462962962962583