5 0.18802083333333333 0.6148148148148148 0.18541666666666667 0.6296296296296297 0.19739583333333333 0.6342592592592593 0.1984375 0.6296296296296297 0.1953125 0.6203703703703703 0.19635416666666666 0.5990740740740741 0.19375 0.5888888888888889 0.1890625 0.5879629629629629 0.18541666666666667 0.5972222222222222 0.18541666666666667 0.6074074074074074 0.18802083333333333 0.6148148148148148
4 0.4234375 0.6851851851851852 0.42864583333333334 0.6833333333333333 0.4348958333333333 0.6888888888888889 0.43854166666666666 0.687037037037037 0.4395833333333333 0.6842592592592592 0.434375 0.6731481481481482 0.4276041666666667 0.6398148148148148 0.4239583333333333 0.6361111111111111 0.42239583333333336 0.6388888888888888 0.4192708333333333 0.6694444444444444 0.4234375 0.6851851851851852
5 0.3416666666666667 0.6222222222222222 0.3453125 0.6240740740740741 0.353125 0.6185185185185185 0.3572916666666667 0.6222222222222222 0.3546875 0.5879629629629629 0.3489583333333333 0.5833333333333334 0.3453125 0.5944444444444444 0.3453125 0.6092592592592593 0.3416666666666667 0.6222222222222222
4 0.24739583333333334 0.625 0.24791666666666667 0.6435185185185185 0.2552083333333333 0.6481481481481481 0.259375 0.6462962962962963 0.25729166666666664 0.6212962962962963 0.2598958333333333 0.6037037037037037 0.25052083333333336 0.6046296296296296 0.24791666666666667 0.5972222222222222 0.24895833333333334 0.6018518518518519 0.24270833333333333 0.6074074074074074 0.24270833333333333 0.6148148148148148 0.24739583333333334 0.625
5 0.21666666666666667 0.6527777777777778 0.22604166666666667 0.6453703703703704 0.228125 0.6518518518518519 0.23020833333333332 0.6509259259259259 0.23072916666666668 0.6222222222222222 0.22864583333333333 0.6101851851851852 0.22395833333333334 0.6083333333333333 0.21770833333333334 0.6259259259259259 0.21510416666666668 0.65 0.21666666666666667 0.6527777777777778
4 0.8947916666666667 0.6407407407407407 0.8958333333333334 0.637962962962963 0.8895833333333333 0.6027777777777777 0.8848958333333333 0.5953703703703703 0.88125 0.6018518518518519 0.8807291666666667 0.6462962962962963 0.8947916666666667 0.6407407407407407
4 0.6385416666666667 0.6564814814814814 0.6421875 0.649074074074074 0.6463541666666667 0.6537037037037037 0.65 0.6527777777777778 0.65 0.6435185185185185 0.6447916666666667 0.6291666666666667 0.6479166666666667 0.6148148148148148 0.6463541666666667 0.6074074074074074 0.6416666666666667 0.6018518518518519 0.6348958333333333 0.6064814814814815 0.6338541666666667 0.612037037037037 0.6354166666666666 0.6537037037037037 0.6385416666666667 0.6564814814814814
5 0.4703125 0.6555555555555556 0.4630208333333333 0.6074074074074074 0.4588541666666667 0.6074074074074074 0.4588541666666667 0.6425925925925926 0.4703125 0.6555555555555556
5 0.36614583333333334 0.6638888888888889 0.3651041666666667 0.6925925925925925 0.36875 0.6935185185185185 0.37135416666666665 0.6833333333333333 0.37916666666666665 0.6777777777777778 0.3807291666666667 0.6731481481481482 0.3765625 0.6694444444444444 0.37135416666666665 0.649074074074074 0.3645833333333333 0.6388888888888888 0.36354166666666665 0.6472222222222223 0.36614583333333334 0.6638888888888889
4 0.7859375 0.7398148148148148 0.7916666666666666 0.7407407407407407 0.7958333333333333 0.725 0.8104166666666667 0.7314814814814815 0.8072916666666666 0.7203703703703703 0.8020833333333334 0.7175925925925926 0.7989583333333333 0.7055555555555556 0.8005208333333333 0.6925925925925925 0.7953125 0.6768518518518518 0.7911458333333333 0.675 0.7895833333333333 0.6842592592592592 0.7901041666666667 0.7083333333333334 0.7859375 0.7398148148148148
4 0.8411458333333334 0.6666666666666666 0.8458333333333333 0.6675925925925926 0.8489583333333334 0.6583333333333333 0.8473958333333333 0.6296296296296297 0.8416666666666667 0.6175925925925926 0.8369791666666667 0.6194444444444445 0.8359375 0.6361111111111111 0.8411458333333334 0.6666666666666666
5 0.8265625 0.6361111111111111 0.8307291666666666 0.6259259259259259 0.8260416666666667 0.5916666666666667 0.8203125 0.5898148148148148 0.8182291666666667 0.6 0.8208333333333333 0.6342592592592593 0.8265625 0.6361111111111111
5 0.6854166666666667 0.6574074074074074 0.6869791666666667 0.6518518518518519 0.6942708333333333 0.65 0.6942708333333333 0.6453703703703704 0.6859375 0.6101851851851852 0.68125 0.612037037037037 0.68125 0.6472222222222223 0.6854166666666667 0.6574074074074074
4 0.7208333333333333 0.5990740740740741 0.721875 0.5685185185185185 0.7177083333333333 0.5601851851851852 0.7130208333333333 0.5601851851851852 0.7130208333333333 0.5851851851851851 0.7208333333333333 0.5990740740740741
4 0.5942708333333333 0.5916666666666667 0.5963541666666666 0.5925925925925926 0.5984375 0.5898148148148148 0.6026041666666667 0.5592592592592592 0.5989583333333334 0.5481481481481482 0.5947916666666667 0.5481481481481482 0.5927083333333333 0.5555555555555556 0.5911458333333334 0.5796296296296296 0.5942708333333333 0.5916666666666667
3 0.4979166666666667 0.6268518518518519 0.5067708333333333 0.6240740740740741 0.5098958333333333 0.6268518518518519 0.509375 0.6222222222222222 0.5046875 0.6194444444444445 0.5026041666666666 0.6138888888888889 0.5083333333333333 0.5907407407407408 0.503125 0.5842592592592593 0.4973958333333333 0.5842592592592593 0.4953125 0.5907407407407408 0.49375 0.6370370370370371 0.4979166666666667 0.6268518518518519