4 0.8729166666666667 0.7101851851851851 0.8729166666666667 0.6703703703703704 0.8651041666666667 0.6592592592592592 0.8598958333333333 0.6694444444444444 0.8578125 0.6842592592592592 0.8598958333333333 0.6907407407407408 0.859375 0.7101851851851851 0.8729166666666667 0.7101851851851851
2 0.08802083333333334 0.6907407407407408 0.09583333333333334 0.6731481481481482 0.08958333333333333 0.6546296296296297 0.08385416666666666 0.6453703703703704 0.0765625 0.6555555555555556 0.07447916666666667 0.6648148148148149 0.07291666666666667 0.6851851851851852 0.07552083333333333 0.6888888888888889 0.084375 0.6861111111111111 0.08802083333333334 0.6907407407407408
4 0.5682291666666667 0.6074074074074074 0.5640625 0.6074074074074074 0.5619791666666667 0.6194444444444445 0.5630208333333333 0.65 0.5682291666666667 0.6527777777777778 0.5713541666666667 0.6175925925925926 0.5682291666666667 0.6074074074074074
4 0.46510416666666665 0.6962962962962963 0.4744791666666667 0.6962962962962963 0.4744791666666667 0.6898148148148148 0.46770833333333334 0.6814814814814815 0.46197916666666666 0.6620370370370371 0.4557291666666667 0.6574074074074074 0.45364583333333336 0.6601851851851852 0.453125 0.6666666666666666 0.45989583333333334 0.7 0.4635416666666667 0.700925925925926 0.46510416666666665 0.6962962962962963
5 0.3770833333333333 0.6712962962962963 0.378125 0.6657407407407407 0.3729166666666667 0.6407407407407407 0.36875 0.6342592592592593 0.3645833333333333 0.6407407407407407 0.3640625 0.6537037037037037 0.36614583333333334 0.6648148148148149 0.3729166666666667 0.6731481481481482 0.3770833333333333 0.6712962962962963
5 0.74375 0.7287037037037037 0.7479166666666667 0.7203703703703703 0.746875 0.7037037037037037 0.7401041666666667 0.6888888888888889 0.7359375 0.6907407407407408 0.7328125 0.7037037037037037 0.7348958333333333 0.7481481481481481 0.7401041666666667 0.7518518518518519 0.7432291666666667 0.7472222222222222 0.74375 0.7287037037037037
5 0.3421875 0.7222222222222222 0.3453125 0.7324074074074074 0.3494791666666667 0.7324074074074074 0.35052083333333334 0.725925925925926 0.34322916666666664 0.7074074074074074 0.3385416666666667 0.6851851851851852 0.33489583333333334 0.6805555555555556 0.33177083333333335 0.6842592592592592 0.3296875 0.7314814814814815 0.3338541666666667 0.7342592592592593 0.33697916666666666 0.7222222222222222 0.3421875 0.7222222222222222
5 0.5421875 0.6537037037037037 0.5369791666666667 0.6481481481481481 0.534375 0.6601851851851852 0.5348958333333333 0.6768518518518518 0.5322916666666667 0.6944444444444444 0.5463541666666667 0.6962962962962963 0.5421875 0.6537037037037037
4 0.4265625 0.6268518518518519 0.421875 0.6268518518518519 0.4192708333333333 0.6462962962962963 0.4171875 0.6703703703703704 0.4317708333333333 0.6731481481481482 0.43385416666666665 0.662962962962963 0.4265625 0.6268518518518519
4 0.8505208333333333 0.7972222222222223 0.8630208333333333 0.8018518518518518 0.865625 0.799074074074074 0.8651041666666667 0.7472222222222222 0.8609375 0.7333333333333333 0.8557291666666667 0.7333333333333333 0.8557291666666667 0.7472222222222222 0.8505208333333333 0.7620370370370371 0.853125 0.774074074074074 0.8505208333333333 0.7972222222222223
4 0.321875 0.6925925925925925 0.315625 0.6824074074074075 0.31197916666666664 0.6620370370370371 0.3078125 0.6537037037037037 0.30104166666666665 0.6518518518518519 0.3015625 0.700925925925926 0.30625 0.7018518518518518 0.31302083333333336 0.6935185185185185 0.321875 0.6925925925925925
5 0.19947916666666668 0.7277777777777777 0.20520833333333333 0.7324074074074074 0.21927083333333333 0.725 0.2125 0.6981481481481482 0.20520833333333333 0.6861111111111111 0.20104166666666667 0.6888888888888889 0.20052083333333334 0.6990740740740741 0.196875 0.7037037037037037 0.19947916666666668 0.7129629629629629 0.19947916666666668 0.7277777777777777
4 0.20104166666666667 0.7592592592592593 0.20416666666666666 0.7555555555555555 0.20364583333333333 0.7398148148148148 0.2078125 0.7324074074074074 0.20989583333333334 0.7185185185185186 0.20364583333333333 0.7018518518518518 0.19635416666666666 0.7055555555555556 0.196875 0.7175925925925926 0.190625 0.7379629629629629 0.196875 0.7574074074074074 0.20104166666666667 0.7592592592592593
4 0.14791666666666667 0.8055555555555556 0.15052083333333333 0.8018518518518518 0.14895833333333333 0.7555555555555555 0.1421875 0.7388888888888889 0.134375 0.7398148148148148 0.13333333333333333 0.7481481481481481 0.13229166666666667 0.7722222222222223 0.13645833333333332 0.7824074074074074 0.13854166666666667 0.8055555555555556 0.14791666666666667 0.8055555555555556
4 0.26145833333333335 0.7203703703703703 0.265625 0.7296296296296296 0.2755208333333333 0.7342592592592593 0.27708333333333335 0.7305555555555555 0.2708333333333333 0.7 0.2635416666666667 0.6861111111111111 0.25833333333333336 0.6851851851851852 0.25625 0.6888888888888889 0.25625 0.6972222222222222 0.26145833333333335 0.712037037037037 0.26145833333333335 0.7203703703703703
3 0.39375 0.7314814814814815 0.40208333333333335 0.7398148148148148 0.4041666666666667 0.7509259259259259 0.4078125 0.7509259259259259 0.409375 0.7481481481481481 0.4078125 0.7064814814814815 0.40520833333333334 0.6972222222222222 0.4010416666666667 0.6916666666666667 0.3921875 0.6935185185185185 0.38958333333333334 0.6972222222222222 0.39010416666666664 0.7046296296296296 0.3880208333333333 0.7083333333333334 0.39427083333333335 0.7231481481481481 0.39375 0.7314814814814815
3 0.975 0.9898148148148148 0.9760416666666667 0.9990740740740741 0.9817708333333334 0.9990740740740741 0.98125 0.9472222222222222 0.9828125 0.9351851851851852 0.9755208333333333 0.9074074074074074 0.9697916666666667 0.9064814814814814 0.9619791666666667 0.9296296296296296 0.9598958333333333 0.9777777777777777 0.9625 0.9990740740740741 0.9666666666666667 0.9990740740740741 0.975 0.9898148148148148
3 0.4744791666666667 0.5861111111111111 0.471875 0.5824074074074074 0.4666666666666667 0.5833333333333334 0.46510416666666665 0.5916666666666667 0.465625 0.6101851851851852 0.4744791666666667 0.6175925925925926 0.4765625 0.6064814814814815 0.4744791666666667 0.5861111111111111
5 0.409375 0.6888888888888889 0.403125 0.6777777777777778 0.4 0.6777777777777778 0.39791666666666664 0.6861111111111111 0.39791666666666664 0.700925925925926 0.4046875 0.7277777777777777 0.40989583333333335 0.7166666666666667 0.409375 0.6888888888888889
4 0.40729166666666666 0.7305555555555555 0.4114583333333333 0.737037037037037 0.4197916666666667 0.7379629629629629 0.4197916666666667 0.6962962962962963 0.41822916666666665 0.6898148148148148 0.41510416666666666 0.6814814814814815 0.4119791666666667 0.6796296296296296 0.40729166666666666 0.6888888888888889 0.40520833333333334 0.6972222222222222 0.4083333333333333 0.7157407407407408 0.40572916666666664 0.7203703703703703 0.40729166666666666 0.7305555555555555
5 0.13802083333333334 0.7472222222222222 0.14479166666666668 0.7472222222222222 0.14270833333333333 0.7296296296296296 0.13854166666666667 0.7185185185185186 0.134375 0.7194444444444444 0.128125 0.7324074074074074 0.12708333333333333 0.7407407407407407 0.13020833333333334 0.7509259259259259 0.13489583333333333 0.7537037037037037 0.13802083333333334 0.7472222222222222
5 0.2635416666666667 0.7324074074074074 0.26197916666666665 0.7074074074074074 0.25885416666666666 0.6990740740740741 0.25 0.700925925925926 0.24947916666666667 0.7314814814814815 0.2552083333333333 0.7509259259259259 0.259375 0.75 0.2635416666666667 0.7324074074074074
5 0.25104166666666666 0.7018518518518518 0.2598958333333333 0.700925925925926 0.2630208333333333 0.6888888888888889 0.2520833333333333 0.6712962962962963 0.24739583333333334 0.6731481481481482 0.24583333333333332 0.6888888888888889 0.24947916666666667 0.6916666666666667 0.24947916666666667 0.6990740740740741 0.25104166666666666 0.7018518518518518
0 0.19114583333333332 0.7342592592592593 0.190625 0.7398148148148148 0.19739583333333333 0.7481481481481481 0.19791666666666666 0.7314814814814815 0.19114583333333332 0.7342592592592593