5 0.5723958333333333 0.6194444444444445 0.571875 0.5898148148148148 0.5739583333333333 0.5722222222222222 0.5677083333333334 0.5712962962962963 0.5604166666666667 0.6055555555555555 0.5552083333333333 0.6111111111111112 0.5557291666666667 0.6185185185185185 0.5651041666666666 0.6129629629629629 0.5682291666666667 0.6222222222222222 0.5723958333333333 0.6194444444444445
4 0.7567708333333333 0.6694444444444444 0.75625 0.6611111111111111 0.753125 0.6555555555555556 0.7536458333333333 0.6351851851851852 0.7494791666666667 0.6175925925925926 0.7479166666666667 0.6148148148148148 0.74375 0.6175925925925926 0.74375 0.6546296296296297 0.7479166666666667 0.6759259259259259 0.7515625 0.6768518518518518 0.7567708333333333 0.6694444444444444
4 0.7244791666666667 0.5907407407407408 0.7203125 0.5888888888888889 0.7145833333333333 0.6046296296296296 0.7125 0.6370370370370371 0.7229166666666667 0.6416666666666667 0.7260416666666667 0.6148148148148148 0.7244791666666667 0.5907407407407408
5 0.8416666666666667 0.7398148148148148 0.85625 0.7398148148148148 0.853125 0.6824074074074075 0.8458333333333333 0.6777777777777778 0.8401041666666667 0.6981481481481482 0.8427083333333333 0.7046296296296296 0.8421875 0.7203703703703703 0.8369791666666667 0.7361111111111112 0.8416666666666667 0.7398148148148148
4 0.9041666666666667 0.6240740740740741 0.9036458333333334 0.6546296296296297 0.8963541666666667 0.6611111111111111 0.9119791666666667 0.6666666666666666 0.9151041666666667 0.6583333333333333 0.9161458333333333 0.6370370370370371 0.9145833333333333 0.6222222222222222 0.9104166666666667 0.6064814814814815 0.9078125 0.6027777777777777 0.9041666666666667 0.6037037037037037 0.9005208333333333 0.612037037037037 0.8963541666666667 0.6138888888888889 0.9020833333333333 0.6175925925925926 0.9041666666666667 0.6240740740740741
5 0.509375 0.7453703703703703 0.5083333333333333 0.7555555555555555 0.5161458333333333 0.7583333333333333 0.5192708333333333 0.7518518518518519 0.5151041666666667 0.7388888888888889 0.5192708333333333 0.725925925925926 0.5171875 0.7027777777777777 0.5098958333333333 0.6833333333333333 0.50625 0.6842592592592592 0.5026041666666666 0.6935185185185185 0.5026041666666666 0.7083333333333334 0.5078125 0.7194444444444444 0.50625 0.7361111111111112 0.509375 0.7453703703703703
4 0.2911458333333333 0.7222222222222222 0.28958333333333336 0.6768518518518518 0.284375 0.6518518518518519 0.2791666666666667 0.6509259259259259 0.275 0.6648148148148149 0.275 0.725 0.28541666666666665 0.7203703703703703 0.2869791666666667 0.7240740740740741 0.2911458333333333 0.7222222222222222
4 0.4953125 0.6407407407407407 0.503125 0.612037037037037 0.5010416666666667 0.6074074074074074 0.5005208333333333 0.5953703703703703 0.4942708333333333 0.5805555555555556 0.4864583333333333 0.5944444444444444 0.48541666666666666 0.6074074074074074 0.4890625 0.6388888888888888 0.4901041666666667 0.6416666666666667 0.4953125 0.6407407407407407
4 0.3494791666666667 0.5898148148148148 0.346875 0.5768518518518518 0.34270833333333334 0.575925925925926 0.33645833333333336 0.5916666666666667 0.3375 0.6296296296296297 0.3458333333333333 0.6324074074074074 0.3494791666666667 0.6074074074074074 0.3494791666666667 0.5898148148148148
5 0.2520833333333333 0.7046296296296296 0.25416666666666665 0.6925925925925925 0.2557291666666667 0.6648148148148149 0.2515625 0.637962962962963 0.24739583333333334 0.6398148148148148 0.24322916666666666 0.6592592592592592 0.24479166666666666 0.6851851851851852 0.2390625 0.7018518518518518 0.24375 0.7074074074074074 0.2520833333333333 0.7046296296296296
3 0.3958333333333333 0.6851851851851852 0.39166666666666666 0.7101851851851851 0.396875 0.712037037037037 0.4005208333333333 0.6953703703703704 0.40520833333333334 0.6972222222222222 0.4078125 0.7083333333333334 0.41041666666666665 0.7083333333333334 0.4119791666666667 0.700925925925926 0.4046875 0.6861111111111111 0.4046875 0.6481481481481481 0.4005208333333333 0.6361111111111111 0.3953125 0.6388888888888888 0.3958333333333333 0.6527777777777778 0.39166666666666666 0.6611111111111111 0.39479166666666665 0.6638888888888889 0.3958333333333333 0.6851851851851852
4 0.5208333333333334 0.8268518518518518 0.5244791666666667 0.825 0.5276041666666667 0.8138888888888889 0.5333333333333333 0.8231481481481482 0.5401041666666667 0.8194444444444444 0.5364583333333334 0.7953703703703704 0.5354166666666667 0.7509259259259259 0.5317708333333333 0.737037037037037 0.5286458333333334 0.7351851851851852 0.5270833333333333 0.7379629629629629 0.5234375 0.8027777777777778 0.5203125 0.8185185185185185 0.5177083333333333 0.8222222222222222 0.5208333333333334 0.8268518518518518
5 0.8088541666666667 0.6342592592592593 0.8072916666666666 0.6027777777777777 0.8020833333333334 0.600925925925926 0.7958333333333333 0.6185185185185185 0.7963541666666667 0.6407407407407407 0.7932291666666667 0.6574074074074074 0.8072916666666666 0.6620370370370371 0.8088541666666667 0.6342592592592593
4 0.21041666666666667 0.937962962962963 0.2203125 0.9287037037037037 0.225 0.9351851851851852 0.2265625 0.9296296296296296 0.22447916666666667 0.9083333333333333 0.22135416666666666 0.9 0.2203125 0.887962962962963 0.2234375 0.8657407407407407 0.22291666666666668 0.8527777777777777 0.22083333333333333 0.8453703703703703 0.2171875 0.8425925925925926 0.21354166666666666 0.8287037037037037 0.20885416666666667 0.8324074074074074 0.20364583333333333 0.8518518518518519 0.19947916666666668 0.8842592592592593 0.20572916666666666 0.9175925925925926 0.20572916666666666 0.9351851851851852 0.21041666666666667 0.937962962962963
3 0.30625 0.5666666666666667 0.3125 0.5370370370370371 0.309375 0.5287037037037037 0.3026041666666667 0.5231481481481481 0.29791666666666666 0.5287037037037037 0.29739583333333336 0.5444444444444444 0.30104166666666665 0.5638888888888889 0.3026041666666667 0.5675925925925925 0.30625 0.5666666666666667
5 0.24427083333333333 0.7944444444444444 0.2557291666666667 0.7935185185185185 0.2578125 0.7907407407407407 0.25416666666666665 0.7814814814814814 0.25052083333333336 0.7376546296296297 0.2520833333333333 0.7296296296296296 0.2630208333333333 0.7287037037037037 0.2515625 0.7157407407407408 0.2484375 0.7046296296296296 0.24375 0.7083333333333334 0.2453125 0.7129629629629629 0.2421875 0.7268518518518519 0.2421875 0.7907407407407407 0.24427083333333333 0.7944444444444444
5 0.5052083333333334 0.6703703703703704 0.5046875 0.6620370370370371 0.5067708333333333 0.6555555555555556 0.5130208333333334 0.6462962962962963 0.5130208333333334 0.6203703703703703 0.5057291666666667 0.6092592592592593 0.5005208333333333 0.6231481481481481 0.5005208333333333 0.649074074074074 0.496875 0.6694444444444444 0.5020833333333333 0.674074074074074 0.5052083333333334 0.6703703703703704
5 0.5130208333333334 0.6259259259259259 0.515625 0.6231481481481481 0.5171875 0.6148148148148148 0.5125 0.587037037037037 0.5088541666666667 0.5851851851851851 0.5041666666666667 0.5935185185185186 0.5 0.5953703703703703 0.4979166666666667 0.6027777777777777 0.49895833333333334 0.6185185185185185 0.5098958333333333 0.6212962962962963 0.5130208333333334 0.6259259259259259
4 0.4609375 0.5722222222222222 0.459375 0.5527777777777778 0.46145833333333336 0.5444444444444444 0.4552083333333333 0.5277777777777778 0.4510416666666667 0.5361111111111111 0.4505208333333333 0.5546296296296296 0.44635416666666666 0.5731481481481482 0.4588541666666667 0.575 0.4609375 0.5722222222222222
5 0.3265625 0.6074074074074074 0.32760416666666664 0.5861111111111111 0.3255208333333333 0.5638888888888889 0.32083333333333336 0.5638888888888889 0.3182291666666667 0.5861111111111111 0.3177083333333333 0.6111111111111112 0.3260416666666667 0.6138888888888889 0.328125 0.6111111111111112 0.3265625 0.6074074074074074
3 0.48802083333333335 0.5212962962962963 0.4822916666666667 0.5203703703703704 0.48020833333333335 0.525 0.48125 0.5675925925925925 0.4859375 0.5685185185185185 0.49270833333333336 0.5361111111111111 0.48802083333333335 0.5212962962962963
0 0.9078125 0.6648148148148149 0.9083333333333333 0.6537037037037037 0.9041666666666667 0.6407407407407407 0.9026041666666667 0.6527777777777778 0.8963541666666667 0.6574074074074074 0.8958333333333334 0.6620370370370371 0.9 0.6685185185185185 0.9041666666666667 0.6638888888888889 0.9078125 0.6648148148148149
5 0.31197916666666664 0.5907407407407408 0.3098958333333333 0.587037037037037 0.30625 0.587037037037037 0.3015625 0.6083333333333333 0.3020833333333333 0.6453703703703704 0.3072916666666667 0.649074074074074 0.3145833333333333 0.6148148148148148 0.31197916666666664 0.5907407407407408