5 0.3177083333333333 0.7768518518518519 0.321875 0.7768518518518519 0.3255208333333333 0.7685185185185185 0.3296875 0.7240740740740741 0.328125 0.7129629629629629 0.3223958333333333 0.6990740740740741 0.3171875 0.7111111111111111 0.3145833333333333 0.7379629629629629 0.315625 0.7722222222222223 0.3177083333333333 0.7768518518518519
5 0.14947916666666666 0.799074074074074 0.1546875 0.8009259259259259 0.15833333333333333 0.7944444444444444 0.16979166666666667 0.799074074074074 0.1734375 0.7962962962962963 0.1734375 0.7851851851851852 0.16822916666666668 0.7768518518518519 0.16875 0.7555555555555555 0.17291666666666666 0.7481481481481481 0.1734375 0.7398148148148148 0.16979166666666667 0.7277777777777777 0.165625 0.7231481481481481 0.16041666666666668 0.7240740740740741 0.15625 0.7351851851851852 0.15416666666666667 0.7509259259259259 0.15260416666666668 0.787962962962963 0.14947916666666666 0.799074074074074
5 0.009375 0.7185185185185186 0.013541666666666667 0.7185185185185186 0.017708333333333333 0.7305555555555555 0.0203125 0.7277777777777777 0.018229166666666668 0.7055555555555556 0.01875 0.6759259259259259 0.013020833333333334 0.6620370370370371 0.008333333333333333 0.6657407407407407 0.0046875 0.6777777777777778 0.0046875 0.7277777777777777 0.009375 0.7185185185185186
5 0.19010416666666666 0.6657407407407407 0.1875 0.6222222222222222 0.18489583333333334 0.6111111111111112 0.18125 0.6138888888888889 0.17864583333333334 0.6370370370370371 0.17760416666666667 0.6657407407407407 0.19010416666666666 0.6657407407407407
5 0.4739583333333333 0.6972222222222222 0.4796875 0.6944444444444444 0.4822916666666667 0.6972222222222222 0.4895833333333333 0.6731481481481482 0.4796875 0.6407407407407407 0.47604166666666664 0.6425925925925926 0.47291666666666665 0.6574074074074074 0.471875 0.6694444444444444 0.4739583333333333 0.6972222222222222
5 0.1921875 0.8212962962962963 0.190625 0.8444444444444444 0.18854166666666666 0.8490740740740741 0.1921875 0.8518518518518519 0.2046875 0.8490740740740741 0.2078125 0.8453703703703703 0.20833333333333334 0.8388888888888889 0.20572916666666666 0.8314814814814815 0.21145833333333333 0.8101851851851852 0.20729166666666668 0.7888888888888889 0.2015625 0.7777777777777778 0.19739583333333333 0.7787037037037037 0.1984375 0.8018518518518518 0.1921875 0.8212962962962963
0 0.16927083333333334 0.8453703703703703 0.17552083333333332 0.8425925925925926 0.1734375 0.8324074074074074 0.16979166666666667 0.8314814814814815 0.1671875 0.8361111111111111 0.16666666666666666 0.8416666666666667 0.16927083333333334 0.8453703703703703
4 0.228125 0.8490740740740741 0.2359375 0.8425925925925926 0.24010416666666667 0.8546296296296296 0.24375 0.8546296296296296 0.24583333333333332 0.8444444444444444 0.24114583333333334 0.8268518518518518 0.2453125 0.8166666666666667 0.24791666666666667 0.7944444444444444 0.23802083333333332 0.774074074074074 0.23489583333333333 0.7722222222222223 0.23229166666666667 0.775 0.2234375 0.8462962962962963 0.228125 0.8490740740740741
5 0.7354166666666667 0.7759259259259259 0.7333333333333333 0.7944444444444444 0.7364583333333333 0.8055555555555556 0.740625 0.8064814814814815 0.7484375 0.7981481481481482 0.7473958333333334 0.7722222222222223 0.7515625 0.7564814814814815 0.7505208333333333 0.7388888888888889 0.74375 0.7222222222222222 0.7385416666666667 0.725 0.7348958333333333 0.7351851851851852 0.7322916666666667 0.7537037037037037 0.73125 0.762962962962963 0.7354166666666667 0.7759259259259259
4 0.3489583333333333 0.675 0.35052083333333334 0.6694444444444444 0.3484375 0.6564814814814814 0.35052083333333334 0.637962962962963 0.3494791666666667 0.6240740740740741 0.3453125 0.6138888888888889 0.3411458333333333 0.6138888888888889 0.3380208333333333 0.6231481481481481 0.33645833333333336 0.6388888888888888 0.3359375 0.6731481481481482 0.3489583333333333 0.675
4 0.0125 0.837037037037037 0.007291666666666667 0.8462962962962963 0.0067708333333333336 0.8537037037037037 0.009375 0.8583333333333333 0.017708333333333333 0.8425925925925926 0.0234375 0.8425925925925926 0.024479166666666666 0.8574074074074074 0.030729166666666665 0.8583333333333333 0.027604166666666666 0.8101851851851852 0.0234375 0.7907407407407407 0.022395833333333334 0.7712962962962963 0.0171875 0.7712962962962963 0.013020833333333334 0.7898148148148149 0.015104166666666667 0.825925925925926 0.0125 0.837037037037037
4 0.36770833333333336 0.8925925925925926 0.375 0.8935185185185185 0.378125 0.8824074074074074 0.3854166666666667 0.8861111111111111 0.3859375 0.8953703703703704 0.38958333333333334 0.8962962962962963 0.3921875 0.8870370370370371 0.38333333333333336 0.8648148148148148 0.38645833333333335 0.8425925925925926 0.3859375 0.8296296296296296 0.3802083333333333 0.8027777777777778 0.3765625 0.799074074074074 0.3729166666666667 0.8027777777777778 0.3729166666666667 0.829012037037037 0.3703125 0.8416666666666667 0.371875 0.8787037037037037 0.36770833333333336 0.8925925925925926
4 0.74375 0.7643518518518518 0.7427083333333333 0.7907407407407407 0.7447916666666666 0.8 0.7479166666666667 0.8018518518518518 0.7541666666666667 0.7944444444444444 0.753125 0.7462962962962963 0.7510416666666667 0.7324074074074074 0.7442708333333333 0.7240740740740741 0.7411458333333333 0.7277777777777777 0.7411458333333333 0.7518518518518519 0.74375 0.7643518518518518
3 0.6427083333333333 0.5685185185185185 0.6463541666666667 0.5675925925925925 0.6505208333333333 0.5407407407407407 0.6463541666666667 0.5138888888888888 0.6395833333333333 0.5277777777777778 0.640625 0.5638888888888889 0.6427083333333333 0.5685185185185185
3 0.48854166666666665 0.737037037037037 0.48854166666666665 0.7444444444444445 0.49270833333333336 0.7453703703703703 0.4947916666666667 0.7407407407407407 0.49635416666666665 0.6768518518518518 0.4859375 0.6703703703703704 0.48333333333333334 0.6814814814814815 0.48541666666666666 0.7287037037037037 0.48854166666666665 0.737037037037037
5 0.3015625 0.8722222222222222 0.29270833333333335 0.8962962962962963 0.2921875 0.9037037037037037 0.2953125 0.9074074074074074 0.2994791666666667 0.8953703703703704 0.3078125 0.8925925925925926 0.309375 0.9101851851851852 0.3145833333333333 0.9111111111111111 0.3171875 0.9074074074074074 0.3140625 0.899074074074074 0.315625 0.8518518518518519 0.31302083333333336 0.8175925925925925 0.3109375 0.8138888888888889 0.30625 0.8157407407407408 0.3026041666666667 0.8277777777777777 0.3 0.8555555555555555 0.3015625 0.8722222222222222
4 0.36354166666666665 0.7388888888888889 0.3651041666666667 0.762962962962963 0.36822916666666666 0.7833333333333333 0.3734375 0.7861111111111111 0.3765625 0.7796296296296297 0.378125 0.7425925925925926 0.375 0.7212962962962963 0.37135416666666665 0.712037037037037 0.3692708333333333 0.7083333333333334 0.3651041666666667 0.712037037037037 0.36614583333333334 0.7324074074074074 0.36354166666666665 0.7388888888888889
4 0.5010416666666667 0.7546296296296297 0.5072916666666667 0.7555555555555555 0.5140625 0.7425925925925926 0.5177083333333333 0.7546296296296297 0.521875 0.7574074074074074 0.5229166666666667 0.7481481481481481 0.5171875 0.7287037037037037 0.5171875 0.7018518518518518 0.5104166666666666 0.6861111111111111 0.50625 0.6944444444444444 0.5057291666666667 0.7324074074074074 0.5010416666666667 0.7546296296296297
4 0.6963541666666667 0.7046296296296296 0.7015625 0.7074074074074074 0.7046875 0.700925925925926 0.7057291666666666 0.6527777777777778 0.7015625 0.6416666666666667 0.696875 0.6425925925925926 0.6947916666666667 0.6509259259259259 0.6942708333333333 0.6824074074074075 0.6963541666666667 0.7046296296296296
4 0.16979166666666667 0.8 0.17395833333333333 0.8 0.17864583333333334 0.7944444444444444 0.1765625 0.7388888888888889 0.16979166666666667 0.7231481481481481 0.16614583333333333 0.7240740740740741 0.1640625 0.7296296296296296 0.16354166666666667 0.7824074074074074 0.16979166666666667 0.8
3 0.7885416666666667 0.9083333333333333 0.7921875 0.9194444444444444 0.7932291666666667 0.9435185185185185 0.7947916666666667 0.9462962962962963 0.7973958333333333 0.9361111111111111 0.8046875 0.9305555555555556 0.80625 0.9425925925925925 0.8104166666666667 0.9462962962962963 0.8119791666666667 0.9342592592592592 0.8083333333333333 0.9083333333333333 0.8104166666666667 0.8805555555555555 0.8020833333333334 0.8527777777777777 0.7979166666666667 0.85 0.7947916666666667 0.8537037037037037 0.7864583333333334 0.8898148148148148 0.7859375 0.9074074074074074 0.7885416666666667 0.9083333333333333
3 0.22083333333333333 0.5648148148148148 0.22395833333333334 0.5638888888888889 0.2265625 0.5472222222222223 0.22395833333333334 0.524074074074074 0.21927083333333333 0.5259259259259259 0.21614583333333334 0.549074074074074 0.21614583333333334 0.5601851851851852 0.22083333333333333 0.5648148148148148