5 0.6385416666666667 0.6546296296296297 0.6427083333333333 0.6546296296296297 0.6447916666666667 0.65 0.6453125 0.6268518518518519 0.6484375 0.6222222222222222 0.646875 0.6101851851851852 0.6427083333333333 0.5962962962962963 0.6385416666666667 0.5962962962962963 0.634375 0.6111111111111112 0.6359375 0.65 0.6385416666666667 0.6546296296296297
4 0.671875 0.6583333333333333 0.6682291666666667 0.6712962962962963 0.6697916666666667 0.674074074074074 0.6760416666666667 0.6657407407407407 0.6807291666666667 0.6675925925925926 0.6817708333333333 0.6759259259259259 0.6854166666666667 0.6759259259259259 0.6822916666666666 0.6314814814814815 0.6765625 0.6092592592592593 0.6692708333333334 0.5990740740740741 0.6682291666666667 0.6222222222222222 0.671875 0.6583333333333333
5 0.4328125 0.6111111111111112 0.4354166666666667 0.6138888888888889 0.4453125 0.612037037037037 0.4432291666666667 0.5685185185185185 0.4390625 0.5666666666666667 0.4359375 0.5796296296296296 0.43697916666666664 0.5953703703703703 0.4328125 0.6111111111111112
4 0.5682291666666667 0.6111111111111112 0.5713541666666667 0.6148148148148148 0.5802083333333333 0.6157407407407407 0.5796875 0.5888888888888889 0.5817708333333333 0.5722222222222222 0.5755208333333334 0.5657407407407408 0.5723958333333333 0.5675925925925925 0.5703125 0.575 0.5708333333333333 0.6018518518518519 0.5682291666666667 0.6111111111111112
4 0.16041666666666668 0.6574074074074074 0.16041666666666668 0.6611111111111111 0.16302083333333334 0.6638888888888889 0.17135416666666667 0.6574074074074074 0.17395833333333333 0.6666666666666666 0.17760416666666667 0.6703703703703704 0.1796875 0.6648148148148149 0.1765625 0.6509259259259259 0.175 0.6138888888888889 0.1734375 0.6111111111111112 0.1703125 0.6129629629629629 0.1671875 0.625 0.16614583333333333 0.649074074074074 0.16041666666666668 0.6574074074074074
5 0.06770833333333333 0.700925925925926 0.06354166666666666 0.712037037037037 0.06354166666666666 0.7222222222222222 0.0796875 0.7231481481481481 0.078125 0.6935185185185185 0.08072916666666667 0.6796296296296296 0.07604166666666666 0.6564814814814814 0.07239583333333334 0.6555555555555556 0.0640625 0.6768518518518518 0.0671875 0.687962962962963 0.06770833333333333 0.700925925925926
4 0.008333333333333333 0.7157407407407408 0.009895833333333333 0.7212962962962963 0.013020833333333334 0.7222222222222222 0.022395833333333334 0.7175925925925926 0.025520833333333333 0.7018518518518518 0.024479166666666666 0.6712962962962963 0.021354166666666667 0.6509259259259259 0.016666666666666666 0.6518518518518519 0.0140625 0.6675925925925926 0.0125 0.6990740740740741 0.008333333333333333 0.7157407407407408
4 0.5161458333333333 0.6935185185185185 0.5208333333333334 0.6935185185185185 0.5223958333333333 0.6638888888888889 0.5192708333333333 0.6453703703703704 0.5130208333333334 0.6351851851851852 0.5088541666666667 0.6370370370370371 0.5036458333333333 0.65 0.5026041666666666 0.6537037037037037 0.5161458333333333 0.6935185185185185
4 0.7296875 0.7046296296296296 0.7354166666666667 0.7148148148148148 0.7364583333333333 0.7509259259259259 0.7479166666666667 0.7546296296296297 0.75 0.7509259259259259 0.75 0.7435185185185185 0.746875 0.7129629629629629 0.7380208333333333 0.6842592592592592 0.7359375 0.6814814814814815 0.7317708333333334 0.6842592592592592 0.7328125 0.6944444444444444 0.7296875 0.7046296296296296
3 0.9744791666666667 0.8138888888888889 0.9760416666666667 0.8074074074074075 0.9817708333333334 0.8055555555555556 0.9822916666666667 0.8148148148148148 0.9864583333333333 0.8166666666666667 0.9885416666666667 0.8138888888888889 0.9875 0.7564814814814815 0.9786458333333333 0.7388888888888889 0.9744791666666667 0.7435185185185185 0.9723958333333333 0.7564814814814815 0.9708333333333333 0.8101851851851852 0.9744791666666667 0.8138888888888889
5 0.6916666666666667 0.6657407407407407 0.7010416666666667 0.6703703703703704 0.7046875 0.6814814814814815 0.7104166666666667 0.6824074074074075 0.7046875 0.6583333333333333 0.7057291666666666 0.6444444444444445 0.7026041666666667 0.6268518518518519 0.6984375 0.6259259259259259 0.6932291666666667 0.6416666666666667 0.6953125 0.6546296296296297 0.6916666666666667 0.6657407407407407
0 0.540625 0.7342592592592593 0.5442708333333334 0.7296296296296296 0.5432291666666667 0.7203703703703703 0.5364583333333334 0.7203703703703703 0.5375 0.7324074074074074 0.540625 0.7342592592592593
3 0.059375 0.5722222222222222 0.06614583333333333 0.5712962962962963 0.0671875 0.5481481481481482 0.06510416666666667 0.5370370370370371 0.06041666666666667 0.5324074074074074 0.0578125 0.5453703703703704 0.05625 0.5685185185185185 0.059375 0.5722222222222222
4 0.078125 0.612037037037037 0.08020833333333334 0.6157407407407407 0.084375 0.6157407407407407 0.09010416666666667 0.5972222222222222 0.08802083333333334 0.5583333333333333 0.0765625 0.5564814814814815 0.07864583333333333 0.5777777777777777 0.078125 0.612037037037037
4 0.575 0.7592592592592593 0.5796875 0.7620370370370371 0.5817708333333333 0.7574074074074074 0.5822916666666667 0.7444444444444445 0.5854166666666667 0.7407407407407407 0.590625 0.7444444444444445 0.5953125 0.7611111111111111 0.5994791666666667 0.762962962962963 0.5958333333333333 0.7425925925925926 0.596875 0.7277777777777777 0.5953125 0.7138888888888889 0.5838541666666667 0.6962962962962963 0.5770833333333333 0.7083333333333334 0.5786458333333333 0.725925925925926 0.575 0.7592592592592593
3 0.5057291666666667 0.649074074074074 0.509375 0.6462962962962963 0.5140625 0.6342592592592593 0.5104166666666666 0.6 0.5057291666666667 0.6 0.503125 0.6083333333333333 0.5020833333333333 0.6194444444444445 0.5057291666666667 0.649074074074074
5 0.096875 0.6268518518518519 0.1109375 0.6296296296296297 0.1125 0.6259259259259259 0.10677083333333333 0.587037037037037 0.103125 0.5833333333333334 0.1015625 0.5879629629629629 0.09947916666666666 0.6175925925925926 0.096875 0.6268518518518519
4 0.5682291666666667 0.7212962962962963 0.5770833333333333 0.7203703703703703 0.5791666666666667 0.7166666666666667 0.5833333333333334 0.6888888888888889 0.5833333333333334 0.6712962962962963 0.5796875 0.6583333333333333 0.5734375 0.6601851851851852 0.5713541666666667 0.6712962962962963 0.5713541666666667 0.7129629629629629 0.5682291666666667 0.7212962962962963
5 0.2630208333333333 0.6768518518518518 0.2671875 0.674074074074074 0.26979166666666665 0.6657407407407407 0.2677083333333333 0.6611111111111111 0.26458333333333334 0.6620370370370371 0.265625 0.6712962962962963 0.2630208333333333 0.6768518518518518
5 0.24635416666666668 0.6796296296296296 0.24375 0.700925925925926 0.2552083333333333 0.7046296296296296 0.25677083333333334 0.6805555555555556 0.2546875 0.6574074074074074 0.25885416666666666 0.6537037037037037 0.25416666666666665 0.65 0.2520833333333333 0.6435185185185185 0.2484375 0.6453703703703704 0.24427083333333333 0.6537037037037037 0.24375 0.6638888888888889 0.24635416666666668 0.6796296296296296
3 0.08229166666666667 0.5611111111111111 0.08802083333333334 0.5685185185185185 0.09010416666666667 0.5555555555555556 0.09583333333333334 0.5518518518518518 0.0953125 0.537962962962963 0.09375 0.5333333333333333 0.0875 0.5296296296296297 0.08177083333333333 0.5314814814814814 0.08020833333333334 0.5425925925925926 0.08229166666666667 0.5611111111111111
5 0.5010416666666667 0.762962962962963 0.5057291666666667 0.7648148148148148 0.5119791666666667 0.7361111111111112 0.5114583333333333 0.7111111111111111 0.509375 0.7018518518518518 0.5057291666666667 0.6972222222222222 0.4984375 0.7111111111111111 0.49583333333333335 0.7287037037037037 0.5010416666666667 0.762962962962963
5 0.07604166666666666 0.6657407407407407 0.08020833333333334 0.65 0.07395833333333333 0.6240740740740741 0.0703125 0.6259259259259259 0.06822916666666666 0.6388888888888888 0.06822916666666666 0.6620370370370371 0.07604166666666666 0.6657407407407407
5 0.5640625 0.7212962962962963 0.5692708333333333 0.7222222222222222 0.5729166666666666 0.7092592592592593 0.575 0.6657407407407407 0.5713541666666667 0.6564814814814814 0.5666666666666667 0.6574074074074074 0.5625 0.6796296296296296 0.5614583333333333 0.7157407407407408 0.5640625 0.7212962962962963
5 0.9291666666666667 0.6129629629629629 0.9276041666666667 0.6194444444444445 0.9401041666666666 0.6240740740740741 0.9390625 0.5787037037037037 0.93125 0.5685185185185185 0.9276041666666667 0.5731481481481482 0.9270833333333334 0.5833333333333334 0.9265625 0.6027777777777777 0.9291666666666667 0.6129629629629629
5 0.6046875 0.7861111111111111 0.6140625 0.7916666666666666 0.6151041666666667 0.8101851851851852 0.6203125 0.8101851851851852 0.6229166666666667 0.787962962962963 0.6229166666666667 0.7342592592592593 0.61875 0.7342592592592593 0.6109375 0.7555555555555555 0.609375 0.7777777777777778 0.6046875 0.7861111111111111