5 0.878125 0.6944444444444444 0.8869791666666667 0.7027777777777777 0.890625 0.700925925925926 0.8875 0.6666666666666666 0.88125 0.637962962962963 0.8770833333333333 0.6407407407407407 0.8744791666666667 0.6592592592592592 0.8723958333333334 0.6620370370370371 0.8760416666666667 0.6777777777777778 0.8708333333333333 0.6981481481481482 0.8760416666666667 0.700925925925926 0.878125 0.6944444444444444
4 0.7625 0.6685185185185185 0.7583333333333333 0.6620370370370371 0.7515625 0.6305555555555555 0.7484375 0.6259259259259259 0.7453125 0.6296296296296297 0.7463541666666667 0.6851851851851852 0.7515625 0.687037037037037 0.7552083333333334 0.6731481481481482 0.7625 0.6685185185185185
5 0.43333333333333335 0.662962962962963 0.4390625 0.6666666666666666 0.44114583333333335 0.6648148148148149 0.44166666666666665 0.6583333333333333 0.43645833333333334 0.6472222222222223 0.43854166666666666 0.6222222222222222 0.4354166666666667 0.6074074074074074 0.43125 0.6074074074074074 0.4296875 0.6138888888888889 0.4265625 0.6453703703703704 0.4276041666666667 0.6666666666666666 0.4317708333333333 0.6675925925925926 0.43333333333333335 0.662962962962963
3 0.6375 0.6425925925925926 0.6322916666666667 0.6407407407407407 0.628125 0.6320990740740741 0.6296875 0.6148148148148148 0.6270833333333333 0.5990740740740741 0.6223958333333334 0.5953703703703703 0.6208333333333333 0.6027777777777777 0.6166666666666667 0.6574074074074074 0.61875 0.6611111111111111 0.6260416666666667 0.6453703703703704 0.6375 0.6425925925925926
4 0.5015625 0.6416666666666667 0.5057291666666667 0.6537037037037037 0.5145833333333333 0.6518518518518519 0.5177083333333333 0.6611111111111111 0.5208333333333334 0.6537037037037037 0.5125 0.6333333333333333 0.5125 0.6074074074074074 0.509375 0.5990740740740741 0.5057291666666667 0.5990740740740741 0.5046875 0.6027777777777777 0.5041666666666667 0.6111111111111112 0.5005208333333333 0.6185185185185185 0.5026041666666666 0.6240740740740741 0.5015625 0.6416666666666667
5 0.6354166666666666 0.7175925925925926 0.6401041666666667 0.7046296296296296 0.64375 0.7018518518518518 0.6583333333333333 0.7129629629629629 0.6583333333333333 0.7046296296296296 0.6484375 0.6935185185185185 0.646875 0.6861111111111111 0.6484375 0.6712962962962963 0.64375 0.6527777777777778 0.6385416666666667 0.65 0.6380208333333334 0.6527777777777778 0.6359375 0.6722222222222223 0.6375 0.687962962962963 0.6291666666666667 0.7166666666666667 0.6354166666666666 0.7175925925925926
4 0.3046875 0.6175925925925926 0.3026041666666667 0.6055555555555555 0.2953125 0.6 0.2953125 0.5916666666666667 0.2911458333333333 0.575925925925926 0.2859375 0.5768518518518518 0.284375 0.5944444444444444 0.27708333333333335 0.6194444444444445 0.278125 0.625 0.2828125 0.625 0.2916666666666667 0.6111111111111112 0.3046875 0.6175925925925926
0 0.07864583333333333 0.612037037037037 0.07760416666666667 0.6222222222222222 0.0828125 0.6231481481481481 0.084375 0.612037037037037 0.07864583333333333 0.612037037037037
5 0.9666666666666667 0.6231481481481481 0.9625 0.6092592592592593 0.9640625 0.5907407407407408 0.9614583333333333 0.5796296296296296 0.9578125 0.5787037037037037 0.9567708333333333 0.5824074074074074 0.9557291666666666 0.6148148148148148 0.9572916666666667 0.6268518518518519 0.9630208333333333 0.6296296296296297 0.9666666666666667 0.6231481481481481
4 0.21614583333333334 0.6111111111111112 0.2140625 0.5990740740740741 0.20885416666666667 0.5898148148148148 0.20416666666666666 0.6018518518518519 0.20052083333333334 0.6212962962962963 0.20052083333333334 0.6546296296296297 0.21197916666666666 0.6472222222222223 0.21614583333333334 0.6111111111111112
5 0.7880208333333333 0.6083333333333333 0.7911458333333333 0.612037037037037 0.7921875 0.6074074074074074 0.7864583333333334 0.5990740740740741 0.7880208333333333 0.5861111111111111 0.7864583333333334 0.5685185185185185 0.7817708333333333 0.5703703703703704 0.7786458333333334 0.5851851851851851 0.7791666666666667 0.5981481481481481 0.7755208333333333 0.6148148148148148 0.7791666666666667 0.6175925925925926 0.7880208333333333 0.6083333333333333
5 0.321875 0.6296296296296297 0.3260416666666667 0.6148148148148148 0.3328125 0.6166666666666667 0.3338541666666667 0.6212962962962963 0.33541666666666664 0.6129629629629629 0.32916666666666666 0.5768518518518518 0.32447916666666665 0.5777777777777777 0.32083333333333336 0.5953703703703703 0.321875 0.6055555555555555 0.31614583333333335 0.6268518518518519 0.3182291666666667 0.6333333333333333 0.321875 0.6296296296296297
4 0.03802083333333333 0.9990740740740741 0.03802083333333333 0.9833333333333333 0.034895833333333334 0.9675925925925926 0.025520833333333333 0.950925925925926 0.019791666666666666 0.9546296296296296 0.01875 0.9592592592592593 0.021354166666666667 0.9694444444444444 0.019270833333333334 0.9990740740740741 0.03802083333333333 0.9990740740740741
5 0.3807291666666667 0.6083333333333333 0.38177083333333334 0.6 0.37916666666666665 0.5888888888888889 0.3765625 0.5824074074074074 0.3729166666666667 0.5833333333333334 0.3723958333333333 0.5907407407407408 0.36354166666666665 0.6037037037037037 0.371875 0.6092592592592593 0.3807291666666667 0.6083333333333333
2 0.34739583333333335 0.6185185185185185 0.34270833333333334 0.5978398148148149 0.3416666666666667 0.5796296296296296 0.3380208333333333 0.5685185185185185 0.3338541666666667 0.5638888888888889 0.3296875 0.5805555555555556 0.3302083333333333 0.6083333333333333 0.3338541666666667 0.6222222222222222 0.3453125 0.6231481481481481 0.34739583333333335 0.6185185185185185
5 0.703125 0.6222222222222222 0.7005208333333334 0.5740740740740741 0.696875 0.5731481481481482 0.6921875 0.5990740740740741 0.6880208333333333 0.6305555555555555 0.7010416666666667 0.6333333333333333 0.703125 0.6305555555555555 0.703125 0.6222222222222222
3 0.4901041666666667 0.55 0.49375 0.5481481481481482 0.4942708333333333 0.5351851851851852 0.4875 0.5212962962962963 0.4901041666666667 0.5092592592592593 0.4822916666666667 0.5203703703703704 0.47708333333333336 0.549074074074074 0.47708333333333336 0.5601851851851852 0.48333333333333334 0.5583333333333333 0.4859375 0.5611111111111111 0.4901041666666667 0.55