3 0.6848958333333334 0.9064814814814814 0.6807291666666667 0.8962962962962963 0.68125 0.8555555555555555 0.6734375 0.8379629629629629 0.6697916666666667 0.8379629629629629 0.66875 0.8490740740740741 0.6640625 0.8574074074074074 0.665625 0.9287037037037037 0.6822916666666666 0.9212962962962963 0.6875 0.9222222222222223 0.6848958333333334 0.9064814814814814
5 0.2203125 0.6833333333333333 0.2203125 0.6305555555555555 0.21666666666666667 0.6277777777777778 0.2125 0.6398148148148148 0.21354166666666666 0.6703703703703704 0.21145833333333333 0.6777777777777778 0.2125 0.6814814814814815 0.2203125 0.6833333333333333
5 0.2140625 0.7185185185185186 0.21145833333333333 0.7194444444444444 0.20885416666666667 0.7342592592592593 0.20520833333333333 0.8027777777777778 0.21927083333333333 0.799074074074074 0.21666666666666667 0.7296296296296296 0.2140625 0.7185185185185186
5 0.07604166666666666 0.6027777777777777 0.07083333333333333 0.5962962962962963 0.0640625 0.6046296296296296 0.06458333333333334 0.6435185185185185 0.06875 0.6472222222222223 0.07552083333333333 0.6305555555555555 0.07604166666666666 0.6027777777777777
5 0.015625 0.6851851851851852 0.0140625 0.6814814814814815 0.0125 0.6324074074074074 0.0078125 0.6296296296296297 0.0046875 0.6416666666666667 0.004166666666666667 0.6888888888888889 0.005729166666666666 0.6916666666666667 0.013020833333333334 0.6907407407407408 0.015625 0.6851851851851852
4 0.19479166666666667 0.5740740740740741 0.19739583333333333 0.5601851851851852 0.19322916666666667 0.5518518518518518 0.1890625 0.5518518518518518 0.18645833333333334 0.5592592592592592 0.18645833333333334 0.5907407407407408 0.19427083333333334 0.5916666666666667 0.19635416666666666 0.5879629629629629 0.19479166666666667 0.5740740740740741
4 0.30364583333333334 0.8537037037037037 0.3067708333333333 0.8462962962962963 0.30104166666666665 0.8240740740740741 0.30416666666666664 0.7944444444444444 0.2947916666666667 0.7694444444444445 0.2911458333333333 0.7722222222222223 0.2864583333333333 0.812037037037037 0.2859375 0.8175925925925925 0.29322916666666665 0.8361111111111111 0.2911458333333333 0.8564814814814815 0.30364583333333334 0.8537037037037037
3 0.4265625 0.7185185185185186 0.43020833333333336 0.7203703703703703 0.4322916666666667 0.7305555555555555 0.4354166666666667 0.7314814814814815 0.4359375 0.7203703703703703 0.43072916666666666 0.6972222222222222 0.42916666666666664 0.6712962962962963 0.4239583333333333 0.6611111111111111 0.41822916666666665 0.6620370370370371 0.4171875 0.6824074074074075 0.4203125 0.7305555555555555 0.425 0.7305555555555555 0.4265625 0.7185185185185186
5 0.4588541666666667 0.7240740740740741 0.4625 0.7027777777777777 0.4625 0.6675925925925926 0.459375 0.6592592592592592 0.45625 0.6620370370370371 0.4515625 0.6833333333333333 0.453125 0.7018518518518518 0.45 0.7166666666666667 0.4515625 0.7212962962962963 0.4588541666666667 0.7240740740740741
4 0.2390625 0.6731481481481482 0.23645833333333333 0.6370370370370371 0.23177083333333334 0.6398148148148148 0.22916666666666666 0.6518518518518519 0.2296875 0.675 0.22760416666666666 0.6962962962962963 0.24427083333333333 0.6972222222222222 0.2390625 0.6731481481481482
4 0.030729166666666665 0.6722222222222223 0.033854166666666664 0.6583333333333333 0.03125 0.6555555555555556 0.029166666666666667 0.6342592592592593 0.024479166666666666 0.6333333333333333 0.021354166666666667 0.6435185185185185 0.022395833333333334 0.6962962962962963 0.03229166666666667 0.6962962962962963 0.033854166666666664 0.6925925925925925 0.030729166666666665 0.6722222222222223
4 0.55 0.7185185185185186 0.5515625 0.6861111111111111 0.55 0.6703703703703704 0.5458333333333333 0.6666666666666666 0.5421875 0.6685185185185185 0.5375 0.6842592592592592 0.5338541666666666 0.7388888888888889 0.5447916666666667 0.7398148148148148 0.5484375 0.7314814814814815 0.55 0.7185185185185186
4 0.5677083333333334 0.7 0.5692708333333333 0.6768518518518518 0.5640625 0.6638888888888889 0.5598958333333334 0.6638888888888889 0.5552083333333333 0.6768518518518518 0.5546875 0.7046296296296296 0.5578125 0.7268518518518519 0.5604166666666667 0.7287037037037037 0.5677083333333334 0.7
3 0.1 0.549074074074074 0.09583333333333334 0.5564814814814815 0.09635416666666667 0.5833333333333334 0.103125 0.5851851851851851 0.10833333333333334 0.5601851851851852 0.1 0.549074074074074
5 0.16354166666666667 0.700925925925926 0.16354166666666667 0.6685185185185185 0.16197916666666667 0.6638888888888889 0.1578125 0.6657407407407407 0.15 0.6898148148148148 0.15364583333333334 0.7111111111111111 0.15364583333333334 0.7277777777777777 0.16197916666666667 0.7287037037037037 0.16354166666666667 0.700925925925926