5 0.3848958333333333 0.6620370370370371 0.3796875 0.6555555555555556 0.37604166666666666 0.6685185185185185 0.37552083333333336 0.6898148148148148 0.37916666666666665 0.6925925925925925 0.384375 0.6898148148148148 0.3848958333333333 0.6620370370370371
5 0.5229166666666667 0.7518518518518519 0.5291666666666667 0.7527777777777778 0.5322916666666667 0.7601851851851852 0.5369791666666667 0.7592592592592593 0.5375 0.7527777777777778 0.534375 0.7398148148148148 0.5354166666666667 0.7231481481481481 0.5291666666666667 0.7157407407407408 0.525 0.7277777777777777 0.5208333333333334 0.7277777777777777 0.5208333333333334 0.7435185185185185 0.5229166666666667 0.7518518518518519
5 0.44375 0.6768518518518518 0.4401041666666667 0.6657407407407407 0.4359375 0.6712962962962963 0.43645833333333334 0.700925925925926 0.4390625 0.7064814814814815 0.4421875 0.700925925925926 0.44375 0.6768518518518518
5 0.8026041666666667 0.7509259259259259 0.8026041666666667 0.7444444444444445 0.7947916666666667 0.7194444444444444 0.790625 0.7101851851851851 0.7890625 0.7111111111111111 0.7869791666666667 0.7129629629629629 0.7880208333333333 0.7509259259259259 0.7953125 0.7481481481481481 0.8026041666666667 0.7509259259259259
4 0.5260416666666666 0.7796296296296297 0.5276041666666667 0.7666666666666667 0.5359375 0.7592592592592593 0.5364583333333334 0.7546296296296297 0.5333333333333333 0.7305555555555555 0.5213541666666667 0.7268518518518519 0.5182291666666666 0.7333333333333333 0.5177083333333333 0.7657407407407407 0.5203125 0.7805555555555556 0.5234375 0.7824074074074074 0.5260416666666666 0.7796296296296297
4 0.6213541666666667 0.6731481481481482 0.621875 0.6518518518518519 0.61875 0.6444444444444445 0.6140625 0.6472222222222223 0.6125 0.6537037037037037 0.6135416666666667 0.6731481481481482 0.6192708333333333 0.6759259259259259 0.6213541666666667 0.6731481481481482
5 0.2994791666666667 0.712037037037037 0.30104166666666665 0.6944444444444444 0.30052083333333335 0.6768518518518518 0.2947916666666667 0.6759259259259259 0.2911458333333333 0.6851851851851852 0.2916666666666667 0.7148148148148148 0.2942708333333333 0.7175925925925926 0.2994791666666667 0.712037037037037
4 0.45677083333333335 0.7481481481481481 0.459375 0.7138888888888889 0.4578125 0.7083333333333334 0.45416666666666666 0.7074074074074074 0.44947916666666665 0.7166666666666667 0.4505208333333333 0.7398148148148148 0.4484375 0.7490740740740741 0.453125 0.7527777777777778 0.45677083333333335 0.7481481481481481
4 0.1734375 0.7175925925925926 0.17604166666666668 0.7083333333333334 0.17395833333333333 0.6935185185185185 0.17552083333333332 0.6851851851851852 0.1703125 0.6824074074074075 0.16510416666666666 0.6851851851851852 0.16614583333333333 0.6990740740740741 0.16197916666666667 0.7203703703703703 0.16875 0.7212962962962963 0.1734375 0.7175925925925926
5 0.27760416666666665 0.6712962962962963 0.2755208333333333 0.6675925925925926 0.2713541666666667 0.6675925925925926 0.2677083333333333 0.6731481481481482 0.2677083333333333 0.7055555555555556 0.27239583333333334 0.7083333333333334 0.27708333333333335 0.700925925925926 0.27760416666666665 0.6712962962962963
5 0.4083333333333333 0.687962962962963 0.4046875 0.6768518518518518 0.4 0.6805555555555556 0.39947916666666666 0.7055555555555556 0.4041666666666667 0.7138888888888889 0.40677083333333336 0.7092592592592593 0.4083333333333333 0.687962962962963
3 0.3328125 0.7231481481481481 0.32864583333333336 0.712037037037037 0.3255208333333333 0.7111111111111111 0.32135416666666666 0.7157407407407408 0.321875 0.7638888888888888 0.3260416666666667 0.7657407407407407 0.3307291666666667 0.7592592592592593 0.3328125 0.7231481481481481
4 0.55 0.6972222222222222 0.5515625 0.6768518518518518 0.5473958333333333 0.6722222222222223 0.5432291666666667 0.6777777777777778 0.54375 0.7129629629629629 0.5489583333333333 0.7166666666666667 0.5515625 0.7074074074074074 0.55 0.6972222222222222
5 0.23125 0.7166666666666667 0.22708333333333333 0.712037037037037 0.20833333333333334 0.7148148148148148 0.20833333333333334 0.7240740740740741 0.21510416666666668 0.7194444444444444 0.23125 0.7203703703703703 0.23125 0.7166666666666667
4 0.621875 0.6731481481481482 0.6203125 0.6768518518518518 0.61875 0.7083333333333334 0.6302083333333334 0.7083333333333334 0.6265625 0.675 0.621875 0.6731481481481482
5 0.5338541666666666 0.6824074074074075 0.5291666666666667 0.6851851851851852 0.528125 0.6990740740740741 0.5291666666666667 0.7194444444444444 0.5333333333333333 0.7212962962962963 0.5411458333333333 0.7175925925925926 0.5338541666666666 0.6824074074074075
3 0.9963541666666667 0.9092592592592592 0.9901041666666667 0.8925925925925926 0.9864583333333333 0.8925925925925926 0.9802083333333333 0.9101851851851852 0.978125 0.9351851851851852 0.9875 0.9666666666666667 0.9921875 0.9685185185185186 0.9963541666666667 0.9092592592592592
3 0.47291666666666665 0.6425925925925926 0.4734375 0.6231481481481481 0.4708333333333333 0.6194444444444445 0.46510416666666665 0.6231481481481481 0.4635416666666667 0.6314814814814815 0.4661458333333333 0.6425925925925926 0.4708333333333333 0.6453703703703704 0.47291666666666665 0.6425925925925926
3 0.9234375 0.6601851851851852 0.91875 0.6527777777777778 0.9161458333333333 0.6611111111111111 0.9166666666666666 0.6833333333333333 0.9208333333333333 0.687037037037037 0.9229166666666667 0.6842592592592592 0.9234375 0.6601851851851852
4 0.20885416666666667 0.7240740740740741 0.20989583333333334 0.7138888888888889 0.2078125 0.7 0.2046875 0.6907407407407408 0.19947916666666668 0.6907407407407408 0.1984375 0.7055555555555556 0.20052083333333334 0.7277777777777777 0.20625 0.7277777777777777 0.20885416666666667 0.7240740740740741
4 0.4140625 0.7240740740740741 0.41510416666666666 0.6944444444444444 0.4125 0.6888888888888889 0.4078125 0.687037037037037 0.40260416666666665 0.6944444444444444 0.4005208333333333 0.700925925925926 0.4015625 0.7083333333333334 0.4083333333333333 0.7333333333333333 0.4140625 0.7240740740740741
4 0.8427083333333333 0.7648148148148148 0.8442708333333333 0.7583333333333333 0.8395833333333333 0.7412037037037037 0.8380208333333333 0.725 0.8296875 0.7212962962962963 0.828125 0.725925925925926 0.83125 0.7388888888888889 0.83125 0.7620370370370371 0.8427083333333333 0.7648148148148148
5 0.8104166666666667 0.7027777777777777 0.80625 0.7037037037037037 0.809375 0.7361111111111112 0.8208333333333333 0.7361111111111112 0.815625 0.7083333333333334 0.8104166666666667 0.7027777777777777
5 0.3260416666666667 0.6574074074074074 0.32760416666666664 0.6537037037037037 0.3182291666666667 0.6546296296296297 0.3182291666666667 0.6935185185185185 0.32447916666666665 0.6944444444444444 0.3260416666666667 0.6935185185185185 0.3260416666666667 0.6574074074074074