5 0.6557291666666667 0.6537037037037037 0.6619791666666667 0.6453703703703704 0.6692708333333334 0.6555555555555556 0.6723958333333333 0.6527777777777778 0.671875 0.6481481481481481 0.6651041666666667 0.637962962962963 0.6604166666666667 0.6064814814814815 0.65625 0.6064814814814815 0.6536458333333334 0.6222222222222222 0.6552083333333333 0.6314814814814815 0.65 0.6481481481481481 0.6510416666666666 0.6527777777777778 0.6557291666666667 0.6537037037037037
4 0.5473958333333333 0.7703703703703704 0.5473958333333333 0.7148148148148148 0.5421875 0.6962962962962963 0.5380208333333333 0.6972222222222222 0.53125 0.7277777777777777 0.5328125 0.7712962962962963 0.5411458333333333 0.7712962962962963 0.5447916666666667 0.775 0.5473958333333333 0.7703703703703704
4 0.39739583333333334 0.6907407407407408 0.4 0.6861111111111111 0.3984375 0.6398148148148148 0.3921875 0.6259259259259259 0.3885416666666667 0.6287037037037037 0.38645833333333335 0.637962962962963 0.3859375 0.6537037037037037 0.3885416666666667 0.6731481481481482 0.39114583333333336 0.6851851851851852 0.39739583333333334 0.6907407407407408
5 0.5026041666666666 0.7444444444444445 0.5067708333333333 0.7462962962962963 0.5119791666666667 0.7268518518518519 0.5270833333333333 0.7361111111111112 0.5197916666666667 0.725 0.5161458333333333 0.7129629629629629 0.5119791666666667 0.6814814814814815 0.509375 0.6777777777777778 0.5052083333333334 0.6851851851851852 0.5052083333333334 0.7101851851851851 0.5020833333333333 0.7194444444444444 0.5036458333333333 0.7268518518518519 0.5026041666666666 0.7444444444444445
4 0.36770833333333336 0.8527777777777777 0.3729166666666667 0.8555555555555555 0.3770833333333333 0.8425925925925926 0.3729166666666667 0.8268518518518518 0.3776041666666667 0.7972222222222223 0.3729166666666667 0.7685185185185185 0.36875 0.7675925925925926 0.36770833333333336 0.7703703703703704 0.3625 0.8018518518518518 0.36354166666666665 0.8148148148148148 0.3619791666666667 0.825925925925926 0.36770833333333336 0.8416666666666667 0.36770833333333336 0.8527777777777777
4 0.6619791666666667 0.7064814814814815 0.6645833333333333 0.700925925925926 0.6572916666666667 0.675 0.6567708333333333 0.649074074074074 0.6588541666666666 0.6416666666666667 0.6541666666666667 0.6416666666666667 0.6489583333333333 0.65 0.6421875 0.7083333333333334 0.6479166666666667 0.7092592592592593 0.6536458333333334 0.6935185185185185 0.6619791666666667 0.7064814814814815
5 0.9526041666666667 0.7944444444444444 0.9541666666666667 0.799074074074074 0.9588541666666667 0.8009259259259259 0.9625 0.7925925925925926 0.9604166666666667 0.7796296296296297 0.9651041666666667 0.7611111111111111 0.9651041666666667 0.7407407407407407 0.9588541666666667 0.7203703703703703 0.953125 0.7287037037037037 0.9463541666666667 0.7555555555555555 0.9489583333333333 0.7574074074074074 0.9505208333333334 0.7650462962962963 0.9526041666666667 0.7944444444444444
4 0.4 0.6027777777777777 0.39739583333333334 0.5925925925925926 0.396875 0.575 0.3927083333333333 0.5666666666666667 0.3880208333333333 0.5712962962962963 0.3885416666666667 0.5990740740740741 0.390625 0.6101851851851852 0.3958333333333333 0.612037037037037 0.4 0.6027777777777777
3 0.4942708333333333 0.7157407407407408 0.5 0.7166666666666667 0.49635416666666665 0.6996916666666667 0.49635416666666665 0.6898148148148148 0.49947916666666664 0.6814814814814815 0.49895833333333334 0.6703703703703704 0.4895833333333333 0.6574074074074074 0.484375 0.6574074074074074 0.48125 0.6731481481481482 0.48541666666666666 0.6833333333333333 0.4859375 0.7 0.4942708333333333 0.7157407407407408
5 0.21822916666666667 0.6657407407407407 0.23541666666666666 0.674074074074074 0.23697916666666666 0.6722222222222223 0.2359375 0.6648148148148149 0.22291666666666668 0.6546296296296297 0.2203125 0.6416666666666667 0.21354166666666666 0.6277777777777778 0.2109375 0.6296296296296297 0.21197916666666666 0.662962962962963 0.20885416666666667 0.6787037037037037 0.21302083333333333 0.6805555555555556 0.21822916666666667 0.6657407407407407
4 0.23854166666666668 0.6425925925925926 0.24791666666666667 0.65 0.2526041666666667 0.6472222222222223 0.24739583333333334 0.6333333333333333 0.24010416666666667 0.6 0.2359375 0.6027777777777777 0.23489583333333333 0.6194444444444445 0.23177083333333334 0.6314814814814815 0.23072916666666668 0.6425925925925926 0.23229166666666667 0.6472222222222223 0.23645833333333333 0.6481481481481481 0.23854166666666668 0.6425925925925926
4 0.821875 0.6287037037037037 0.8161458333333333 0.6185185185185185 0.8177083333333334 0.6037037037037037 0.8145833333333333 0.5907407407407408 0.8114583333333333 0.587037037037037 0.8088541666666667 0.5907407407407408 0.8088541666666667 0.6370370370370371 0.8109375 0.6388888888888888 0.8197916666666667 0.6342592592592593 0.821875 0.6287037037037037
4 0.9875 0.7916666666666666 0.9895833333333334 0.8037037037037037 0.9885416666666667 0.8138888888888889 0.9927083333333333 0.8148148148148148 0.9947916666666666 0.8055555555555556 0.9942708333333333 0.7481481481481481 0.9901041666666667 0.7314814814814815 0.9854166666666667 0.7296296296296296 0.9833333333333333 0.7351851851851852 0.9734375 0.8064814814814815 0.9796875 0.8101851851851852 0.9822916666666667 0.7972222222222223 0.9875 0.7916666666666666
5 0.45989583333333334 0.6805555555555556 0.4609375 0.6731481481481482 0.45625 0.6675925925925926 0.45208333333333334 0.6518518518518519 0.453125 0.6453703703703704 0.44947916666666665 0.6287037037037037 0.44635416666666666 0.6259259259259259 0.44375 0.6333333333333333 0.4395833333333333 0.6814814814814815 0.44427083333333334 0.6842592592592592 0.45 0.6703703703703704 0.45989583333333334 0.6805555555555556
5 0.7635416666666667 0.7175925925925926 0.7651041666666667 0.7092592592592593 0.7614583333333333 0.6990740740740741 0.7635416666666667 0.6712962962962963 0.7578125 0.6574074074074074 0.7552083333333334 0.6564814814814814 0.7526041666666666 0.6611111111111111 0.7479166666666667 0.6805555555555556 0.7526041666666666 0.6851851851851852 0.75625 0.7157407407407408 0.7635416666666667 0.7175925925925926
5 0.259375 0.6425925925925926 0.2625 0.6361111111111111 0.2713541666666667 0.6425925925925926 0.2760416666666667 0.6231481481481481 0.275 0.6148148148148148 0.26458333333333334 0.6083333333333333 0.2598958333333333 0.6 0.25416666666666665 0.612037037037037 0.25677083333333334 0.6194444444444445 0.25416666666666665 0.6305555555555555 0.2557291666666667 0.6425925925925926 0.259375 0.6425925925925926
5 0.7505208333333333 0.8046296296296296 0.7552083333333334 0.8157407407407408 0.7583333333333333 0.812962962962963 0.7583333333333333 0.8064814814814815 0.75 0.7856481481481481 0.7515625 0.7555555555555555 0.7453125 0.7388888888888889 0.7411458333333333 0.7435185185185185 0.7364583333333333 0.7925925925925926 0.7364583333333333 0.8166666666666667 0.74375 0.8157407407407408 0.7447916666666666 0.8 0.7505208333333333 0.8046296296296296
3 0.4192708333333333 0.575925925925926 0.41770833333333335 0.5685185185185185 0.4192708333333333 0.5601851851851852 0.428125 0.5518518518518518 0.4140625 0.5472222222222223 0.4114583333333333 0.5472222222222223 0.41041666666666665 0.5518518518518518 0.4088541666666667 0.5675925925925925 0.4114583333333333 0.5824074074074074 0.4140625 0.5833333333333334 0.4192708333333333 0.575925925925926
0 0.20364583333333333 0.5990740740740741 0.203125 0.6074074074074074 0.2078125 0.6074074074074074 0.20833333333333334 0.5990740740740741 0.20364583333333333 0.5990740740740741
4 0.9520833333333333 0.9111111111111111 0.9546875 0.925 0.9567708333333333 0.9398148148148148 0.9557291666666666 0.9546296296296296 0.9625 0.9564814814814815 0.9645833333333333 0.9518518518518518 0.9630208333333333 0.9203703703703704 0.9677083333333333 0.899074074074074 0.96875 0.8768518518518519 0.9604166666666667 0.8490740740740741 0.95625 0.8490740740740741 0.9546875 0.8527777777777777 0.9546875 0.862037037037037 0.9515625 0.8694444444444445 0.9458333333333333 0.9009259259259259 0.9520833333333333 0.9111111111111111
5 0.2791666666666667 0.6648148148148149 0.28177083333333336 0.6620370370370371 0.28020833333333334 0.6527777777777778 0.2838541666666667 0.6444444444444445 0.2765625 0.6148148148148148 0.2713541666666667 0.6111111111111112 0.2677083333333333 0.6148148148148148 0.265625 0.6324074074074074 0.27291666666666664 0.6481481481481481 0.2755208333333333 0.6611111111111111 0.2791666666666667 0.6648148148148149
3 0.8510416666666667 0.6 0.8510416666666667 0.5601851851851852 0.8447916666666667 0.5583333333333333 0.8416666666666667 0.5638888888888889 0.8421875 0.5990740740740741 0.8432291666666667 0.6027777777777777 0.8489583333333334 0.6055555555555555 0.8510416666666667 0.6
5 0.27395833333333336 0.7638888888888888 0.2791666666666667 0.7657407407407407 0.28125 0.7546296296296297 0.28541666666666665 0.7518518518518519 0.2953125 0.7638888888888888 0.2953125 0.7518518518518519 0.2890625 0.7472222222222222 0.2864583333333333 0.7398148148148148 0.28854166666666664 0.7166666666666667 0.2796875 0.6953703703703704 0.2760416666666667 0.6981481481481482 0.27395833333333336 0.712037037037037 0.27291666666666664 0.7240740740740741 0.275 0.725925925925926 0.27760416666666665 0.7393518518518518 0.27395833333333336 0.7638888888888888