4 0.5984375 0.6453703703703704 0.6036458333333333 0.6481481481481481 0.6057291666666667 0.6453703703703704 0.6088541666666667 0.6240740740740741 0.6088541666666667 0.6064814814814815 0.603125 0.5935185185185186 0.5973958333333333 0.6083333333333333 0.5947916666666667 0.6231481481481481 0.5984375 0.6453703703703704
5 0.80625 0.8648148148148148 0.8072916666666666 0.850925925925926 0.8114583333333333 0.8462962962962963 0.821875 0.8592592592592593 0.825 0.8574074074074074 0.8203125 0.8414351851851852 0.8182291666666667 0.8138888888888889 0.8104166666666667 0.7981481481481482 0.8067708333333333 0.7981481481481482 0.8046875 0.8083333333333333 0.7989583333333333 0.8648148148148148 0.80625 0.8648148148148148
3 0.6822916666666666 0.7555555555555555 0.6854166666666667 0.6962962962962963 0.678125 0.6796296296296296 0.6739583333333333 0.6814814814814815 0.6729166666666667 0.6953703703703704 0.6723958333333333 0.7518518518518519 0.6822916666666666 0.7555555555555555
5 0.4625 0.8546296296296296 0.4635416666666667 0.8444444444444444 0.4703125 0.8305555555555556 0.47291666666666665 0.8296296296296296 0.47760416666666666 0.8407407407407408 0.47708333333333336 0.8527777777777777 0.4828125 0.850925925925926 0.4828125 0.8074074074074075 0.475 0.7768518518518519 0.471875 0.7787037037037037 0.4666666666666667 0.7925925925925926 0.465625 0.8203703703703704 0.4583333333333333 0.8472222222222222 0.4583333333333333 0.8555555555555555 0.4625 0.8546296296296296
5 0.39427083333333335 0.7472222222222222 0.42083333333333334 0.7444444444444445 0.42291666666666666 0.7398148148148148 0.41770833333333335 0.7231481481481481 0.4197916666666667 0.7129629629629629 0.4161458333333333 0.6851851851851852 0.4125 0.6851851851851852 0.40520833333333334 0.6990740740740741 0.39895833333333336 0.7046296296296296 0.3927083333333333 0.7212962962962963 0.3921875 0.7425925925925926 0.39427083333333335 0.7472222222222222
4 0.39895833333333336 0.8759259259259259 0.4015625 0.8527777777777777 0.40520833333333334 0.8481481481481481 0.41041666666666665 0.850925925925926 0.41510416666666666 0.8731481481481481 0.4192708333333333 0.8712962962962963 0.4203125 0.8685185185185185 0.40989583333333335 0.8277777777777777 0.40677083333333336 0.7944444444444444 0.4046875 0.7907407407407407 0.4010416666666667 0.7935185185185185 0.3932291666666667 0.812962962962963 0.3953125 0.8759259259259259 0.39895833333333336 0.8759259259259259
4 0.41302083333333334 0.7435185185185185 0.41354166666666664 0.7398148148148148 0.40729166666666666 0.7203703703703703 0.4041666666666667 0.7166666666666667 0.3963541666666667 0.7148148148148148 0.39166666666666666 0.725925925925926 0.3927083333333333 0.7481481481481481 0.41302083333333334 0.7435185185185185
0 0.5109375 0.6944444444444444 0.5171875 0.6935185185185185 0.5192708333333333 0.6898148148148148 0.5171875 0.6842592592592592 0.5104166666666666 0.6851851851851852 0.5083333333333333 0.6898148148148148 0.5109375 0.6944444444444444
5 0.2484375 0.6805555555555556 0.25052083333333336 0.687037037037037 0.26458333333333334 0.6851851851851852 0.26927083333333335 0.674074074074074 0.2734375 0.6546296296296297 0.271875 0.6194444444444445 0.259375 0.6240740740740741 0.2557291666666667 0.6416666666666667 0.2546875 0.6611111111111111 0.2484375 0.6805555555555556
4 0.19270833333333334 0.8740740740740741 0.196875 0.8722222222222222 0.20416666666666666 0.825925925925926 0.20416666666666666 0.7907407407407407 0.20260416666666667 0.7870370370370371 0.196875 0.7898148148148149 0.19322916666666667 0.8037037037037037 0.18958333333333333 0.825 0.19166666666666668 0.8416666666666667 0.190625 0.8518518518518519 0.18385416666666668 0.8583333333333333 0.18489583333333334 0.8703703703703703 0.19270833333333334 0.8740740740740741
5 0.7239583333333334 0.7287037037037037 0.7260416666666667 0.7324074074074074 0.7364583333333333 0.7351851851851852 0.7411458333333333 0.7037037037037037 0.73125 0.6759259259259259 0.728125 0.674074074074074 0.7265625 0.6814814814814815 0.7270833333333333 0.7018518518518518 0.7239583333333334 0.7287037037037037
3 0.9083333333333333 0.6064814814814815 0.9125 0.6083333333333333 0.9161458333333333 0.5731481481481482 0.9125 0.5648148148148148 0.9078125 0.5638888888888889 0.9057291666666667 0.5675925925925925 0.9041666666666667 0.5879629629629629 0.9083333333333333 0.6064814814814815
5 0.965625 0.6898148148148148 0.9734375 0.6805555555555556 0.9734375 0.674074074074074 0.9703125 0.6685185185185185 0.9713541666666666 0.6518518518518519 0.9682291666666667 0.637962962962963 0.9630208333333333 0.6388888888888888 0.9583333333333334 0.6601851851851852 0.9572916666666667 0.6888888888888889 0.965625 0.6898148148148148
5 0.215625 0.7592592592592593 0.2171875 0.7842592592592592 0.22083333333333333 0.7953703703703704 0.2296875 0.774074074074074 0.2328125 0.7555555555555555 0.23125 0.7203703703703703 0.2265625 0.7185185185185186 0.21927083333333333 0.7351851851851852 0.21822916666666667 0.7527777777777778 0.215625 0.7592592592592593
4 0.9234375 0.6324074074074074 0.9270833333333334 0.6305555555555555 0.9286458333333333 0.6277777777777778 0.9291666666666667 0.5916666666666667 0.9229166666666667 0.5842592592592593 0.9177083333333333 0.5925925925925926 0.9197916666666667 0.6277777777777778 0.9234375 0.6324074074074074
4 0.7473958333333334 0.6990740740740741 0.753125 0.6972222222222222 0.7557291666666667 0.687962962962963 0.7682291666666666 0.6962962962962963 0.76875 0.6898148148148148 0.7619791666666667 0.6814814814814815 0.759375 0.6620370370370371 0.7536458333333333 0.6527777777777778 0.7484375 0.6537037037037037 0.746875 0.6722222222222223 0.7489583333333333 0.6805555555555556 0.7473958333333334 0.6990740740740741
4 0.7765625 0.8379629629629629 0.775 0.8546296296296296 0.7786458333333334 0.8611111111111112 0.7828125 0.862037037037037 0.7875 0.8574074074074074 0.7838541666666666 0.8296296296296296 0.7880208333333333 0.8166666666666667 0.7880208333333333 0.7972222222222223 0.7802083333333333 0.7731481481481481 0.775 0.7712962962962963 0.7744791666666667 0.8222222222222222 0.7765625 0.8379629629629629
3 0.4401041666666667 0.5796296296296296 0.43802083333333336 0.5462962962962963 0.4354166666666667 0.5416666666666666 0.4296875 0.5518518518518518 0.43020833333333336 0.5796296296296296 0.4401041666666667 0.5796296296296296
5 0.21666666666666667 0.8361111111111111 0.21979166666666666 0.8296296296296296 0.21979166666666666 0.812037037037037 0.22291666666666668 0.7907407407407407 0.21822916666666667 0.7574074074074074 0.2125 0.7564814814814815 0.20677083333333332 0.775 0.2125 0.8305555555555556 0.21666666666666667 0.8361111111111111