5 0.29583333333333334 0.7518518518518519 0.2942708333333333 0.6833333333333333 0.29010416666666666 0.6833333333333333 0.2838541666666667 0.6972222222222222 0.28229166666666666 0.7148148148148148 0.28229166666666666 0.7537037037037037 0.29583333333333334 0.7518518518518519
5 0.759375 0.6851851851851852 0.7572916666666667 0.6972222222222222 0.7635416666666667 0.7018518518518518 0.7666666666666667 0.6962962962962963 0.7703125 0.6527777777777778 0.7645833333333333 0.6370370370370371 0.7588541666666667 0.6453703703703704 0.7572916666666667 0.6601851851851852 0.759375 0.6851851851851852
5 0.5140625 0.6462962962962963 0.5265625 0.6462962962962963 0.5276041666666667 0.6416666666666667 0.5229166666666667 0.6203703703703703 0.5229166666666667 0.6018518518518519 0.5192708333333333 0.5962962962962963 0.5130208333333334 0.5953703703703703 0.5119791666666667 0.6111111111111112 0.5140625 0.6462962962962963
4 0.35833333333333334 0.6907407407407408 0.35989583333333336 0.7166666666666667 0.3729166666666667 0.7175925925925926 0.37083333333333335 0.6657407407407407 0.3645833333333333 0.6555555555555556 0.35625 0.6685185185185185 0.3536458333333333 0.6851851851851852 0.35833333333333334 0.6907407407407408
5 0.3536458333333333 0.674074074074074 0.3614583333333333 0.6601851851851852 0.36041666666666666 0.637962962962963 0.3572916666666667 0.6287037037037037 0.35260416666666666 0.6240740740740741 0.34791666666666665 0.6388888888888888 0.34791666666666665 0.6601851851851852 0.3536458333333333 0.674074074074074
5 0.5786458333333333 0.8185185185185185 0.5703125 0.825925925925926 0.578125 0.8333333333333334 0.5770833333333333 0.8518518518518519 0.5854166666666667 0.8648148148148148 0.5875 0.8768518518518519 0.5927083333333333 0.8768518518518519 0.5942708333333333 0.8694444444444445 0.590625 0.8537037037037037 0.5911458333333334 0.8268518518518518 0.5828125 0.7935185185185185 0.5791666666666667 0.7907407407407407 0.5770833333333333 0.7944444444444444 0.5760416666666667 0.8018518518518518 0.5786458333333333 0.8185185185185185
4 0.6296875 0.700925925925926 0.6302083333333334 0.7138888888888889 0.634375 0.7148148148148148 0.640625 0.7055555555555556 0.6385416666666667 0.6814814814814815 0.6395833333333333 0.6648148148148149 0.6354166666666666 0.65 0.6291666666666667 0.6527777777777778 0.6260416666666667 0.6861111111111111 0.6296875 0.700925925925926
5 0.5479166666666667 0.7333333333333333 0.5473958333333333 0.7657407407407407 0.5494791666666666 0.7685185185185185 0.5604166666666667 0.7648148148148148 0.5619791666666667 0.7574074074074074 0.5578125 0.7407407407407407 0.5583333333333333 0.7083333333333334 0.55 0.6925925925925925 0.5463541666666667 0.6962962962962963 0.5453125 0.7055555555555556 0.5442708333333334 0.7203703703703703 0.5479166666666667 0.7333333333333333
5 0.09114583333333333 0.6925925925925925 0.09010416666666667 0.7083333333333334 0.09895833333333333 0.7101851851851851 0.0984375 0.6805555555555556 0.1015625 0.6685185185185185 0.09739583333333333 0.6462962962962963 0.0953125 0.6435185185185185 0.0921875 0.6453703703703704 0.0875 0.6601851851851852 0.08697916666666666 0.6703703703703704 0.09114583333333333 0.6925925925925925
4 0.3807291666666667 0.6444444444444445 0.3796875 0.6601851851851852 0.3921875 0.6592592592592592 0.39114583333333336 0.6138888888888889 0.3854166666666667 0.6037037037037037 0.3802083333333333 0.6138888888888889 0.3776041666666667 0.6287037037037037 0.3807291666666667 0.6444444444444445
4 0.22083333333333333 0.6222222222222222 0.2265625 0.6185185185185185 0.23229166666666667 0.6222222222222222 0.23333333333333334 0.6101851851851852 0.2296875 0.5962962962962963 0.228125 0.5768518518518518 0.22447916666666667 0.5685185185185185 0.2203125 0.575925925925926 0.21510416666666668 0.6203703703703703 0.22083333333333333 0.6222222222222222
5 0.3020833333333333 0.8611111111111112 0.3026041666666667 0.8666666666666667 0.3182291666666667 0.8592592592592593 0.32447916666666665 0.8481481481481481 0.3255208333333333 0.8388888888888889 0.3234375 0.8194444444444444 0.3302083333333333 0.8074074074074075 0.3260416666666667 0.7916666666666666 0.321875 0.7925925925925926 0.31666666666666665 0.8027777777777778 0.3104166666666667 0.8268518518518518 0.3078125 0.8527777777777777 0.3020833333333333 0.8611111111111112
3 0.3223958333333333 0.7305555555555555 0.328125 0.6935185185185185 0.32760416666666664 0.6694444444444444 0.321875 0.6537037037037037 0.3177083333333333 0.6555555555555556 0.31197916666666664 0.6675925925925926 0.3151041666666667 0.7287037037037037 0.3223958333333333 0.7305555555555555
4 0.015104166666666667 0.7962962962962963 0.0234375 0.7907407407407407 0.023958333333333335 0.712037037037037 0.021875 0.7083333333333334 0.019270833333333334 0.7092592592592593 0.0125 0.7277777777777777 0.011979166666666667 0.7935185185185185 0.015104166666666667 0.7962962962962963
0 0.3692708333333333 0.8740740740740741 0.3723958333333333 0.8694444444444445 0.3723958333333333 0.8611111111111112 0.36875 0.8574074074074074 0.3625 0.8611111111111112 0.3625 0.8731481481481481 0.3692708333333333 0.8740740740740741
4 0.91875 0.8018518518518518 0.9265625 0.8037037037037037 0.9307291666666667 0.7861111111111111 0.9359375 0.7916666666666666 0.9369791666666667 0.8064814814814815 0.9427083333333334 0.8074074074074075 0.94375 0.7935185185185185 0.9390625 0.7787037037037037 0.9390625 0.7388888888888889 0.934375 0.7240740740740741 0.9307291666666667 0.7222222222222222 0.9291666666666667 0.725925925925926 0.9244791666666666 0.7833333333333333 0.91875 0.8018518518518518
5 0.1015625 0.6342592592592593 0.10416666666666667 0.6407407407407407 0.11510416666666666 0.6388888888888888 0.1140625 0.5925925925925926 0.11041666666666666 0.5879629629629629 0.1078125 0.5935185185185186 0.10572916666666667 0.6194444444444445 0.1015625 0.6342592592592593
4 0.5171875 0.6037037037037037 0.5213541666666667 0.6046296296296296 0.5265625 0.5925925925925926 0.5234375 0.5601851851851852 0.5171875 0.5527777777777778 0.5125 0.5648148148148148 0.5119791666666667 0.5953703703703703 0.5171875 0.6037037037037037
4 0.34270833333333334 0.8425925925925926 0.33489583333333334 0.8611111111111112 0.3494791666666667 0.875 0.35260416666666666 0.8722222222222222 0.35104166666666664 0.862037037037037 0.3536458333333333 0.8425925925925926 0.35208333333333336 0.7824074074074074 0.3489583333333333 0.7805555555555556 0.3463541666666667 0.7833333333333333 0.33958333333333335 0.8064814814814815 0.34010416666666665 0.8305555555555556 0.34270833333333334 0.8425925925925926
3 0.26927083333333335 0.5592592592592592 0.275 0.5444444444444444 0.2755208333333333 0.5222222222222223 0.27239583333333334 0.5157407407407407 0.26510416666666664 0.5185185185185185 0.26666666666666666 0.5564814814814815 0.26927083333333335 0.5592592592592592
4 0.8760416666666667 0.6657407407407407 0.8807291666666667 0.6657407407407407 0.8828125 0.6611111111111111 0.8848958333333333 0.6148148148148148 0.8765625 0.6046296296296296 0.8734375 0.6092592592592593 0.8713541666666667 0.6268518518518519 0.8723958333333334 0.6546296296296297 0.8760416666666667 0.6657407407407407
5 0 0.7925925925925926 0.0036458333333333334 0.7925925925925926 0.005729166666666666 0.7907407407407407 0.004166666666666667 0.7861111111111111 0.005729166666666666 0.7657407407407407 0.0109375 0.7509259259259259 0.010416666666666666 0.7361111111111112 0.0046875 0.7129629629629629 0.0015625 0.7083333333333334 0 0.7083333333333334 0 0.7925925925925926
3 0.103125 0.5444444444444444 0.10729166666666666 0.5481481481481482 0.109375 0.5638888888888889 0.11875 0.5666666666666667 0.11875 0.5361111111111111 0.11510416666666666 0.525 0.10729166666666666 0.5222222222222223 0.10260416666666666 0.5259259259259259 0.1015625 0.5370370370370371 0.103125 0.5444444444444444
4 0.640625 0.850925925925926 0.6442708333333333 0.8583333333333333 0.6421875 0.8675925925925926 0.6411458333333333 0.9037037037037037 0.6489583333333333 0.9018518518518519 0.6494791666666667 0.8842592592592593 0.6541666666666667 0.875 0.6677083333333333 0.8833333333333333 0.6692708333333334 0.8888888888888888 0.6729166666666667 0.887962962962963 0.6729166666666667 0.8787037037037037 0.665625 0.8740740740740741 0.6588541666666666 0.8601851851851852 0.6578125 0.8342592592592593 0.64375 0.8166666666666667 0.6380208333333334 0.8175925925925925 0.6375 0.85 0.640625 0.850925925925926