4 0.7833333333333333 0.7194444444444444 0.7859375 0.7046296296296296 0.7859375 0.6768518518518518 0.7786458333333334 0.662962962962963 0.7739583333333333 0.6638888888888889 0.7723958333333333 0.6694444444444444 0.7739583333333333 0.7166666666666667 0.775 0.7194444444444444 0.7833333333333333 0.7194444444444444
5 0.5526041666666667 0.674074074074074 0.5567708333333333 0.6731481481481482 0.5614583333333333 0.6481481481481481 0.5614583333333333 0.6370370370370371 0.5588541666666667 0.6268518518518519 0.5552083333333333 0.6222222222222222 0.5484375 0.6324074074074074 0.5442708333333334 0.6342592592592593 0.54375 0.637962962962963 0.5484375 0.6407407407407407 0.5510416666666667 0.6481481481481481 0.5526041666666667 0.674074074074074
5 0.7557291666666667 0.6972222222222222 0.7520833333333333 0.6694444444444444 0.7473958333333334 0.6694444444444444 0.7432291666666667 0.6824074074074075 0.746875 0.7324074074074074 0.7536458333333333 0.7361111111111112 0.7552083333333334 0.7333333333333333 0.7557291666666667 0.6972222222222222
5 0.559375 0.7018518518518518 0.55625 0.7166666666666667 0.5682291666666667 0.7222222222222222 0.5697916666666667 0.7046296296296296 0.5682291666666667 0.6666666666666666 0.5635416666666667 0.6620370370370371 0.5598958333333334 0.6694444444444444 0.5557291666666667 0.6694444444444444 0.5536458333333333 0.6768518518518518 0.5572916666666666 0.6796296296296296 0.5588541666666667 0.6861111111111111 0.559375 0.7018518518518518
4 0.6416666666666667 0.65 0.6442708333333333 0.6453703703703704 0.6427083333333333 0.6222222222222222 0.634375 0.6194444444444445 0.6307291666666667 0.6287037037037037 0.6302083333333334 0.65 0.6333333333333333 0.6712962962962963 0.6385416666666667 0.674074074074074 0.6416666666666667 0.65
0 0.840625 0.7824074074074074 0.8416666666666667 0.7907407407407407 0.8479166666666667 0.7907407407407407 0.846875 0.7805555555555556 0.840625 0.7824074074074074
5 0.884375 0.6462962962962963 0.8807291666666667 0.6370370370370371 0.878125 0.6388888888888888 0.8755208333333333 0.649074074074074 0.8734375 0.6666666666666666 0.8713541666666667 0.6916666666666667 0.8807291666666667 0.6935185185185185 0.8859375 0.6592592592592592 0.884375 0.6462962962962963
4 0.49895833333333334 0.7407407407407407 0.5057291666666667 0.7435185185185185 0.4984375 0.7157407407407408 0.49895833333333334 0.6925925925925925 0.4942708333333333 0.6907407407407408 0.4890625 0.700925925925926 0.48802083333333335 0.7175925925925926 0.49166666666666664 0.7425925925925926 0.49375 0.7462962962962963 0.49895833333333334 0.7407407407407407
4 0.35885416666666664 0.6268518518518519 0.36302083333333335 0.6027777777777777 0.3567708333333333 0.5935185185185186 0.3536458333333333 0.5953703703703703 0.35 0.6046296296296296 0.35208333333333336 0.6416666666666667 0.35572916666666665 0.6435185185185185 0.359375 0.6388888888888888 0.35885416666666664 0.6268518518518519
4 0.13697916666666668 0.7231481481481481 0.14375 0.7212962962962963 0.14635416666666667 0.7268518518518519 0.14791666666666667 0.7240740740740741 0.1453125 0.6851851851851852 0.14166666666666666 0.675 0.13802083333333334 0.675 0.13020833333333334 0.6851851851851852 0.12760416666666666 0.6935185185185185 0.12708333333333333 0.7018518518518518 0.13020833333333334 0.7037037037037037 0.134375 0.7296296296296296 0.13697916666666668 0.7231481481481481
5 0.8609375 0.7824074074074074 0.8770833333333333 0.7962962962962963 0.8770833333333333 0.7842592592592592 0.8713541666666667 0.7759259259259259 0.8713541666666667 0.7638888888888888 0.8671875 0.7453703703703703 0.8614583333333333 0.7324074074074074 0.85625 0.7342592592592593 0.8583333333333333 0.7555555555555555 0.8557291666666667 0.7638888888888888 0.8583333333333333 0.7666666666666667 0.8609375 0.7824074074074074
5 0.18489583333333334 0.7324074074074074 0.18697916666666667 0.7222222222222222 0.19114583333333332 0.7194444444444444 0.1875 0.7018518518518518 0.1890625 0.6842592592592592 0.18333333333333332 0.6712962962962963 0.18072916666666666 0.6703703703703704 0.175 0.6851851851851852 0.17447916666666666 0.6925925925925925 0.18125 0.7101851851851851 0.18072916666666666 0.7314814814814815 0.18489583333333334 0.7324074074074074
3 0.3333333333333333 0.7527777777777778 0.3421875 0.7564814814814815 0.34375 0.75 0.340625 0.6925925925925925 0.3385416666666667 0.6888888888888889 0.33541666666666664 0.6898148148148148 0.3296875 0.700925925925926 0.328125 0.7101851851851851 0.3296875 0.7268518518518519 0.3260416666666667 0.7638888888888888 0.3296875 0.7620370370370371 0.3333333333333333 0.7527777777777778
5 0.31666666666666665 0.6509259259259259 0.3140625 0.6259259259259259 0.3098958333333333 0.625 0.30625 0.6370370370370371 0.30625 0.674074074074074 0.3145833333333333 0.6787037037037037 0.31614583333333335 0.6768518518518518 0.31666666666666665 0.6509259259259259
4 0.33541666666666664 0.7907407407407407 0.3453125 0.8027777777777778 0.3484375 0.8 0.3536458333333333 0.8027777777777778 0.35520833333333335 0.8101851851851852 0.35989583333333336 0.8101851851851852 0.3609375 0.8046296296296296 0.35260416666666666 0.7870370370370371 0.35 0.7712962962962963 0.3411458333333333 0.7537037037037037 0.33229166666666665 0.7527777777777778 0.3260416666666667 0.762962962962963 0.3375 0.775 0.33489583333333334 0.7842592592592592 0.33541666666666664 0.7907407407407407
3 0.6052083333333333 0.5796296296296296 0.6072916666666667 0.575 0.6036458333333333 0.5444444444444444 0.596875 0.5444444444444444 0.5958333333333333 0.5518518518518518 0.5973958333333333 0.6037037037037037 0.6036458333333333 0.6055555555555555 0.6052083333333333 0.6027777777777777 0.6052083333333333 0.5796296296296296
3 0.3125 0.5990740740740741 0.31145833333333334 0.5925925925925926 0.3171875 0.587037037037037 0.3151041666666667 0.5694444444444444 0.31614583333333335 0.5601851851851852 0.3104166666666667 0.5564814814814815 0.30104166666666665 0.5703703703703704 0.2994791666666667 0.5787037037037037 0.3020833333333333 0.600925925925926 0.3109375 0.6027777777777777 0.3125 0.5990740740740741
5 0.321875 0.899074074074074 0.32135416666666666 0.9148148148148149 0.3177083333333333 0.925 0.321875 0.9296296296296296 0.32708333333333334 0.9287037037037037 0.32708333333333334 0.9231481481481482 0.3333333333333333 0.9092592592592592 0.353125 0.9296296296296296 0.3541666666666667 0.9231481481481482 0.35208333333333336 0.9157407407407407 0.3421875 0.9055555555555556 0.3385416666666667 0.8935185185185185 0.33645833333333336 0.8787037037037037 0.3416666666666667 0.8740740740740741 0.3411458333333333 0.8694444444444445 0.3260416666666667 0.8527777777777777 0.32135416666666666 0.8537037037037037 0.3171875 0.8814814814814815 0.32135416666666666 0.8851851851851852 0.32395833333333335 0.8935185185185185 0.321875 0.899074074074074
5 0.5875 0.8222222222222222 0.5953125 0.8222222222222222 0.5885416666666666 0.7787037037037037 0.5875 0.7490740740740741 0.5822916666666667 0.75 0.578125 0.7675925925925926 0.578125 0.7953703703703704 0.5755208333333334 0.8175925925925925 0.5859375 0.8175925925925925 0.5875 0.8222222222222222
4 0.2578125 0.6787037037037037 0.2598958333333333 0.675 0.2625 0.65 0.26145833333333335 0.6333333333333333 0.2552083333333333 0.6212962962962963 0.24791666666666667 0.6398148148148148 0.24739583333333334 0.6518518518518519 0.2515625 0.6666666666666666 0.2520833333333333 0.6768518518518518 0.2578125 0.6787037037037037
4 0.4791666666666667 0.6592592592592592 0.47708333333333336 0.6296296296296297 0.475 0.6268518518518519 0.471875 0.6296296296296297 0.46875 0.6453703703703704 0.46822916666666664 0.6768518518518518 0.4744791666666667 0.6824074074074075 0.47760416666666666 0.6768518518518518 0.4791666666666667 0.6592592592592592
4 0.6729166666666667 0.7240740740740741 0.6677083333333333 0.7212962962962963 0.6609375 0.737037037037037 0.6604166666666667 0.7842592592592592 0.665625 0.7907407407407407 0.6713541666666667 0.7712962962962963 0.6729166666666667 0.7240740740740741
4 0.4192708333333333 0.8333333333333334 0.4270833333333333 0.8009259259259259 0.4197916666666667 0.7759259259259259 0.41510416666666666 0.7768518518518519 0.41041666666666665 0.7944444444444444 0.4041666666666667 0.8564814814814815 0.415625 0.8592592592592593 0.41822916666666665 0.8555555555555555 0.4192708333333333 0.8333333333333334
5 0.4401041666666667 0.5824074074074074 0.43802083333333336 0.575925925925926 0.4328125 0.5777777777777777 0.4322916666666667 0.6083333333333333 0.4354166666666667 0.6166666666666667 0.4395833333333333 0.6129629629629629 0.4401041666666667 0.5824074074074074