4 0.6619791666666667 0.6768518518518518 0.66875 0.6620370370370371 0.66875 0.6240740740740741 0.6635416666666667 0.6222222222222222 0.6572916666666667 0.637962962962963 0.65625 0.6731481481481482 0.6619791666666667 0.6768518518518518
5 0.4078125 0.687037037037037 0.41458333333333336 0.6777777777777778 0.4192708333333333 0.6888888888888889 0.4234375 0.687037037037037 0.42552083333333335 0.6620370370370371 0.425 0.6305555555555555 0.42291666666666666 0.6296296296296297 0.4203125 0.6342592592592593 0.4109375 0.6685185185185185 0.4041666666666667 0.6814814814814815 0.4041666666666667 0.6861111111111111 0.4078125 0.687037037037037
4 0.9333333333333333 0.6592592592592592 0.9354166666666667 0.662962962962963 0.9401041666666666 0.662962962962963 0.9510416666666667 0.6305555555555555 0.9510416666666667 0.6129629629629629 0.946875 0.6101851851851852 0.9421875 0.6157407407407407 0.9364583333333333 0.6342592592592593 0.9369791666666667 0.6425925925925926 0.9333333333333333 0.6592592592592592
5 0.84375 0.6935185185185185 0.853125 0.6953703703703704 0.8557291666666667 0.6851851851851852 0.85625 0.6537037037037037 0.8520833333333333 0.6518518518518519 0.8447916666666667 0.6657407407407407 0.8411458333333334 0.6842592592592592 0.8328125 0.6935185185185185 0.8333333333333334 0.7018518518518518 0.84375 0.6935185185185185
5 0.3140625 0.6935185185185185 0.3145833333333333 0.6546296296296297 0.3125 0.6462962962962963 0.3098958333333333 0.6453703703703704 0.30625 0.65 0.3026041666666667 0.6805555555555556 0.3026041666666667 0.6925925925925925 0.3140625 0.6935185185185185
4 0.3489583333333333 0.7092592592592593 0.353125 0.7157407407407408 0.35625 0.7092592592592593 0.365625 0.7148148148148148 0.36770833333333336 0.712037037037037 0.365625 0.6648148148148149 0.3614583333333333 0.6472222222222223 0.3567708333333333 0.6462962962962963 0.3546875 0.6842592592592592 0.3489583333333333 0.7092592592592593
5 0.7072916666666667 0.8388888888888889 0.715625 0.8435185185185186 0.7182291666666667 0.8416666666666667 0.7177083333333333 0.8074074074074075 0.7234375 0.8018518518518518 0.7208333333333333 0.7870370370370371 0.7234375 0.762962962962963 0.7177083333333333 0.7611111111111111 0.7057291666666666 0.7787037037037037 0.7046875 0.8027777777777778 0.7072916666666667 0.8388888888888889
2 0.08802083333333334 0.6259259259259259 0.09114583333333333 0.6296296296296297 0.09739583333333333 0.6296296296296297 0.09947916666666666 0.6268518518518519 0.1 0.5944444444444444 0.0953125 0.5685185185185185 0.09010416666666667 0.5787037037037037 0.08854166666666667 0.5898148148148148 0.09010416666666667 0.6138888888888889 0.08802083333333334 0.6259259259259259
5 0.6135416666666667 0.7 0.6192708333333333 0.6972222222222222 0.6203125 0.6907407407407408 0.6276041666666666 0.6916666666666667 0.6302083333333334 0.6962962962962963 0.6338541666666667 0.6935185185185185 0.6307291666666667 0.6388888888888888 0.6265625 0.6388888888888888 0.621875 0.6537037037037037 0.6208333333333333 0.6666666666666666 0.6109375 0.6898148148148148 0.6104166666666667 0.6972222222222222 0.6135416666666667 0.7
4 0.5463541666666667 0.8694444444444445 0.5463541666666667 0.8759259259259259 0.5484375 0.8787037037037037 0.5526041666666667 0.8768518518518519 0.5557291666666667 0.8638888888888889 0.5630208333333333 0.8694444444444445 0.5635416666666667 0.8805555555555555 0.571875 0.8814814814814815 0.5697916666666667 0.8689814814814815 0.56875 0.7898148148148149 0.5640625 0.787962962962963 0.5567708333333333 0.8074074074074075 0.5520833333333334 0.85 0.5463541666666667 0.8694444444444445
3 0.6057291666666667 0.7268518518518519 0.6098958333333333 0.725 0.6151041666666667 0.7324074074074074 0.6171875 0.7305555555555555 0.6197916666666666 0.7222222222222222 0.61875 0.7083333333333334 0.6255208333333333 0.6768518518518518 0.6244791666666667 0.674074074074074 0.61875 0.6722222222222223 0.6130208333333333 0.6805555555555556 0.6041666666666666 0.7083333333333334 0.603125 0.7203703703703703 0.6057291666666667 0.7268518518518519
5 0.5833333333333334 0.7675925925925926 0.5901041666666667 0.775 0.5958333333333333 0.775 0.5958333333333333 0.7638888888888888 0.6005208333333333 0.7472222222222222 0.6005208333333333 0.7351851851851852 0.6057291666666667 0.725925925925926 0.6052083333333333 0.7046296296296296 0.6015625 0.6953703703703704 0.5984375 0.6944444444444444 0.5895833333333333 0.7157407407407408 0.5911458333333334 0.7435185185185185 0.5833333333333334 0.7675925925925926
4 0.8651041666666667 0.8277777777777777 0.8734375 0.8175925925925925 0.8828125 0.8175925925925925 0.8833333333333333 0.7944444444444444 0.8807291666666667 0.7824074074074074 0.86875 0.7601851851851852 0.8651041666666667 0.7592592592592593 0.8614583333333333 0.8018518518518518 0.8614583333333333 0.825925925925926 0.8651041666666667 0.8277777777777777
4 0.12552083333333333 0.7981481481481482 0.13020833333333334 0.8046296296296296 0.13854166666666667 0.8037037037037037 0.14375 0.7787037037037037 0.14270833333333333 0.7574074074074074 0.14635416666666667 0.7472222222222222 0.14635416666666667 0.7379629629629629 0.14114583333333333 0.7157407407407408 0.13489583333333333 0.7166666666666667 0.13489583333333333 0.7222222222222222 0.128125 0.7425925925925926 0.1328125 0.7731481481481481 0.12552083333333333 0.7981481481481482
3 0.5604166666666667 0.5583333333333333 0.5609375 0.5472222222222223 0.5671875 0.5407407407407407 0.56875 0.524074074074074 0.5598958333333334 0.5212962962962963 0.5526041666666667 0.5314814814814814 0.5505208333333333 0.5462962962962963 0.55 0.5574074074074075 0.5604166666666667 0.5583333333333333
5 0.9578125 0.7814814814814814 0.9567708333333333 0.7888888888888889 0.9515625 0.7925925925925926 0.9458333333333333 0.7907407407407407 0.9432291666666667 0.7944444444444444 0.9432291666666667 0.8009259259259259 0.9598958333333333 0.8 0.9651041666666667 0.8101851851851852 0.9666666666666667 0.8194444444444444 0.971875 0.8194444444444444 0.9739583333333334 0.8138888888888889 0.9708333333333333 0.8046296296296296 0.9692708333333333 0.787962962962963 0.975 0.7675925925925926 0.9734375 0.7509259259259259 0.9692708333333333 0.7425925925925926 0.9661458333333334 0.7416666666666667 0.9541666666666667 0.762962962962963 0.953125 0.7712962962962963 0.9578125 0.7814814814814814
4 0.8453125 0.7444444444444445 0.8489583333333334 0.7509259259259259 0.859375 0.7435185185185185 0.8630208333333333 0.7324074074074074 0.8661458333333333 0.7027777777777777 0.8651041666666667 0.6842592592592592 0.8598958333333333 0.6833333333333333 0.85 0.7027777777777777 0.8515625 0.725925925925926 0.8453125 0.7444444444444445
4 0.6197916666666666 0.7555555555555555 0.6140625 0.7592592592592593 0.6104166666666667 0.7685185185185185 0.6114583333333333 0.7712962962962963 0.6161458333333333 0.7694444444444445 0.6208333333333333 0.7777777777777778 0.6208333333333333 0.7842592592592592 0.6265625 0.7870370370370371 0.6322916666666667 0.7648148148148148 0.6317708333333333 0.7453703703703703 0.6354166666666666 0.7361111111111112 0.63125 0.7074074074074074 0.6229166666666667 0.7166666666666667 0.6197916666666666 0.7314814814814815 0.6197916666666666 0.7555555555555555
5 0.8505208333333333 0.8185185185185185 0.8546875 0.8092592592592592 0.859375 0.8092592592592592 0.8609375 0.825 0.8666666666666667 0.8222222222222222 0.8661458333333333 0.8027777777777778 0.8729166666666667 0.775 0.8703125 0.7601851851851852 0.8640625 0.7462962962962963 0.8604166666666667 0.7444444444444445 0.8510416666666667 0.7675925925925926 0.85 0.7712962962962963 0.8552083333333333 0.775 0.8552083333333333 0.7848768518518519 0.8526041666666667 0.7972222222222223 0.8463541666666666 0.8064814814814815 0.846875 0.8185185185185185 0.8505208333333333 0.8185185185185185
5 0.3026041666666667 0.7574074074074074 0.3140625 0.7111111111111111 0.31354166666666666 0.6925925925925925 0.3104166666666667 0.6833333333333333 0.3067708333333333 0.6833333333333333 0.29791666666666666 0.700925925925926 0.2984375 0.7527777777777778 0.3026041666666667 0.7574074074074074
3 0.93125 0.5814814814814815 0.9333333333333333 0.5777777777777777 0.934375 0.5583333333333333 0.9390625 0.5444444444444444 0.9390625 0.5361111111111111 0.9322916666666666 0.5287037037037037 0.9260416666666667 0.5324074074074074 0.928125 0.575 0.93125 0.5814814814814815
4 0.4635416666666667 0.6462962962962963 0.4661458333333333 0.6509259259259259 0.478125 0.6518518518518519 0.4796875 0.6453703703703704 0.47604166666666664 0.625 0.4765625 0.5990740740740741 0.4734375 0.5944444444444444 0.4671875 0.6027777777777777 0.4661458333333333 0.6342592592592593 0.4635416666666667 0.6462962962962963
5 0.45416666666666666 0.6462962962962963 0.4625 0.6453703703703704 0.46875 0.6111111111111112 0.46770833333333334 0.6 0.4588541666666667 0.6092592592592593 0.45208333333333334 0.637962962962963 0.4515625 0.6425925925925926 0.45416666666666666 0.6462962962962963