4 0.4796875 0.6851851851851852 0.48333333333333334 0.6888888888888889 0.4859375 0.687037037037037 0.4875 0.6777777777777778 0.4890625 0.6444444444444445 0.48489583333333336 0.6305555555555555 0.48125 0.6305555555555555 0.47604166666666664 0.6453703703703704 0.47552083333333334 0.6611111111111111 0.4796875 0.6851851851851852
5 0.7604166666666666 0.6240740740740741 0.7619791666666667 0.6319444444444444 0.7635416666666667 0.6648148148148149 0.7677083333333333 0.6675925925925926 0.7697916666666667 0.6638888888888889 0.7713541666666667 0.625 0.76875 0.6129629629629629 0.7640625 0.6111111111111112 0.75625 0.6194444444444445 0.7604166666666666 0.6240740740740741
3 0.5619791666666667 0.6240740740740741 0.5598958333333334 0.6370370370370371 0.5682291666666667 0.6388888888888888 0.5692708333333333 0.6222222222222222 0.5723958333333333 0.6148148148148148 0.5729166666666666 0.5925925925925926 0.5744791666666667 0.5916666666666667 0.5677083333333334 0.5851851851851851 0.5604166666666667 0.5972222222222222 0.5598958333333334 0.612037037037037 0.5619791666666667 0.6240740740740741
4 0.24322916666666666 0.6268518518518519 0.24375 0.6305555555555555 0.2515625 0.637962962962963 0.2546875 0.6231481481481481 0.2552083333333333 0.6037037037037037 0.25104166666666666 0.5925925925925926 0.24739583333333334 0.5925925925925926 0.24583333333333332 0.6 0.24635416666666668 0.6212962962962963 0.24322916666666666 0.6268518518518519
4 0.09166666666666666 0.7037037037037037 0.09427083333333333 0.700925925925926 0.09791666666666667 0.6731481481481482 0.09739583333333333 0.6537037037037037 0.0953125 0.6416666666666667 0.09166666666666666 0.6407407407407407 0.0875 0.65 0.08802083333333334 0.700925925925926 0.09166666666666666 0.7037037037037037
2 0.9505208333333334 0.625 0.9489583333333333 0.6574074074074074 0.9557291666666666 0.662962962962963 0.9578125 0.6611111111111111 0.9614583333333333 0.6222222222222222 0.9583333333333334 0.6092592592592593 0.9526041666666667 0.6083333333333333 0.946875 0.6148148148148148 0.9505208333333334 0.625
5 0.3572916666666667 0.687962962962963 0.36302083333333335 0.6990740740740741 0.36770833333333336 0.6972222222222222 0.3651041666666667 0.6453703703703704 0.3614583333333333 0.6462962962962963 0.3572916666666667 0.6583333333333333 0.35625 0.6796296296296296 0.3494791666666667 0.6842592592592592 0.3494791666666667 0.6944444444444444 0.3572916666666667 0.687962962962963
5 0.615625 0.6175925925925926 0.61875 0.6148148148148148 0.61875 0.5879629629629629 0.6119791666666666 0.5703703703703704 0.6072916666666667 0.5796296296296296 0.609375 0.6129629629629629 0.615625 0.6175925925925926
5 0.8098958333333334 0.6731481481481482 0.8098958333333334 0.6925925925925925 0.8182291666666667 0.6925925925925925 0.8197916666666667 0.687037037037037 0.8171875 0.6787037037037037 0.8145833333333333 0.6425925925925926 0.8104166666666667 0.6388888888888888 0.80625 0.649074074074074 0.8026041666666667 0.649074074074074 0.8067708333333333 0.6546296296296297 0.8098958333333334 0.6731481481481482
5 0.7291666666666666 0.6111111111111112 0.7322916666666667 0.6064814814814815 0.7328125 0.5722222222222222 0.7296875 0.5657407407407408 0.7244791666666667 0.5675925925925925 0.725 0.6074074074074074 0.7291666666666666 0.6111111111111112
5 0.396875 0.6111111111111112 0.409375 0.6185185185185185 0.40989583333333335 0.575925925925926 0.40625 0.575925925925926 0.4010416666666667 0.6046296296296296 0.396875 0.6111111111111112
5 0.7114583333333333 0.6046296296296296 0.7109375 0.5854935185185185 0.7135416666666666 0.5740740740740741 0.7088541666666667 0.5685185185185185 0.7052083333333333 0.5703703703703704 0.7041666666666667 0.575 0.7026041666666667 0.6027777777777777 0.7114583333333333 0.6046296296296296
4 0.6697916666666667 0.7074074074074074 0.6838541666666667 0.7046296296296296 0.6854166666666667 0.7 0.678125 0.6453703703703704 0.6734375 0.6453703703703704 0.6697916666666667 0.6555555555555556 0.6677083333333333 0.7046296296296296 0.6697916666666667 0.7074074074074074
4 0.7479166666666667 0.6675925925925926 0.753125 0.6611111111111111 0.7578125 0.6194444444444445 0.7479166666666667 0.5972222222222222 0.7453125 0.5990740740740741 0.74375 0.6166666666666667 0.7442708333333333 0.662962962962963 0.7479166666666667 0.6675925925925926
4 0.7286458333333333 0.6111111111111112 0.7348958333333333 0.6046296296296296 0.7348958333333333 0.5768518518518518 0.7322916666666667 0.5592592592592592 0.7296875 0.5601851851851852 0.7270833333333333 0.5703703703703704 0.7260416666666667 0.587037037037037 0.7286458333333333 0.6111111111111112
3 0.08020833333333334 0.6064814814814815 0.0859375 0.5879629629629629 0.08333333333333333 0.5851851851851851 0.0796875 0.5675925925925925 0.0765625 0.5685185185185185 0.07395833333333333 0.575925925925926 0.0734375 0.6027777777777777 0.08020833333333334 0.6064814814814815
3 0.19739583333333333 0.6055555555555555 0.2015625 0.6027777777777777 0.19947916666666668 0.5925925925925926 0.20052083333333334 0.5648148148148148 0.19739583333333333 0.5583333333333333 0.19270833333333334 0.5592592592592592 0.19166666666666668 0.6027777777777777 0.19739583333333333 0.6055555555555555
5 0.4505208333333333 0.6305555555555555 0.44947916666666665 0.6537037037037037 0.4552083333333333 0.6583333333333333 0.46145833333333336 0.6222222222222222 0.4588541666666667 0.6101851851851852 0.4552083333333333 0.6064814814814815 0.4505208333333333 0.6166666666666667 0.44895833333333335 0.6222222222222222 0.4505208333333333 0.6305555555555555
4 0.0640625 0.649074074074074 0.06770833333333333 0.6518518518518519 0.07447916666666667 0.65 0.07395833333333333 0.6111111111111112 0.0796875 0.6064814814814815 0.06822916666666666 0.5981481481481481 0.06458333333333334 0.6074074074074074 0.0640625 0.6203703703703703 0.065625 0.6268518518518519 0.0640625 0.649074074074074
4 0.07447916666666667 0.7777777777777778 0.075 0.7842592592592592 0.07916666666666666 0.7842592592592592 0.08333333333333333 0.774074074074074 0.08697916666666666 0.7731481481481481 0.090625 0.7870370370370371 0.0953125 0.7861111111111111 0.09635416666666667 0.7824074074074074 0.09375 0.7787037037037037 0.09270833333333334 0.7527777777777778 0.0953125 0.7435185185185185 0.09166666666666666 0.7296296296296296 0.09114583333333333 0.7148148148148148 0.0859375 0.7157407407407408 0.0796875 0.7435185185185185 0.0796875 0.7666666666666667 0.07447916666666667 0.7777777777777778
4 0.4921875 0.6296296296296297 0.4953125 0.6194444444444445 0.49583333333333335 0.5935185185185186 0.49322916666666666 0.587037037037037 0.4895833333333333 0.5851851851851851 0.48541666666666666 0.5944444444444444 0.48385416666666664 0.6259259259259259 0.4921875 0.6296296296296297