4 0.5526041666666667 0.6425925925925926 0.5505208333333333 0.5953703703703703 0.546875 0.5953703703703703 0.5427083333333333 0.6185185185185185 0.5411458333333333 0.6407407407407407 0.5526041666666667 0.6425925925925926
4 0.4432291666666667 0.6861111111111111 0.446875 0.6898148148148148 0.4546875 0.6888888888888889 0.45729166666666665 0.6851851851851852 0.4546875 0.6731481481481482 0.4552083333333333 0.6453703703703704 0.4505208333333333 0.6361111111111111 0.44635416666666666 0.6462962962962963 0.44635416666666666 0.6694444444444444 0.4432291666666667 0.6861111111111111
5 0.5755208333333334 0.6611111111111111 0.5848958333333333 0.6611111111111111 0.5833333333333334 0.6148148148148148 0.5786458333333333 0.6157407407407407 0.5729166666666666 0.6509259259259259 0.5723958333333333 0.6574074074074074 0.5755208333333334 0.6611111111111111
0 0.4375 0.6268518518518519 0.4359375 0.6185185185185185 0.4328125 0.6203703703703703 0.43333333333333335 0.6268518518518519 0.4375 0.6268518518518519
5 0.4901041666666667 0.6481481481481481 0.49322916666666666 0.6472222222222223 0.49635416666666665 0.6194444444444445 0.49375 0.6 0.4901041666666667 0.600925925925926 0.4869791666666667 0.6101851851851852 0.4864583333333333 0.6435185185185185 0.4901041666666667 0.6481481481481481
2 0.2713541666666667 0.5990740740740741 0.27447916666666666 0.5953703703703703 0.27395833333333336 0.5546296296296296 0.2708333333333333 0.549074074074074 0.2635416666666667 0.5555555555555556 0.2640625 0.5916666666666667 0.2713541666666667 0.5990740740740741
5 0.6260416666666667 0.6537037037037037 0.6302083333333334 0.6537037037037037 0.6328125 0.6314814814814815 0.6307291666666667 0.6037037037037037 0.6265625 0.6074074074074074 0.6244791666666667 0.6212962962962963 0.6223958333333334 0.6472222222222223 0.6260416666666667 0.6537037037037037
5 0.5067708333333333 0.6722222222222223 0.5104166666666666 0.6787037037037037 0.515625 0.6537037037037037 0.515625 0.6407407407407407 0.5114583333333333 0.6268518518518519 0.5067708333333333 0.6287037037037037 0.5052083333333334 0.6527777777777778 0.5067708333333333 0.6722222222222223
5 0.7520833333333333 0.7064814814814815 0.7541666666666667 0.6759259259259259 0.7484375 0.6370370370370371 0.7458333333333333 0.6518518518518519 0.7432291666666667 0.7046296296296296 0.7520833333333333 0.7064814814814815
4 0.5651041666666666 0.6388888888888888 0.5661458333333333 0.6 0.5604166666666667 0.5898148148148148 0.5552083333333333 0.600925925925926 0.5546875 0.6342592592592593 0.5651041666666666 0.6388888888888888
5 0.6265625 0.6046296296296296 0.6307291666666667 0.6083333333333333 0.634375 0.5907407407407408 0.6338541666666667 0.5805555555555556 0.63125 0.5703703703703704 0.6276041666666666 0.5740740740740741 0.6260416666666667 0.5796296296296296 0.6265625 0.6046296296296296
4 0.8572916666666667 0.6694444444444444 0.8609375 0.6648148148148149 0.8609375 0.6601851851851852 0.8604166666666667 0.6305555555555555 0.8567708333333334 0.6185185185185185 0.853125 0.6222222222222222 0.8515625 0.6407407407407407 0.8505208333333333 0.6648148148148149 0.8572916666666667 0.6694444444444444
4 0.571875 0.5638888888888889 0.5723958333333333 0.5351851851851852 0.5682291666666667 0.5305555555555556 0.5651041666666666 0.5361111111111111 0.565625 0.5601851851851852 0.571875 0.5638888888888889
3 0.5921875 0.6407407407407407 0.5963541666666666 0.6435185185185185 0.5994791666666667 0.6342592592592593 0.5979166666666667 0.5953703703703703 0.5958333333333333 0.5916666666666667 0.5932291666666667 0.5935185185185186 0.590625 0.6027777777777777 0.5901041666666667 0.6342592592592593 0.5921875 0.6407407407407407
5 0.7515625 0.6601851851851852 0.7520833333333333 0.6296296296296297 0.7479166666666667 0.6296296296296297 0.7458333333333333 0.6370370370370371 0.7458333333333333 0.6564814814814814 0.7515625 0.6601851851851852
4 0.6041666666666666 0.5722222222222222 0.6083333333333333 0.5638888888888889 0.6078125 0.5425925925925926 0.603125 0.5361111111111111 0.6015625 0.5435185185185185 0.6010416666666667 0.5657407407407408 0.6041666666666666 0.5722222222222222
4 0.5989583333333334 0.6453703703703704 0.603125 0.6453703703703704 0.6072916666666667 0.6342592592592593 0.60625 0.6046296296296296 0.603125 0.5972222222222222 0.6 0.5981481481481481 0.5984375 0.6037037037037037 0.5979166666666667 0.6416666666666667 0.5989583333333334 0.6453703703703704
4 0.6989583333333333 0.6398148148148148 0.696875 0.5953703703703703 0.6927083333333334 0.5990740740740741 0.690625 0.6129629629629629 0.6895833333333333 0.6407407407407407 0.6989583333333333 0.6398148148148148
4 0.7947916666666667 0.6166666666666667 0.7973958333333333 0.6148148148148148 0.7984375 0.6074074074074074 0.7984375 0.575 0.7927083333333333 0.5768518518518518 0.7911458333333333 0.5925925925925926 0.790625 0.6111111111111112 0.7947916666666667 0.6166666666666667
5 0.9380208333333333 0.625 0.9401041666666666 0.5990740740740741 0.9385416666666667 0.5879629629629629 0.9338541666666667 0.587037037037037 0.9307291666666667 0.6 0.9286458333333333 0.6222222222222222 0.9380208333333333 0.625
4 0.9380208333333333 0.6268518518518519 0.9432291666666667 0.6268518518518519 0.9484375 0.5990740740740741 0.94375 0.5861111111111111 0.9369791666666667 0.5879629629629629 0.9364583333333333 0.6231481481481481 0.9380208333333333 0.6268518518518519