4 0.1890625 0.700925925925926 0.19270833333333334 0.6972222222222222 0.19479166666666667 0.6851851851851852 0.19270833333333334 0.649074074074074 0.1890625 0.6462962962962963 0.18489583333333334 0.6601851851851852 0.18385416666666668 0.6962962962962963 0.1890625 0.700925925925926
5 0.30104166666666665 0.675 0.3026041666666667 0.6777777777777778 0.3140625 0.6777777777777778 0.31302083333333336 0.6342592592592593 0.3098958333333333 0.6324074074074074 0.30572916666666666 0.6453703703703704 0.30625 0.6541666666666667 0.30104166666666665 0.675
4 0.5552083333333333 0.6472222222222223 0.5609375 0.6518518518518519 0.5635416666666667 0.6472222222222223 0.5645833333333333 0.6314814814814815 0.5630208333333333 0.6185185185185185 0.5604166666666667 0.6111111111111112 0.5526041666666667 0.6185185185185185 0.5520833333333334 0.6277777777777778 0.5552083333333333 0.6472222222222223
4 0.15520833333333334 0.5916666666666667 0.1578125 0.6175925925925926 0.16927083333333334 0.6185185185185185 0.17239583333333333 0.6148148148148148 0.17083333333333334 0.5916666666666667 0.165625 0.5787037037037037 0.16197916666666667 0.587037037037037 0.15520833333333334 0.5916666666666667
5 0.6635416666666667 0.674074074074074 0.6671875 0.6759259259259259 0.6734375 0.6703703703703704 0.6776041666666667 0.6814814814814815 0.6817708333333333 0.6805555555555556 0.6828125 0.6759259259259259 0.6791666666666667 0.6518518518518519 0.6807291666666667 0.637962962962963 0.6739583333333333 0.6351851851851852 0.6703125 0.6462962962962963 0.6708333333333333 0.6592592592592592 0.6635416666666667 0.674074074074074
4 0.31302083333333336 0.6185185185185185 0.31666666666666665 0.6185185185185185 0.31927083333333334 0.5842592592592593 0.31354166666666666 0.5824074074074074 0.3098958333333333 0.5925925925925926 0.3072916666666667 0.6101851851851852 0.31302083333333336 0.6185185185185185
4 0.5328125 0.6083333333333333 0.534375 0.5972222222222222 0.5333333333333333 0.5824074074074074 0.528125 0.5768518518518518 0.5234375 0.5907407407407408 0.5171875 0.5944444444444444 0.5171875 0.6064814814814815 0.5328125 0.6083333333333333
4 0.5151041666666667 0.700925925925926 0.5291666666666667 0.7074074074074074 0.5317708333333333 0.6759259259259259 0.5286458333333334 0.6555555555555556 0.525 0.6527777777777778 0.5192708333333333 0.6685185185185185 0.5197916666666667 0.6773148148148148 0.5151041666666667 0.700925925925926
5 0.036458333333333336 0.6314814814814815 0.036458333333333336 0.637962962962963 0.04895833333333333 0.6518518518518519 0.0515625 0.65 0.05364583333333333 0.6222222222222222 0.05 0.6064814814814815 0.04479166666666667 0.6101851851851852 0.0421875 0.6231481481481481 0.036458333333333336 0.6314814814814815
5 0.5114583333333333 0.6259259259259259 0.5135416666666667 0.6314814814814815 0.5208333333333334 0.6305555555555555 0.5255208333333333 0.6148148148148148 0.5328125 0.6055555555555555 0.5322916666666667 0.6018518518518519 0.5213541666666667 0.5944444444444444 0.5171875 0.5953703703703703 0.5161458333333333 0.6166666666666667 0.5114583333333333 0.6259259259259259
3 0.41354166666666664 0.6037037037037037 0.4166666666666667 0.6175925925925926 0.41510416666666666 0.6305555555555555 0.4203125 0.6277777777777778 0.4234375 0.6333333333333333 0.4276041666666667 0.6314814814814815 0.4192708333333333 0.5898148148148148 0.41354166666666664 0.5898148148148148 0.40625 0.5953703703703703 0.40572916666666664 0.6 0.41354166666666664 0.6037037037037037
5 0.465625 0.6046296296296296 0.478125 0.6111111111111112 0.4791666666666667 0.5907407407407408 0.47708333333333336 0.5833333333333334 0.4739583333333333 0.5777777777777777 0.46979166666666666 0.5833333333333334 0.46979166666666666 0.5925925925925926 0.465625 0.6046296296296296
5 0.26510416666666664 0.6222222222222222 0.26979166666666665 0.6268518518518519 0.2796875 0.6268518518518519 0.2786458333333333 0.6083333333333333 0.28072916666666664 0.5916666666666667 0.2760416666666667 0.587037037037037 0.2703125 0.5916666666666667 0.26979166666666665 0.6046296296296296 0.26510416666666664 0.6222222222222222
2 0.8651041666666667 0.6388888888888888 0.8744791666666667 0.6398148148148148 0.8713541666666667 0.5990740740740741 0.86875 0.5925925925925926 0.8635416666666667 0.5935185185185186 0.8625 0.6351851851851852 0.8651041666666667 0.6388888888888888
5 0.4036458333333333 0.600925925925926 0.4192708333333333 0.5972222222222222 0.41822916666666665 0.575925925925926 0.4125 0.5722222222222222 0.409375 0.575925925925926 0.4083333333333333 0.5879629629629629 0.4036458333333333 0.600925925925926
4 0.27760416666666665 0.65 0.2833333333333333 0.6555555555555556 0.28958333333333336 0.6462962962962963 0.2921875 0.6342592592592593 0.2921875 0.6157407407407407 0.2869791666666667 0.6185185185185185 0.28229166666666666 0.6296296296296297 0.28125 0.6435185185185185 0.27760416666666665 0.65
4 0.005729166666666666 0.637962962962963 0.009895833333333333 0.637962962962963 0.015104166666666667 0.6148148148148148 0.015104166666666667 0.5990740740740741 0.009375 0.5944444444444444 0.0046875 0.6046296296296296 0.0026041666666666665 0.6305555555555555 0.005729166666666666 0.637962962962963
4 0.04114583333333333 0.6824074074074075 0.044270833333333336 0.662962962962963 0.0515625 0.6546296296296297 0.052083333333333336 0.65 0.040625 0.6314814814814815 0.03697916666666667 0.6333333333333333 0.03229166666666667 0.6444444444444445 0.03177083333333333 0.6805555555555556 0.04114583333333333 0.6824074074074075
5 0.6510416666666666 0.6222222222222222 0.6567708333333333 0.6212962962962963 0.6588541666666666 0.6074074074074074 0.6536458333333334 0.5907407407407408 0.6463541666666667 0.5814814814814815 0.6421875 0.5898148148148148 0.646875 0.6185185185185185 0.6510416666666666 0.6222222222222222
5 0.6822916666666666 0.6305555555555555 0.6854166666666667 0.6259259259259259 0.69375 0.6305555555555555 0.690625 0.6046296296296296 0.6854166666666667 0.5972222222222222 0.6817708333333333 0.600925925925926 0.6802083333333333 0.6287037037037037 0.6822916666666666 0.6305555555555555
4 0.7140625 0.11296296296296296 0.7203125 0.11574074074074074 0.7348958333333333 0.1111111111111111 0.7322916666666667 0.08703703703703704 0.7276041666666667 0.0787037037037037 0.7161458333333334 0.0787037037037037 0.7135416666666666 0.09074074074074075 0.7125 0.10833333333333334 0.7140625 0.11296296296296296
3 0.06302083333333333 0.5916666666666667 0.07239583333333334 0.5944444444444444 0.075 0.562037037037037 0.07083333333333333 0.5583333333333333 0.06354166666666666 0.5601851851851852 0.065625 0.5787037037037037 0.06302083333333333 0.5916666666666667
4 0.6473958333333333 0.6175925925925926 0.6494791666666667 0.6203703703703703 0.6541666666666667 0.6185185185185185 0.6552083333333333 0.6018518518518519 0.653125 0.5907407407407408 0.6479166666666667 0.5824074074074074 0.64375 0.5851851851851851 0.6421875 0.5925925925925926 0.6473958333333333 0.6175925925925926
3 0.2046875 0.5888888888888889 0.20677083333333332 0.587037037037037 0.21041666666666667 0.5648148148148148 0.20885416666666667 0.5462962962962963 0.2046875 0.5444444444444444 0.20104166666666667 0.5574074074074075 0.20208333333333334 0.5851851851851851 0.2046875 0.5888888888888889