4 0.9083333333333333 0.7712962962962963 0.9223958333333333 0.7703703703703704 0.9239583333333333 0.7675925925925926 0.9234375 0.7240740740740741 0.9197916666666667 0.7092592592592593 0.9145833333333333 0.7092592592592593 0.9098958333333333 0.7398148148148148 0.9109375 0.7509259259259259 0.9083333333333333 0.7712962962962963
4 0.7677083333333333 0.6805555555555556 0.7760416666666666 0.6842592592592592 0.7786458333333334 0.6814814814814815 0.7765625 0.6712962962962963 0.7776041666666667 0.6518518518518519 0.7713541666666667 0.6370370370370371 0.7651041666666667 0.637962962962963 0.7661458333333333 0.6768518518518518 0.7677083333333333 0.6805555555555556
4 0.596875 0.7166666666666667 0.6 0.7083333333333334 0.6026041666666667 0.6694444444444444 0.5989583333333334 0.6601851851851852 0.5953125 0.6592592592592592 0.5911458333333334 0.6712962962962963 0.5916666666666667 0.712037037037037 0.596875 0.7166666666666667
4 0.4765625 0.6657407407407407 0.4765625 0.6833333333333333 0.4869791666666667 0.6851851851851852 0.490625 0.6601851851851852 0.4869791666666667 0.637962962962963 0.48385416666666664 0.6314814814814815 0.48125 0.6314814814814815 0.4739583333333333 0.6453703703703704 0.47291666666666665 0.6546296296296297 0.4765625 0.6657407407407407
2 0.3729166666666667 0.6425925925925926 0.37447916666666664 0.6583333333333333 0.3770833333333333 0.6620370370370371 0.38177083333333334 0.6574074074074074 0.3854166666666667 0.6212962962962963 0.384375 0.6129629629629629 0.38125 0.6092592592592593 0.375 0.6148148148148148 0.3729166666666667 0.6222222222222222 0.3729166666666667 0.6425925925925926
4 0.44583333333333336 0.6768518518518518 0.44635416666666666 0.6962962962962963 0.4515625 0.6925925925925925 0.45729166666666665 0.6935185185185185 0.459375 0.6537037037037037 0.4515625 0.6416666666666667 0.44114583333333335 0.65 0.4401041666666667 0.6592592592592592 0.44583333333333336 0.6768518518518518
5 0.4979166666666667 0.6509259259259259 0.5036458333333333 0.6462962962962963 0.5072916666666667 0.6351851851851852 0.5072916666666667 0.6259259259259259 0.5015625 0.6175925925925926 0.4973958333333333 0.6175925925925926 0.49270833333333336 0.6388888888888888 0.4979166666666667 0.6509259259259259
3 0.5484375 0.6962962962962963 0.5520833333333334 0.7148148148148148 0.559375 0.7166666666666667 0.5578125 0.6703703703703704 0.553125 0.6611111111111111 0.5473958333333333 0.6611111111111111 0.5447916666666667 0.6666666666666666 0.5447916666666667 0.6888888888888889 0.5484375 0.6962962962962963
5 0.39114583333333336 0.6824074074074075 0.3932291666666667 0.6851851851851852 0.39791666666666664 0.6694444444444444 0.39895833333333336 0.637962962962963 0.396875 0.6333333333333333 0.39010416666666664 0.637962962962963 0.38958333333333334 0.6694444444444444 0.39114583333333336 0.6824074074074075
4 0.540625 0.687962962962963 0.5442708333333334 0.6935185185185185 0.5463541666666667 0.6925925925925925 0.546875 0.6620370370370371 0.5416666666666666 0.6453703703703704 0.5390625 0.6453703703703704 0.5348958333333333 0.6555555555555556 0.5322916666666667 0.6805555555555556 0.5328125 0.700925925925926 0.540625 0.687962962962963
4 0.43854166666666666 0.65 0.43697916666666664 0.6657407407407407 0.4395833333333333 0.6675925925925926 0.4427083333333333 0.6657407407407407 0.44375 0.6574074074074074 0.44635416666666666 0.6342592592592593 0.4453125 0.6175925925925926 0.44114583333333335 0.6185185185185185 0.43645833333333334 0.6361111111111111 0.4359375 0.6416666666666667 0.43854166666666666 0.65
4 0.5135416666666667 0.6666666666666666 0.5166666666666667 0.6611111111111111 0.5166666666666667 0.6425925925925926 0.5208333333333334 0.6296296296296297 0.5140625 0.6185185185185185 0.509375 0.6185185185185185 0.5067708333333333 0.6277777777777778 0.50625 0.6481481481481481 0.5135416666666667 0.6666666666666666
4 0.24114583333333334 0.762962962962963 0.24322916666666666 0.7527777777777778 0.24947916666666667 0.7527777777777778 0.2515625 0.7611111111111111 0.2557291666666667 0.7592592592592593 0.2526041666666667 0.7407407407407407 0.2526041666666667 0.7157407407407408 0.25 0.6990740740740741 0.24583333333333332 0.6972222222222222 0.24166666666666667 0.7111111111111111 0.2375 0.7611111111111111 0.24114583333333334 0.762962962962963
5 0.4864583333333333 0.6694444444444444 0.4901041666666667 0.6731481481481482 0.49270833333333336 0.6694444444444444 0.49270833333333336 0.6527777777777778 0.48802083333333335 0.6296296296296297 0.48489583333333336 0.6277777777777778 0.4828125 0.6305555555555555 0.4828125 0.6509259259259259 0.4864583333333333 0.6694444444444444
5 0.4583333333333333 0.6583333333333333 0.4625 0.6592592592592592 0.46510416666666665 0.6305555555555555 0.46197916666666666 0.6296296296296297 0.45677083333333335 0.6388888888888888 0.4546875 0.65 0.4583333333333333 0.6583333333333333
5 0.4140625 0.6694444444444444 0.4171875 0.6703703703703704 0.4197916666666667 0.662962962962963 0.42239583333333336 0.6287037037037037 0.41822916666666665 0.6240740740740741 0.4119791666666667 0.6305555555555555 0.41041666666666665 0.6472222222222223 0.4140625 0.6694444444444444
4 0.3921875 0.6370370370370371 0.3984375 0.6342592592592593 0.3963541666666667 0.6203703703703703 0.39114583333333336 0.6240740740740741 0.390625 0.6342592592592593 0.3921875 0.6370370370370371
5 0.5640625 0.6907407407407408 0.56875 0.6916666666666667 0.5703125 0.6888888888888889 0.5708333333333333 0.6611111111111111 0.5677083333333334 0.6462962962962963 0.5630208333333333 0.6462962962962963 0.5604166666666667 0.6564814814814814 0.5619791666666667 0.6861111111111111 0.5640625 0.6907407407407408
3 0.6135416666666667 0.6027777777777777 0.6151041666666667 0.6064814814814815 0.6192708333333333 0.6064814814814815 0.6213541666666667 0.5990740740740741 0.621875 0.5787037037037037 0.61875 0.5685185185185185 0.6145833333333334 0.5703703703703704 0.6130208333333333 0.575925925925926 0.6135416666666667 0.6027777777777777
5 0.5708333333333333 0.674074074074074 0.5739583333333333 0.6805555555555556 0.5802083333333333 0.6805555555555556 0.5822916666666667 0.6777777777777778 0.5817708333333333 0.6435185185185185 0.5760416666666667 0.6305555555555555 0.571875 0.6314814814814815 0.5703125 0.637962962962963 0.5692708333333333 0.6592592592592592 0.5708333333333333 0.674074074074074
0 0.5028645833333333 0.6318888888888889 0.008494791666666638 0.010796296296296371