4 0.0875 0.5925925925925926 0.09166666666666666 0.612037037037037 0.096875 0.6148148148148148 0.1 0.6064814814814815 0.09895833333333333 0.5768518518518518 0.09166666666666666 0.5648148148148148 0.08958333333333333 0.5675925925925925 0.08541666666666667 0.575925925925926 0.0875 0.5925925925925926
4 0.1421875 0.6944444444444444 0.14375 0.7037037037037037 0.146875 0.7064814814814815 0.14947916666666666 0.7287037037037037 0.14895833333333333 0.7435185185185185 0.15364583333333334 0.7435185185185185 0.15572916666666667 0.7398148148148148 0.15520833333333334 0.7351851851851852 0.1640625 0.7333333333333333 0.16770833333333332 0.7435185185185185 0.17083333333333334 0.7435185185185185 0.17291666666666666 0.7398148148148148 0.171875 0.7351851851851852 0.16197916666666667 0.7157407407407408 0.15885416666666666 0.6861111111111111 0.14427083333333332 0.675 0.1421875 0.6768518518518518 0.1421875 0.6944444444444444
4 0.65625 0.6148148148148148 0.6546875 0.6351851851851852 0.6567708333333333 0.6398148148148148 0.6583333333333333 0.6407407407407407 0.6614583333333334 0.6314814814814815 0.6671875 0.6277777777777778 0.6734375 0.637962962962963 0.6744791666666666 0.6361111111111111 0.6734375 0.6259259259259259 0.6609375 0.5888888888888889 0.6557291666666667 0.587037037037037 0.6536458333333334 0.600925925925926 0.65 0.6027777777777777 0.6494791666666667 0.6074074074074074 0.65625 0.6148148148148148
5 0.024479166666666666 0.6296296296296297 0.029166666666666667 0.6314814814814815 0.03125 0.6268518518518519 0.04479166666666667 0.6314814814814815 0.0453125 0.6268518518518519 0.034895833333333334 0.5935185185185186 0.0296875 0.5851851851851851 0.0265625 0.5888888888888889 0.023958333333333335 0.6027777777777777 0.024479166666666666 0.6296296296296297
1 0.871875 0.6314814814814815 0.8708333333333333 0.637962962962963 0.8802083333333334 0.6398148148148148 0.8796875 0.6287037037037037 0.8822916666666667 0.6138888888888889 0.8791666666666667 0.5916666666666667 0.8734375 0.5805555555555556 0.8697916666666666 0.5814814814814815 0.8677083333333333 0.587037037037037 0.8671875 0.6111111111111112 0.871875 0.6314814814814815
4 0.571875 0.6148148148148148 0.5703125 0.575 0.5630208333333333 0.5611111111111111 0.5598958333333334 0.5611111111111111 0.5588541666666667 0.5657407407407408 0.5578125 0.6111111111111112 0.571875 0.6148148148148148
4 0.6921875 0.7351851851851852 0.6973958333333333 0.7361111111111112 0.6989583333333333 0.725 0.6963541666666667 0.7111111111111111 0.6984375 0.6935185185185185 0.696875 0.6824074074074075 0.6921875 0.6694444444444444 0.6864583333333333 0.6638888888888889 0.6807291666666667 0.6648148148148149 0.6791666666666667 0.6898148148148148 0.6921875 0.7351851851851852
3 0.4 0.6509259259259259 0.40208333333333335 0.6481481481481481 0.4114583333333333 0.6731481481481482 0.4234375 0.6712962962962963 0.4270833333333333 0.6768518518518518 0.42604166666666665 0.6657407407407407 0.4192708333333333 0.6601851851851852 0.4140625 0.6259259259259259 0.4046875 0.6157407407407407 0.40208333333333335 0.6194444444444445 0.403125 0.6296296296296297 0.4 0.6509259259259259
5 0.6296875 0.6277777777777778 0.6380208333333334 0.6324074074074074 0.6395833333333333 0.6259259259259259 0.6395833333333333 0.5851851851851851 0.6348958333333333 0.575 0.6317708333333333 0.575 0.6270833333333333 0.5916666666666667 0.6265625 0.6037037037037037 0.6296875 0.6277777777777778
4 0.4265625 0.7138888888888889 0.4359375 0.737037037037037 0.4432291666666667 0.7361111111111112 0.44635416666666666 0.7287037037037037 0.43697916666666664 0.6851851851851852 0.4270833333333333 0.6703703703703704 0.4239583333333333 0.6712962962962963 0.4234375 0.6759259259259259 0.42291666666666666 0.6907407407407408 0.4265625 0.7138888888888889
5 0.5171875 0.6731481481481482 0.5213541666666667 0.6768518518518518 0.5229166666666667 0.674074074074074 0.5197916666666667 0.6592592592592592 0.5213541666666667 0.637962962962963 0.5182291666666666 0.6277777777777778 0.5098958333333333 0.6148148148148148 0.5057291666666667 0.6175925925925926 0.50625 0.6388888888888888 0.5171875 0.6731481481481482
4 0.4869791666666667 0.7222222222222222 0.4901041666666667 0.7398148148148148 0.49635416666666665 0.7453703703703703 0.49947916666666664 0.7592592592592593 0.5057291666666667 0.7601851851851852 0.5072916666666667 0.7555555555555555 0.5052083333333334 0.7398148148148148 0.5010416666666667 0.7333333333333333 0.5005208333333333 0.7175925925925926 0.49635416666666665 0.700925925925926 0.4864583333333333 0.6916666666666667 0.48333333333333334 0.6935185185185185 0.48072916666666665 0.7138888888888889 0.4869791666666667 0.7222222222222222
4 0.45364583333333336 0.6277777777777778 0.45989583333333334 0.6537037037037037 0.471875 0.6555555555555556 0.47291666666666665 0.649074074074074 0.4671875 0.6361111111111111 0.4666666666666667 0.6222222222222222 0.4630208333333333 0.6083333333333333 0.4546875 0.5953703703703703 0.4505208333333333 0.6018518518518519 0.45 0.6240740740740741 0.45364583333333336 0.6277777777777778
5 0.8166666666666667 0.7481481481481481 0.8223958333333333 0.7583333333333333 0.8302083333333333 0.7842592592592592 0.8380208333333333 0.7953703703703704 0.8401041666666667 0.7870370370370371 0.8317708333333333 0.7666666666666667 0.8307291666666666 0.7361111111111112 0.8182291666666667 0.7138888888888889 0.8145833333333333 0.7148148148148148 0.8135416666666667 0.725 0.8166666666666667 0.7481481481481481
5 0.4505208333333333 0.6064814814814815 0.4588541666666667 0.6027777777777777 0.4578125 0.5879629629629629 0.4515625 0.5768518518518518 0.446875 0.5768518518518518 0.4453125 0.587037037037037 0.44479166666666664 0.5953703703703703 0.4505208333333333 0.6064814814814815
4 0.33229166666666665 0.6851851851851852 0.3307291666666667 0.6925925925925925 0.3380208333333333 0.7055555555555556 0.34739583333333335 0.7046296296296296 0.34375 0.6861111111111111 0.3463541666666667 0.6657407407407407 0.340625 0.6546296296296297 0.3338541666666667 0.649074074074074 0.3296875 0.649074074074074 0.32864583333333336 0.6527777777777778 0.3260416666666667 0.674074074074074 0.33229166666666665 0.6851851851851852
5 0.7979166666666667 0.7388888888888889 0.7989583333333333 0.7462962962962963 0.8015625 0.7490740740740741 0.80625 0.7472222222222222 0.8067708333333333 0.7379629629629629 0.7994791666666666 0.7166666666666667 0.8010416666666667 0.6972222222222222 0.7916666666666666 0.6777777777777778 0.7869791666666667 0.6768518518518518 0.7854166666666667 0.6814814814814815 0.7854166666666667 0.7092592592592593 0.7979166666666667 0.7388888888888889
4 0.684375 0.6712962962962963 0.6901041666666666 0.6694444444444444 0.6927083333333334 0.6546296296296297 0.690625 0.6361111111111111 0.6848958333333334 0.6231481481481481 0.68125 0.6212962962962963 0.6796875 0.6259259259259259 0.6796875 0.6620370370370371 0.684375 0.6712962962962963
4 0.3104166666666667 0.7166666666666667 0.31354166666666666 0.7166666666666667 0.321875 0.7064814814814815 0.32708333333333334 0.7074074074074074 0.32916666666666666 0.7018518518518518 0.32447916666666665 0.6694444444444444 0.31875 0.6574074074074074 0.3151041666666667 0.6601851851851852 0.3151041666666667 0.6787037037037037 0.3104166666666667 0.7166666666666667
5 0.315625 0.7166666666666667 0.32135416666666666 0.7092592592592593 0.32447916666666665 0.7111111111111111 0.3229166666666667 0.7240740740740741 0.32447916666666665 0.7296296296296296 0.3302083333333333 0.7398148148148148 0.3390625 0.7453703703703703 0.3416666666666667 0.7537037037037037 0.3453125 0.7537037037037037 0.346875 0.7490740740740741 0.33645833333333336 0.7138888888888889 0.33541666666666664 0.6962962962962963 0.328125 0.6916666666666667 0.321875 0.6777777777777778 0.3171875 0.6814814814814815 0.31354166666666666 0.6935185185185185 0.3104166666666667 0.7166666666666667 0.315625 0.7166666666666667