5 0.5729166666666666 0.5851851851851851 0.56875 0.5731481481481482 0.5630208333333333 0.5842592592592593 0.5635416666666667 0.6240740740740741 0.56875 0.6268518518518519 0.5708333333333333 0.6231481481481481 0.5729166666666666 0.5851851851851851
4 0.04375 0.6037037037037037 0.043229166666666666 0.5824074074074074 0.040625 0.5740740740740741 0.03697916666666667 0.5731481481481482 0.03177083333333333 0.5851851851851851 0.03125 0.5953703703703703 0.034895833333333334 0.6231481481481481 0.04010416666666667 0.6240740740740741 0.04375 0.6037037037037037
3 0.3020833333333333 0.6046296296296296 0.2984375 0.5990740740740741 0.29322916666666665 0.6111111111111112 0.29583333333333334 0.6509259259259259 0.2984375 0.6583333333333333 0.3020833333333333 0.6583333333333333 0.3020833333333333 0.6046296296296296
4 0.23333333333333334 0.6944444444444444 0.23854166666666668 0.6935185185185185 0.23645833333333333 0.6787037037037037 0.2359375 0.6342592592592593 0.23177083333333334 0.6342592592592593 0.225 0.6694444444444444 0.21666666666666667 0.6796296296296296 0.21666666666666667 0.6898148148148148 0.22708333333333333 0.6805555555555556 0.23125 0.6824074074074075 0.23333333333333334 0.6944444444444444
5 0.1046875 0.5888888888888889 0.103125 0.575925925925926 0.096875 0.5703703703703704 0.09375 0.5777777777777777 0.09427083333333333 0.6148148148148148 0.09583333333333334 0.6175925925925926 0.103125 0.6148148148148148 0.1046875 0.5888888888888889
5 0.35260416666666666 0.5814814814814815 0.3536458333333333 0.575 0.35104166666666664 0.5518518518518518 0.3484375 0.5444444444444444 0.34427083333333336 0.5453703703703704 0.34270833333333334 0.5546296296296296 0.3453125 0.5777777777777777 0.3489583333333333 0.5824074074074074 0.35260416666666666 0.5814814814814815
5 0.4348958333333333 0.7 0.43854166666666666 0.6731481481481482 0.4359375 0.6398148148148148 0.43125 0.6425925925925926 0.4265625 0.6592592592592592 0.4270833333333333 0.6814814814814815 0.4234375 0.6972222222222222 0.4265625 0.7018518518518518 0.4348958333333333 0.7
0 0.946875 0.687962962962963 0.946875 0.6851851851851852 0.9390625 0.6768518518518518 0.93125 0.6925925925925925 0.9317708333333333 0.6990740740740741 0.9380208333333333 0.7 0.9421875 0.6851851851851852 0.946875 0.687962962962963
3 0.121875 0.5314814814814814 0.11927083333333334 0.5212962962962963 0.11145833333333334 0.5175925925925926 0.10885416666666667 0.5203703703703704 0.11041666666666666 0.5574074074074075 0.11510416666666666 0.5601851851851852 0.12135416666666667 0.5425925925925926 0.121875 0.5314814814814814
5 0 0.7129629629629629 0.004166666666666667 0.7083333333333334 0.008333333333333333 0.6768518518518518 0.007291666666666667 0.6546296296296297 0.005729166666666666 0.6481481481481481 0.0015625 0.6435185185185185 0 0.6435185185185185 0 0.7129629629629629
4 0.6427083333333333 0.6972222222222222 0.6442708333333333 0.6824074074074075 0.6427083333333333 0.6398148148148148 0.6380208333333334 0.6407407407407407 0.6348958333333333 0.6537037037037037 0.6338541666666667 0.6703703703703704 0.6359375 0.6925925925925925 0.6385416666666667 0.6972222222222222 0.6427083333333333 0.6972222222222222
4 0.3416666666666667 0.5898148148148148 0.3380208333333333 0.5935185185185186 0.3338541666666667 0.6111111111111112 0.33125 0.637962962962963 0.3416666666666667 0.6370370370370371 0.3453125 0.6074074074074074 0.3416666666666667 0.5898148148148148
5 0.6880208333333333 0.5740740740740741 0.6911458333333333 0.5675925925925925 0.690625 0.562962962962963 0.6859375 0.5453703703703704 0.68125 0.5537037037037037 0.68125 0.5879629629629629 0.6854166666666667 0.5898148148148148 0.6890625 0.5833333333333334 0.6880208333333333 0.5740740740740741
5 0.37083333333333335 0.5898148148148148 0.3734375 0.5842592592592593 0.3770833333333333 0.5851851851851851 0.3776041666666667 0.5805555555555556 0.36666666666666664 0.5740740740740741 0.36302083333333335 0.5833333333333334 0.36302083333333335 0.6231481481481481 0.3692708333333333 0.6259259259259259 0.37083333333333335 0.6231481481481481 0.37083333333333335 0.5898148148148148
2 0.8348958333333333 0.6370370370370371 0.8385416666666666 0.6342592592592593 0.8375 0.6203703703703703 0.8427083333333333 0.5990740740740741 0.8375 0.5842592592592593 0.8333333333333334 0.5824074074074074 0.8270833333333333 0.5953703703703703 0.8270833333333333 0.6111111111111112 0.8296875 0.6342592592592593 0.8348958333333333 0.6370370370370371
5 0.9395833333333333 0.6916666666666667 0.9453125 0.6907407407407408 0.9463541666666667 0.6990740740740741 0.9510416666666667 0.7018518518518518 0.9447916666666667 0.6388888888888888 0.9416666666666667 0.6370370370370371 0.9385416666666667 0.6416666666666667 0.9369791666666667 0.6796296296296296 0.9307291666666667 0.6972222222222222 0.9354166666666667 0.7 0.9395833333333333 0.6916666666666667
4 0.65 0.6240740740740741 0.6552083333333333 0.6212962962962963 0.6604166666666667 0.5925925925925926 0.6583333333333333 0.5768518518518518 0.653125 0.5694444444444444 0.6416666666666667 0.5796296296296296 0.6484375 0.5898148148148148 0.6479166666666667 0.6185185185185185 0.65 0.6240740740740741
5 0.8114583333333333 0.7453703703703703 0.8109375 0.7277777777777777 0.803125 0.7092592592592593 0.8 0.7129629629629629 0.7963541666666667 0.7277777777777777 0.7973958333333333 0.7759259259259259 0.8026041666666667 0.7824074074074074 0.8057291666666667 0.7768518518518519 0.8114583333333333 0.7453703703703703
4 0.5890625 0.7388888888888889 0.59375 0.7361111111111112 0.5932291666666667 0.7212962962962963 0.5953125 0.7101851851851851 0.5927083333333333 0.6694444444444444 0.5880208333333333 0.6694444444444444 0.5838541666666667 0.6787037037037037 0.5822916666666667 0.6962962962962963 0.5859375 0.7203703703703703 0.5833333333333334 0.7342592592592593 0.5890625 0.7388888888888889
4 0.37864583333333335 0.5796296296296296 0.375 0.5722222222222222 0.37395833333333334 0.5518518518518518 0.371875 0.5472222222222223 0.36875 0.5444444444444444 0.3651041666666667 0.562037037037037 0.3651041666666667 0.5833333333333334 0.3729166666666667 0.5805555555555556 0.3770833333333333 0.5861111111111111 0.37864583333333335 0.5796296296296296
4 0.021875 0.7592592592592593 0.023958333333333335 0.7555555555555555 0.026041666666666668 0.700925925925926 0.022395833333333334 0.6851851851851852 0.017708333333333333 0.6861111111111111 0.0140625 0.6990740740740741 0.0140625 0.7203703703703703 0.016145833333333335 0.7564814814814815 0.021875 0.7592592592592593