4 0.9354166666666667 0.6972222222222222 0.9401041666666666 0.6898148148148148 0.9401041666666666 0.6425925925925926 0.9354166666666667 0.6296296296296297 0.9286458333333333 0.6416666666666667 0.9291666666666667 0.6898148148148148 0.9354166666666667 0.6972222222222222
4 0.7635416666666667 0.6296296296296297 0.76875 0.587037037037037 0.7635416666666667 0.5740740740740741 0.7578125 0.5851851851851851 0.7583333333333333 0.6268518518518519 0.7635416666666667 0.6296296296296297
5 0.6505208333333333 0.6361111111111111 0.6578125 0.6 0.6567708333333333 0.5833333333333334 0.6541666666666667 0.5768518518518518 0.6489583333333333 0.5768518518518518 0.6447916666666667 0.6064814814814815 0.64375 0.6305555555555555 0.6505208333333333 0.6361111111111111
5 0.9213541666666667 0.6425925925925926 0.9239583333333333 0.6453703703703704 0.934375 0.6324074074074074 0.9291666666666667 0.6 0.925 0.5972222222222222 0.9223958333333333 0.6027777777777777 0.9208333333333333 0.6361111111111111 0.9213541666666667 0.6425925925925926
5 0.5182291666666666 0.649074074074074 0.5223958333333333 0.6435185185185185 0.521875 0.6370370370370371 0.5260416666666666 0.6185185185185185 0.5255208333333333 0.6 0.521875 0.5888888888888889 0.5140625 0.5990740740740741 0.5145833333333333 0.6462962962962963 0.5182291666666666 0.649074074074074
3 0.8177083333333334 0.6462962962962963 0.8229166666666666 0.649074074074074 0.8260416666666667 0.6453703703703704 0.828125 0.6074074074074074 0.8260416666666667 0.5916666666666667 0.821875 0.5879629629629629 0.8161458333333333 0.6064814814814815 0.815625 0.6268518518518519 0.8177083333333334 0.6462962962962963
4 0.9098958333333333 0.6712962962962963 0.9135416666666667 0.675 0.9182291666666667 0.6694444444444444 0.91875 0.6611111111111111 0.9166666666666666 0.6537037037037037 0.9182291666666667 0.65 0.9182291666666667 0.6259259259259259 0.9119791666666667 0.6101851851851852 0.9088541666666666 0.6148148148148148 0.9041666666666667 0.6398148148148148 0.9098958333333333 0.6712962962962963
4 0.9708333333333333 0.6268518518518519 0.9708333333333333 0.637962962962963 0.9744791666666667 0.6435185185185185 0.9770833333333333 0.6425925925925926 0.9817708333333334 0.6157407407407407 0.9817708333333334 0.6018518518518519 0.978125 0.5907407407407408 0.9739583333333334 0.5898148148148148 0.9692708333333333 0.6046296296296296 0.9682291666666667 0.6194444444444445 0.9708333333333333 0.6268518518518519
5 0.7135416666666666 0.6888888888888889 0.7171875 0.6935185185185185 0.7203125 0.687962962962963 0.7265625 0.6861111111111111 0.728125 0.6944444444444444 0.73125 0.6925925925925925 0.7322916666666667 0.687962962962963 0.7276041666666667 0.6731481481481482 0.7265625 0.6583333333333333 0.7322916666666667 0.649074074074074 0.7322916666666667 0.6388888888888888 0.7286458333333333 0.6296296296296297 0.7229166666666667 0.6287037037037037 0.7203125 0.6305555555555555 0.7182291666666667 0.6435185185185185 0.7197916666666667 0.662962962962963 0.7135416666666666 0.6888888888888889
5 0.6265625 0.6259259259259259 0.6348958333333333 0.6240740740740741 0.6369791666666667 0.5944444444444444 0.634375 0.5712962962962963 0.6302083333333334 0.5712962962962963 0.6260416666666667 0.5898148148148148 0.6255208333333333 0.6231481481481481 0.6265625 0.6259259259259259
4 0.09947916666666666 0.7157407407407408 0.0984375 0.7032407407407407 0.10364583333333334 0.6888888888888889 0.1015625 0.6768518518518518 0.10572916666666667 0.6657407407407407 0.1046875 0.6601851851851852 0.09947916666666666 0.6564814814814814 0.08645833333333333 0.6731481481481482 0.08958333333333333 0.7129629629629629 0.09947916666666666 0.7157407407407408
5 0.8104166666666667 0.649074074074074 0.8140625 0.6462962962962963 0.8161458333333333 0.6296296296296297 0.8177083333333334 0.6129629629629629 0.8166666666666667 0.5953703703703703 0.8114583333333333 0.5962962962962963 0.8078125 0.6203703703703703 0.80625 0.6444444444444445 0.8104166666666667 0.649074074074074
4 0.24791666666666667 0.7092592592592593 0.24375 0.7240740740740741 0.2578125 0.7277777777777777 0.259375 0.7203703703703703 0.2557291666666667 0.7074074074074074 0.2557291666666667 0.6981481481481482 0.25833333333333336 0.6888888888888889 0.26197916666666665 0.6851851851851852 0.26145833333333335 0.6731481481481482 0.2557291666666667 0.6574074074074074 0.2515625 0.6546296296296297 0.24479166666666666 0.6768518518518518 0.24739583333333334 0.687037037037037 0.24791666666666667 0.7092592592592593
3 0.8192708333333333 0.5555555555555556 0.8239583333333333 0.5518518518518518 0.8270833333333333 0.525 0.821875 0.5120370370370371 0.8166666666666667 0.5166666666666667 0.8151041666666666 0.549074074074074 0.8192708333333333 0.5555555555555556