4 0.5135416666666667 0.6472222222222223 0.5208333333333334 0.6722222222222223 0.5213541666666667 0.6925925925925925 0.5255208333333333 0.6944444444444444 0.5333333333333333 0.6768518518518518 0.528125 0.662962962962963 0.53125 0.6388888888888888 0.5213541666666667 0.6185185185185185 0.5177083333333333 0.6240740740740741 0.5135416666666667 0.6388888888888888 0.5135416666666667 0.6472222222222223
4 0.5432291666666667 0.5879629629629629 0.5473958333333333 0.5601851851851852 0.5442708333333334 0.5416666666666666 0.5416666666666666 0.5388888888888889 0.5369791666666667 0.5416666666666666 0.53125 0.5592592592592592 0.53125 0.5851851851851851 0.5432291666666667 0.5879629629629629
4 0.259375 0.625 0.25833333333333336 0.6657407407407407 0.2682291666666667 0.6694444444444444 0.2708333333333333 0.6620370370370371 0.2734375 0.6277777777777778 0.26927083333333335 0.5990740740740741 0.26510416666666664 0.5990740740740741 0.25885416666666666 0.6129629629629629 0.25729166666666664 0.6185185185185185 0.259375 0.625
3 0.365625 0.6268518518518519 0.36770833333333336 0.6296296296296297 0.3703125 0.6277777777777778 0.37083333333333335 0.6012342592592592 0.37552083333333336 0.5814814814814815 0.3692708333333333 0.562962962962963 0.3651041666666667 0.5638888888888889 0.35989583333333336 0.5787037037037037 0.3572916666666667 0.6342592592592593 0.365625 0.6268518518518519
5 0.4875 0.587037037037037 0.4890625 0.5898148148148148 0.5015625 0.5879629629629629 0.5041666666666667 0.575925925925926 0.5015625 0.5444444444444444 0.4973958333333333 0.5444444444444444 0.4890625 0.5638888888888889 0.4901041666666667 0.5768518518518518 0.4875 0.587037037037037
4 0.20520833333333333 0.6111111111111112 0.2078125 0.6 0.2125 0.6101851851851852 0.21666666666666667 0.6083333333333333 0.2140625 0.575925925925926 0.215625 0.5648148148148148 0.20885416666666667 0.5509259259259259 0.20572916666666666 0.5527777777777778 0.203125 0.5601851851851852 0.20104166666666667 0.5833333333333334 0.20052083333333334 0.612037037037037 0.20520833333333333 0.6111111111111112
1 0.8619791666666666 0.6148148148148148 0.8651041666666667 0.6175925925925926 0.8692708333333333 0.6148148148148148 0.8802083333333334 0.6166666666666667 0.8755208333333333 0.5657407407407408 0.865625 0.5527777777777778 0.8625 0.5601851851851852 0.8645833333333334 0.5962962962962963 0.8619791666666666 0.6148148148148148
5 0.303125 0.7018518518518518 0.2989583333333333 0.7166666666666667 0.2947916666666667 0.7203703703703703 0.2942708333333333 0.7296296296296296 0.2984375 0.7314814814814815 0.2994791666666667 0.7277777777777777 0.3125 0.7351851851851852 0.31614583333333335 0.7148148148148148 0.3151041666666667 0.6814814814814815 0.3182291666666667 0.6583333333333333 0.3140625 0.6574074074074074 0.30572916666666666 0.675 0.3026041666666667 0.6935185185185185 0.303125 0.7018518518518518
4 0.3958333333333333 0.6453703703703704 0.39739583333333334 0.6472222222222223 0.4005208333333333 0.6472222222222223 0.403125 0.6351851851851852 0.40625 0.6305555555555555 0.40989583333333335 0.6083333333333333 0.40729166666666666 0.587037037037037 0.4036458333333333 0.5842592592592593 0.4015625 0.5879629629629629 0.3958333333333333 0.6027777777777777 0.3958333333333333 0.6453703703703704
5 0.1609375 0.6620370370370371 0.165625 0.6657407407407407 0.17760416666666667 0.6620370370370371 0.17708333333333334 0.6268518518518519 0.17916666666666667 0.6222222222222222 0.17395833333333333 0.5962962962962963 0.16979166666666667 0.5981481481481481 0.16614583333333333 0.6157407407407407 0.165625 0.6416666666666667 0.1609375 0.6620370370370371
5 0.4203125 0.7018518518518518 0.4270833333333333 0.6916666666666667 0.4296875 0.6972222222222222 0.4322916666666667 0.6972222222222222 0.43385416666666665 0.6888888888888889 0.42604166666666665 0.6703703703703704 0.428125 0.6425925925925926 0.4234375 0.6231481481481481 0.4192708333333333 0.6240740740740741 0.4166666666666667 0.6481481481481481 0.41458333333333336 0.700925925925926 0.4203125 0.7018518518518518
5 0.6296875 0.65 0.6338541666666667 0.6509259259259259 0.6369791666666667 0.6435185185185185 0.6427083333333333 0.6527777777777778 0.6453125 0.6472222222222223 0.6447916666666667 0.625 0.646875 0.6138888888888889 0.6463541666666667 0.5972222222222222 0.6421875 0.5824074074074074 0.6385416666666667 0.5833333333333334 0.6307291666666667 0.6074074074074074 0.6328125 0.6259259259259259 0.6296875 0.65
4 0.6619791666666667 0.6611111111111111 0.6604166666666667 0.6972222222222222 0.6760416666666667 0.6981481481481482 0.6776041666666667 0.6888888888888889 0.6744791666666666 0.6703703703703704 0.6765625 0.6555555555555556 0.6765625 0.6268518518518519 0.6734375 0.6212962962962963 0.6671875 0.6240740740740741 0.6598958333333333 0.637962962962963 0.659375 0.6546296296296297 0.6619791666666667 0.6611111111111111
4 0.6005208333333333 0.5907407407407408 0.5994791666666667 0.6324074074074074 0.603125 0.637962962962963 0.6072916666666667 0.6305555555555555 0.6119791666666666 0.5833333333333334 0.6072916666666667 0.5712962962962963 0.6026041666666667 0.5703703703703704 0.6015625 0.5731481481481482 0.5989583333333334 0.5833333333333334 0.6005208333333333 0.5907407407407408
5 0.24427083333333333 0.612037037037037 0.24739583333333334 0.6231481481481481 0.2520833333333333 0.6203703703703703 0.25729166666666664 0.6064814814814815 0.25833333333333336 0.5675925925925925 0.25677083333333334 0.562037037037037 0.253125 0.5638888888888889 0.24791666666666667 0.5861111111111111 0.24791666666666667 0.6018518518518519 0.24427083333333333 0.612037037037037
0 0.3338541666666667 0.7351851851851852 0.3385416666666667 0.7324074074074074 0.340625 0.7268518518518519 0.3380208333333333 0.7203703703703703 0.3333333333333333 0.7194444444444444 0.32864583333333336 0.7277777777777777 0.32864583333333336 0.7324074074074074 0.3338541666666667 0.7351851851851852
5 0.5744791666666667 0.6259259259259259 0.5791666666666667 0.6129629629629629 0.5776041666666667 0.6064814814814815 0.5791666666666667 0.5916666666666667 0.578125 0.5731481481481482 0.5723958333333333 0.575 0.5682291666666667 0.5833333333333334 0.565625 0.6055555555555555 0.5630208333333333 0.6111111111111112 0.5640625 0.6287037037037037 0.5744791666666667 0.6259259259259259
4 0.6645833333333333 0.6342592592592593 0.6671875 0.6416666666666667 0.6739583333333333 0.6472222222222223 0.6770833333333334 0.6277777777777778 0.6755208333333333 0.6111111111111112 0.6697916666666667 0.5953703703703703 0.6614583333333334 0.5953703703703703 0.6609375 0.6111111111111112 0.6645833333333333 0.6342592592592593
4 0.5760416666666667 0.6268518518518519 0.5765625 0.6203703703703703 0.58125 0.6194444444444445 0.584375 0.6259259259259259 0.5864583333333333 0.6185185185185185 0.5833333333333334 0.5972222222222222 0.5828125 0.575 0.5796875 0.5694444444444444 0.5734375 0.575925925925926 0.5729166666666666 0.6222222222222222 0.5760416666666667 0.6268518518518519
5 0.6192708333333333 0.6370370370370371 0.6229166666666667 0.6314814814814815 0.625 0.587037037037037 0.6192708333333333 0.5694444444444444 0.615625 0.5731481481481482 0.6130208333333333 0.5842592592592593 0.6151041666666667 0.6231481481481481 0.6192708333333333 0.6370370370370371
5 0.6583333333333333 0.6537037037037037 0.6625 0.6574074074074074 0.6671875 0.6314814814814815 0.6661458333333333 0.5990740740740741 0.6614583333333334 0.5907407407407408 0.65625 0.5916666666666667 0.6567708333333333 0.6425925925925926 0.6583333333333333 0.6537037037037037