4 0.2864583333333333 0.5814814814814815 0.2833333333333333 0.5592592592592592 0.28020833333333334 0.5601851851851852 0.27760416666666665 0.5675925925925925 0.2760416666666667 0.5824074074074074 0.278125 0.5916666666666667 0.275 0.6037037037037037 0.28489583333333335 0.6092592592592593 0.2864583333333333 0.5814814814814815
5 0.2296875 0.7018518518518518 0.2328125 0.6898148148148148 0.2375 0.6842592592592592 0.23958333333333334 0.687037037037037 0.24010416666666667 0.7 0.24479166666666666 0.700925925925926 0.246875 0.6972222222222222 0.24270833333333333 0.6407407407407407 0.23854166666666668 0.637962962962963 0.234375 0.6527777777777778 0.23177083333333334 0.6777777777777778 0.2265625 0.6888888888888889 0.22552083333333334 0.6981481481481482 0.2296875 0.7018518518518518
5 0.4828125 0.7666666666666667 0.4947916666666667 0.7694444444444445 0.4953125 0.7435185185185185 0.49166666666666664 0.7231481481481481 0.4921875 0.7 0.4901041666666667 0.6972222222222222 0.4869791666666667 0.6990740740740741 0.48385416666666664 0.7129629629629629 0.4859375 0.7444444444444445 0.48125 0.7555555555555555 0.48072916666666665 0.762962962962963 0.4828125 0.7666666666666667
5 0.134375 0.6574074074074074 0.13854166666666667 0.6407407407407407 0.13645833333333332 0.6222222222222222 0.13229166666666667 0.6111111111111112 0.12916666666666668 0.6111111111111112 0.125 0.6212962962962963 0.1234375 0.637962962962963 0.13072916666666667 0.6759259259259259 0.134375 0.6731481481481482 0.134375 0.6574074074074074
5 0.7192708333333333 0.6944444444444444 0.7229166666666667 0.6851851851851852 0.7203125 0.6388888888888888 0.7166666666666667 0.637962962962963 0.7135416666666666 0.649074074074074 0.7125 0.7027777777777777 0.7177083333333333 0.7064814814814815 0.7197916666666667 0.7046296296296296 0.7192708333333333 0.6944444444444444
5 0.9088541666666666 0.7509259259259259 0.9145833333333333 0.75 0.9151041666666667 0.7388888888888889 0.9098958333333333 0.7305555555555555 0.9078125 0.7129629629629629 0.8963541666666667 0.6925925925925925 0.8911458333333333 0.6944444444444444 0.890625 0.700925925925926 0.9 0.7351851851851852 0.90625 0.7425925925925926 0.9088541666666666 0.7509259259259259
5 0.940625 0.774074074074074 0.9421875 0.7694444444444445 0.9494791666666667 0.7666666666666667 0.9505208333333334 0.775 0.9546875 0.775 0.95 0.7166666666666667 0.9458333333333333 0.6990740740740741 0.9427083333333334 0.6972222222222222 0.9401041666666666 0.700925925925926 0.940625 0.7101851851851851 0.9375 0.7231481481481481 0.9354166666666667 0.7240740740740741 0.940625 0.7333333333333333 0.9375 0.7638888888888888 0.9348958333333334 0.7722222222222223 0.940625 0.774074074074074
4 0.28125 0.8 0.2828125 0.8092592592592592 0.2869791666666667 0.8092592592592592 0.2875 0.8027777777777778 0.28125 0.7787037037037037 0.2828125 0.7712962962962963 0.2791666666666667 0.7481481481481481 0.2713541666666667 0.737037037037037 0.26666666666666666 0.7472222222222222 0.265625 0.7620370370370371 0.26875 0.7861111111111111 0.2713541666666667 0.7925925925925926 0.28125 0.8
4 0.68125 0.7398148148148148 0.684375 0.7361111111111112 0.6838541666666667 0.7027777777777777 0.6859375 0.6925925925925925 0.6838541666666667 0.6703703703703704 0.6786458333333333 0.6694444444444444 0.6744791666666666 0.6851851851851852 0.6755208333333333 0.725925925925926 0.6739583333333333 0.7314814814814815 0.6776041666666667 0.7388888888888889 0.68125 0.7398148148148148
4 0.5427083333333333 0.8092592592592592 0.5453125 0.8046296296296296 0.5458333333333333 0.7814814814814814 0.5510416666666667 0.7564814814814815 0.5510416666666667 0.7462962962962963 0.5442708333333334 0.725925925925926 0.540625 0.7268518518518519 0.534375 0.7416666666666667 0.5333333333333333 0.7620370370370371 0.5369791666666667 0.8018518518518518 0.5395833333333333 0.8083333333333333 0.5427083333333333 0.8092592592592592
3 0.33697916666666666 0.7240740740740741 0.34270833333333334 0.7314814814814815 0.3463541666666667 0.7314814814814815 0.34739583333333335 0.7277777777777777 0.34427083333333336 0.7194444444444444 0.34427083333333336 0.6583333333333333 0.3421875 0.6546296296296297 0.3380208333333333 0.6574074074074074 0.334375 0.6731481481481482 0.3380208333333333 0.7037037037037037 0.3307291666666667 0.7240740740740741 0.3333333333333333 0.7296296296296296 0.33697916666666666 0.7240740740740741
5 0.7223958333333333 0.6148148148148148 0.7203125 0.6037037037037037 0.7197916666666667 0.5722222222222222 0.7166666666666667 0.5685185185185185 0.7125 0.5824074074074074 0.7135416666666666 0.5944444444444444 0.7104166666666667 0.6148148148148148 0.7203125 0.6175925925925926 0.7223958333333333 0.6148148148148148
4 0.11666666666666667 0.6694444444444444 0.1171875 0.6381175925925926 0.11979166666666667 0.6259259259259259 0.1140625 0.6129629629629629 0.1109375 0.6111111111111112 0.1046875 0.6287037037037037 0.10416666666666667 0.6444444444444445 0.10729166666666666 0.6712962962962963 0.11458333333333333 0.674074074074074 0.11666666666666667 0.6694444444444444
0 0.8604166666666667 0.7379629629629629 0.8645833333333334 0.7481481481481481 0.8739583333333333 0.7435185185185185 0.8692708333333333 0.7342592592592593 0.8604166666666667 0.7379629629629629
4 0.153125 0.6055555555555555 0.153125 0.5898148148148148 0.15104166666666666 0.5842592592592593 0.14583333333333334 0.5907407407407408 0.14322916666666666 0.6064814814814815 0.14427083333333332 0.6231481481481481 0.14114583333333333 0.6351851851851852 0.15 0.6416666666666667 0.153125 0.6055555555555555
4 0.6994791666666667 0.6620370370370371 0.7052083333333333 0.6648148148148149 0.7072916666666667 0.6620370370370371 0.7072916666666667 0.649074074074074 0.7046875 0.6055555555555555 0.7005208333333334 0.6027777777777777 0.6958333333333333 0.6185185185185185 0.6947916666666667 0.6453703703703704 0.6916666666666667 0.6620370370370371 0.6932291666666667 0.6648148148148149 0.6994791666666667 0.6620370370370371
5 0.2625 0.5324074074074074 0.2598958333333333 0.5268518518518519 0.2552083333333333 0.5287037037037037 0.2557291666666667 0.575925925925926 0.2609375 0.5787037037037037 0.2635416666666667 0.5712962962962963 0.2625 0.5324074074074074
3 0.16197916666666667 0.5703703703703704 0.16979166666666667 0.5685185185185185 0.1671875 0.5583333333333333 0.17395833333333333 0.5444444444444444 0.17395833333333333 0.5277777777777778 0.16927083333333334 0.5305555555555556 0.165625 0.5231481481481481 0.16145833333333334 0.5222222222222223 0.15677083333333333 0.5314814814814814 0.1546875 0.5481481481481482 0.159375 0.5611111111111111 0.15885416666666666 0.5675925925925925 0.16197916666666667 0.5703703703703704
5 0.17760416666666667 0.6388888888888888 0.18125 0.6324074074074074 0.184375 0.6398148148148148 0.18697916666666667 0.6398148148148148 0.18802083333333333 0.6268518518518519 0.18541666666666667 0.5916666666666667 0.18020833333333333 0.5962962962962963 0.17708333333333334 0.6092592592592593 0.17708333333333334 0.6231481481481481 0.17291666666666666 0.6342592592592593 0.1734375 0.6388888888888888 0.17760416666666667 0.6388888888888888
4 0.45677083333333335 0.7416666666666667 0.4583333333333333 0.7398148148148148 0.45729166666666665 0.7296296296296296 0.46145833333333336 0.6777777777777778 0.459375 0.6703703703703704 0.4552083333333333 0.674074074074074 0.45 0.6925925925925925 0.45 0.7185185185185186 0.44583333333333336 0.7324074074074074 0.45364583333333336 0.7416666666666667 0.45677083333333335 0.7416666666666667
4 0.1625 0.7046296296296296 0.16927083333333334 0.7046296296296296 0.17135416666666667 0.7092592592592593 0.17552083333333332 0.7092592592592593 0.17604166666666668 0.7055555555555556 0.16927083333333334 0.6851851851851852 0.17135416666666667 0.6731481481481482 0.1671875 0.6435185185185185 0.165625 0.6425925925925926 0.16145833333333334 0.6518518518518519 0.15833333333333333 0.6694444444444444 0.15989583333333332 0.687962962962963 0.15625 0.7092592592592593 0.16041666666666668 0.7111111111111111 0.1625 0.7046296296296296
4 0.509375 0.6268518518518519 0.5041666666666667 0.625 0.5 0.6398148148148148 0.49895833333333334 0.6814814814814815 0.503125 0.6851851851851852 0.5114583333333333 0.6546296296296297 0.509375 0.6268518518518519
5 0.25052083333333336 0.9120370370370371 0.2557291666666667 0.9148148148148149 0.2635416666666667 0.9111111111111111 0.26197916666666665 0.9037037037037037 0.26666666666666666 0.8916666666666667 0.27708333333333335 0.9055555555555556 0.2828125 0.9185185185185185 0.2864583333333333 0.9157407407407407 0.2859375 0.9046296296296297 0.275 0.8888888888888888 0.265625 0.8601851851851852 0.2677083333333333 0.8462962962962963 0.25625 0.8333333333333334 0.2515625 0.837037037037037 0.25104166666666666 0.8481481481481481 0.24791666666666667 0.8564814814814815 0.25 0.8648148148148148 0.25052083333333336 0.9120370370370371
3 0.3265625 0.512962962962963 0.32083333333333336 0.5101851851851852 0.31614583333333335 0.5157407407407407 0.3171875 0.5564814814814815 0.321875 0.562037037037037 0.32447916666666665 0.5555555555555556 0.3265625 0.512962962962963