5 0.2484375 0.6472222222222223 0.2515625 0.6388888888888888 0.2557291666666667 0.6416666666666667 0.25729166666666664 0.6342592592592593 0.2552083333333333 0.6314814814814815 0.25364583333333335 0.6185185185185185 0.2552083333333333 0.6064814814814815 0.2520833333333333 0.5935185185185186 0.24739583333333334 0.5935185185185186 0.24635416666666668 0.5990740740740741 0.24375 0.6462962962962963 0.2484375 0.6472222222222223
5 0.6479166666666667 0.5916666666666667 0.6541666666666667 0.6037037037037037 0.6619791666666667 0.5898148148148148 0.6619791666666667 0.5851851851851851 0.6552083333333333 0.5638888888888889 0.6552083333333333 0.5564814814814815 0.65 0.5527777777777778 0.6463541666666667 0.5805555555555556 0.6479166666666667 0.5916666666666667
5 0.74375 0.6194444444444445 0.7484375 0.6231481481481481 0.7557291666666667 0.6101851851851852 0.7588541666666667 0.6101851851851852 0.759375 0.6055555555555555 0.7552083333333334 0.6018518518518519 0.753125 0.5944444444444444 0.75 0.5703703703703704 0.7463541666666667 0.5675925925925925 0.74375 0.5731481481481482 0.7453125 0.6092592592592593 0.74375 0.6194444444444445
5 0.18125 0.6296296296296297 0.1828125 0.625 0.18020833333333333 0.6138888888888889 0.18541666666666667 0.6037037037037037 0.184375 0.5888888888888889 0.17760416666666667 0.575925925925926 0.175 0.5787037037037037 0.17083333333333334 0.5953703703703703 0.16927083333333334 0.6268518518518519 0.18125 0.6296296296296297
5 0.5953125 0.5861111111111111 0.6010416666666667 0.5833333333333334 0.5979166666666667 0.5694444444444444 0.5989583333333334 0.5462962962962963 0.5958333333333333 0.5425925925925926 0.590625 0.5444444444444444 0.590625 0.5805555555555556 0.5953125 0.5861111111111111
4 0.4354166666666667 0.6351851851851852 0.43854166666666666 0.6259259259259259 0.4515625 0.6268518518518519 0.4510416666666667 0.6194444444444445 0.44479166666666664 0.6157407407407407 0.4395833333333333 0.5851851851851851 0.4354166666666667 0.5814814814814815 0.434375 0.5879629629629629 0.43333333333333335 0.6333333333333333 0.4354166666666667 0.6351851851851852
5 0.10833333333333334 0.7129629629629629 0.11145833333333334 0.7148148148148148 0.11458333333333333 0.7101851851851851 0.11458333333333333 0.6981481481481482 0.11197916666666667 0.687962962962963 0.1140625 0.6694444444444444 0.10677083333333333 0.6509259259259259 0.10364583333333334 0.65 0.10052083333333334 0.6620370370370371 0.09895833333333333 0.6731481481481482 0.10833333333333334 0.7129629629629629
5 0.434375 0.6759259259259259 0.4375 0.6944444444444444 0.4432291666666667 0.6990740740740741 0.4505208333333333 0.7138888888888889 0.4552083333333333 0.7129629629629629 0.4557291666666667 0.7074074074074074 0.4505208333333333 0.6925925925925925 0.45 0.6814814814814815 0.4421875 0.65 0.4359375 0.649074074074074 0.434375 0.6527777777777778 0.434375 0.6759259259259259
4 0.4265625 0.6638888888888889 0.425 0.6731481481481482 0.4265625 0.6925925925925925 0.43125 0.6935185185185185 0.4359375 0.687962962962963 0.4395833333333333 0.6972222222222222 0.44375 0.6981481481481482 0.4427083333333333 0.674074074074074 0.44427083333333334 0.6657407407407407 0.44166666666666665 0.65 0.4359375 0.6425925925925926 0.43333333333333335 0.6314814814814815 0.4276041666666667 0.6333333333333333 0.4244791666666667 0.65 0.4265625 0.6638888888888889
4 0.5625 0.5833333333333334 0.5661458333333333 0.5851851851851851 0.5744791666666667 0.5722222222222222 0.5739583333333333 0.549074074074074 0.56875 0.5388888888888889 0.5661458333333333 0.5407407407407407 0.5645833333333333 0.549074074074074 0.565625 0.5675925925925925 0.5625 0.5833333333333334
0 0.11354166666666667 0.4212962962962963 0.11666666666666667 0.4203703703703704 0.1203125 0.40925925925925927 0.11666666666666667 0.4046296296296296 0.1078125 0.4064814814814815 0.10885416666666667 0.4185185185185185 0.11354166666666667 0.4212962962962963
4 0.6807291666666667 0.6657407407407407 0.6786458333333333 0.6805555555555556 0.6807291666666667 0.6925925925925925 0.6796875 0.7046296296296296 0.696875 0.700925925925926 0.696875 0.6925925925925925 0.6901041666666666 0.6777777777777778 0.6911458333333333 0.6546296296296297 0.6864583333333333 0.637962962962963 0.68125 0.637962962962963 0.678125 0.6537037037037037 0.6807291666666667 0.6657407407407407
4 0.6880208333333333 0.6388888888888888 0.6963541666666667 0.6518518518518519 0.7052083333333333 0.6555555555555556 0.7067708333333333 0.65 0.7010416666666667 0.6305555555555555 0.6989583333333333 0.6064814814814815 0.6932291666666667 0.5944444444444444 0.6890625 0.6138888888888889 0.690625 0.6231481481481481 0.6880208333333333 0.6388888888888888
5 0.40520833333333334 0.587037037037037 0.40625 0.5907407407407408 0.4083333333333333 0.5925925925925926 0.41302083333333334 0.5851851851851851 0.4166666666666667 0.5842592592592593 0.42291666666666666 0.5907407407407408 0.421875 0.5953703703703703 0.425 0.5962962962962963 0.4239583333333333 0.5824074074074074 0.41770833333333335 0.575 0.41458333333333336 0.5648148148148148 0.4161458333333333 0.5583333333333333 0.4114583333333333 0.5546296296296296 0.40729166666666666 0.5601851851851852 0.4088541666666667 0.5685185185185185 0.40520833333333334 0.587037037037037
4 0.0046875 0.637962962962963 0.003125 0.6425925925925926 0.00625 0.6583333333333333 0.015625 0.6611111111111111 0.0171875 0.6574074074074074 0.0140625 0.6453703703703704 0.0171875 0.6138888888888889 0.013541666666666667 0.6018518518518519 0.010416666666666666 0.5990740740740741 0.004166666666666667 0.6101851851851852 0.0026041666666666665 0.6212962962962963 0.0046875 0.637962962962963
3 0.403125 0.6416666666666667 0.4046875 0.6444444444444445 0.4078125 0.6416666666666667 0.409375 0.6333333333333333 0.415625 0.6342592592592593 0.415625 0.6314814814814815 0.4109375 0.6268518518518519 0.409375 0.6203703703703703 0.4114583333333333 0.6074074074074074 0.41041666666666665 0.5824074074074074 0.40260416666666665 0.5851851851851851 0.4015625 0.6074074074074074 0.403125 0.6416666666666667
4 0.5770833333333333 0.6064814814814815 0.5802083333333333 0.6083333333333333 0.5838541666666667 0.5972222222222222 0.5921875 0.6 0.5932291666666667 0.5953703703703703 0.5890625 0.5898148148148148 0.5880208333333333 0.5740740740740741 0.584375 0.562037037037037 0.5796875 0.5601851851851852 0.5770833333333333 0.5685185185185185 0.5786458333333333 0.5916666666666667 0.5770833333333333 0.6064814814814815
3 0 0.587037037037037 0.005729166666666666 0.5879629629629629 0.011458333333333333 0.5555555555555556 0.009895833333333333 0.5481481481481482 0.0015625 0.5370370370370371 0 0.5370370370370371 0 0.587037037037037
3 0.24375 0.5768518518518518 0.25052083333333336 0.5444444444444444 0.2453125 0.5287037037037037 0.24010416666666667 0.5268518518518519 0.24166666666666667 0.5712962962962963 0.24375 0.5768518518518518
4 0.6822916666666666 0.6185185185185185 0.6848958333333334 0.6083333333333333 0.6828125 0.5962962962962963 0.684375 0.5805555555555556 0.6817708333333333 0.5694444444444444 0.6776041666666667 0.5638888888888889 0.6744791666666666 0.5675925925925925 0.6734375 0.575925925925926 0.6755208333333333 0.6055555555555555 0.6822916666666666 0.6185185185185185