4 0.3338541666666667 0.6611111111111111 0.3328125 0.6453703703703704 0.33489583333333334 0.6388888888888888 0.33229166666666665 0.6185185185185185 0.3296875 0.6138888888888889 0.3260416666666667 0.6157407407407407 0.32083333333333336 0.6333333333333333 0.32447916666666665 0.6416666666666667 0.3260416666666667 0.6657407407407407 0.3338541666666667 0.6611111111111111
3 0.39947916666666666 0.5611111111111111 0.3953125 0.5611111111111111 0.3927083333333333 0.5685185185185185 0.3927083333333333 0.5925925925925926 0.39739583333333334 0.5981481481481481 0.39947916666666666 0.5953703703703703 0.39947916666666666 0.5611111111111111
4 0.4296875 0.6898148148148148 0.4276041666666667 0.6425925925925926 0.4234375 0.6425925925925926 0.4203125 0.6537037037037037 0.41875 0.6777777777777778 0.41510416666666666 0.6935185185185185 0.4276041666666667 0.6962962962962963 0.4296875 0.6898148148148148
4 0.18541666666666667 0.6814814814814815 0.18854166666666666 0.674074074074074 0.1859375 0.6648148148148149 0.1859375 0.637962962962963 0.18177083333333333 0.6287037037037037 0.17760416666666667 0.6287037037037037 0.175 0.6370370370370371 0.1734375 0.6537037037037037 0.17604166666666668 0.6796296296296296 0.1796875 0.6833333333333333 0.18541666666666667 0.6814814814814815
4 0.6817708333333333 0.6851851851851852 0.6817708333333333 0.6527777777777778 0.678125 0.6398148148148148 0.6744791666666666 0.6416666666666667 0.6729166666666667 0.6537037037037037 0.671875 0.6898148148148148 0.678125 0.6925925925925925 0.68125 0.6898148148148148 0.6817708333333333 0.6851851851851852
4 0.6057291666666667 0.7351851851851852 0.6036458333333333 0.7231481481481481 0.603125 0.6925925925925925 0.5994791666666667 0.6796296296296296 0.5958333333333333 0.6833333333333333 0.5947916666666667 0.7 0.5942708333333333 0.7361111111111112 0.5973958333333333 0.7398148148148148 0.603125 0.7398148148148148 0.6057291666666667 0.7351851851851852
4 0.659375 0.6833333333333333 0.6604166666666667 0.6481481481481481 0.65625 0.637962962962963 0.6536458333333334 0.637962962962963 0.6520833333333333 0.6444444444444445 0.6505208333333333 0.6712962962962963 0.6536458333333334 0.6851851851851852 0.6578125 0.687037037037037 0.659375 0.6833333333333333
4 0.28541666666666665 0.6694444444444444 0.2890625 0.6342592592592593 0.28541666666666665 0.6203703703703703 0.2828125 0.6185185185185185 0.2786458333333333 0.625 0.27708333333333335 0.637962962962963 0.2791666666666667 0.6703703703703704 0.2833333333333333 0.6722222222222223 0.28541666666666665 0.6694444444444444
4 0.2765625 0.7675925925925926 0.28177083333333336 0.7666666666666667 0.2838541666666667 0.7157407407407408 0.28020833333333334 0.7037037037037037 0.27760416666666665 0.7018518518518518 0.2713541666666667 0.7185185185185186 0.26979166666666665 0.7398148148148148 0.27291666666666664 0.7518518518518519 0.27291666666666664 0.7638888888888888 0.2765625 0.7675925925925926
5 0.1625 0.6583333333333333 0.1625 0.6259259259259259 0.15729166666666666 0.6203703703703703 0.15364583333333334 0.6305555555555555 0.15364583333333334 0.6527777777777778 0.15520833333333334 0.6657407407407407 0.1578125 0.6703703703703704 0.1625 0.6583333333333333
5 0.39895833333333336 0.6453703703703704 0.3953125 0.6342592592592593 0.39166666666666666 0.6333333333333333 0.39010416666666664 0.637962962962963 0.38958333333333334 0.6574074074074074 0.3890625 0.6814814814814815 0.3958333333333333 0.6833333333333333 0.39791666666666664 0.6777777777777778 0.39895833333333336 0.6453703703703704
5 0.1671875 0.6361111111111111 0.16197916666666667 0.6259259259259259 0.15885416666666666 0.637962962962963 0.15677083333333333 0.6537037037037037 0.15729166666666666 0.6731481481481482 0.165625 0.6712962962962963 0.1671875 0.6361111111111111
5 0.13177083333333334 0.6222222222222222 0.125 0.6203703703703703 0.12239583333333333 0.6259259259259259 0.12239583333333333 0.6657407407407407 0.12708333333333333 0.675 0.13020833333333334 0.6731481481481482 0.13177083333333334 0.6222222222222222
5 0.20520833333333333 0.6222222222222222 0.2015625 0.6277777777777778 0.2 0.6462962962962963 0.19895833333333332 0.6731481481481482 0.20989583333333334 0.675 0.2078125 0.6296296296296297 0.20520833333333333 0.6222222222222222
5 0.19635416666666666 0.6583333333333333 0.19583333333333333 0.6444444444444445 0.19270833333333334 0.625 0.18854166666666666 0.625 0.18645833333333334 0.6287037037037037 0.18541666666666667 0.6509259259259259 0.18958333333333333 0.6759259259259259 0.19427083333333334 0.6712962962962963 0.19635416666666666 0.6583333333333333
3 0.8729166666666667 0.6305555555555555 0.8723958333333334 0.6138888888888889 0.8765625 0.6148148148148148 0.8807291666666667 0.6027777777777777 0.8786458333333333 0.5981481481481481 0.8796875 0.5953703703703703 0.8692708333333333 0.5824074074074074 0.8640625 0.5851851851851851 0.8630208333333333 0.6148148148148148 0.8645833333333334 0.6305555555555555 0.8703125 0.6324074074074074 0.8729166666666667 0.6305555555555555
5 0.13645833333333332 0.6601851851851852 0.13489583333333333 0.6287037037037037 0.13020833333333334 0.6231481481481481 0.12708333333333333 0.6296296296296297 0.12395833333333334 0.6657407407407407 0.128125 0.674074074074074 0.134375 0.675 0.13645833333333332 0.6601851851851852
5 0.14791666666666667 0.6657407407407407 0.14427083333333332 0.6537037037037037 0.14427083333333332 0.6305555555555555 0.14010416666666667 0.6305555555555555 0.13697916666666668 0.6435185185185185 0.13541666666666666 0.6731481481481482 0.1375 0.6759259259259259 0.14739583333333334 0.6731481481481482 0.14791666666666667 0.6657407407407407