4 0.06979166666666667 0.6083333333333333 0.07291666666666667 0.5898148148148148 0.06614583333333333 0.5898148148148148 0.059375 0.6037037037037037 0.059375 0.6398148148148148 0.0640625 0.6425925925925926 0.07135416666666666 0.6148148148148148 0.06979166666666667 0.6083333333333333
4 0.1640625 0.5879629629629629 0.15833333333333333 0.575 0.15416666666666667 0.587037037037037 0.15260416666666668 0.6222222222222222 0.1609375 0.625 0.16302083333333334 0.6222222222222222 0.1640625 0.5879629629629629
4 0.3067708333333333 0.6722222222222223 0.31145833333333334 0.6583333333333333 0.3072916666666667 0.6527777777777778 0.30416666666666664 0.6240740740740741 0.303125 0.6185185185185185 0.30104166666666665 0.6185185185185185 0.2989583333333333 0.6222222222222222 0.30104166666666665 0.6537037037037037 0.30364583333333334 0.6694444444444444 0.3067708333333333 0.6722222222222223
4 0.33541666666666664 0.6722222222222223 0.32916666666666666 0.6527777777777778 0.3302083333333333 0.6305555555555555 0.32135416666666666 0.6185185185185185 0.3182291666666667 0.6314814814814815 0.3177083333333333 0.6601851851851852 0.32083333333333336 0.6768518518518518 0.3338541666666667 0.6787037037037037 0.33541666666666664 0.6722222222222223
5 0.6098958333333333 0.7379629629629629 0.6140625 0.7212962962962963 0.6213541666666667 0.725925925925926 0.6265625 0.7351851851851852 0.6286458333333333 0.7342592592592593 0.6286458333333333 0.7268518518518519 0.621875 0.7185185185185186 0.6192708333333333 0.7092592592592593 0.6145833333333334 0.6805555555555556 0.6109375 0.6777777777777778 0.609375 0.6833333333333333 0.6067708333333334 0.725 0.6015625 0.7361111111111112 0.6067708333333334 0.7398148148148148 0.6098958333333333 0.7379629629629629
5 0.26197916666666665 0.6222222222222222 0.259375 0.6194444444444445 0.253125 0.5916666666666667 0.24791666666666667 0.5888888888888889 0.24895833333333334 0.6231481481481481 0.259375 0.6370370370370371 0.2625 0.6351851851851852 0.26197916666666665 0.6222222222222222
5 0.026041666666666668 0.6046296296296296 0.021875 0.5972222222222222 0.013020833333333334 0.6092592592592593 0.010416666666666666 0.6222222222222222 0.008854166666666666 0.65 0.0171875 0.6527777777777778 0.030208333333333334 0.6240740740740741 0.026041666666666668 0.6046296296296296
5 0.6869791666666667 0.6046296296296296 0.684375 0.5842592592592593 0.6901041666666666 0.575925925925926 0.6822916666666666 0.5731481481481482 0.6791666666666667 0.5675925925925925 0.6739583333333333 0.575925925925926 0.6744791666666666 0.5990740740740741 0.68125 0.6083333333333333 0.6854166666666667 0.6092592592592593 0.6869791666666667 0.6046296296296296
4 0.8208333333333333 0.6342592592592593 0.8177083333333334 0.5916666666666667 0.8145833333333333 0.5824074074074074 0.8109375 0.5842592592592593 0.8083333333333333 0.5990740740740741 0.8078125 0.6185185185185185 0.8046875 0.6259259259259259 0.8057291666666667 0.6342592592592593 0.8208333333333333 0.6342592592592593
4 0.346875 0.6212962962962963 0.3546875 0.6138888888888889 0.3453125 0.5833333333333334 0.3416666666666667 0.5796296296296296 0.34010416666666665 0.5842592592592593 0.33958333333333335 0.6231481481481481 0.3411458333333333 0.6277777777777778 0.3453125 0.6287037037037037 0.346875 0.6212962962962963
3 0.36875 0.6574074074074074 0.3729166666666667 0.6574074074074074 0.3734375 0.6481481481481481 0.37604166666666666 0.6435185185185185 0.3885416666666667 0.6472222222222223 0.3890625 0.6425925925925926 0.3854166666666667 0.6398148148148148 0.37916666666666665 0.6259259259259259 0.38177083333333334 0.6138888888888889 0.3765625 0.6 0.3734375 0.5972222222222222 0.36875 0.5990740740740741 0.3671875 0.6064814814814815 0.36666666666666664 0.6222222222222222 0.3692708333333333 0.6240740740740741 0.3703125 0.6398148148148148 0.36875 0.6574074074074074
4 0.5484375 0.6388888888888888 0.5567708333333333 0.6435185185185185 0.5578125 0.637962962962963 0.5526041666666667 0.625 0.5489583333333333 0.5972222222222222 0.5427083333333333 0.5953703703703703 0.5421875 0.6296296296296297 0.5395833333333333 0.6462962962962963 0.5447916666666667 0.6481481481481481 0.5484375 0.6388888888888888
5 0.6052083333333333 0.6240740740740741 0.6078125 0.637962962962963 0.621875 0.637962962962963 0.6223958333333334 0.6333333333333333 0.615625 0.6129629629629629 0.615625 0.6018518518518519 0.6114583333333333 0.5916666666666667 0.6036458333333333 0.5916666666666667 0.6036458333333333 0.5981481481481481 0.5994791666666667 0.6 0.5994791666666667 0.6064814814814815 0.6036458333333333 0.6074074074074074 0.60625 0.6129629629629629 0.6052083333333333 0.6240740740740741
5 0.30625 0.674074074074074 0.30885416666666665 0.6712962962962963 0.31197916666666664 0.6574074074074074 0.3078125 0.6472222222222223 0.3067708333333333 0.6287037037037037 0.30364583333333334 0.6175925925925926 0.2984375 0.6175925925925926 0.2989583333333333 0.6537037037037037 0.3026041666666667 0.6638888888888889 0.3026041666666667 0.6703703703703704 0.30625 0.674074074074074
5 0.3734375 0.575925925925926 0.36875 0.5740740740740741 0.36666666666666664 0.5787037037037037 0.3671875 0.6064814814814815 0.371875 0.6092592592592593 0.3776041666666667 0.6064814814814815 0.3734375 0.575925925925926
4 0.6083333333333333 0.575925925925926 0.6057291666666667 0.5611111111111111 0.5994791666666667 0.5601851851851852 0.5973958333333333 0.6027777777777777 0.6015625 0.6055555555555555 0.6088541666666667 0.5925925925925926 0.6083333333333333 0.575925925925926
4 0.5651041666666666 0.600925925925926 0.5671875 0.5981481481481481 0.5661458333333333 0.5638888888888889 0.5635416666666667 0.5564814814814815 0.5598958333333334 0.5555555555555556 0.5583333333333333 0.5601851851851852 0.5567708333333333 0.575 0.5583333333333333 0.5953703703703703 0.5604166666666667 0.600925925925926 0.5651041666666666 0.600925925925926
5 0.5546875 0.5916666666666667 0.5557291666666667 0.5833333333333334 0.5526041666666667 0.5518518518518518 0.5484375 0.55 0.546875 0.5546296296296296 0.5458333333333333 0.587037037037037 0.546875 0.5944444444444444 0.5489583333333333 0.5953703703703703 0.5546875 0.5916666666666667
5 0.8395833333333333 0.6768518518518518 0.8354166666666667 0.6712962962962963 0.8338541666666667 0.6620370370370371 0.8354166666666667 0.6453703703703704 0.8296875 0.6296296296296297 0.8239583333333333 0.637962962962963 0.821875 0.6694444444444444 0.834375 0.687962962962963 0.8380208333333333 0.6888888888888889 0.8395833333333333 0.6768518518518518
4 0 0.7138888888888889 0.0026041666666666665 0.7166666666666667 0.003125 0.7361111111111112 0.0067708333333333336 0.7388888888888889 0.009375 0.7361111111111112 0.009375 0.7268518518518519 0.015104166666666667 0.7240740740740741 0.0171875 0.7277777777777777 0.021354166666666667 0.7277777777777777 0.021354166666666667 0.7231481481481481 0.014583333333333334 0.7092592592592593 0.015104166666666667 0.6851851851851852 0.009375 0.6694444444444444 0.005208333333333333 0.6712962962962963 0.0046875 0.6768518518518518 0 0.6824074074074075 0 0.7138888888888889