4 0.8130208333333333 0.5990740740740741 0.8197916666666667 0.6018518518518519 0.8234375 0.5990740740740741 0.8260416666666667 0.5916666666666667 0.8213541666666667 0.5814814814814815 0.821875 0.5509259259259259 0.8177083333333334 0.537962962962963 0.8125 0.5407407407407407 0.8109375 0.5601851851851852 0.8130208333333333 0.5990740740740741
5 0.19739583333333333 0.5638888888888889 0.20416666666666666 0.5694444444444444 0.20520833333333333 0.5796296296296296 0.21979166666666666 0.5796296296296296 0.22135416666666666 0.575925925925926 0.2203125 0.5601851851851852 0.215625 0.5453703703703704 0.21458333333333332 0.5296296296296297 0.21197916666666666 0.5222222222222223 0.20885416666666667 0.5175925925925926 0.2046875 0.5185185185185185 0.20104166666666667 0.5305555555555556 0.20052083333333334 0.5509259259259259 0.19739583333333333 0.5638888888888889
5 0.05 0.6611111111111111 0.06041666666666667 0.6620370370370371 0.0625 0.6583333333333333 0.058854166666666666 0.6444444444444445 0.0609375 0.6314814814814815 0.06041666666666667 0.6157407407407407 0.05416666666666667 0.5990740740740741 0.04791666666666667 0.5990740740740741 0.04739583333333333 0.6444444444444445 0.05 0.6611111111111111
5 0.8515625 0.637962962962963 0.853125 0.6407407407407407 0.8515625 0.6611111111111111 0.8583333333333333 0.6777777777777778 0.8619791666666666 0.6787037037037037 0.8651041666666667 0.674074074074074 0.86875 0.6851851851851852 0.8729166666666667 0.687962962962963 0.8755208333333333 0.6851851851851852 0.8755208333333333 0.6805555555555556 0.8666666666666667 0.6574074074074074 0.8645833333333334 0.6416666666666667 0.8666666666666667 0.6314814814814815 0.8635416666666667 0.6148148148148148 0.8614583333333333 0.6111111111111112 0.8567708333333334 0.6148148148148148 0.85625 0.6259259259259259 0.8515625 0.637962962962963
4 0.47291666666666665 0.5722222222222222 0.4786458333333333 0.575 0.48333333333333334 0.5638888888888889 0.49375 0.5685185185185185 0.4942708333333333 0.562037037037037 0.4895833333333333 0.5555555555555556 0.48541666666666666 0.5305555555555556 0.4822916666666667 0.524074074074074 0.4786458333333333 0.5268518518518519 0.47708333333333336 0.5574074074074075 0.47291666666666665 0.5722222222222222
4 0.23802083333333332 0.5601851851851852 0.23958333333333334 0.5638888888888889 0.24427083333333333 0.5638888888888889 0.2484375 0.5601851851851852 0.246875 0.5453703703703704 0.25 0.5296296296296297 0.25 0.5175925925925926 0.24427083333333333 0.5092592592592593 0.24010416666666667 0.5120370370370371 0.23697916666666666 0.5324074074074074 0.23802083333333332 0.5601851851851852
5 0.428125 0.5953703703703703 0.43020833333333336 0.5981481481481481 0.4427083333333333 0.5972222222222222 0.44427083333333334 0.5898148148148148 0.4401041666666667 0.5842592592592593 0.4359375 0.5694444444444444 0.4375 0.5518518518518518 0.4317708333333333 0.5370370370370371 0.4276041666666667 0.5370370370370371 0.4265625 0.5435185185185185 0.42552083333333335 0.5805555555555556 0.428125 0.5953703703703703
3 0.3015625 0.6453703703703704 0.3015625 0.6537037037037037 0.3078125 0.6518518518518519 0.3125 0.6564814814814814 0.3140625 0.6712962962962963 0.31875 0.675 0.328125 0.6675925925925926 0.3223958333333333 0.6462962962962963 0.3265625 0.6175925925925926 0.31354166666666666 0.5990740740740741 0.3098958333333333 0.5879629629629629 0.30625 0.5907407407407408 0.2989583333333333 0.637962962962963 0.3015625 0.6453703703703704
4 0.259375 0.6212962962962963 0.2609375 0.6185185185185185 0.2640625 0.6027777777777777 0.2755208333333333 0.6101851851851852 0.28072916666666664 0.6092592592592593 0.2796875 0.6037037037037037 0.27291666666666664 0.5990740740740741 0.2703125 0.5925925925925926 0.271875 0.5740740740740741 0.2677083333333333 0.5583333333333333 0.2625 0.5592592592592592 0.2625 0.5675925925925925 0.2598958333333333 0.575 0.25625 0.6185185185185185 0.259375 0.6212962962962963
5 0.5864583333333333 0.5722222222222222 0.5916666666666667 0.575 0.59375 0.5722222222222222 0.5927083333333333 0.5472222222222223 0.5947916666666667 0.5351851851851852 0.5885416666666666 0.5212962962962963 0.5859375 0.5212962962962963 0.5822916666666667 0.5296296296296297 0.5807291666666666 0.5370370370370371 0.5864583333333333 0.5722222222222222
4 0.23489583333333333 0.6138888888888889 0.234375 0.6333333333333333 0.24114583333333334 0.649074074074074 0.2453125 0.65 0.24791666666666667 0.6268518518518519 0.24270833333333333 0.5990740740740741 0.23645833333333333 0.5833333333333334 0.23177083333333334 0.5861111111111111 0.23177083333333334 0.6037037037037037 0.23489583333333333 0.6138888888888889
4 0 0.6027777777777777 0.005729166666666666 0.6027777777777777 0.0015625 0.5722222222222222 0 0.5722222222222222 0 0.6027777777777777
4 0.3223958333333333 0.687962962962963 0.32135416666666666 0.7435185185185185 0.32864583333333336 0.7472222222222222 0.3307291666666667 0.7444444444444445 0.33177083333333335 0.725 0.3421875 0.7203703703703703 0.34375 0.7157407407407408 0.3411458333333333 0.7092592592592593 0.33697916666666666 0.7074074074074074 0.33229166666666665 0.6759259259259259 0.3260416666666667 0.6648148148148149 0.32447916666666665 0.6675925925925926 0.31979166666666664 0.6768518518518518 0.3223958333333333 0.687962962962963
5 0.47239583333333335 0.7157407407407408 0.47239583333333335 0.7324074074074074 0.47552083333333334 0.7509259259259259 0.4822916666666667 0.7527777777777778 0.4864583333333333 0.7379629629629629 0.4901041666666667 0.7342592592592593 0.4890625 0.7287037037037037 0.484375 0.7240740740740741 0.4822916666666667 0.6990740740740741 0.47604166666666664 0.6796296296296296 0.471875 0.6777777777777778 0.4703125 0.6805555555555556 0.46979166666666666 0.7037037037037037 0.47239583333333335 0.7157407407407408
3 0.2125 0.5212962962962963 0.2203125 0.525 0.22291666666666668 0.5027777777777778 0.22291666666666668 0.4787037037037037 0.2203125 0.4666666666666667 0.21666666666666667 0.4638888888888889 0.21458333333333332 0.4666666666666667 0.21041666666666667 0.48148148148148145 0.20989583333333334 0.49722222222222223 0.2125 0.5212962962962963
5 0.3020833333333333 0.6546296296296297 0.3109375 0.6537037037037037 0.3125 0.6425925925925926 0.3098958333333333 0.6305555555555555 0.315625 0.6064814814814815 0.3098958333333333 0.587037037037037 0.30625 0.5879629629629629 0.30520833333333336 0.5925925925925926 0.2984375 0.6305555555555555 0.3020833333333333 0.6546296296296297