5 0.3578125 0.5833333333333334 0.3609375 0.5879629629629629 0.3671875 0.587037037037037 0.3703125 0.5833333333333334 0.36822916666666666 0.5731481481481482 0.3692708333333333 0.5546296296296296 0.36666666666666664 0.5324074074074074 0.36302083333333335 0.5333333333333333 0.3614583333333333 0.5444444444444444 0.3609375 0.5694444444444444 0.3578125 0.5833333333333334
5 0.51875 0.5601851851851852 0.5291666666666667 0.562037037037037 0.53125 0.5555555555555556 0.5291666666666667 0.5268518518518519 0.5255208333333333 0.5166666666666667 0.5213541666666667 0.5212962962962963 0.521875 0.5407407407407407 0.51875 0.5601851851851852
4 0.21510416666666668 0.5768518518518518 0.22083333333333333 0.5722222222222222 0.22395833333333334 0.5481481481481482 0.2203125 0.5324074074074074 0.225 0.5287037037037037 0.21197916666666666 0.5277777777777778 0.2109375 0.575925925925926 0.21510416666666668 0.5768518518518518
4 0.10416666666666667 0.65 0.10729166666666666 0.6555555555555556 0.1125 0.6546296296296297 0.1140625 0.6509259259259259 0.11458333333333333 0.6037037037037037 0.1078125 0.5898148148148148 0.10416666666666667 0.5916666666666667 0.10104166666666667 0.6027777777777777 0.10052083333333334 0.6240740740740741 0.10416666666666667 0.65
4 0.4822916666666667 0.6027777777777777 0.4828125 0.6185185185185185 0.49114583333333334 0.6194444444444445 0.49375 0.6166666666666667 0.4921875 0.600925925925926 0.49322916666666666 0.5722222222222222 0.4859375 0.5601851851851852 0.4796875 0.5638888888888889 0.4791666666666667 0.5953703703703703 0.4822916666666667 0.6027777777777777
3 0.17760416666666667 0.6138888888888889 0.1796875 0.6101851851851852 0.175 0.5805555555555556 0.17395833333333333 0.5527777777777778 0.16979166666666667 0.5518518518518518 0.1671875 0.5638888888888889 0.16458333333333333 0.6111111111111112 0.17760416666666667 0.6138888888888889
4 0.48020833333333335 0.6805555555555556 0.48333333333333334 0.6842592592592592 0.4859375 0.6796296296296296 0.4895833333333333 0.6796296296296296 0.49375 0.6851851851851852 0.49583333333333335 0.6824074074074075 0.4942708333333333 0.6537037037037037 0.496875 0.637962962962963 0.4901041666666667 0.6148148148148148 0.4859375 0.6157407407407407 0.4828125 0.6259259259259259 0.48385416666666664 0.6577157407407407 0.48020833333333335 0.6805555555555556
5 0.059895833333333336 0.6407407407407407 0.06145833333333333 0.6027777777777777 0.05364583333333333 0.5796296296296296 0.051041666666666666 0.5805555555555556 0.05 0.5898148148148148 0.04739583333333333 0.637962962962963 0.059895833333333336 0.6407407407407407
5 0.30364583333333334 0.6398148148148148 0.3104166666666667 0.6388888888888888 0.31145833333333334 0.5916666666666667 0.303125 0.5787037037037037 0.29791666666666666 0.5907407407407408 0.30104166666666665 0.6351851851851852 0.30364583333333334 0.6398148148148148
0 0.50625 0.575925925925926 0.509375 0.5601851851851852 0.5015625 0.5574074074074075 0.5005208333333333 0.5694444444444444 0.50625 0.575925925925926
4 0.13020833333333334 0.5796296296296296 0.13854166666666667 0.5912037037037037 0.13489583333333333 0.6185185185185185 0.13854166666666667 0.6212962962962963 0.14166666666666666 0.6129629629629629 0.14427083333333332 0.6148148148148148 0.14583333333333334 0.6222222222222222 0.14895833333333333 0.6222222222222222 0.15052083333333333 0.6194444444444445 0.1515625 0.5824074074074074 0.14583333333333334 0.5675925925925925 0.14166666666666666 0.5657407407407408 0.14010416666666667 0.5712962962962963 0.13020833333333334 0.5796296296296296
2 0.6109375 0.5814814814814815 0.6145833333333334 0.5787037037037037 0.615625 0.5407407407407407 0.6119791666666666 0.5222222222222223 0.60625 0.5185185185185185 0.6072916666666667 0.5768518518518518 0.6109375 0.5814814814814815
5 0.5921875 0.6361111111111111 0.5953125 0.6388888888888888 0.596875 0.6361111111111111 0.5947916666666667 0.6123453703703703 0.5953125 0.5879629629629629 0.5921875 0.5768518518518518 0.5890625 0.5814814814814815 0.584375 0.6111111111111112 0.5817708333333333 0.6370370370370371 0.5921875 0.6361111111111111
5 0.22239583333333332 0.5666666666666667 0.228125 0.5703703703703704 0.23229166666666667 0.5685185185185185 0.22916666666666666 0.5351851851851852 0.22447916666666667 0.524074074074074 0.2203125 0.5370370370370371 0.21979166666666666 0.5694444444444444 0.22239583333333332 0.5666666666666667
5 0.5484375 0.6861111111111111 0.5510416666666667 0.6814814814814815 0.5489583333333333 0.6703703703703704 0.5489583333333333 0.6305555555555555 0.5453125 0.6231481481481481 0.5395833333333333 0.6259259259259259 0.5395833333333333 0.6851851851851852 0.5484375 0.6861111111111111
4 0.38385416666666666 0.5916666666666667 0.3885416666666667 0.5935185185185186 0.39114583333333336 0.5907407407407408 0.3927083333333333 0.5527777777777778 0.3885416666666667 0.5416666666666666 0.3848958333333333 0.5425925925925926 0.38177083333333334 0.5509259259259259 0.3828125 0.5879629629629629 0.38385416666666666 0.5916666666666667