5 0.2515625 0.6787037037037037 0.2557291666666667 0.6731481481481482 0.25729166666666664 0.6601851851851852 0.25729166666666664 0.6453703703703704 0.2520833333333333 0.6277777777777778 0.24791666666666667 0.6305555555555555 0.24427083333333333 0.6453703703703704 0.24427083333333333 0.6731481481481482 0.2515625 0.6787037037037037
4 0.31666666666666665 0.6601851851851852 0.3223958333333333 0.6638888888888889 0.32395833333333335 0.6611111111111111 0.32395833333333335 0.6175925925925926 0.3177083333333333 0.6083333333333333 0.31197916666666664 0.6185185185185185 0.3145833333333333 0.6546296296296297 0.31666666666666665 0.6601851851851852
4 0.196875 0.674074074074074 0.2015625 0.675 0.20520833333333333 0.6462962962962963 0.2046875 0.6277777777777778 0.20104166666666667 0.6175925925925926 0.19375 0.6305555555555555 0.19427083333333334 0.6666666666666666 0.196875 0.674074074074074
5 0.4270833333333333 0.6361111111111111 0.43020833333333336 0.65 0.4354166666666667 0.6518518518518519 0.43802083333333336 0.6462962962962963 0.4348958333333333 0.6259259259259259 0.4359375 0.612037037037037 0.43125 0.6 0.4270833333333333 0.6027777777777777 0.425 0.6148148148148148 0.4270833333333333 0.6361111111111111
5 0.0671875 0.6888888888888889 0.06822916666666666 0.6925925925925925 0.07239583333333334 0.6916666666666667 0.07447916666666667 0.6861111111111111 0.07708333333333334 0.6416666666666667 0.07083333333333333 0.6296296296296297 0.06770833333333333 0.6296296296296297 0.06302083333333333 0.6407407407407407 0.0625 0.6518518518518519 0.0671875 0.6888888888888889
5 0.6557291666666667 0.6527777777777778 0.6583333333333333 0.6444444444444445 0.6640625 0.6444444444444445 0.665625 0.6509259259259259 0.6697916666666667 0.6518518518518519 0.6703125 0.6462962962962963 0.6671875 0.637962962962963 0.6598958333333333 0.5953703703703703 0.6572916666666667 0.5935185185185186 0.6546875 0.6027777777777777 0.6505208333333333 0.65 0.6557291666666667 0.6527777777777778
4 0.3255208333333333 0.8657407407407407 0.32135416666666666 0.8916666666666667 0.31875 0.9009259259259259 0.3151041666666667 0.9037037037037037 0.3182291666666667 0.9083333333333333 0.3234375 0.9092592592592592 0.3265625 0.9037037037037037 0.3302083333333333 0.8833333333333333 0.3328125 0.8824074074074074 0.3458333333333333 0.8962962962962963 0.3494791666666667 0.9055555555555556 0.353125 0.9064814814814814 0.353125 0.8925925925925926 0.34270833333333334 0.8814814814814815 0.3385416666666667 0.8694444444444445 0.3411458333333333 0.8425925925925926 0.34010416666666665 0.8342592592592593 0.3260416666666667 0.8148148148148148 0.31927083333333334 0.8453703703703703 0.3255208333333333 0.8592592592592593 0.3255208333333333 0.8657407407407407
4 0.15104166666666666 0.6277777777777778 0.153125 0.6305555555555555 0.16302083333333334 0.6287037037037037 0.16458333333333333 0.6259259259259259 0.16354166666666667 0.5888888888888889 0.15885416666666666 0.5768518518518518 0.15416666666666667 0.5833333333333334 0.15260416666666668 0.5953703703703703 0.153125 0.6175925925925926 0.15104166666666666 0.6277777777777778
5 0.6552083333333333 0.7481481481481481 0.6630208333333333 0.7861111111111111 0.6739583333333333 0.7851851851851852 0.675 0.7805555555555556 0.6713541666666667 0.7722222222222223 0.6651041666666667 0.7305555555555555 0.6546875 0.7157407407407408 0.6505208333333333 0.7185185185185186 0.6505208333333333 0.7444444444444445 0.6552083333333333 0.7481481481481481
4 0.4473958333333333 0.7620370370370371 0.4510416666666667 0.7546296296296297 0.44895833333333335 0.7444444444444445 0.45364583333333336 0.7314814814814815 0.45416666666666666 0.7194444444444444 0.453125 0.7083333333333334 0.4473958333333333 0.6925925925925925 0.4432291666666667 0.6925925925925925 0.44166666666666665 0.6990740740740741 0.44114583333333335 0.7592592592592593 0.4473958333333333 0.7620370370370371
4 0.010416666666666666 0.8342592592592593 0.013020833333333334 0.8388888888888889 0.018229166666666668 0.8388888888888889 0.022395833333333334 0.8472222222222222 0.025520833333333333 0.9046296296296297 0.041666666666666664 0.9064814814814814 0.043229166666666666 0.9027777777777778 0.04114583333333333 0.8953703703703704 0.04114583333333333 0.8787037037037037 0.03854166666666667 0.8722222222222222 0.03802083333333333 0.825 0.028645833333333332 0.8027777777777778 0.021875 0.8055555555555556 0.016666666666666666 0.8231481481481482 0.010416666666666666 0.8342592592592593
4 0.4317708333333333 0.5537037037037037 0.43802083333333336 0.5916666666666667 0.4479166666666667 0.5916666666666667 0.44895833333333335 0.587037037037037 0.4453125 0.5768518518518518 0.44427083333333334 0.5601851851851852 0.43645833333333334 0.5453703703703704 0.43020833333333336 0.5444444444444444 0.4296875 0.5518518518518518 0.4317708333333333 0.5537037037037037
5 0.4348958333333333 0.7888888888888889 0.4390625 0.7944444444444444 0.44166666666666665 0.8379629629629629 0.45260416666666664 0.8314814814814815 0.45729166666666665 0.8333333333333334 0.45729166666666665 0.825925925925926 0.44895833333333335 0.8074074074074075 0.4515625 0.7814814814814814 0.446875 0.7620370370370371 0.44375 0.7574074074074074 0.43854166666666666 0.7583333333333333 0.43072916666666666 0.7833333333333333 0.43072916666666666 0.7953703703703704 0.4348958333333333 0.7888888888888889
0 0.2921875 0.7666666666666667 0.2989583333333333 0.7675925925925926 0.3 0.7620370370370371 0.2947916666666667 0.7453703703703703 0.290625 0.7416666666666667 0.28854166666666664 0.7435185185185185 0.2864583333333333 0.7527777777777778 0.2921875 0.7666666666666667
5 0.2328125 0.7601851851851852 0.22760416666666666 0.725 0.22864583333333333 0.6944444444444444 0.22447916666666667 0.6953703703703704 0.21666666666666667 0.7092592592592593 0.21927083333333333 0.7592592592592593 0.2328125 0.7601851851851852
5 0.07552083333333333 0.6425925925925926 0.08385416666666666 0.6416666666666667 0.08541666666666667 0.6388888888888888 0.08385416666666666 0.6166666666666667 0.0875 0.5953703703703703 0.07604166666666666 0.5916666666666667 0.07135416666666666 0.6083333333333333 0.0703125 0.6305555555555555 0.07552083333333333 0.6425925925925926
3 0.0984375 0.5481481481481482 0.09947916666666666 0.5712962962962963 0.1109375 0.5703703703703704 0.10989583333333333 0.5555555555555556 0.1125 0.5481481481481482 0.1140625 0.5287037037037037 0.11145833333333334 0.525 0.1015625 0.5277777777777778 0.10260416666666666 0.5342592592592592 0.0984375 0.5481481481481482
5 0.0078125 0.8379629629629629 0.008854166666666666 0.8416666666666667 0.015625 0.8407407407407408 0.0234375 0.8138888888888889 0.0296875 0.8055555555555556 0.030729166666666665 0.7824074074074074 0.027604166666666666 0.7592592592592593 0.025520833333333333 0.7564814814814815 0.020833333333333332 0.7592592592592593 0.013020833333333334 0.7944444444444444 0.0140625 0.812962962962963 0.0078125 0.8379629629629629
5 0.2421875 0.7240740740740741 0.25364583333333335 0.7333333333333333 0.2552083333333333 0.7398148148148148 0.25885416666666666 0.7398148148148148 0.2604166666666667 0.737037037037037 0.2625 0.6861111111111111 0.2557291666666667 0.6712962962962963 0.2484375 0.6666666666666666 0.24635416666666668 0.6694444444444444 0.24427083333333333 0.6842592592592592 0.2453125 0.7018518518518518 0.2421875 0.7240740740740741
4 0.71875 0.7768518518518519 0.7177083333333333 0.7888888888888889 0.7244791666666667 0.7907407407407407 0.7276041666666667 0.7833333333333333 0.725 0.7583333333333333 0.7276041666666667 0.7490740740740741 0.728125 0.725925925925926 0.721875 0.7083333333333334 0.71875 0.7101851851851851 0.7161458333333334 0.7277777777777777 0.715625 0.7574074074074074 0.71875 0.7768518518518519
3 0.24375 0.6675925925925926 0.24375 0.7101851851851851 0.240625 0.7203703703703703 0.24322916666666666 0.725 0.2578125 0.7129629629629629 0.25677083333333334 0.6972222222222222 0.2598958333333333 0.6953703703703704 0.2609375 0.6861111111111111 0.25677083333333334 0.6777777777777778 0.2557291666666667 0.6398148148148148 0.2520833333333333 0.6351851851851852 0.24791666666666667 0.6361111111111111 0.24479166666666666 0.6462962962962963 0.24635416666666668 0.6601851851851852 0.24375 0.6675925925925926
3 0.9713541666666666 0.8953703703703704 0.975 0.8962962962962963 0.9770833333333333 0.8842592592592593 0.9802083333333333 0.8824074074074074 0.9854166666666667 0.8870370370370371 0.9895833333333334 0.8962962962962963 0.9953125 0.8962962962962963 0.9890625 0.8416666666666667 0.9901041666666667 0.8296296296296296 0.9791666666666666 0.8074074074074075 0.975 0.8092592592592592 0.9739583333333334 0.8166666666666667 0.9739583333333334 0.8657407407407407 0.9713541666666666 0.8953703703703704
4 0.278125 0.7416666666666667 0.28177083333333336 0.7564814814814815 0.28802083333333334 0.7564814814814815 0.29322916666666665 0.7666666666666667 0.2984375 0.7666666666666667 0.2989583333333333 0.7592592592592593 0.29322916666666665 0.7481481481481481 0.28958333333333336 0.7305555555555555 0.29010416666666666 0.7240740740740741 0.2828125 0.7027777777777777 0.2786458333333333 0.700925925925926 0.27239583333333334 0.7194444444444444 0.2713541666666667 0.7398148148148148 0.278125 0.7416666666666667
4 0.7098958333333333 0.662962962962963 0.7161458333333334 0.6574074074074074 0.7161458333333334 0.6444444444444445 0.7203125 0.6342592592592593 0.7203125 0.6277777777777778 0.7177083333333333 0.6148148148148148 0.7125 0.6046296296296296 0.7088541666666667 0.6046296296296296 0.7052083333333333 0.6175925925925926 0.7072916666666667 0.6601851851851852 0.7098958333333333 0.662962962962963
3 0.23645833333333333 0.562037037037037 0.24166666666666667 0.525 0.23229166666666667 0.5166666666666667 0.2328125 0.5564814814814815 0.23645833333333333 0.562037037037037