4 0.8588541666666667 0.6416666666666667 0.8609375 0.6481481481481481 0.8739583333333333 0.6462962962962963 0.8744791666666667 0.5981481481481481 0.8692708333333333 0.5898148148148148 0.8666666666666667 0.5953703703703703 0.8645833333333334 0.6166666666666667 0.8588541666666667 0.6416666666666667
4 0.5833333333333334 0.6620370370370371 0.5885416666666666 0.6611111111111111 0.5916666666666667 0.6583333333333333 0.59375 0.6212962962962963 0.59375 0.6111111111111112 0.5895833333333333 0.5990740740740741 0.5875 0.5981481481481481 0.5838541666666667 0.6055555555555555 0.58125 0.625 0.5786458333333333 0.6583333333333333 0.5833333333333334 0.6620370370370371
4 0.9505208333333334 0.712037037037037 0.9536458333333333 0.7194444444444444 0.953125 0.7407407407407407 0.9505208333333334 0.7527777777777778 0.95625 0.7527777777777778 0.959375 0.7425925925925926 0.9635416666666666 0.7398148148148148 0.9671875 0.7537037037037037 0.9708333333333333 0.7555555555555555 0.9739583333333334 0.7509259259259259 0.9677083333333333 0.7240740740740741 0.9671875 0.6990740740740741 0.9635416666666666 0.6851851851851852 0.9578125 0.6861111111111111 0.95625 0.7074074074074074 0.9505208333333334 0.712037037037037
5 0.6380208333333334 0.6962962962962963 0.6380208333333334 0.7222222222222222 0.6348958333333333 0.737037037037037 0.6364583333333333 0.7398148148148148 0.6484375 0.7398148148148148 0.65 0.7342592592592593 0.6463541666666667 0.7064814814814815 0.6447916666666667 0.6657407407407407 0.6395833333333333 0.6657407407407407 0.6369791666666667 0.6824074074074075 0.6333333333333333 0.6851851851851852 0.6322916666666667 0.6888888888888889 0.6380208333333334 0.6962962962962963
5 0.7979166666666667 0.6129629629629629 0.80625 0.612037037037037 0.8078125 0.5925925925925926 0.8041666666666667 0.5833333333333334 0.8026041666666667 0.5805555555555556 0.7989583333333333 0.5824074074074074 0.7958333333333333 0.5916666666666667 0.7958333333333333 0.6092592592592593 0.7979166666666667 0.6129629629629629
4 0.44427083333333334 0.7833333333333333 0.440625 0.7166666666666667 0.43645833333333334 0.7046296296296296 0.43333333333333335 0.7046296296296296 0.42916666666666664 0.7157407407407408 0.4276041666666667 0.7425925925925926 0.4270833333333333 0.7824074074074074 0.44427083333333334 0.7833333333333333
5 0.540625 0.837037037037037 0.5489583333333333 0.8379629629629629 0.5536458333333333 0.8481481481481481 0.5541666666666667 0.8583333333333333 0.5619791666666667 0.8564814814814815 0.5588541666666667 0.85 0.5588541666666667 0.7981481481481482 0.5567708333333333 0.7703703703703704 0.5526041666666667 0.7722222222222223 0.5484375 0.7861111111111111 0.5447916666666667 0.8287037037037037 0.5328125 0.8324074074074074 0.5328125 0.8425925925925926 0.540625 0.837037037037037
4 0.9052083333333333 0.8324074074074074 0.9041666666666667 0.8583333333333333 0.90625 0.8648148148148148 0.9088541666666666 0.8648148148148148 0.9098958333333333 0.8574074074074074 0.9182291666666667 0.862037037037037 0.9197916666666667 0.8666666666666667 0.9234375 0.8648148148148148 0.9239583333333333 0.8009259259259259 0.9182291666666667 0.7842592592592592 0.9130208333333333 0.7824074074074074 0.9020833333333333 0.8083333333333333 0.9020833333333333 0.8240740740740741 0.9052083333333333 0.8324074074074074
5 0.7942708333333334 0.6537037037037037 0.7994791666666666 0.6546296296296297 0.8067708333333333 0.6194444444444445 0.80625 0.5916666666666667 0.8026041666666667 0.587037037037037 0.7973958333333333 0.5907407407407408 0.7947916666666667 0.6148148148148148 0.7963541666666667 0.6388888888888888 0.7942708333333334 0.6537037037037037
3 0.6036458333333333 0.5722222222222222 0.6072916666666667 0.5666666666666667 0.6104166666666667 0.5361111111111111 0.6078125 0.5277777777777778 0.6026041666666667 0.5268518518518519 0.5989583333333334 0.5305555555555556 0.5989583333333334 0.5648148148148148 0.6036458333333333 0.5722222222222222
4 0.9994791666666667 0.7083333333333334 0.9994791666666667 0.6453703703703704 0.9973958333333334 0.6462962962962963 0.9932291666666667 0.6777777777777778 0.9921875 0.7083333333333334 0.9994791666666667 0.7083333333333334
2 0.20364583333333333 0.6787037037037037 0.209375 0.6787037037037037 0.2125 0.6722222222222223 0.20833333333333334 0.6574074074074074 0.2109375 0.6388888888888888 0.20885416666666667 0.6092592592592593 0.203125 0.6092592592592593 0.19791666666666666 0.6268518518518519 0.19895833333333332 0.674074074074074 0.20364583333333333 0.6787037037037037
5 0.20520833333333333 0.7138888888888889 0.20364583333333333 0.6833333333333333 0.20885416666666667 0.6731481481481482 0.20677083333333332 0.637962962962963 0.19739583333333333 0.6453703703703704 0.19322916666666667 0.6805555555555556 0.19322916666666667 0.712037037037037 0.20520833333333333 0.7138888888888889
5 0.49375 0.6148148148148148 0.496875 0.6111111111111112 0.496875 0.6037037037037037 0.5005208333333333 0.5916666666666667 0.5005208333333333 0.5722222222222222 0.4984375 0.562037037037037 0.49270833333333336 0.5648148148148148 0.49114583333333334 0.5768518518518518 0.4895833333333333 0.6111111111111112 0.49375 0.6148148148148148
3 0.2557291666666667 0.6694444444444444 0.2713541666666667 0.6703703703703704 0.275 0.687962962962963 0.27760416666666665 0.687962962962963 0.2791666666666667 0.6861111111111111 0.2786458333333333 0.6685185185185185 0.2828125 0.6231481481481481 0.275 0.6194444444444445 0.2708333333333333 0.6268518518518519 0.26614583333333336 0.6611111111111111 0.2557291666666667 0.6694444444444444
4 0.5130208333333334 0.7240740740740741 0.5255208333333333 0.725925925925926 0.5276041666666667 0.7240740740740741 0.5270833333333333 0.7111111111111111 0.5307291666666667 0.6935185185185185 0.528125 0.6537037037037037 0.525 0.6518518518518519 0.5161458333333333 0.674074074074074 0.5161458333333333 0.7092592592592593 0.5130208333333334 0.7240740740740741