5 0.590625 0.6055555555555555 0.590625 0.6185185185185185 0.5921875 0.6194444444444445 0.596875 0.6148148148148148 0.5963541666666666 0.5953703703703703 0.5989583333333334 0.5796296296296296 0.5932291666666667 0.5703703703703704 0.5885416666666666 0.5712962962962963 0.5875 0.5907407407407408 0.590625 0.6055555555555555
5 0.11041666666666666 0.6231481481481481 0.11458333333333333 0.6222222222222222 0.11927083333333334 0.575925925925926 0.11145833333333334 0.5768518518518518 0.10833333333333334 0.5879629629629629 0.10729166666666666 0.6194444444444445 0.11041666666666666 0.6231481481481481
5 0.6567708333333333 0.6472222222222223 0.6619791666666667 0.65 0.6645833333333333 0.6148148148148148 0.6619791666666667 0.5953703703703703 0.6572916666666667 0.5953703703703703 0.6557291666666667 0.6055555555555555 0.6546875 0.6231481481481481 0.6567708333333333 0.6472222222222223
4 0.1734375 0.575925925925926 0.18125 0.5768518518518518 0.18333333333333332 0.5601851851851852 0.18125 0.5444444444444444 0.17760416666666667 0.5333333333333333 0.1734375 0.5388888888888889 0.171875 0.5444444444444444 0.1734375 0.575925925925926
5 0.4161458333333333 0.6370370370370371 0.41875 0.6342592592592593 0.4234375 0.5990740740740741 0.4197916666666667 0.5851851851851851 0.4166666666666667 0.5824074074074074 0.4119791666666667 0.5953703703703703 0.4125 0.6342592592592593 0.4161458333333333 0.6370370370370371
5 0.2598958333333333 0.575925925925926 0.2677083333333333 0.5685185185185185 0.2713541666666667 0.5444444444444444 0.2635416666666667 0.5361111111111111 0.25885416666666666 0.537962962962963 0.25677083333333334 0.5444444444444444 0.2557291666666667 0.5712962962962963 0.2598958333333333 0.575925925925926
4 0.08854166666666667 0.6222222222222222 0.09270833333333334 0.6064814814814815 0.09114583333333333 0.575 0.0875 0.5722222222222222 0.08333333333333333 0.5824074074074074 0.08333333333333333 0.6185185185185185 0.08854166666666667 0.6222222222222222
4 0.11458333333333333 0.5888888888888889 0.11875 0.5898148148148148 0.125 0.5685185185185185 0.125 0.5611111111111111 0.12291666666666666 0.5527777777777778 0.11822916666666666 0.5537037037037037 0.11354166666666667 0.5611111111111111 0.11197916666666667 0.5796296296296296 0.11458333333333333 0.5888888888888889
3 0.16197916666666667 0.562037037037037 0.16510416666666666 0.5333333333333333 0.16145833333333334 0.5268518518518519 0.15677083333333333 0.5268518518518519 0.15520833333333334 0.5314814814814814 0.15625 0.5583333333333333 0.16197916666666667 0.562037037037037
4 0.24166666666666667 0.6027777777777777 0.246875 0.6027777777777777 0.2515625 0.575 0.24791666666666667 0.5638888888888889 0.24895833333333334 0.5601851851851852 0.24375 0.5583333333333333 0.23958333333333334 0.5675925925925925 0.2390625 0.5990740740740741 0.24166666666666667 0.6027777777777777
4 0.7385416666666667 0.6388888888888888 0.74375 0.6398148148148148 0.7447916666666666 0.6361111111111111 0.7411458333333333 0.6194444444444445 0.740625 0.6 0.7354166666666667 0.5879629629629629 0.73125 0.5879629629629629 0.73125 0.6231481481481481 0.7385416666666667 0.6388888888888888
5 0.19322916666666667 0.575 0.19583333333333333 0.5722222222222222 0.1984375 0.5361111111111111 0.196875 0.5314814814814814 0.19270833333333334 0.5305555555555556 0.18854166666666666 0.5416666666666666 0.18802083333333333 0.5527777777777778 0.19322916666666667 0.575
4 0.396875 0.6074074074074074 0.39947916666666666 0.6148148148148148 0.4015625 0.6148148148148148 0.40729166666666666 0.5907407407407408 0.4041666666666667 0.5638888888888889 0.3958333333333333 0.562962962962963 0.3932291666666667 0.5740740740740741 0.3921875 0.6074074074074074 0.396875 0.6074074074074074
4 0.5911458333333334 0.5879629629629629 0.5953125 0.587037037037037 0.5994791666666667 0.5814814814814815 0.5994791666666667 0.575925925925926 0.5927083333333333 0.5444444444444444 0.5864583333333333 0.5444444444444444 0.5875 0.5833333333333334 0.5911458333333334 0.5879629629629629
4 0.3885416666666667 0.5638888888888889 0.3921875 0.5666666666666667 0.4046875 0.5638888888888889 0.40260416666666665 0.5444444444444444 0.4 0.537962962962963 0.39479166666666665 0.537962962962963 0.3890625 0.5481481481481482 0.39114583333333336 0.5546296296296296 0.3885416666666667 0.5638888888888889
3 0.42864583333333334 0.5564814814814815 0.4348958333333333 0.5592592592592592 0.43802083333333336 0.5444444444444444 0.43697916666666664 0.5212962962962963 0.4328125 0.5194444444444445 0.4270833333333333 0.524074074074074 0.42604166666666665 0.5444444444444444 0.42864583333333334 0.5564814814814815
4 0.20572916666666666 0.6620370370370371 0.21197916666666666 0.662962962962963 0.21458333333333332 0.6574074074074074 0.21302083333333333 0.6064814814814815 0.20885416666666667 0.6037037037037037 0.20364583333333333 0.6175925925925926 0.20416666666666666 0.6583333333333333 0.20572916666666666 0.6620370370370371
5 0.53125 0.6962962962962963 0.534375 0.712037037037037 0.5375 0.7138888888888889 0.540625 0.7083333333333334 0.5390625 0.7027777777777777 0.5395833333333333 0.6694444444444444 0.5359375 0.6564814814814814 0.53125 0.6574074074074074 0.5291666666666667 0.6722222222222223 0.53125 0.6962962962962963
3 0.2625 0.6185185185185185 0.2682291666666667 0.6203703703703703 0.2703125 0.6185185185185185 0.27291666666666664 0.5935185185185186 0.27239583333333334 0.575925925925926 0.2677083333333333 0.562962962962963 0.26458333333333334 0.5648148148148148 0.25885416666666666 0.5777777777777777 0.2625 0.6185185185185185
5 0.6255208333333333 0.5861111111111111 0.6302083333333334 0.5851851851851851 0.6291666666666667 0.5712962962962963 0.63125 0.5601851851851852 0.6265625 0.55 0.6229166666666667 0.5564814814814815 0.6229166666666667 0.5824074074074074 0.6255208333333333 0.5861111111111111
3 0.8375 0.8212962962962963 0.8369791666666667 0.825925925925926 0.8442708333333333 0.8314814814814815 0.8447916666666667 0.8824074074074074 0.8536458333333333 0.8833333333333333 0.8578125 0.8157407407407408 0.8494791666666667 0.7962962962962963 0.8447916666666667 0.799074074074074 0.840625 0.8194444444444444 0.8375 0.8212962962962963