4 0.4588541666666667 0.6027777777777777 0.46979166666666666 0.5944444444444444 0.4744791666666667 0.575925925925926 0.471875 0.5601851851851852 0.46875 0.5601851851851852 0.46510416666666665 0.5675925925925925 0.45729166666666665 0.5972222222222222 0.4588541666666667 0.6027777777777777
4 0.5 0.5953703703703703 0.5026041666666666 0.6 0.509375 0.5990740740740741 0.5161458333333333 0.575925925925926 0.5166666666666667 0.5675925925925925 0.5140625 0.5555555555555556 0.5098958333333333 0.5537037037037037 0.5057291666666667 0.5601851851851852 0.5026041666666666 0.575 0.503125 0.5879629629629629 0.5 0.5953703703703703
4 0.8505208333333333 0.6388888888888888 0.8494791666666667 0.6518518518518519 0.8536458333333333 0.6546296296296297 0.8578125 0.6453703703703704 0.8640625 0.6166666666666667 0.8572916666666667 0.5990740740740741 0.853125 0.5981481481481481 0.8494791666666667 0.6074074074074074 0.8473958333333333 0.6222222222222222 0.8505208333333333 0.6388888888888888
4 0.6817708333333333 0.6 0.6854166666666667 0.6018518518518519 0.6994791666666667 0.5962962962962963 0.6984375 0.5805555555555556 0.7 0.5722222222222222 0.696875 0.5648148148148148 0.6916666666666667 0.5675925925925925 0.6875 0.5879629629629629 0.6817708333333333 0.6
3 0.6020833333333333 0.6148148148148148 0.6052083333333333 0.5953703703703703 0.6036458333333333 0.5805555555555556 0.5979166666666667 0.5796296296296296 0.5916666666666667 0.5953703703703703 0.5911458333333334 0.6314814814814815 0.6020833333333333 0.6148148148148148
5 0.31302083333333336 0.6685185185185185 0.321875 0.6601851851851852 0.32760416666666664 0.6638888888888889 0.3296875 0.6731481481481482 0.33489583333333334 0.6731481481481482 0.3307291666666667 0.6472222222222223 0.3338541666666667 0.6231481481481481 0.33125 0.6175925925925926 0.3260416666666667 0.6157407407407407 0.32083333333333336 0.6462962962962963 0.3182291666666667 0.6546296296296297 0.31197916666666664 0.6611111111111111 0.3109375 0.6657407407407407 0.31302083333333336 0.6685185185185185
5 0.14635416666666667 0.6666666666666666 0.1484375 0.6592592592592592 0.1546875 0.6518518518518519 0.15677083333333333 0.6546296296296297 0.15729166666666666 0.6648148148148149 0.16197916666666667 0.6666666666666666 0.16354166666666667 0.6453703703703704 0.16145833333333334 0.6101851851851852 0.15677083333333333 0.6111111111111112 0.15208333333333332 0.6240740740740741 0.14895833333333333 0.6462962962962963 0.14322916666666666 0.6583333333333333 0.14322916666666666 0.662962962962963 0.14635416666666667 0.6666666666666666
5 0.428125 0.5953703703703703 0.4317708333333333 0.5907407407407408 0.4317708333333333 0.5601851851851852 0.4276041666666667 0.5555555555555556 0.425 0.5592592592592592 0.4197916666666667 0.5925925925925926 0.428125 0.5953703703703703
5 0.7927083333333333 0.6768518518518518 0.79375 0.6833333333333333 0.8098958333333334 0.6805555555555556 0.8088541666666667 0.6601851851851852 0.8125 0.6462962962962963 0.8114583333333333 0.637962962962963 0.80625 0.6277777777777778 0.796875 0.6435185185185185 0.7979166666666667 0.662962962962963 0.7927083333333333 0.6768518518518518
4 0.7979166666666667 0.7212962962962963 0.7927083333333333 0.7398148148148148 0.7958333333333333 0.7435185185185185 0.803125 0.737037037037037 0.8083333333333333 0.7231481481481481 0.8098958333333334 0.7046296296296296 0.8166666666666667 0.6944444444444444 0.8088541666666667 0.6777777777777778 0.7942708333333334 0.6805555555555556 0.7963541666666667 0.6888888888888889 0.7979166666666667 0.7212962962962963
4 0.3651041666666667 0.6064814814814815 0.36875 0.6037037037037037 0.37135416666666665 0.5962962962962963 0.37395833333333334 0.5712962962962963 0.3697916666666667 0.5583333333333333 0.3645833333333333 0.5611111111111111 0.3625 0.5712962962962963 0.3619791666666667 0.6027777777777777 0.3651041666666667 0.6064814814814815
5 0.7375 0.7712962962962963 0.7348958333333333 0.775 0.7338541666666667 0.7851851851851852 0.7369791666666666 0.7888888888888889 0.7416666666666667 0.7787037037037037 0.7541666666666667 0.7898148148148149 0.7557291666666667 0.7657407407407407 0.7505208333333333 0.7175925925925926 0.746875 0.7148148148148148 0.7432291666666667 0.7277777777777777 0.7421875 0.7509259259259259 0.7375 0.7712962962962963
4 0.33645833333333336 0.7509259259259259 0.3416666666666667 0.7537037037037037 0.3453125 0.7407407407407407 0.34791666666666665 0.7407407407407407 0.353125 0.7546296296296297 0.3578125 0.7546296296296297 0.359375 0.7509259259259259 0.353125 0.7287037037037037 0.3515625 0.6851851851851852 0.3494791666666667 0.6814814814814815 0.3458333333333333 0.6842592592592592 0.3421875 0.6990740740740741 0.3416666666666667 0.7268518518518519 0.33645833333333336 0.7509259259259259
5 0.5484375 0.6277777777777778 0.5494791666666666 0.637962962962963 0.5442708333333334 0.6574074074074074 0.5484375 0.6620370370370371 0.5567708333333333 0.6620370370370371 0.5583333333333333 0.6342592592592593 0.565625 0.6305555555555555 0.565625 0.6231481481481481 0.5526041666666667 0.6111111111111112 0.5447916666666667 0.6185185185185185 0.5447916666666667 0.6259259259259259 0.5484375 0.6277777777777778
5 0.7234375 0.5796296296296296 0.7239583333333334 0.5898148148148148 0.7369791666666666 0.5805555555555556 0.7369791666666666 0.5601851851851852 0.7338541666666667 0.5574074074074075 0.7260416666666667 0.5601851851851852 0.7270833333333333 0.5694444444444444 0.7234375 0.5796296296296296
4 0.3307291666666667 0.625 0.3375 0.6240740740740741 0.3390625 0.5935185185185186 0.33645833333333336 0.5731481481481482 0.3338541666666667 0.5703703703703704 0.3307291666666667 0.5722222222222222 0.328125 0.5861111111111111 0.3255208333333333 0.6194444444444445 0.3307291666666667 0.625
3 0.24010416666666667 0.5694444444444444 0.24427083333333333 0.5648148148148148 0.2520833333333333 0.5694444444444444 0.2515625 0.5361111111111111 0.24791666666666667 0.5314814814814814 0.24427083333333333 0.5398148148148149 0.23802083333333332 0.5675925925925925 0.24010416666666667 0.5694444444444444
5 0.6151041666666667 0.6157407407407407 0.61875 0.6175925925925926 0.6302083333333334 0.575925925925926 0.6223958333333334 0.5694444444444444 0.6166666666666667 0.5796296296296296 0.6119791666666666 0.6018518518518519 0.6114583333333333 0.6064814814814815 0.6151041666666667 0.6157407407407407
4 0.359375 0.6574074074074074 0.359375 0.6638888888888889 0.3609375 0.6657407407407407 0.3692708333333333 0.6601851851851852 0.3729166666666667 0.6712962962962963 0.3765625 0.674074074074074 0.37864583333333335 0.6685185185185185 0.37604166666666666 0.65 0.37604166666666666 0.6212962962962963 0.3734375 0.6157407407407407 0.3703125 0.6194444444444445 0.36614583333333334 0.649074074074074 0.359375 0.6574074074074074
5 0.5619791666666667 0.6268518518518519 0.5661458333333333 0.6314814814814815 0.5708333333333333 0.625 0.5802083333333333 0.6370370370370371 0.5828125 0.6342592592592593 0.5807291666666666 0.6175925925925926 0.5817708333333333 0.6037037037037037 0.5791666666666667 0.5879629629629629 0.5755208333333334 0.5861111111111111 0.5692708333333333 0.6166666666666667 0.5619791666666667 0.6268518518518519
5 0.3067708333333333 0.575925925925926 0.3046875 0.5833333333333334 0.3109375 0.5916666666666667 0.31354166666666666 0.5722222222222222 0.3177083333333333 0.5675925925925925 0.3223958333333333 0.5685185185185185 0.3223958333333333 0.5527777777777778 0.3104166666666667 0.5407407407407407 0.30625 0.5462962962962963 0.3046875 0.5601851851851852 0.3067708333333333 0.575925925925926
4 0.5447916666666667 0.625 0.5479166666666667 0.6222222222222222 0.5494791666666666 0.6148148148148148 0.5583333333333333 0.6101851851851852 0.559375 0.5944444444444444 0.5567708333333333 0.5824074074074074 0.5536458333333333 0.5777777777777777 0.5494791666666666 0.5787037037037037 0.54375 0.5944444444444444 0.5432291666666667 0.6222222222222222 0.5447916666666667 0.625