4 0.48020833333333335 0.7111111111111111 0.478125 0.6851851851851852 0.47239583333333335 0.6861111111111111 0.46927083333333336 0.712037037037037 0.46875 0.7435185185185185 0.47552083333333334 0.7490740740740741 0.47760416666666666 0.7444444444444445 0.48020833333333335 0.7111111111111111
4 0.39375 0.6620370370370371 0.39479166666666665 0.6287037037037037 0.3921875 0.6185185185185185 0.3875 0.6185185185185185 0.384375 0.637962962962963 0.38333333333333336 0.6657407407407407 0.38958333333333334 0.6712962962962963 0.3921875 0.6694444444444444 0.39375 0.6620370370370371
4 0.7088541666666667 0.6620370370370371 0.7052083333333333 0.6527777777777778 0.7005208333333334 0.6509259259259259 0.6963541666666667 0.662962962962963 0.6958333333333333 0.7018518518518518 0.7036458333333333 0.7083333333333334 0.7083333333333334 0.7074074074074074 0.7088541666666667 0.6620370370370371
5 0.17447916666666666 0.6453703703703704 0.171875 0.637962962962963 0.16875 0.6370370370370371 0.16614583333333333 0.6462962962962963 0.16510416666666666 0.6592592592592592 0.1671875 0.6851851851851852 0.17447916666666666 0.6851851851851852 0.17447916666666666 0.6453703703703704
4 0.23229166666666667 0.8092592592592592 0.240625 0.8046296296296296 0.24270833333333333 0.8018518518518518 0.23958333333333334 0.7796296296296297 0.24114583333333334 0.7518518518518519 0.23125 0.7351851851851852 0.22604166666666667 0.7592592592592593 0.22552083333333334 0.774074074074074 0.22916666666666666 0.7888888888888889 0.22760416666666666 0.8064814814814815 0.23229166666666667 0.8092592592592592
5 0.27291666666666664 0.6370370370370371 0.2713541666666667 0.6268518518518519 0.26927083333333335 0.625 0.26614583333333336 0.625 0.2635416666666667 0.6342592592592593 0.26458333333333334 0.6703703703703704 0.2671875 0.6731481481481482 0.2708333333333333 0.6694444444444444 0.27291666666666664 0.6370370370370371
4 0.34375 0.6601851851851852 0.3380208333333333 0.6444444444444445 0.33177083333333335 0.6537037037037037 0.33177083333333335 0.6851851851851852 0.3333333333333333 0.6972222222222222 0.3375 0.7 0.34375 0.6601851851851852
4 0.4546875 0.6907407407407408 0.45729166666666665 0.6694444444444444 0.45625 0.6555555555555556 0.4583333333333333 0.65 0.4546875 0.6398148148148148 0.4505208333333333 0.6416666666666667 0.44895833333333335 0.6462962962962963 0.4479166666666667 0.6694444444444444 0.4432291666666667 0.6731481481481482 0.44635416666666666 0.687962962962963 0.4546875 0.6907407407407408
5 0.20989583333333334 0.675 0.2109375 0.637962962962963 0.20885416666666667 0.6351851851851852 0.20572916666666666 0.6370370370370371 0.20260416666666667 0.65 0.20208333333333334 0.6814814814814815 0.20364583333333333 0.6861111111111111 0.20625 0.6861111111111111 0.20989583333333334 0.675
3 0.9864583333333333 0.6157407407407407 0.990625 0.6027777777777777 0.9885416666666667 0.5990740740740741 0.9822916666666667 0.5981481481481481 0.978125 0.6074074074074074 0.9786458333333333 0.637962962962963 0.9828125 0.6425925925925926 0.9859375 0.6388888888888888 0.9864583333333333 0.6157407407407407
3 0.3963541666666667 0.5601851851851852 0.3890625 0.5657407407407408 0.39010416666666664 0.5935185185185186 0.3958333333333333 0.5981481481481481 0.39895833333333336 0.5657407407407408 0.3963541666666667 0.5601851851851852
3 0.14166666666666666 0.6759259259259259 0.14479166666666668 0.65 0.14322916666666666 0.6342592592592593 0.14010416666666667 0.6259259259259259 0.134375 0.6222222222222222 0.1328125 0.6268518518518519 0.13072916666666667 0.6259259259259259 0.12708333333333333 0.637962962962963 0.12864583333333332 0.6731481481481482 0.13177083333333334 0.6768518518518518 0.14166666666666666 0.6759259259259259
4 0.28958333333333336 0.6648148148148149 0.2916666666666667 0.6305555555555555 0.29010416666666666 0.6231481481481481 0.2859375 0.6185185185185185 0.28020833333333334 0.6324074074074074 0.2796875 0.65 0.28125 0.6694444444444444 0.2833333333333333 0.6731481481481482 0.28958333333333336 0.6648148148148149
5 0.24895833333333334 0.6537037037037037 0.2484375 0.6361111111111111 0.24583333333333332 0.625 0.24375 0.6240740740740741 0.24010416666666667 0.6305555555555555 0.24010416666666667 0.6777777777777778 0.24375 0.6814814814814815 0.24635416666666668 0.6768518518518518 0.24895833333333334 0.6537037037037037
5 0.1578125 0.6731481481481482 0.15885416666666666 0.6574074074074074 0.15677083333333333 0.6416666666666667 0.15104166666666666 0.6305555555555555 0.1484375 0.6314814814814815 0.14635416666666667 0.637962962962963 0.14635416666666667 0.674074074074074 0.14947916666666666 0.6777777777777778 0.15572916666666667 0.6768518518518518 0.1578125 0.6731481481481482
5 0.221875 0.6787037037037037 0.2234375 0.6435185185185185 0.21666666666666667 0.6268518518518519 0.21145833333333333 0.637962962962963 0.2109375 0.6555555555555556 0.21354166666666666 0.6814814814814815 0.21979166666666666 0.6833333333333333 0.221875 0.6787037037037037
3 0.24635416666666668 0.6277777777777778 0.24270833333333333 0.6259259259259259 0.23854166666666668 0.6361111111111111 0.2375 0.6787037037037037 0.24010416666666667 0.6824074074074075 0.24583333333333332 0.6768518518518518 0.24635416666666668 0.6277777777777778
4 0.2890625 0.6296296296296297 0.2875 0.6203703703703703 0.28177083333333336 0.6212962962962963 0.2791666666666667 0.6342592592592593 0.28020833333333334 0.6731481481481482 0.2833333333333333 0.675 0.28854166666666664 0.6620370370370371 0.2890625 0.6296296296296297