5 0.22447916666666667 0.7796296296296297 0.23020833333333332 0.7694444444444445 0.23125 0.7592592592592593 0.23697916666666666 0.7555555555555555 0.23854166666666668 0.7361111111111112 0.23541666666666666 0.7333333333333333 0.22864583333333333 0.7407407407407407 0.221875 0.7638888888888888 0.21666666666666667 0.7703703703703704 0.21614583333333334 0.775 0.22447916666666667 0.7796296296296297
3 0.5135416666666667 0.7481481481481481 0.5177083333333333 0.7064814814814815 0.5125 0.6925925925925925 0.5088541666666667 0.6925925925925925 0.5072916666666667 0.7027777777777777 0.5083333333333333 0.7435185185185185 0.5135416666666667 0.7481481481481481
4 0.28958333333333336 0.8027777777777778 0.29583333333333334 0.8027777777777778 0.290625 0.837037037037037 0.2947916666666667 0.8379629629629629 0.29739583333333336 0.8305555555555556 0.30104166666666665 0.8305555555555556 0.3026041666666667 0.8388888888888889 0.30625 0.8398148148148148 0.309375 0.825925925925926 0.30885416666666665 0.8148148148148148 0.3145833333333333 0.8064814814814815 0.3145833333333333 0.8009259259259259 0.30520833333333336 0.7759259259259259 0.30052083333333335 0.775 0.28854166666666664 0.7981481481481482 0.28958333333333336 0.8027777777777778
4 0.27447916666666666 0.725 0.275 0.7435185185185185 0.2791666666666667 0.7435185185185185 0.28229166666666666 0.7379629629629629 0.28229166666666666 0.7319444444444444 0.28854166666666664 0.7203703703703703 0.2916666666666667 0.7203703703703703 0.290625 0.7037037037037037 0.2869791666666667 0.6953703703703704 0.28177083333333336 0.6916666666666667 0.2755208333333333 0.6944444444444444 0.27239583333333334 0.700925925925926 0.2713541666666667 0.7101851851851851 0.27447916666666666 0.725
4 0.353125 0.7481481481481481 0.3578125 0.7481481481481481 0.36041666666666666 0.7444444444444445 0.35833333333333334 0.7305555555555555 0.359375 0.7074074074074074 0.35520833333333335 0.6972222222222222 0.353125 0.6953703703703704 0.35104166666666664 0.6990740740740741 0.34739583333333335 0.7324074074074074 0.353125 0.7481481481481481
4 0.6697916666666667 0.799074074074074 0.675 0.8009259259259259 0.6786458333333333 0.7962962962962963 0.6791666666666667 0.7796296296296297 0.6838541666666667 0.7555555555555555 0.6890625 0.7472222222222222 0.6817708333333333 0.7351851851851852 0.6755208333333333 0.7361111111111112 0.6729166666666667 0.7407407407407407 0.6708333333333333 0.7638888888888888 0.6723958333333333 0.7837962962962963 0.6697916666666667 0.799074074074074
4 0.07552083333333333 0.7675925925925926 0.07552083333333333 0.775 0.08072916666666667 0.775 0.0875 0.7601851851851852 0.09010416666666667 0.7203703703703703 0.08489583333333334 0.7203703703703703 0.078125 0.7351851851851852 0.07864583333333333 0.7583333333333333 0.07552083333333333 0.7675925925925926
5 0.7052083333333333 0.7694444444444445 0.7078125 0.7666666666666667 0.7083333333333334 0.7555555555555555 0.7119791666666667 0.7472222222222222 0.7135416666666666 0.7333333333333333 0.7083333333333334 0.7157407407407408 0.7041666666666667 0.7138888888888889 0.7020833333333333 0.7185185185185186 0.6984375 0.7398148148148148 0.7052083333333333 0.7694444444444445
4 0.396875 0.7074074074074074 0.4 0.7046296296296296 0.40208333333333335 0.6935185185185185 0.40520833333333334 0.6888888888888889 0.40520833333333334 0.6694444444444444 0.3963541666666667 0.6574074074074074 0.39375 0.6685185185185185 0.3932291666666667 0.7046296296296296 0.396875 0.7074074074074074
5 0.31875 0.725925925925926 0.32395833333333335 0.7203703703703703 0.3296875 0.7046296296296296 0.3296875 0.6981481481481482 0.3260416666666667 0.6814814814814815 0.3177083333333333 0.6925925925925925 0.3171875 0.7222222222222222 0.31875 0.725925925925926
5 0.4244791666666667 0.7203703703703703 0.4276041666666667 0.7157407407407408 0.43072916666666666 0.6851851851851852 0.4276041666666667 0.674074074074074 0.4234375 0.6768518518518518 0.4203125 0.6851851851851852 0.42083333333333334 0.7166666666666667 0.4244791666666667 0.7203703703703703
5 0.6619791666666667 0.7509259259259259 0.665625 0.7472222222222222 0.6682291666666667 0.712037037037037 0.6645833333333333 0.6990740740740741 0.6619791666666667 0.6962962962962963 0.6588541666666666 0.7 0.6572916666666667 0.7490740740740741 0.6619791666666667 0.7509259259259259
5 0.6385416666666667 0.6916666666666667 0.6380208333333334 0.7055555555555556 0.640625 0.7092592592592593 0.6453125 0.7055555555555556 0.6484375 0.6851851851851852 0.6458333333333334 0.6722222222222223 0.6416666666666667 0.6657407407407407 0.6359375 0.6694444444444444 0.6385416666666667 0.6916666666666667
5 0.3828125 0.7175925925925926 0.38333333333333336 0.7277777777777777 0.3875 0.7277777777777777 0.38645833333333335 0.700925925925926 0.3723958333333333 0.6953703703703704 0.36875 0.7037037037037037 0.3692708333333333 0.7148148148148148 0.3828125 0.7175925925925926
5 0.5 0.7270833333333333 0.49947916666666664 0.7444444444444445 0.5026041666666666 0.7481481481481481 0.5098958333333333 0.7361111111111112 0.5078125 0.7268518518518519 0.509375 0.7101851851851851 0.5088541666666667 0.700925925925926 0.5 0.700925925925926 0.4973958333333333 0.7175925925925926 0.5 0.7270833333333333
4 0.28177083333333336 0.7203703703703703 0.2828125 0.7231481481481481 0.290625 0.7231481481481481 0.29270833333333335 0.7194444444444444 0.2911458333333333 0.687962962962963 0.2869791666666667 0.6759259259259259 0.2833333333333333 0.6777777777777778 0.28072916666666664 0.6953703703703704 0.28177083333333336 0.7203703703703703
4 0.6197916666666666 0.700925925925926 0.6260416666666667 0.7027777777777777 0.6286458333333333 0.6981481481481482 0.6255208333333333 0.6888888888888889 0.6270833333333333 0.6722222222222223 0.6223958333333334 0.6592592592592592 0.6182291666666667 0.6574074074074074 0.6177083333333333 0.6861111111111111 0.6197916666666666 0.700925925925926
0 0.321875 0.7416666666666667 0.32395833333333335 0.7361111111111112 0.3229166666666667 0.7287037037037037 0.321875 0.725 0.3182291666666667 0.7240740740740741 0.3177083333333333 0.7398148148148148 0.321875 0.7416666666666667
3 0.13854166666666667 0.6935185185185185 0.140625 0.6888888888888889 0.15 0.6925925925925925 0.146875 0.6638888888888889 0.14479166666666668 0.6592592592592592 0.13854166666666667 0.6601851851851852 0.1359375 0.6722222222222223 0.1359375 0.6925925925925925 0.13854166666666667 0.6935185185185185
5 0.5807291666666666 0.7277777777777777 0.5869791666666667 0.7287037037037037 0.5885416666666666 0.7240740740740741 0.5864583333333333 0.7148148148148148 0.5880208333333333 0.6851851851851852 0.584375 0.6777777777777778 0.5786458333333333 0.6851851851851852 0.578125 0.7046296296296296 0.5807291666666666 0.7277777777777777
4 0.6854166666666667 0.7444444444444445 0.6875 0.7148148148148148 0.6833333333333333 0.700925925925926 0.6802083333333333 0.7 0.6786458333333333 0.7046296296296296 0.6734375 0.7398148148148148 0.6854166666666667 0.7444444444444445
5 0.7119791666666667 0.8037037037037037 0.7151041666666667 0.8074074074074075 0.7203125 0.8064814814814815 0.7229166666666667 0.7675925925925926 0.7171875 0.75 0.7145833333333333 0.7527777777777778 0.7135416666666666 0.7666666666666667 0.7151041666666667 0.7787037037037037 0.7119791666666667 0.8037037037037037
3 0.35 0.687962962962963 0.3536458333333333 0.6888888888888889 0.35989583333333336 0.662962962962963 0.35833333333333334 0.6435185185185185 0.3515625 0.6407407407407407 0.34739583333333335 0.6564814814814814 0.346875 0.6703703703703704 0.35 0.687962962962963
4 0.6 0.7342592592592593 0.6046875 0.7305555555555555 0.6083333333333333 0.6990740740740741 0.6036458333333333 0.6851851851851852 0.5989583333333334 0.687962962962963 0.5958333333333333 0.7074074074074074 0.6 0.7342592592592593