4 0.6916666666666667 0.6759259259259259 0.69375 0.6833333333333333 0.696875 0.6833333333333333 0.6932291666666667 0.6333333333333333 0.6890625 0.6305555555555555 0.6869791666666667 0.6370370370370371 0.6859375 0.6574074074074074 0.6802083333333333 0.6768518518518518 0.6828125 0.6796296296296296 0.6916666666666667 0.6759259259259259
4 0.23958333333333334 0.6324074074074074 0.24270833333333333 0.5898148148148148 0.23802083333333332 0.587037037037037 0.2328125 0.5981481481481481 0.228125 0.6268518518518519 0.2328125 0.6259259259259259 0.2359375 0.6333333333333333 0.23958333333333334 0.6324074074074074
4 0.16510416666666666 0.7462962962962963 0.16822916666666668 0.7425925925925926 0.17135416666666667 0.7212962962962963 0.16875 0.6851851851851852 0.16614583333333333 0.6796296296296296 0.16302083333333334 0.6814814814814815 0.16041666666666668 0.6935185185185185 0.16197916666666667 0.7324074074074074 0.16041666666666668 0.7407407407407407 0.16197916666666667 0.7462962962962963 0.16510416666666666 0.7462962962962963
4 0.4828125 0.7194444444444444 0.48541666666666666 0.7166666666666667 0.48854166666666665 0.6851851851851852 0.4864583333333333 0.6611111111111111 0.4822916666666667 0.6601851851851852 0.478125 0.6712962962962963 0.47760416666666666 0.6805555555555556 0.48125 0.6962962962962963 0.4786458333333333 0.7138888888888889 0.4828125 0.7194444444444444
4 0.6145833333333334 0.575925925925926 0.6109375 0.5722222222222222 0.6072916666666667 0.5805555555555556 0.6026041666666667 0.6092592592592593 0.6109375 0.6138888888888889 0.6145833333333334 0.6074074074074074 0.6145833333333334 0.575925925925926
4 0.4010416666666667 0.65 0.4015625 0.6416666666666667 0.3963541666666667 0.6111111111111112 0.39375 0.6027777777777777 0.390625 0.6037037037037037 0.3885416666666667 0.6111111111111112 0.38958333333333334 0.65 0.3921875 0.6527777777777778 0.4010416666666667 0.65
5 0.275 0.7166666666666667 0.28072916666666664 0.6925925925925925 0.2786458333333333 0.6675925925925926 0.27395833333333336 0.6657407407407407 0.26979166666666665 0.6796296296296296 0.2708333333333333 0.6981481481481482 0.2682291666666667 0.7148148148148148 0.2713541666666667 0.7212962962962963 0.275 0.7166666666666667
5 0.4125 0.637962962962963 0.4140625 0.6148148148148148 0.41302083333333334 0.6037037037037037 0.4083333333333333 0.5916666666666667 0.4041666666666667 0.5962962962962963 0.40260416666666665 0.6046296296296296 0.4041666666666667 0.6324074074074074 0.40208333333333335 0.6416666666666667 0.4041666666666667 0.6435185185185185 0.4125 0.637962962962963
4 0.44375 0.6092592592592593 0.4390625 0.5833333333333334 0.4354166666666667 0.5787037037037037 0.4317708333333333 0.5916666666666667 0.4348958333333333 0.6231481481481481 0.43854166666666666 0.6277777777777778 0.4421875 0.6259259259259259 0.44375 0.6092592592592593
4 0.4473958333333333 0.6 0.44166666666666665 0.5944444444444444 0.43697916666666664 0.6046296296296296 0.4359375 0.6166666666666667 0.44583333333333336 0.6324074074074074 0.4505208333333333 0.6314814814814815 0.4473958333333333 0.6
5 0.38645833333333335 0.65 0.38697916666666665 0.6435185185185185 0.38177083333333334 0.6101851851851852 0.3807291666666667 0.6074074074074074 0.37552083333333336 0.6101851851851852 0.3729166666666667 0.6222222222222222 0.37552083333333336 0.6537037037037037 0.378125 0.6546296296296297 0.38645833333333335 0.65
5 0.6072916666666667 0.7574074074074074 0.6140625 0.7481481481481481 0.6192708333333333 0.7537037037037037 0.6197916666666666 0.7481481481481481 0.6161458333333333 0.7407407407407407 0.6072916666666667 0.7027777777777777 0.603125 0.6972222222222222 0.6 0.700925925925926 0.5979166666666667 0.7111111111111111 0.5973958333333333 0.7166666666666667 0.6026041666666667 0.7240740740740741 0.603125 0.7555555555555555 0.6072916666666667 0.7574074074074074
4 0.6578125 0.7648148148148148 0.6604166666666667 0.7592592592592593 0.6651041666666667 0.7296296296296296 0.6630208333333333 0.712037037037037 0.6578125 0.7018518518518518 0.6536458333333334 0.7037037037037037 0.6494791666666667 0.7361111111111112 0.6510416666666666 0.7425925925925926 0.65 0.762962962962963 0.6578125 0.7648148148148148
5 0.6755208333333333 0.6583333333333333 0.6734375 0.6259259259259259 0.6697916666666667 0.6138888888888889 0.6666666666666666 0.6148148148148148 0.665625 0.6212962962962963 0.6666666666666666 0.6453703703703704 0.6645833333333333 0.6574074074074074 0.6734375 0.6611111111111111 0.6755208333333333 0.6583333333333333
5 0.4786458333333333 0.6287037037037037 0.4744791666666667 0.5935185185185186 0.4703125 0.5907407407407408 0.4661458333333333 0.5981481481481481 0.465625 0.6074074074074074 0.46979166666666666 0.6296296296296297 0.4739583333333333 0.6259259259259259 0.4786458333333333 0.6287037037037037
5 0.4244791666666667 0.6055555555555555 0.4197916666666667 0.6092592592592593 0.4140625 0.6259259259259259 0.41354166666666664 0.65 0.4203125 0.65 0.425 0.6305555555555555 0.4244791666666667 0.6055555555555555
5 0.49947916666666664 0.5833333333333334 0.49375 0.575925925925926 0.49166666666666664 0.5814814814814815 0.49270833333333336 0.6111111111111112 0.4979166666666667 0.6222222222222222 0.5010416666666667 0.6111111111111112 0.49947916666666664 0.5833333333333334
5 0.4296875 0.625 0.43020833333333336 0.6175925925925926 0.4276041666666667 0.5879629629629629 0.4234375 0.587037037037037 0.4203125 0.5962962962962963 0.4166666666666667 0.6296296296296297 0.41875 0.6351851851851852 0.42239583333333336 0.6351851851851852 0.4296875 0.625
3 0.5723958333333333 0.5351851851851852 0.5661458333333333 0.5361111111111111 0.565625 0.5574074074074075 0.5677083333333334 0.5601851851851852 0.5755208333333334 0.5592592592592592 0.5723958333333333 0.5351851851851852
2 0.278125 0.575 0.27447916666666666 0.5611111111111111 0.26927083333333335 0.562037037037037 0.2671875 0.5703703703703704 0.26666666666666666 0.5916666666666667 0.26979166666666665 0.6111111111111112 0.27447916666666666 0.6111111111111112 0.278125 0.575
0 0.5916666666666667 0.6018518518518519 0.5880208333333333 0.6037037037037037 0.5875 0.6092592592592593 0.5901041666666667 0.6148148148148148 0.5942708333333333 0.6129629629629629 0.5916666666666667 0.6018518518518519
4 0.5385416666666667 0.5953703703703703 0.5364583333333334 0.5731481481481482 0.5333333333333333 0.5657407407407408 0.5286458333333334 0.5657407407407408 0.5286458333333334 0.5861111111111111 0.5328125 0.6027777777777777 0.5369791666666667 0.6055555555555555 0.5385416666666667 0.5953703703703703