4 0.25625 0.6666666666666666 0.2609375 0.6620370370370371 0.2677083333333333 0.6666666666666666 0.26875 0.6620370370370371 0.26510416666666664 0.649074074074074 0.26666666666666666 0.637962962962963 0.26510416666666664 0.6231481481481481 0.2604166666666667 0.6212962962962963 0.2552083333333333 0.6370370370370371 0.25104166666666666 0.6657407407407407 0.25625 0.6666666666666666
5 0.6208333333333333 0.6537037037037037 0.6166666666666667 0.6731481481481482 0.6223958333333334 0.6731481481481482 0.6229166666666667 0.6657407407407407 0.6255208333333333 0.6620370370370371 0.6286458333333333 0.6648148148148149 0.6307291666666667 0.6759259259259259 0.634375 0.6731481481481482 0.6265625 0.6324074074074074 0.6229166666666667 0.6268518518518519 0.61875 0.6305555555555555 0.6213541666666667 0.6398148148148148 0.6208333333333333 0.6537037037037037
4 0.4625 0.7333333333333333 0.4635416666666667 0.7268518518518519 0.46041666666666664 0.6962962962962963 0.45625 0.6824074074074075 0.44947916666666665 0.6759259259259259 0.44895833333333335 0.7314814814814815 0.4625 0.7333333333333333
4 0.5026041666666666 0.6481481481481481 0.5015625 0.6620370370370371 0.5135416666666667 0.6638888888888889 0.5135416666666667 0.6564814814814814 0.5104166666666666 0.6472222222222223 0.5104166666666666 0.6296296296296297 0.5057291666666667 0.6212962962962963 0.5020833333333333 0.6222222222222222 0.5 0.6287037037037037 0.49895833333333334 0.6342592592592593 0.5026041666666666 0.6481481481481481
5 0.6739583333333333 0.7074074074074074 0.6864583333333333 0.6990740740740741 0.6869791666666667 0.6925925925925925 0.6822916666666666 0.6851851851851852 0.6770833333333334 0.6555555555555556 0.6729166666666667 0.6537037037037037 0.6713541666666667 0.6574074074074074 0.6708333333333333 0.7046296296296296 0.6739583333333333 0.7074074074074074
4 0.803125 0.6824074074074075 0.80625 0.6768518518518518 0.8098958333333334 0.6805555555555556 0.8140625 0.6777777777777778 0.8088541666666667 0.662962962962963 0.8083333333333333 0.6425925925925926 0.80625 0.6342592592592593 0.8015625 0.6342592592592593 0.7984375 0.65 0.7979166666666667 0.6814814814814815 0.803125 0.6824074074074075
5 0.43333333333333335 0.6712962962962963 0.44166666666666665 0.6657407407407407 0.44895833333333335 0.6694444444444444 0.44427083333333334 0.6527777777777778 0.4427083333333333 0.6268518518518519 0.4401041666666667 0.6231481481481481 0.43697916666666664 0.6268518518518519 0.4354166666666667 0.6472222222222223 0.4322916666666667 0.6546296296296297 0.4317708333333333 0.6694444444444444 0.43333333333333335 0.6712962962962963
5 0.7359375 0.6888888888888889 0.7395833333333334 0.6981481481481482 0.74375 0.6990740740740741 0.7484375 0.6888888888888889 0.7447916666666666 0.6814814814814815 0.7427083333333333 0.6620370370370371 0.7401041666666667 0.6518518518518519 0.7359375 0.6518518518518519 0.734375 0.6564814814814814 0.7338541666666667 0.674074074074074 0.7359375 0.6888888888888889
4 0.8583333333333333 0.7175925925925926 0.8583333333333333 0.7324074074074074 0.8635416666666667 0.7481481481481481 0.86875 0.7490740740740741 0.8703125 0.7361111111111112 0.8677083333333333 0.7314814814814815 0.8671875 0.7 0.8609375 0.6851851851851852 0.8572916666666667 0.687962962962963 0.8557291666666667 0.7083333333333334 0.8583333333333333 0.7175925925925926
4 0.1875 0.6351851851851852 0.19270833333333334 0.6398148148148148 0.19583333333333333 0.6222222222222222 0.19583333333333333 0.6074074074074074 0.19166666666666668 0.6 0.18697916666666667 0.600925925925926 0.18489583333333334 0.6074074074074074 0.184375 0.6175925925925926 0.1875 0.6351851851851852
5 0.16979166666666667 0.6453703703703704 0.17916666666666667 0.6222222222222222 0.17552083333333332 0.6074074074074074 0.171875 0.6083333333333333 0.16822916666666668 0.6148148148148148 0.16770833333333332 0.6342592592592593 0.16979166666666667 0.6453703703703704
4 0.28802083333333334 0.837037037037037 0.2942708333333333 0.837037037037037 0.29739583333333336 0.8203703703703704 0.3 0.8175925925925925 0.3098958333333333 0.8194444444444444 0.3140625 0.825 0.31666666666666665 0.8222222222222222 0.3140625 0.812962962962963 0.30833333333333335 0.8111111111111111 0.30572916666666666 0.8064814814814815 0.30625 0.7805555555555556 0.3026041666666667 0.7611111111111111 0.29739583333333336 0.7611111111111111 0.29270833333333335 0.7870370370370371 0.29322916666666665 0.8 0.28802083333333334 0.837037037037037
5 0.7885416666666667 0.762962962962963 0.7848958333333333 0.7842592592592592 0.78125 0.7907407407407407 0.7822916666666667 0.7944444444444444 0.7875 0.7944444444444444 0.7895833333333333 0.7833333333333333 0.79375 0.7787037037037037 0.8057291666666667 0.7824074074074074 0.809375 0.7796296296296297 0.8078125 0.775 0.8020833333333334 0.7731481481481481 0.7994791666666666 0.7685185185185185 0.7973958333333333 0.7601851851851852 0.7994791666666666 0.7509259259259259 0.7958333333333333 0.7342592592592593 0.7916666666666666 0.7324074074074074 0.7895833333333333 0.7361111111111112 0.7875 0.7509259259259259 0.7885416666666667 0.762962962962963
4 0.008854166666666666 0.7472222222222222 0.011979166666666667 0.7453703703703703 0.016145833333333335 0.7277777777777777 0.021875 0.7314814814814815 0.030208333333333334 0.7277777777777777 0.0296875 0.7240740740740741 0.023958333333333335 0.7222222222222222 0.021354166666666667 0.7166666666666667 0.022395833333333334 0.6990740740740741 0.0171875 0.6833333333333333 0.013541666666666667 0.6861111111111111 0.008854166666666666 0.7175925925925926 0.007291666666666667 0.7435185185185185 0.008854166666666666 0.7472222222222222
5 0.21458333333333332 0.7518518518518519 0.21875 0.7537037037037037 0.22083333333333333 0.7481481481481481 0.22916666666666666 0.7462962962962963 0.23072916666666668 0.7416666666666667 0.2234375 0.7240740740740741 0.225 0.7148148148148148 0.22083333333333333 0.6962962962962963 0.21614583333333334 0.6972222222222222 0.21354166666666666 0.7157407407407408 0.21458333333333332 0.7518518518518519
5 0.259375 0.7685185185185185 0.26197916666666665 0.762962962962963 0.2625 0.7444444444444445 0.2671875 0.737037037037037 0.2671875 0.7240740740740741 0.2598958333333333 0.700925925925926 0.25677083333333334 0.7046296296296296 0.253125 0.7203703703703703 0.2557291666666667 0.7666666666666667 0.259375 0.7685185185185185
3 0.15989583333333332 0.625 0.16145833333333334 0.6203703703703703 0.16041666666666668 0.6129629629629629 0.165625 0.6064814814814815 0.1671875 0.6 0.16510416666666666 0.5851851851851851 0.1625 0.5824074074074074 0.15416666666666667 0.5833333333333334 0.15208333333333332 0.5953703703703703 0.15208333333333332 0.6231481481481481 0.15989583333333332 0.625
5 0.7203125 0.7314814814814815 0.7223958333333333 0.7333333333333333 0.7255208333333333 0.7314814814814815 0.7260416666666667 0.7212962962962963 0.7380208333333333 0.7157407407407408 0.7322916666666667 0.7111111111111111 0.7307291666666667 0.7046296296296296 0.7359375 0.6925925925925925 0.7302083333333333 0.6759259259259259 0.7270833333333333 0.6768518518518518 0.7234375 0.6925925925925925 0.7203125 0.7166666666666667 0.7203125 0.7314814814814815
5 0.7526041666666666 0.6620370370370371 0.759375 0.6648148148148149 0.7609375 0.6592592592592592 0.7557291666666667 0.6203703703703703 0.7515625 0.6194444444444445 0.75 0.6287037037037037 0.75 0.6537037037037037 0.7526041666666666 0.6620370370370371
4 0.6869791666666667 0.7759259259259259 0.6848958333333334 0.7870370370370371 0.6890625 0.7888888888888889 0.69375 0.7851851851851852 0.6958333333333333 0.7787037037037037 0.6927083333333334 0.7652777777777777 0.6947916666666667 0.7509259259259259 0.6942708333333333 0.7287037037037037 0.6901041666666666 0.7166666666666667 0.6864583333333333 0.7185185185185186 0.6848958333333334 0.7398148148148148 0.684375 0.7648148148148148 0.6869791666666667 0.7759259259259259
3 0.4265625 0.7083333333333334 0.434375 0.6898148148148148 0.446875 0.7027777777777777 0.4479166666666667 0.700925925925926 0.4479166666666667 0.6962962962962963 0.44114583333333335 0.6888888888888889 0.43854166666666666 0.6814814814814815 0.43854166666666666 0.6722222222222223 0.4421875 0.6657407407407407 0.44166666666666665 0.6564814814814814 0.4359375 0.6481481481481481 0.4322916666666667 0.6537037037037037 0.425 0.7046296296296296 0.4265625 0.7083333333333334
4 0.2140625 0.6092592592592593 0.215625 0.6064814814814815 0.215625 0.5805555555555556 0.2125 0.5740740740740741 0.20677083333333332 0.5796296296296296 0.20833333333333334 0.6055555555555555 0.2140625 0.6092592592592593
4 0.6213541666666667 0.6407407407407407 0.6265625 0.6444444444444445 0.6270833333333333 0.6361111111111111 0.6203125 0.6166666666666667 0.6192708333333333 0.6046296296296296 0.6135416666666667 0.600925925925926 0.6098958333333333 0.6148148148148148 0.609375 0.6416666666666667 0.6213541666666667 0.6407407407407407