4 0.23333333333333334 0.7018518518518518 0.23489583333333333 0.7129629629629629 0.24114583333333334 0.7129629629629629 0.24010416666666667 0.6564814814814814 0.2359375 0.6546296296296297 0.23125 0.6694444444444444 0.22916666666666666 0.6851851851851852 0.2234375 0.6898148148148148 0.22395833333333334 0.6962962962962963 0.23333333333333334 0.7018518518518518
4 0.6921875 0.6972222222222222 0.7015625 0.700925925925926 0.7046875 0.6962962962962963 0.7067708333333333 0.6851851851851852 0.70625 0.649074074074074 0.7046875 0.6462962962962963 0.7010416666666667 0.6481481481481481 0.6953125 0.6611111111111111 0.6963541666666667 0.675 0.6921875 0.6972222222222222
5 0.8671875 0.674074074074074 0.8770833333333333 0.6787037037037037 0.88125 0.662962962962963 0.8807291666666667 0.6398148148148148 0.8765625 0.6370370370370371 0.871875 0.6472222222222223 0.8713541666666667 0.6592592592592592 0.8671875 0.674074074074074
4 0.9 0.674074074074074 0.9046875 0.6546296296296297 0.903125 0.6305555555555555 0.8979166666666667 0.6277777777777778 0.8932291666666666 0.6435185185185185 0.8942708333333333 0.6731481481481482 0.9 0.674074074074074
5 0.746875 0.7268518518518519 0.7427083333333333 0.7314814814814815 0.7427083333333333 0.737037037037037 0.7442708333333333 0.7388888888888889 0.7494791666666667 0.7333333333333333 0.7536458333333333 0.7361111111111112 0.7557291666666667 0.7462962962962963 0.7614583333333333 0.7129629629629629 0.7604166666666666 0.6972222222222222 0.7546875 0.6861111111111111 0.7479166666666667 0.700925925925926 0.7484375 0.7194444444444444 0.746875 0.7268518518518519
4 0.5994791666666667 0.7203703703703703 0.6078125 0.7101851851851851 0.6104166666666667 0.7203703703703703 0.615625 0.7203703703703703 0.6130208333333333 0.6972222222222222 0.6151041666666667 0.6777777777777778 0.6114583333333333 0.6620370370370371 0.6057291666666667 0.6703703703703704 0.6020833333333333 0.687962962962963 0.6026041666666667 0.6958333333333333 0.5958333333333333 0.7129629629629629 0.5953125 0.7157407407407408 0.5994791666666667 0.7203703703703703
4 0.4317708333333333 0.7759259259259259 0.4359375 0.7805555555555556 0.4401041666666667 0.7685185185185185 0.4453125 0.7638888888888888 0.4479166666666667 0.7694444444444445 0.4479166666666667 0.7787037037037037 0.453125 0.7814814814814814 0.4552083333333333 0.7777777777777778 0.4510416666666667 0.7546296296296297 0.44947916666666665 0.7166666666666667 0.44583333333333336 0.7138888888888889 0.4427083333333333 0.7185185185185186 0.43802083333333336 0.7583333333333333 0.4317708333333333 0.7759259259259259
3 0.6296875 0.6824074074074075 0.6328125 0.6814814814814815 0.6390625 0.6675925925925926 0.6416666666666667 0.6472222222222223 0.6411458333333333 0.6305555555555555 0.6385416666666667 0.6268518518518519 0.634375 0.6314814814814815 0.6307291666666667 0.6462962962962963 0.628125 0.6796296296296296 0.6296875 0.6824074074074075
5 0.49583333333333335 0.6564814814814814 0.4973958333333333 0.6592592592592592 0.509375 0.6583333333333333 0.5083333333333333 0.6324074074074074 0.5125 0.6231481481481481 0.5057291666666667 0.6138888888888889 0.5010416666666667 0.6212962962962963 0.5 0.6398148148148148 0.49583333333333335 0.6564814814814814
5 0.3921875 0.7157407407407408 0.39166666666666666 0.7240740740740741 0.4 0.7296296296296296 0.40260416666666665 0.7277777777777777 0.40729166666666666 0.6935185185185185 0.40625 0.6731481481481482 0.40208333333333335 0.6722222222222223 0.3984375 0.6824074074074075 0.39791666666666664 0.7092592592592593 0.3921875 0.7157407407407408
5 0.4083333333333333 0.8083333333333333 0.4161458333333333 0.7870370370370371 0.4166666666666667 0.7666666666666667 0.4119791666666667 0.7351851851851852 0.4078125 0.7379629629629629 0.4041666666666667 0.7509259259259259 0.4046875 0.8046296296296296 0.4083333333333333 0.8083333333333333
5 0.8604166666666667 0.6935185185185185 0.8630208333333333 0.7074074074074074 0.8625 0.7212962962962963 0.865625 0.7231481481481481 0.8708333333333333 0.7157407407407408 0.8744791666666667 0.700925925925926 0.8739583333333333 0.6833333333333333 0.8776041666666666 0.675 0.8760416666666667 0.6712962962962963 0.8661458333333333 0.6703703703703704 0.8635416666666667 0.6768518518518518 0.8635416666666667 0.6842592592592592 0.8604166666666667 0.6935185185185185
5 0.9380208333333333 0.8574074074074074 0.9432291666666667 0.8611111111111112 0.9484375 0.7981481481481482 0.9427083333333334 0.7842592592592592 0.9390625 0.7842592592592592 0.9333333333333333 0.7962962962962963 0.9328125 0.8101851851851852 0.9380208333333333 0.8574074074074074
5 0.5244791666666667 0.6925925925925925 0.525 0.7203703703703703 0.5296875 0.7166666666666667 0.5322916666666667 0.7203703703703703 0.5354166666666667 0.7185185185185186 0.5401041666666667 0.6768518518518518 0.5385416666666667 0.6694444444444444 0.5354166666666667 0.6703703703703704 0.5286458333333334 0.6916666666666667 0.5244791666666667 0.6925925925925925
4 0.4234375 0.6796296296296296 0.428125 0.6814814814814815 0.43072916666666666 0.6768518518518518 0.4401041666666667 0.6805555555555556 0.44166666666666665 0.6768518518518518 0.4348958333333333 0.6333333333333333 0.43125 0.6296296296296297 0.4276041666666667 0.6388888888888888 0.4265625 0.6620370370370371 0.4234375 0.6796296296296296
5 0.39010416666666664 0.6972222222222222 0.39427083333333335 0.6814814814814815 0.3921875 0.6453703703703704 0.3885416666666667 0.6407407407407407 0.3854166666666667 0.6527777777777778 0.3848958333333333 0.6953703703703704 0.39010416666666664 0.6972222222222222
4 0.8786458333333333 0.7435185185185185 0.88125 0.7453703703703703 0.8885416666666667 0.7324074074074074 0.8932291666666666 0.7305555555555555 0.8947916666666667 0.7481481481481481 0.9 0.7490740740740741 0.8994791666666667 0.7037037037037037 0.8932291666666666 0.6907407407407408 0.890625 0.6916666666666667 0.8864583333333333 0.7027777777777777 0.8848958333333333 0.7212962962962963 0.8786458333333333 0.7435185185185185
5 0.5208333333333334 0.6944444444444444 0.5265625 0.6944444444444444 0.5291666666666667 0.6777777777777778 0.5270833333333333 0.6416666666666667 0.521875 0.6416666666666667 0.5197916666666667 0.65 0.5192708333333333 0.687962962962963 0.5208333333333334 0.6944444444444444
4 0.6130208333333333 0.6564814814814814 0.6145833333333334 0.6537037037037037 0.6109375 0.6148148148148148 0.6067708333333334 0.6101851851851852 0.6041666666666666 0.6166666666666667 0.5994791666666667 0.6546296296296297 0.6130208333333333 0.6564814814814814
4 0.9197916666666667 0.7268518518518519 0.9223958333333333 0.7240740740740741 0.9192708333333334 0.7037037037037037 0.9197916666666667 0.6935185185185185 0.9119791666666667 0.6694444444444444 0.9072916666666667 0.6722222222222223 0.9072916666666667 0.7268518518518519 0.9197916666666667 0.7268518518518519
4 0.9817708333333334 0.8064814814814815 0.9859375 0.8074074074074075 0.9901041666666667 0.7981481481481482 0.9942708333333333 0.7962962962962963 0.9963541666666667 0.8101851851851852 0.9994791666666667 0.8111111111111111 0.9994791666666667 0.75 0.9963541666666667 0.7481481481481481 0.99375 0.7398148148148148 0.9901041666666667 0.7398148148148148 0.9854166666666667 0.762962962962963 0.9864583333333333 0.7796296296296297 0.9817708333333334 0.8064814814814815
3 0.3692708333333333 0.6083333333333333 0.37135416666666665 0.6027777777777777 0.3723958333333333 0.5777777777777777 0.36822916666666666 0.5740740740740741 0.36302083333333335 0.5833333333333334 0.3625 0.6018518518518519 0.3692708333333333 0.6083333333333333