4 0.6828125 0.8314814814814815 0.7208333333333333 0.8953703703703704 0.7223958333333333 0.8907407407407407 0.7166666666666667 0.8490740740740741 0.7171875 0.825925925925926 0.7125 0.8064814814814815 0.6932291666666667 0.7888888888888889 0.6890625 0.7888888888888889 0.6864583333333333 0.7935185185185185 0.6916666666666667 0.8175925925925925 0.6885416666666667 0.825 0.6833333333333333 0.825925925925926 0.6828125 0.8314814814814815
4 0.7239583333333334 0.8925925925925926 0.7317708333333334 0.8981481481481481 0.7359375 0.8972222222222223 0.7401041666666667 0.8824074074074074 0.734375 0.8694444444444445 0.734375 0.8362268518518519 0.7401041666666667 0.8148148148148148 0.7401041666666667 0.8046296296296296 0.73125 0.7814814814814814 0.7317708333333334 0.775 0.7286458333333333 0.7712962962962963 0.725 0.7731481481481481 0.721875 0.787962962962963 0.7166666666666667 0.7907407407407407 0.7114583333333333 0.8037037037037037 0.7161458333333334 0.8342592592592593 0.7161458333333334 0.8851851851851852 0.7203125 0.8953703703703704 0.7239583333333334 0.8925925925925926
4 0.7515625 0.6731481481481482 0.7572916666666667 0.674074074074074 0.7588541666666667 0.6777777777777778 0.7630208333333334 0.6759259259259259 0.7708333333333334 0.6851851851851852 0.7729166666666667 0.6842592592592592 0.7645833333333333 0.6388888888888888 0.7661458333333333 0.6259259259259259 0.7692708333333333 0.6231481481481481 0.7640625 0.6175925925925926 0.7557291666666667 0.587037037037037 0.7510416666666667 0.587037037037037 0.7432291666666667 0.5990740740740741 0.7401041666666667 0.6092592592592593 0.7401041666666667 0.6555555555555556 0.74375 0.6620370370370371 0.7494791666666667 0.6648148148148149 0.7515625 0.6731481481481482
5 0.79375 0.7185185185185186 0.7984375 0.7046296296296296 0.796875 0.6787037037037037 0.7932291666666667 0.6620370370370371 0.7895833333333333 0.6611111111111111 0.7822916666666667 0.6787037037037037 0.778125 0.7046296296296296 0.778125 0.7537037037037037 0.7942708333333334 0.7537037037037037 0.7927083333333333 0.737037037037037 0.79375 0.7185185185185186
5 0.6369791666666667 0.6935185185185185 0.6369791666666667 0.6703703703703704 0.6395833333333333 0.6620370370370371 0.634375 0.6212962962962963 0.6302083333333334 0.6222222222222222 0.6260416666666667 0.6462962962962963 0.6265625 0.6833333333333333 0.6229166666666667 0.7074074074074074 0.634375 0.7138888888888889 0.6369791666666667 0.6935185185185185
2 0.23645833333333333 0.6805555555555556 0.24010416666666667 0.6731481481481482 0.24739583333333334 0.6694444444444444 0.24947916666666667 0.674074074074074 0.2557291666666667 0.675 0.25677083333333334 0.6722222222222223 0.2526041666666667 0.6518518518518519 0.253125 0.6314814814814815 0.2557291666666667 0.6231481481481481 0.25416666666666665 0.6138888888888889 0.2552083333333333 0.6027777777777777 0.2515625 0.5805555555555556 0.24739583333333334 0.5787037037037037 0.24322916666666666 0.5916666666666667 0.23958333333333334 0.5953703703703703 0.23489583333333333 0.6166666666666667 0.23489583333333333 0.6333333333333333 0.2375 0.6435185185185185 0.23385416666666667 0.6777777777777778 0.23645833333333333 0.6805555555555556
5 0.6114583333333333 0.7314814814814815 0.6125 0.6990740740740741 0.615625 0.6768518518518518 0.615625 0.6518518518518519 0.6114583333333333 0.6342592592592593 0.6078125 0.6305555555555555 0.6 0.649074074074074 0.5994791666666667 0.6657407407407407 0.6046875 0.7324074074074074 0.609375 0.7342592592592593 0.6114583333333333 0.7314814814814815
3 0.7458333333333333 0.725 0.7447916666666666 0.7638888888888888 0.7416666666666667 0.775 0.7479166666666667 0.7777777777777778 0.7567708333333333 0.7675925925925926 0.7546875 0.7361111111111112 0.759375 0.7157407407407408 0.7598958333333333 0.6935185185185185 0.7572916666666667 0.6814814814814815 0.7479166666666667 0.6611111111111111 0.7442708333333333 0.662962962962963 0.7421875 0.6703703703703704 0.7411458333333333 0.6814814814814815 0.7447916666666666 0.6981481481481482 0.74375 0.7101851851851851 0.7458333333333333 0.725
4 0.80625 0.9231481481481482 0.8145833333333333 0.9231481481481482 0.8166666666666667 0.9157407407407407 0.81875 0.8796296296296297 0.8203125 0.8703703703703703 0.8244791666666667 0.8629629629629629 0.8255208333333334 0.8287037037037037 0.8239583333333333 0.8175925925925925 0.81875 0.8101851851851852 0.8140625 0.7935185185185185 0.8098958333333334 0.7953703703703704 0.8072916666666666 0.8101851851851852 0.8026041666666667 0.8166666666666667 0.8015625 0.825 0.8015625 0.8629629629629629 0.8057291666666667 0.8796296296296297 0.8046875 0.9194444444444444 0.80625 0.9231481481481482
5 0.7364583333333333 0.6759259259259259 0.7411458333333333 0.5953703703703703 0.7348958333333333 0.5925925925925926 0.725 0.6194444444444445 0.7265625 0.6518518518518519 0.721875 0.6685185185185185 0.7239583333333334 0.6842592592592592 0.7364583333333333 0.6759259259259259
5 0.6942708333333333 0.6833333333333333 0.6989583333333333 0.6861111111111111 0.7010416666666667 0.6601851851851852 0.7041666666666667 0.6481481481481481 0.7072916666666667 0.6453703703703704 0.7067708333333333 0.6342592592592593 0.6984375 0.5990740740740741 0.6953125 0.5990740740740741 0.6880208333333333 0.6148148148148148 0.6875 0.6231481481481481 0.69375 0.6425925925925926 0.6927083333333334 0.6648148148148149 0.6942708333333333 0.6833333333333333
4 0.6885416666666667 0.7046296296296296 0.6911458333333333 0.6944444444444444 0.6947916666666667 0.6444444444444445 0.6859375 0.6138888888888889 0.6765625 0.6333333333333333 0.6744791666666666 0.6509259259259259 0.6796875 0.6712962962962963 0.6796875 0.700925925925926 0.6885416666666667 0.7046296296296296
0 0.7401041666666667 0.8768518518518519 0.7322916666666667 0.8666666666666667 0.7307291666666667 0.8740740740740741 0.7296875 0.8962962962962963 0.7385416666666667 0.8962962962962963 0.7411458333333333 0.887962962962963 0.7401041666666667 0.8768518518518519
5 0.546875 0.8101851851851852 0.5484375 0.8138888888888889 0.5546875 0.812037037037037 0.55625 0.8092592592592592 0.5536458333333333 0.8 0.5536458333333333 0.7898148148148149 0.5588541666666667 0.7324074074074074 0.5583333333333333 0.7157407407407408 0.5526041666666667 0.7129629629629629 0.5380208333333333 0.7435185185185185 0.5401041666666667 0.7675925925925926 0.5348958333333333 0.8138888888888889 0.5411458333333333 0.8148148148148148 0.546875 0.8101851851851852
4 0.934375 0.7796296296296297 0.94375 0.7851851851851852 0.946875 0.7787037037037037 0.9395833333333333 0.7472222222222222 0.9416666666666667 0.7046296296296296 0.9354166666666667 0.6814814814814815 0.9302083333333333 0.6851851851851852 0.9255208333333333 0.7435185185185185 0.9276041666666667 0.7666666666666667 0.9244791666666666 0.7833333333333333 0.9322916666666666 0.7851851851851852 0.934375 0.7796296296296297
3 0.9291666666666667 0.575 0.9359375 0.5777777777777777 0.9390625 0.5879629629629629 0.9427083333333334 0.5879629629629629 0.9380208333333333 0.5611111111111111 0.9385416666666667 0.5444444444444444 0.9354166666666667 0.5342592592592592 0.9291666666666667 0.5287037037037037 0.921875 0.5370370370370371 0.9208333333333333 0.5462962962962963 0.9255208333333333 0.5861111111111111 0.928125 0.5879629629629629 0.9291666666666667 0.575
5 0.6744791666666666 0.7055555555555556 0.6692708333333334 0.6787037037037037 0.6723958333333333 0.6444444444444445 0.6619791666666667 0.6212962962962963 0.6588541666666666 0.6185185185185185 0.65625 0.6212962962962963 0.65625 0.7083333333333334 0.6682291666666667 0.7074074074074074 0.6703125 0.7111111111111111 0.6744791666666666 0.7055555555555556
4 0.65 0.7101851851851851 0.6536458333333334 0.700925925925926 0.6510416666666666 0.6787037037037037 0.6567708333333333 0.6694444444444444 0.6578125 0.6620370370370371 0.6588541666666666 0.6222222222222222 0.6546875 0.6138888888888889 0.6494791666666667 0.6157407407407407 0.6458333333333334 0.6388888888888888 0.6447916666666667 0.6851851851851852 0.6473958333333333 0.6972222222222222 0.6463541666666667 0.7101851851851851 0.65 0.7101851851851851
5 0.5140625 0.812962962962963 0.5265625 0.8175925925925925 0.5286458333333334 0.8138888888888889 0.5265625 0.8064814814814815 0.5322916666666667 0.7796296296296297 0.5338541666666666 0.7472222222222222 0.5333333333333333 0.7212962962962963 0.5296875 0.7129629629629629 0.5296875 0.7046296296296296 0.5270833333333333 0.7083333333333334 0.5203125 0.7083333333333334 0.5114583333333333 0.7287037037037037 0.5114583333333333 0.7842592592592592 0.5088541666666667 0.8175925925925925 0.5098958333333333 0.8194444444444444 0.5140625 0.812962962962963