4 0.8807291666666667 0.6796296296296296 0.8833333333333333 0.675 0.8880208333333334 0.6435185185185185 0.8859375 0.6287037037037037 0.8807291666666667 0.6185185185185185 0.878125 0.6185185185185185 0.86875 0.6435185185185185 0.8708333333333333 0.65 0.86875 0.675 0.8776041666666666 0.6712962962962963 0.8807291666666667 0.6796296296296296
4 0.8380208333333333 0.6157407407407407 0.8416666666666667 0.5990740740740741 0.8416666666666667 0.5833333333333334 0.8375 0.5722222222222222 0.8338541666666667 0.5703703703703704 0.8286458333333333 0.5796296296296296 0.8270833333333333 0.5898148148148148 0.8286458333333333 0.6166666666666667 0.8338541666666667 0.6212962962962963 0.8380208333333333 0.6157407407407407
4 0.2635416666666667 0.5537037037037037 0.2609375 0.5601851851851852 0.2630208333333333 0.5953703703703703 0.2713541666666667 0.5990740740740741 0.27239583333333334 0.5601851851851852 0.2635416666666667 0.5537037037037037
4 0.8177083333333334 0.8203703703703704 0.821875 0.8203703703703704 0.8234375 0.8055555555555556 0.828125 0.8037037037037037 0.8364583333333333 0.8222222222222222 0.8390625 0.8212962962962963 0.8322916666666667 0.7898148148148149 0.8307291666666666 0.7712962962962963 0.825 0.7555555555555555 0.8213541666666667 0.7537037037037037 0.8104166666666667 0.7814814814814814 0.8098958333333334 0.7916666666666666 0.8135416666666667 0.7898148148148149 0.8171875 0.7981481481481482 0.8177083333333334 0.8203703703703704
5 0.6364583333333333 0.7509259259259259 0.6385416666666667 0.7574074074074074 0.6421875 0.7574074074074074 0.6364583333333333 0.7046296296296296 0.6338541666666667 0.7037037037037037 0.6265625 0.7129629629629629 0.6229166666666667 0.7268518518518519 0.6239583333333333 0.7555555555555555 0.6286458333333333 0.7555555555555555 0.6291666666666667 0.7472222222222222 0.6364583333333333 0.7509259259259259
5 0.5598958333333334 0.6694444444444444 0.5645833333333333 0.6685185185185185 0.5677083333333334 0.6657407407407407 0.5713541666666667 0.6231481481481481 0.5661458333333333 0.6092592592592593 0.5588541666666667 0.6148148148148148 0.5526041666666667 0.6092592592592593 0.5526041666666667 0.6148148148148148 0.559375 0.6324074074074074 0.5578125 0.6657407407407407 0.5598958333333334 0.6694444444444444
4 0.5708333333333333 0.5666666666666667 0.5677083333333334 0.55 0.5625 0.5537037037037037 0.5552083333333333 0.5796296296296296 0.5536458333333333 0.5879629629629629 0.55625 0.5935185185185186 0.5671875 0.5879629629629629 0.5708333333333333 0.5666666666666667
4 0.68125 0.6953703703703704 0.6760416666666667 0.6962962962962963 0.6776041666666667 0.7027777777777777 0.68125 0.7046296296296296 0.6828125 0.700925925925926 0.68125 0.6953703703703704
4 0.665625 0.6888888888888889 0.6692708333333334 0.6962962962962963 0.671875 0.6962962962962963 0.6786458333333333 0.6824074074074075 0.6817708333333333 0.6851851851851852 0.68125 0.6787037037037037 0.6739583333333333 0.6611111111111111 0.6630208333333333 0.6694444444444444 0.6583333333333333 0.6851851851851852 0.6552083333333333 0.6888888888888889 0.6567708333333333 0.6925925925925925 0.665625 0.6888888888888889
5 0.403125 0.6277777777777778 0.4015625 0.6074074074074074 0.3963541666666667 0.6018518518518519 0.39166666666666666 0.6138888888888889 0.39114583333333336 0.6574074074074074 0.39739583333333334 0.6601851851851852 0.4010416666666667 0.6546296296296297 0.403125 0.6277777777777778
4 0.6260416666666667 0.6518518518518519 0.6354166666666666 0.6472222222222223 0.6364583333333333 0.6351851851851852 0.6385416666666667 0.6342592592592593 0.6380208333333334 0.6194444444444445 0.6354166666666666 0.6148148148148148 0.6260416666666667 0.6268518518518519 0.621875 0.6481481481481481 0.6182291666666667 0.6537037037037037 0.61875 0.6611111111111111 0.6260416666666667 0.6518518518518519
5 0.6307291666666667 0.6861111111111111 0.6427083333333333 0.6851851851851852 0.6421875 0.6601851851851852 0.6447916666666667 0.6583333333333333 0.6432291666666666 0.6537037037037037 0.6291666666666667 0.6407407407407407 0.6182291666666667 0.6555555555555556 0.61875 0.6648148148148149 0.6213541666666667 0.6620370370370371 0.6286458333333333 0.6638888888888889 0.6307291666666667 0.6861111111111111
5 0.18958333333333333 0.6805555555555556 0.1953125 0.6425925925925926 0.190625 0.6222222222222222 0.18802083333333333 0.6212962962962963 0.18489583333333334 0.6268518518518519 0.18125 0.6370370370370371 0.18385416666666668 0.6601851851851852 0.18333333333333332 0.6777777777777778 0.18958333333333333 0.6805555555555556
5 0.22239583333333332 0.6092592592592593 0.22604166666666667 0.6064814814814815 0.22760416666666666 0.5675925925925925 0.225 0.562962962962963 0.2203125 0.5648148148148148 0.21822916666666667 0.5935185185185186 0.215625 0.5990740740740741 0.21875 0.6083333333333333 0.22239583333333332 0.6092592592592593
4 0.21458333333333332 0.6472222222222223 0.21822916666666667 0.6092592592592593 0.20989583333333334 0.5925925925925926 0.20729166666666668 0.5944444444444444 0.203125 0.6092592592592593 0.20260416666666667 0.65 0.20572916666666666 0.6537037037037037 0.21145833333333333 0.6537037037037037 0.21458333333333332 0.6472222222222223
5 0.21145833333333333 0.6824074074074075 0.20989583333333334 0.6787037037037037 0.20625 0.6796296296296296 0.20260416666666667 0.687962962962963 0.19635416666666666 0.7194444444444444 0.19583333333333333 0.7416666666666667 0.2125 0.7435185185185185 0.209375 0.6953703703703704 0.21145833333333333 0.6824074074074075
4 0.36875 0.6712962962962963 0.36875 0.6777777777777778 0.3734375 0.675 0.37395833333333334 0.6657407407407407 0.3765625 0.6620370370370371 0.3770833333333333 0.6305555555555555 0.3640625 0.6129629629629629 0.3609375 0.6166666666666667 0.35625 0.6333333333333333 0.35572916666666665 0.6425925925925926 0.35833333333333334 0.6472222222222223 0.3609375 0.6666666666666666 0.36875 0.6712962962962963
4 0.19270833333333334 0.8287037037037037 0.19583333333333333 0.7907407407407407 0.19895833333333332 0.7861111111111111 0.19479166666666667 0.7564814814814815 0.18958333333333333 0.7564814814814815 0.1828125 0.775 0.18229166666666666 0.8148148148148148 0.1796875 0.8407407407407408 0.1890625 0.8444444444444444 0.19270833333333334 0.8287037037037037
3 0.3671875 0.6777777777777778 0.365625 0.6824074074074075 0.36875 0.6916666666666667 0.3765625 0.6731481481481482 0.3776041666666667 0.6324074074074074 0.3651041666666667 0.6157407407407407 0.3572916666666667 0.6305555555555555 0.3567708333333333 0.637962962962963 0.3609375 0.6638888888888889 0.365625 0.6694444444444444 0.3671875 0.6777777777777778
5 0.21510416666666668 0.6509259259259259 0.21614583333333334 0.6333333333333333 0.2203125 0.6231481481481481 0.22135416666666666 0.6064814814814815 0.20989583333333334 0.5972222222222222 0.2046875 0.6064814814814815 0.20416666666666666 0.6481481481481481 0.20677083333333332 0.6537037037037037 0.2125 0.6546296296296297 0.21510416666666668 0.6509259259259259
0 0.6817708333333333 0.6944444444444444 0.6770833333333334 0.6944444444444444 0.6760416666666667 0.7 0.6776041666666667 0.7046296296296296 0.6838541666666667 0.7037037037037037 0.6817708333333333 0.6944444444444444
5 0.6604166666666667 0.6819444444444445 0.6640625 0.6657407407407407 0.6583333333333333 0.6574074074074074 0.6510416666666666 0.6583333333333333 0.646875 0.6638888888888889 0.6447916666666667 0.6805555555555556 0.6453125 0.6916666666666667 0.6578125 0.6925925925925925 0.6609375 0.6888888888888889 0.6604166666666667 0.6819444444444445
5 0.5614583333333333 0.5722222222222222 0.5572916666666666 0.5731481481481482 0.5526041666666667 0.5861111111111111 0.5515625 0.6111111111111112 0.55625 0.6148148148148148 0.5630208333333333 0.5842592592592593 0.5614583333333333 0.5722222222222222
3 0.234375 0.5601851851851852 0.23489583333333333 0.549074074074074 0.2390625 0.5370370370370371 0.2390625 0.525 0.23541666666666666 0.5212962962962963 0.2265625 0.525 0.22552083333333334 0.537962962962963 0.22760416666666666 0.5601851851851852 0.23229166666666667 0.562037037037037 0.234375 0.5601851851851852