5 0.353125 0.6351851851851852 0.3546875 0.5796296296296296 0.3494791666666667 0.562962962962963 0.3453125 0.5638888888888889 0.3411458333333333 0.6074074074074074 0.340625 0.6351851851851852 0.353125 0.6351851851851852
4 0.5380208333333333 0.6324074074074074 0.540625 0.6361111111111111 0.5442708333333334 0.6342592592592593 0.5505208333333333 0.6175925925925926 0.5552083333333333 0.6268518518518519 0.5541666666666667 0.6342592592592593 0.559375 0.6351851851851852 0.5640625 0.6305555555555555 0.5640625 0.6268518518518519 0.5588541666666667 0.6194444444444445 0.55625 0.6064814814814815 0.5614583333333333 0.5953703703703703 0.55 0.5638888888888889 0.5458333333333333 0.5648148148148148 0.5442708333333334 0.575925925925926 0.5442708333333334 0.6092592592592593 0.5380208333333333 0.6324074074074074
5 0.0515625 0.7046296296296296 0.05 0.6907407407407408 0.052083333333333336 0.6759259259259259 0.049479166666666664 0.6425925925925926 0.0515625 0.6268518518518519 0.04895833333333333 0.6222222222222222 0.04375 0.6259259259259259 0.035416666666666666 0.6574074074074074 0.040625 0.7046296296296296 0.0515625 0.7046296296296296
5 0.25885416666666666 0.625 0.25833333333333336 0.6287037037037037 0.26614583333333336 0.6314814814814815 0.26458333333333334 0.6481481481481481 0.2677083333333333 0.6648148148148149 0.26614583333333336 0.674074074074074 0.271875 0.6768518518518518 0.2760416666666667 0.6731481481481482 0.2755208333333333 0.612037037037037 0.27239583333333334 0.5990740740740741 0.2671875 0.600925925925926 0.265625 0.6185185185185185 0.25885416666666666 0.625
5 0.22708333333333333 0.6564814814814814 0.2328125 0.6555555555555556 0.23489583333333333 0.6537037037037037 0.23802083333333332 0.5981481481481481 0.23229166666666667 0.5861111111111111 0.228125 0.5833333333333334 0.221875 0.6111111111111112 0.22552083333333334 0.6537037037037037 0.22708333333333333 0.6564814814814814
5 0.6020833333333333 0.6222222222222222 0.6067708333333334 0.6259259259259259 0.6125 0.6231481481481481 0.615625 0.6129629629629629 0.6192708333333333 0.5768518518518518 0.6177083333333333 0.5638888888888889 0.6119791666666666 0.5574074074074075 0.6078125 0.5611111111111111 0.6067708333333334 0.5962962962962963 0.6020833333333333 0.6222222222222222
2 0.6265625 0.6268518518518519 0.6291666666666667 0.6231481481481481 0.6296875 0.6157407407407407 0.6286458333333333 0.5879629629629629 0.6270833333333333 0.5685185185185185 0.6229166666666667 0.5546296296296296 0.6177083333333333 0.5574074074074075 0.6161458333333333 0.5694444444444444 0.6130208333333333 0.6222222222222222 0.6265625 0.6268518518518519
4 0.044270833333333336 0.6037037037037037 0.051041666666666666 0.6064814814814815 0.05260416666666667 0.6046296296296296 0.05416666666666667 0.5527777777777778 0.0484375 0.5370370370370371 0.04479166666666667 0.5398148148148149 0.04114583333333333 0.5527777777777778 0.044270833333333336 0.6037037037037037
3 0.5932291666666667 0.6666666666666666 0.5942708333333333 0.6712962962962963 0.5958333333333333 0.6861111111111111 0.5942708333333333 0.7018518518518518 0.5984375 0.7092592592592593 0.603125 0.7083333333333334 0.603125 0.6722222222222223 0.6083333333333333 0.6583333333333333 0.6067708333333334 0.6425925925925926 0.6 0.6259259259259259 0.5973958333333333 0.6268518518518519 0.5916666666666667 0.6407407407407407 0.5869791666666667 0.6657407407407407 0.5932291666666667 0.6666666666666666
5 0.027083333333333334 0.6842592592592592 0.029166666666666667 0.6898148148148148 0.033854166666666664 0.6888888888888889 0.035416666666666666 0.6805555555555556 0.040625 0.6768518518518518 0.040625 0.6685185185185185 0.046875 0.6416666666666667 0.04635416666666667 0.6277777777777778 0.040625 0.6129629629629629 0.0359375 0.6157407407407407 0.03333333333333333 0.6324074074074074 0.030208333333333334 0.6731481481481482 0.027083333333333334 0.6842592592592592
4 0.18177083333333333 0.7611111111111111 0.19114583333333332 0.7518518518518519 0.1953125 0.6694444444444444 0.18541666666666667 0.6435185185185185 0.18229166666666666 0.6462962962962963 0.17552083333333332 0.6907407407407408 0.178125 0.7592592592592593 0.18177083333333333 0.7611111111111111
3 0.5640625 0.6231481481481481 0.5692708333333333 0.6231481481481481 0.5755208333333334 0.6314814814814815 0.5807291666666666 0.6324074074074074 0.5817708333333333 0.6277777777777778 0.5786458333333333 0.6101851851851852 0.58125 0.5861111111111111 0.5864583333333333 0.5796296296296296 0.5807291666666666 0.5685185185185185 0.5796875 0.5518518518518518 0.5760416666666667 0.5518518518518518 0.5682291666666667 0.5666666666666667 0.5671875 0.6083333333333333 0.5640625 0.6231481481481481
5 0.203125 0.6657407407407407 0.20729166666666668 0.6666666666666666 0.21041666666666667 0.6620370370370371 0.20833333333333334 0.6555555555555556 0.21041666666666667 0.6314814814814815 0.20885416666666667 0.587037037037037 0.2046875 0.5842592592592593 0.2 0.6 0.2015625 0.6592592592592592 0.203125 0.6657407407407407
5 0.45260416666666664 0.7416666666666667 0.4505208333333333 0.7546296296296297 0.4588541666666667 0.7555555555555555 0.4625 0.7509259259259259 0.4635416666666667 0.7435185185185185 0.4588541666666667 0.7342592592592593 0.46145833333333336 0.6898148148148148 0.45625 0.6712962962962963 0.45208333333333334 0.674074074074074 0.4505208333333333 0.6953703703703704 0.45 0.7212962962962963 0.45260416666666664 0.7416666666666667
4 0.15677083333333333 0.7333333333333333 0.1578125 0.7564814814814815 0.16197916666666667 0.7592592592592593 0.16510416666666666 0.7435185185185185 0.16875 0.6805555555555556 0.165625 0.6685185185185185 0.1625 0.6648148148148149 0.15989583333333332 0.6657407407407407 0.15416666666666667 0.6777777777777778 0.15416666666666667 0.725 0.15677083333333333 0.7333333333333333