3 0.5526041666666667 0.6953703703703704 0.5546875 0.6703703703703704 0.5572916666666666 0.6657407407407407 0.553125 0.6453703703703704 0.55 0.6472222222222223 0.5453125 0.6611111111111111 0.546875 0.6851851851851852 0.5421875 0.6935185185185185 0.5489583333333333 0.7037037037037037 0.5526041666666667 0.6953703703703704
5 0.3015625 0.6824074074074075 0.30052083333333335 0.6694444444444444 0.2947916666666667 0.6546296296296297 0.29010416666666666 0.6694444444444444 0.28958333333333336 0.6796296296296296 0.29322916666666665 0.7055555555555556 0.2984375 0.7083333333333334 0.3015625 0.6824074074074075
4 0.41510416666666666 0.7018518518518518 0.4192708333333333 0.7018518518518518 0.42135416666666664 0.6694444444444444 0.4197916666666667 0.6527777777777778 0.41510416666666666 0.65 0.40989583333333335 0.6666666666666666 0.4109375 0.6722222222222223 0.40677083333333336 0.6888888888888889 0.4125 0.6907407407407408 0.41510416666666666 0.7018518518518518
5 0.2515625 0.7092592592592593 0.2546875 0.7 0.2578125 0.6990740740740741 0.2609375 0.7111111111111111 0.2640625 0.7138888888888889 0.2677083333333333 0.7083333333333334 0.265625 0.7 0.26458333333333334 0.6537037037037037 0.2609375 0.6537037037037037 0.25833333333333336 0.6611111111111111 0.25625 0.6851851851851852 0.24895833333333334 0.6981481481481482 0.24739583333333334 0.7055555555555556 0.2515625 0.7092592592592593
4 0.7614583333333333 0.6074074074074074 0.75625 0.6027777777777777 0.753125 0.6046296296296296 0.7557291666666667 0.6435185185185185 0.7598958333333333 0.6472222222222223 0.7625 0.6425925925925926 0.7614583333333333 0.6074074074074074
5 0.8036458333333333 0.6972222222222222 0.8052083333333333 0.6925925925925925 0.8026041666666667 0.6824074074074075 0.8005208333333333 0.6546296296296297 0.7984375 0.6453703703703704 0.7942708333333334 0.6453703703703704 0.790625 0.6574074074074074 0.7942708333333334 0.6787037037037037 0.79375 0.6935185185185185 0.8036458333333333 0.6972222222222222
4 0.3026041666666667 0.6296296296296297 0.2989583333333333 0.600925925925926 0.2953125 0.6046296296296296 0.29270833333333335 0.6203703703703703 0.2916666666666667 0.6509259259259259 0.2947916666666667 0.6564814814814814 0.2984375 0.6527777777777778 0.3026041666666667 0.6296296296296297
5 0.6645833333333333 0.7444444444444445 0.6697916666666667 0.7324074074074074 0.6755208333333333 0.7268518518518519 0.6744791666666666 0.7175925925925926 0.678125 0.7083333333333334 0.6739583333333333 0.687037037037037 0.6708333333333333 0.6888888888888889 0.6645833333333333 0.7027777777777777 0.6645833333333333 0.725 0.659375 0.7398148148148148 0.6614583333333334 0.7453703703703703 0.6645833333333333 0.7444444444444445
4 0.228125 0.7305555555555555 0.22708333333333333 0.7361111111111112 0.23125 0.7361111111111112 0.23385416666666667 0.7324074074074074 0.234375 0.7046296296296296 0.2359375 0.700925925925926 0.234375 0.6768518518518518 0.23125 0.6759259259259259 0.22708333333333333 0.6851851851851852 0.2234375 0.7111111111111111 0.21770833333333334 0.7166666666666667 0.22604166666666667 0.7212962962962963 0.228125 0.7305555555555555
5 0.45208333333333334 0.6333333333333333 0.4552083333333333 0.6305555555555555 0.4510416666666667 0.6138888888888889 0.446875 0.6138888888888889 0.44375 0.6342592592592593 0.44166666666666665 0.6537037037037037 0.4510416666666667 0.6657407407407407 0.45260416666666664 0.6583333333333333 0.45208333333333334 0.6333333333333333
5 0.3640625 0.5990740740740741 0.3609375 0.5935185185185186 0.3578125 0.5972222222222222 0.35625 0.6055555555555555 0.35520833333333335 0.6388888888888888 0.359375 0.6444444444444445 0.36354166666666665 0.637962962962963 0.3640625 0.5990740740740741
2 0.19583333333333333 0.6388888888888888 0.19583333333333333 0.6074074074074074 0.19010416666666666 0.6046296296296296 0.1859375 0.6129629629629629 0.18697916666666667 0.65 0.18854166666666666 0.6537037037037037 0.19270833333333334 0.6537037037037037 0.19583333333333333 0.6388888888888888
4 0.565625 0.6388888888888888 0.5666666666666667 0.6027777777777777 0.5640625 0.5944444444444444 0.5583333333333333 0.5962962962962963 0.5557291666666667 0.6018518518518519 0.5578125 0.6240740740740741 0.5630208333333333 0.637962962962963 0.565625 0.6388888888888888
4 0.6947916666666667 0.6638888888888889 0.6973958333333333 0.6712962962962963 0.7010416666666667 0.6694444444444444 0.6979166666666666 0.6268518518518519 0.6895833333333333 0.6148148148148148 0.6869791666666667 0.6231481481481481 0.6807291666666667 0.6546296296296297 0.6859375 0.6592592592592592 0.6864583333333333 0.6666666666666666 0.6947916666666667 0.6638888888888889
4 0.9307291666666667 0.7018518518518518 0.928125 0.6898148148148148 0.9296875 0.6620370370370371 0.9244791666666666 0.6509259259259259 0.9213541666666667 0.6518518518518519 0.9177083333333333 0.6620370370370371 0.9208333333333333 0.6944444444444444 0.9192708333333334 0.7055555555555556 0.9270833333333334 0.7074074074074074 0.9307291666666667 0.7018518518518518
4 0.9119791666666667 0.6166666666666667 0.909375 0.6203703703703703 0.9036458333333334 0.6611111111111111 0.9161458333333333 0.6638888888888889 0.9177083333333333 0.6296296296296297 0.9119791666666667 0.6166666666666667
0 0.4942708333333333 0.6101851851851852 0.4953125 0.5990740740740741 0.4901041666666667 0.5981481481481481 0.4859375 0.5990740740740741 0.4895833333333333 0.6018518518518519 0.4890625 0.6111111111111112 0.4942708333333333 0.6101851851851852
3 0.8604166666666667 0.5925925925925926 0.853125 0.5888888888888889 0.8494791666666667 0.5981481481481481 0.8494791666666667 0.625 0.8557291666666667 0.6287037037037037 0.8625 0.6277777777777778 0.8604166666666667 0.5925925925925926
5 0.32447916666666665 0.662962962962963 0.32447916666666665 0.6416666666666667 0.32760416666666664 0.6268518518518519 0.3171875 0.6268518518518519 0.31354166666666666 0.6351851851851852 0.3104166666666667 0.6564814814814814 0.3104166666666667 0.6731481481481482 0.3140625 0.6777777777777778 0.31927083333333334 0.6768518518518518 0.32447916666666665 0.662962962962963
3 0.4390625 0.5583333333333333 0.43385416666666665 0.5694444444444444 0.43125 0.5953703703703703 0.44166666666666665 0.5944444444444444 0.4432291666666667 0.5583333333333333 0.4390625 0.5583333333333333
4 0.5953125 0.7083333333333334 0.5963541666666666 0.6703703703703704 0.5921875 0.6712962962962963 0.5890625 0.6814814814814815 0.5838541666666667 0.700925925925926 0.5869791666666667 0.7231481481481481 0.5911458333333334 0.7222222222222222 0.5953125 0.7083333333333334
5 0.47604166666666664 0.575925925925926 0.4734375 0.5740740740740741 0.46979166666666666 0.5851851851851851 0.46979166666666666 0.6046296296296296 0.47552083333333334 0.6092592592592593 0.47708333333333336 0.6064814814814815 0.47604166666666664 0.575925925925926