4 0.16979166666666667 0.6342592592592593 0.17447916666666666 0.6101851851851852 0.16979166666666667 0.5898148148148148 0.16614583333333333 0.587037037037037 0.1640625 0.5898148148148148 0.16145833333333334 0.5990740740740741 0.16197916666666667 0.6305555555555555 0.16458333333333333 0.6342592592592593 0.16979166666666667 0.6342592592592593
3 0.8765625 0.8953703703703704 0.8776041666666666 0.8870370370370371 0.8854166666666666 0.8953703703703704 0.8890625 0.8953703703703704 0.8901041666666667 0.8407407407407408 0.8885416666666667 0.825 0.8807291666666667 0.8101851851851852 0.8786458333333333 0.8101851851851852 0.8760416666666667 0.8138888888888889 0.8729166666666667 0.8324074074074074 0.875 0.8574074074074074 0.8703125 0.8759259259259259 0.871875 0.8962962962962963 0.8765625 0.8953703703703704
5 0.246875 0.6342592592592593 0.2484375 0.6 0.24479166666666666 0.5898148148148148 0.2375 0.5916666666666667 0.23645833333333333 0.6083333333333333 0.2390625 0.6342592592592593 0.24427083333333333 0.637962962962963 0.246875 0.6342592592592593
3 0.3859375 0.6287037037037037 0.38645833333333335 0.6055555555555555 0.3796875 0.6037037037037037 0.37447916666666664 0.6111111111111112 0.375 0.6574074074074074 0.378125 0.6592592592592592 0.38177083333333334 0.6527777777777778 0.3859375 0.6287037037037037
0 0.08802083333333334 0.7240740740740741 0.08229166666666667 0.7240740740740741 0.08177083333333333 0.7314814814814815 0.08385416666666666 0.7351851851851852 0.0890625 0.7324074074074074 0.08802083333333334 0.7240740740740741
2 0.9088541666666666 0.6212962962962963 0.9046875 0.6083333333333333 0.9015625 0.6092592592592593 0.9 0.6148148148148148 0.8984375 0.6462962962962963 0.8947916666666667 0.6620370370370371 0.9078125 0.6657407407407407 0.9088541666666666 0.6212962962962963
4 0.5296875 0.725925925925926 0.534375 0.7240740740740741 0.5364583333333334 0.7185185185185186 0.5348958333333333 0.6981481481481482 0.5395833333333333 0.6833333333333333 0.5307291666666667 0.6648148148148149 0.5265625 0.6657407407407407 0.5270833333333333 0.6768518518518518 0.5229166666666667 0.6888888888888889 0.5270833333333333 0.7212962962962963 0.5296875 0.725925925925926
4 0.5494791666666666 0.6814814814814815 0.55 0.637962962962963 0.5442708333333334 0.625 0.5411458333333333 0.6277777777777778 0.5380208333333333 0.6425925925925926 0.5375 0.6824074074074075 0.5395833333333333 0.687962962962963 0.5458333333333333 0.6888888888888889 0.5494791666666666 0.6814814814814815
5 0.3411458333333333 0.700925925925926 0.3380208333333333 0.6851851851851852 0.3338541666666667 0.6796296296296296 0.32916666666666666 0.6805555555555556 0.3255208333333333 0.6981481481481482 0.3223958333333333 0.7435185185185185 0.3338541666666667 0.7398148148148148 0.33697916666666666 0.7111111111111111 0.3411458333333333 0.700925925925926
4 0.025520833333333333 0.6675925925925926 0.03229166666666667 0.6305555555555555 0.025 0.6101851851851852 0.020833333333333332 0.6129629629629629 0.015625 0.625 0.014583333333333334 0.65 0.017708333333333333 0.6694444444444444 0.021875 0.6731481481481482 0.025520833333333333 0.6675925925925926
4 0.08177083333333333 0.675 0.07708333333333334 0.6731481481481482 0.0703125 0.6805555555555556 0.06770833333333333 0.6962962962962963 0.06770833333333333 0.7203703703703703 0.07916666666666666 0.7222222222222222 0.084375 0.6972222222222222 0.08177083333333333 0.675
4 0.3302083333333333 0.6231481481481481 0.3255208333333333 0.6324074074074074 0.3260416666666667 0.6722222222222223 0.3302083333333333 0.6796296296296296 0.33645833333333336 0.6342592592592593 0.3302083333333333 0.6231481481481481
4 0.4578125 0.6194444444444445 0.45677083333333335 0.5953703703703703 0.4546875 0.5898148148148148 0.4505208333333333 0.5907407407407408 0.44479166666666664 0.6342592592592593 0.4583333333333333 0.6370370370370371 0.45989583333333334 0.6259259259259259 0.4578125 0.6194444444444445
4 0.4786458333333333 0.6416666666666667 0.4786458333333333 0.6018518518518519 0.4666666666666667 0.6194444444444445 0.4666666666666667 0.6388888888888888 0.46875 0.6583333333333333 0.4708333333333333 0.6611111111111111 0.4786458333333333 0.6416666666666667
5 0.27291666666666664 0.6620370370370371 0.2713541666666667 0.6333333333333333 0.26666666666666666 0.6333333333333333 0.2625 0.6481481481481481 0.2630208333333333 0.6611111111111111 0.259375 0.6814814814814815 0.2713541666666667 0.6861111111111111 0.27291666666666664 0.6620370370370371
4 0.5520833333333334 0.8759259259259259 0.5552083333333333 0.8740740740740741 0.5567708333333333 0.8601851851851852 0.5619791666666667 0.8592592592592593 0.5651041666666666 0.875 0.5682291666666667 0.8768518518518519 0.56875 0.8648148148148148 0.565625 0.8490740740740741 0.5661458333333333 0.8218518518518518 0.5739583333333333 0.8138888888888889 0.5776041666666667 0.8138888888888889 0.5786458333333333 0.8101851851851852 0.5640625 0.8009259259259259 0.5604166666666667 0.7888888888888889 0.55625 0.787962962962963 0.5505208333333333 0.8055555555555556 0.5380208333333333 0.8148148148148148 0.5375 0.8175925925925925 0.5526041666666667 0.8277777777777777 0.55 0.8731481481481481 0.5520833333333334 0.8759259259259259
5 0.4546875 0.6898148148148148 0.4578125 0.6851851851851852 0.46041666666666664 0.6666666666666666 0.46145833333333336 0.637962962962963 0.4588541666666667 0.6324074074074074 0.4510416666666667 0.6277777777777778 0.44635416666666666 0.6342592592592593 0.44583333333333336 0.637962962962963 0.4510416666666667 0.6462962962962963 0.4510416666666667 0.6861111111111111 0.4546875 0.6898148148148148
4 0.3489583333333333 0.5740740740740741 0.34375 0.5666666666666667 0.3390625 0.575 0.3385416666666667 0.6064814814814815 0.3458333333333333 0.6111111111111112 0.35 0.5925925925925926 0.3489583333333333 0.5740740740740741
5 0.3536458333333333 0.6592592592592592 0.3546875 0.6231481481481481 0.3489583333333333 0.6083333333333333 0.34479166666666666 0.6064814814814815 0.34479166666666666 0.6416666666666667 0.346875 0.6620370370370371 0.3494791666666667 0.6685185185185185 0.3536458333333333 0.6592592592592592
3 0.03125 0.575925925925926 0.025 0.5666666666666667 0.0203125 0.5777777777777777 0.019270833333333334 0.6046296296296296 0.025 0.6111111111111112 0.028125 0.6046296296296296 0.03125 0.575925925925926
5 0.53125 0.6407407407407407 0.5307291666666667 0.6259259259259259 0.5276041666666667 0.6157407407407407 0.5244791666666667 0.6129629629629629 0.51875 0.6287037037037037 0.51875 0.6620370370370371 0.5260416666666666 0.6638888888888889 0.528125 0.6472222222222223 0.53125 0.6407407407407407
3 0.09947916666666666 0.6037037037037037 0.10208333333333333 0.5833333333333334 0.10104166666666667 0.5675925925925925 0.0953125 0.5564814814814815 0.09166666666666666 0.5555555555555556 0.090625 0.5601851851851852 0.0890625 0.5814814814814815 0.09114583333333333 0.5935185185185186 0.09427083333333333 0.6027777777777777 0.09947916666666666 0.6037037037037037
5 0.5598958333333334 0.6925925925925925 0.5609375 0.6462962962962963 0.5567708333333333 0.6361111111111111 0.5526041666666667 0.6351851851851852 0.55 0.6388888888888888 0.5479166666666667 0.6527777777777778 0.5479166666666667 0.6814814814814815 0.5515625 0.6907407407407408 0.5598958333333334 0.6925925925925925
5 0.3885416666666667 0.649074074074074 0.3921875 0.6324074074074074 0.3932291666666667 0.6148148148148148 0.39114583333333336 0.5990740740740741 0.3885416666666667 0.5953703703703703 0.38645833333333335 0.5981481481481481 0.3828125 0.6064814814814815 0.38333333333333336 0.6351851851851852 0.3848958333333333 0.6453703703703704 0.3885416666666667 0.649074074074074
5 0.484375 0.6055555555555555 0.4817708333333333 0.5953703703703703 0.478125 0.5962962962962963 0.47604166666666664 0.6046296296296296 0.4765625 0.6351851851851852 0.48020833333333335 0.6398148148148148 0.48385416666666664 0.6296296296296297 0.484375 0.6055555555555555
5 0.5864583333333333 0.7240740740740741 0.5890625 0.725925925925926 0.5921875 0.7361111111111112 0.5947916666666667 0.7324074074074074 0.5932291666666667 0.7222222222222222 0.5953125 0.7092592592592593 0.5942708333333333 0.6962962962962963 0.5875 0.6805555555555556 0.5838541666666667 0.6796296296296296 0.5822916666666667 0.6851851851851852 0.5817708333333333 0.7083333333333334 0.5760416666666667 0.7333333333333333 0.5796875 0.7361111111111112 0.5864583333333333 0.7240740740740741