5 0.21614583333333334 0.6277777777777778 0.2203125 0.6324074074074074 0.2234375 0.6231481481481481 0.22864583333333333 0.625 0.22864583333333333 0.6212962962962963 0.22447916666666667 0.6185185185185185 0.221875 0.5990740740740741 0.2140625 0.587037037037037 0.2109375 0.5879629629629629 0.20989583333333334 0.6074074074074074 0.21614583333333334 0.6277777777777778
4 0.29270833333333335 0.6351851851851852 0.2947916666666667 0.6388888888888888 0.3026041666666667 0.6388888888888888 0.30520833333333336 0.6342592592592593 0.3020833333333333 0.587037037037037 0.2994791666666667 0.5787037037037037 0.29635416666666664 0.5768518518518518 0.29010416666666666 0.5898148148148148 0.28958333333333336 0.6083333333333333 0.29270833333333335 0.6351851851851852
5 0.23697916666666666 0.6574074074074074 0.24010416666666667 0.6601851851851852 0.24270833333333333 0.6462962962962963 0.2515625 0.649074074074074 0.2557291666666667 0.6574074074074074 0.25729166666666664 0.65 0.25052083333333336 0.6342592592592593 0.24583333333333332 0.6148148148148148 0.24010416666666667 0.6037037037037037 0.23697916666666666 0.6074074074074074 0.23489583333333333 0.6148148148148148 0.23697916666666666 0.6574074074074074
5 0.3140625 0.5944444444444444 0.321875 0.5935185185185186 0.32083333333333336 0.5555555555555556 0.3177083333333333 0.5472222222222223 0.31354166666666666 0.5462962962962963 0.3104166666666667 0.5564814814814815 0.3125 0.5916666666666667 0.3140625 0.5944444444444444
4 0.6458333333333334 0.6824074074074075 0.6505208333333333 0.6842592592592592 0.6541666666666667 0.675 0.6552083333333333 0.6305555555555555 0.6505208333333333 0.612037037037037 0.6463541666666667 0.612037037037037 0.64375 0.6222222222222222 0.6421875 0.6425925925925926 0.6458333333333334 0.6824074074074075
5 0.5140625 0.6564814814814814 0.5166666666666667 0.65 0.5203125 0.6546296296296297 0.5244791666666667 0.6537037037037037 0.51875 0.6111111111111112 0.5130208333333334 0.5962962962962963 0.5098958333333333 0.5990740740740741 0.509375 0.6546296296296297 0.5140625 0.6564814814814814
5 0.390625 0.6305555555555555 0.4036458333333333 0.6324074074074074 0.3984375 0.6027777777777777 0.39895833333333336 0.5907407407407408 0.3932291666666667 0.5712962962962963 0.3890625 0.575925925925926 0.38645833333333335 0.5879629629629629 0.3859375 0.5990740740740741 0.390625 0.6305555555555555
5 0.2796875 0.6175925925925926 0.2828125 0.6157407407407407 0.2869791666666667 0.6055555555555555 0.2838541666666667 0.5935185185185186 0.2833333333333333 0.5740740740740741 0.2791666666666667 0.5638888888888889 0.275 0.562962962962963 0.2713541666666667 0.575925925925926 0.2796875 0.6175925925925926
4 0.7859375 0.6129629629629629 0.7875 0.6092592592592593 0.7885416666666667 0.5638888888888889 0.7828125 0.5555555555555556 0.7802083333333333 0.5592592592592592 0.7791666666666667 0.5703703703703704 0.7791666666666667 0.6111111111111112 0.7859375 0.6129629629629629
5 0.34270833333333334 0.6675925925925926 0.3416666666666667 0.6731481481481482 0.3463541666666667 0.6777777777777778 0.3494791666666667 0.7111111111111111 0.3536458333333333 0.7111111111111111 0.36041666666666666 0.6925925925925925 0.3723958333333333 0.712037037037037 0.37604166666666666 0.7092592592592593 0.3651041666666667 0.687037037037037 0.353125 0.6509259259259259 0.3416666666666667 0.65 0.34010416666666665 0.6611111111111111 0.34270833333333334 0.6675925925925926
4 0.5723958333333333 0.5666666666666667 0.5796875 0.5712962962962963 0.58125 0.5666666666666667 0.5817708333333333 0.5305555555555556 0.5760416666666667 0.5222222222222223 0.5703125 0.5324074074074074 0.56875 0.549074074074074 0.5723958333333333 0.5666666666666667
5 0.15416666666666667 0.6657407407407407 0.15416666666666667 0.674074074074074 0.16041666666666668 0.6694444444444444 0.165625 0.6731481481481482 0.1640625 0.6583333333333333 0.16666666666666666 0.6537037037037037 0.16614583333333333 0.65 0.16302083333333334 0.6462962962962963 0.1578125 0.6268518518518519 0.15416666666666667 0.625 0.14791666666666667 0.6370370370370371 0.146875 0.649074074074074 0.14635416666666667 0.6583333333333333 0.15416666666666667 0.6657407407407407
3 0.3411458333333333 0.6425925925925926 0.33958333333333335 0.6592592592592592 0.3416666666666667 0.6666666666666666 0.3458333333333333 0.6712962962962963 0.3536458333333333 0.6620370370370371 0.3541666666666667 0.65 0.35 0.6324074074074074 0.33958333333333335 0.6259259259259259 0.334375 0.6287037037037037 0.3338541666666667 0.6342592592592593 0.3411458333333333 0.6425925925925926
4 0.3203125 0.5805555555555556 0.3255208333333333 0.6 0.3260416666666667 0.6111111111111112 0.3359375 0.612037037037037 0.3328125 0.5601851851851852 0.3296875 0.5527777777777778 0.3265625 0.5537037037037037 0.32135416666666666 0.5675925925925925 0.3223958333333333 0.5712962962962963 0.3203125 0.5805555555555556
5 0.4270833333333333 0.5833333333333334 0.43125 0.5833333333333334 0.43333333333333335 0.5796296296296296 0.43385416666666665 0.562962962962963 0.43802083333333336 0.5518518518518518 0.4375 0.5481481481481482 0.4359375 0.5398148148148149 0.4317708333333333 0.5333333333333333 0.42552083333333335 0.5462962962962963 0.42552083333333335 0.5796296296296296 0.4270833333333333 0.5833333333333334
4 0.11354166666666667 0.8027777777777778 0.11354166666666667 0.8185185185185185 0.1109375 0.8333333333333334 0.10625 0.8416666666666667 0.11197916666666667 0.8462962962962963 0.115625 0.8416666666666667 0.11822916666666666 0.8305555555555556 0.12135416666666667 0.8296296296296296 0.12708333333333333 0.8379629629629629 0.1265625 0.8472222222222222 0.1328125 0.8453703703703703 0.1328125 0.837037037037037 0.12552083333333333 0.8138888888888889 0.1296875 0.7916666666666666 0.13229166666666667 0.7907407407407407 0.128125 0.774074074074074 0.11822916666666666 0.7527777777777778 0.11458333333333333 0.7518518518518519 0.10729166666666666 0.7787037037037037 0.10729166666666666 0.7842592592592592 0.11354166666666667 0.8027777777777778
3 0.3770833333333333 0.5333333333333333 0.3796875 0.5296296296296297 0.38229166666666664 0.5083333333333333 0.3776041666666667 0.49907407407407406 0.3729166666666667 0.5046296296296297 0.3723958333333333 0.5138888888888888 0.3770833333333333 0.5333333333333333
4 0.13072916666666667 0.6657407407407407 0.134375 0.6666666666666666 0.1421875 0.6555555555555556 0.146875 0.6592592592592592 0.14427083333333332 0.6435185185185185 0.14479166666666668 0.6166666666666667 0.13854166666666667 0.6037037037037037 0.13541666666666666 0.6074074074074074 0.1359375 0.6231481481481481 0.13020833333333334 0.6444444444444445 0.12916666666666668 0.662962962962963 0.13072916666666667 0.6657407407407407
4 0.3875 0.5555555555555556 0.390625 0.5287037037037037 0.38958333333333334 0.5203703703703704 0.384375 0.5083333333333333 0.37916666666666665 0.5148148148148148 0.3802083333333333 0.5527777777777778 0.3875 0.5555555555555556
5 0.5276041666666667 0.6305555555555555 0.5369791666666667 0.6333333333333333 0.540625 0.6305555555555555 0.540625 0.5722222222222222 0.5364583333333334 0.5685185185185185 0.5302083333333333 0.587037037037037 0.5307291666666667 0.6018518518518519 0.5276041666666667 0.6305555555555555
3 0.9119791666666667 0.9638888888888889 0.915625 0.975925925925926 0.9203125 0.9527777777777777 0.9234375 0.9472222222222222 0.9260416666666667 0.9481481481481482 0.9291666666666667 0.9564814814814815 0.9296875 0.9777777777777777 0.9333333333333333 0.9796296296296296 0.9348958333333334 0.9777777777777777 0.9385416666666667 0.8953703703703704 0.93125 0.8722222222222222 0.9270833333333334 0.8666666666666667 0.9177083333333333 0.887962962962963 0.9161458333333333 0.8972222222222223 0.9145833333333333 0.9444444444444444 0.9119791666666667 0.9638888888888889
4 0.575 0.6388888888888888 0.5807291666666666 0.6407407407407407 0.5869791666666667 0.5962962962962963 0.5807291666666666 0.5814814814814815 0.5760416666666667 0.5833333333333334 0.5734375 0.5990740740740741 0.575 0.6388888888888888
3 0.8807291666666667 0.5694444444444444 0.8822916666666667 0.5472222222222223 0.8890625 0.525 0.8833333333333333 0.5185185185185185 0.8802083333333334 0.5092592592592593 0.8765625 0.512962962962963 0.871875 0.5305555555555556 0.8729166666666667 0.5675925925925925 0.8807291666666667 0.5694444444444444