4 0.07760416666666667 0.6472222222222223 0.07291666666666667 0.6361111111111111 0.06822916666666666 0.6416666666666667 0.06302083333333333 0.6944444444444444 0.06458333333333334 0.6972222222222222 0.08020833333333334 0.6972222222222222 0.07760416666666667 0.6472222222222223
4 0.4234375 0.7472222222222222 0.4270833333333333 0.7398148148148148 0.42291666666666666 0.725 0.4239583333333333 0.687962962962963 0.4197916666666667 0.6777777777777778 0.415625 0.6777777777777778 0.4125 0.6851851851851852 0.41458333333333336 0.7231481481481481 0.4125 0.7435185185185185 0.4161458333333333 0.7472222222222222 0.4234375 0.7472222222222222
3 0.44479166666666664 0.7342592592592593 0.44479166666666664 0.6972222222222222 0.4473958333333333 0.6768518518518518 0.44375 0.6657407407407407 0.4390625 0.6648148148148149 0.43385416666666665 0.6796296296296296 0.43645833333333334 0.7037037037037037 0.43645833333333334 0.7333333333333333 0.4432291666666667 0.737037037037037 0.44479166666666664 0.7342592592592593
4 0.30052083333333335 0.7675925925925926 0.3046875 0.7675925925925926 0.3067708333333333 0.7768518518518519 0.3109375 0.7768518518518519 0.3125 0.7712962962962963 0.3104166666666667 0.7620370370370371 0.31302083333333336 0.7518518518518519 0.3145833333333333 0.7231481481481481 0.309375 0.7203703703703703 0.3104166666666667 0.7129629629629629 0.3078125 0.7092592592592593 0.30104166666666665 0.7083333333333334 0.29583333333333334 0.725925925925926 0.29270833333333335 0.7777777777777778 0.2942708333333333 0.7805555555555556 0.29739583333333336 0.7787037037037037 0.30052083333333335 0.7675925925925926
4 0.41510416666666666 0.8277777777777777 0.409375 0.8453703703703703 0.4114583333333333 0.850925925925926 0.4276041666666667 0.8490740740740741 0.4296875 0.8453703703703703 0.4265625 0.8240740740740741 0.4265625 0.7861111111111111 0.4203125 0.7666666666666667 0.4166666666666667 0.7694444444444445 0.41458333333333336 0.7925925925925926 0.4083333333333333 0.8018518518518518 0.415625 0.8055555555555556 0.41510416666666666 0.8277777777777777
4 0.39166666666666666 0.7083333333333334 0.39010416666666664 0.6981481481481482 0.3921875 0.6851851851851852 0.39166666666666666 0.6694444444444444 0.39114583333333336 0.662962962962963 0.38645833333333335 0.6527777777777778 0.38177083333333334 0.6537037037037037 0.3796875 0.6935185185185185 0.38229166666666664 0.712037037037037 0.3854166666666667 0.7157407407407408 0.39166666666666666 0.7083333333333334
5 0.5177083333333333 0.6157407407407407 0.5244791666666667 0.5833333333333334 0.5229166666666667 0.575925925925926 0.51875 0.5740740740740741 0.5125 0.5805555555555556 0.5119791666666667 0.5916666666666667 0.5151041666666667 0.6027777777777777 0.5135416666666667 0.6111111111111112 0.5177083333333333 0.6157407407407407
5 0.5484375 0.6185185185185185 0.5541666666666667 0.6064814814814815 0.5552083333333333 0.5972222222222222 0.5489583333333333 0.5814814814814815 0.5432291666666667 0.5833333333333334 0.540625 0.6 0.5442708333333334 0.6287037037037037 0.5479166666666667 0.6296296296296297 0.5484375 0.6185185185185185
1 0.7505208333333333 0.6962962962962963 0.746875 0.6824074074074075 0.746875 0.6731481481481482 0.7510416666666667 0.6537037037037037 0.7447916666666666 0.6398148148148148 0.7390625 0.6481481481481481 0.7390625 0.6824074074074075 0.7338541666666667 0.6962962962962963 0.7494791666666667 0.7018518518518518 0.7505208333333333 0.6962962962962963
4 0.36041666666666666 0.6851851851851852 0.35625 0.6388888888888888 0.35208333333333336 0.6314814814814815 0.3489583333333333 0.6314814814814815 0.34739583333333335 0.6370370370370371 0.34739583333333335 0.6555555555555556 0.34375 0.6851851851851852 0.3453125 0.6888888888888889 0.36041666666666666 0.6851851851851852
4 0.3140625 0.75 0.3177083333333333 0.7111111111111111 0.3140625 0.6944444444444444 0.3109375 0.6907407407407408 0.30833333333333335 0.6944444444444444 0.30364583333333334 0.7129629629629629 0.30625 0.7564814814814815 0.3104166666666667 0.7583333333333333 0.3140625 0.75
4 0.05677083333333333 0.7712962962962963 0.058333333333333334 0.7666666666666667 0.06770833333333333 0.7694444444444445 0.06875 0.7666666666666667 0.0640625 0.75 0.06510416666666667 0.7287037037037037 0.06302083333333333 0.7046296296296296 0.058854166666666666 0.7027777777777777 0.0546875 0.7185185185185186 0.05520833333333333 0.7444444444444445 0.050520833333333334 0.7685185185185185 0.052083333333333336 0.7722222222222223 0.05677083333333333 0.7712962962962963
3 0.6848958333333334 0.9120370370370371 0.6895833333333333 0.9217592592592593 0.69375 0.9583333333333334 0.7052083333333333 0.9583333333333334 0.7041666666666667 0.9175925925925926 0.7078125 0.8916666666666667 0.7046875 0.8787037037037037 0.696875 0.8657407407407407 0.6921875 0.8675925925925926 0.6885416666666667 0.887962962962963 0.6817708333333333 0.8953703703703704 0.6776041666666667 0.9074074074074074 0.6848958333333334 0.9120370370370371
4 0.3734375 0.7277777777777777 0.3723958333333333 0.7037037037037037 0.37395833333333334 0.6814814814814815 0.36875 0.6666666666666666 0.3651041666666667 0.6666666666666666 0.36354166666666665 0.6842592592592592 0.36302083333333335 0.7101851851851851 0.3651041666666667 0.7277777777777777 0.3697916666666667 0.7314814814814815 0.3734375 0.7277777777777777