3 0.7989583333333333 0.8648148148148148 0.8015625 0.8759259259259259 0.8109375 0.8768518518518519 0.8114583333333333 0.8240740740740741 0.8072916666666666 0.8092592592592592 0.8020833333333334 0.8092592592592592 0.8 0.825 0.7979166666666667 0.8490740740740741 0.7989583333333333 0.8648148148148148
3 0.43020833333333336 0.6722222222222223 0.4317708333333333 0.6703703703703704 0.43072916666666666 0.6574074074074074 0.434375 0.637962962962963 0.4276041666666667 0.6231481481481481 0.4239583333333333 0.637962962962963 0.4234375 0.6694444444444444 0.43020833333333336 0.6722222222222223
4 0.1578125 0.7231481481481481 0.165625 0.7231481481481481 0.16770833333333332 0.6916666666666667 0.16666666666666666 0.6805555555555556 0.16197916666666667 0.6731481481481482 0.15572916666666667 0.687037037037037 0.15572916666666667 0.7185185185185186 0.1578125 0.7231481481481481
5 0.31354166666666666 0.6305555555555555 0.3151041666666667 0.6416666666666667 0.3182291666666667 0.6453703703703704 0.32083333333333336 0.6425925925925926 0.32395833333333335 0.6194444444444445 0.3203125 0.6092592592592593 0.31666666666666665 0.6101851851851852 0.31354166666666666 0.6185185185185185 0.31354166666666666 0.6305555555555555
5 0.3927083333333333 0.6759259259259259 0.3927083333333333 0.6444444444444445 0.3885416666666667 0.6361111111111111 0.3859375 0.6388888888888888 0.38333333333333336 0.674074074074074 0.3927083333333333 0.6759259259259259
4 0.2296875 0.6685185185185185 0.23229166666666667 0.6722222222222223 0.23541666666666666 0.6694444444444444 0.2375 0.6370370370370371 0.2328125 0.6268518518518519 0.22760416666666666 0.6342592592592593 0.22708333333333333 0.65 0.2296875 0.6685185185185185
4 0.6713541666666667 0.674074074074074 0.68125 0.6768518518518518 0.6833333333333333 0.6555555555555556 0.6817708333333333 0.6416666666666667 0.6765625 0.6351851851851852 0.6729166666666667 0.6509259259259259 0.6734375 0.6657407407407407 0.6713541666666667 0.674074074074074
4 0.4859375 0.6731481481481482 0.48802083333333335 0.6694444444444444 0.48854166666666665 0.6527777777777778 0.48854166666666665 0.637962962962963 0.4859375 0.6314814814814815 0.4822916666666667 0.6342592592592593 0.4796875 0.6472222222222223 0.48125 0.6712962962962963 0.4859375 0.6731481481481482
4 0.6661458333333333 0.7231481481481481 0.6713541666666667 0.7148148148148148 0.671875 0.6768518518518518 0.665625 0.674074074074074 0.6625 0.687962962962963 0.6625 0.7157407407407408 0.6661458333333333 0.7231481481481481
5 0.6177083333333333 0.6620370370370371 0.6234375 0.6620370370370371 0.6255208333333333 0.6518518518518519 0.6229166666666667 0.625 0.61875 0.6240740740740741 0.6166666666666667 0.6324074074074074 0.6161458333333333 0.6583333333333333 0.6177083333333333 0.6620370370370371
5 0.6270833333333333 0.7203703703703703 0.6296875 0.7166666666666667 0.6265625 0.7 0.6270833333333333 0.6851851851851852 0.6234375 0.675 0.6203125 0.6777777777777778 0.61875 0.700925925925926 0.61875 0.7212962962962963 0.6270833333333333 0.7203703703703703
5 0.4010416666666667 0.6111111111111112 0.40572916666666664 0.5953703703703703 0.4015625 0.5814814814814815 0.4 0.5796296296296296 0.39427083333333335 0.5907407407407408 0.39375 0.6101851851851852 0.4010416666666667 0.6111111111111112
4 0.3020833333333333 0.6342592592592593 0.30833333333333335 0.6268518518518519 0.3072916666666667 0.5916666666666667 0.3026041666666667 0.5907407407407408 0.2989583333333333 0.6055555555555555 0.2989583333333333 0.6296296296296297 0.3020833333333333 0.6342592592592593
4 0.5604166666666667 0.6407407407407407 0.5625 0.637962962962963 0.565625 0.6148148148148148 0.5604166666666667 0.6046296296296296 0.5578125 0.6092592592592593 0.55625 0.625 0.55625 0.6388888888888888 0.5604166666666667 0.6407407407407407
4 0.5441380208333333 0.6285101851851852 0.5462213541666666 0.632213888888889 0.5503880208333333 0.632213888888889 0.5529921874999999 0.6173990740740741 0.5519505208333333 0.6044361111111112 0.5467421874999999 0.5923990740740741 0.5436171875 0.5970287037037038 0.5425755208333333 0.6146212962962964 0.5441380208333333 0.6285101851851852
3 0.30625 0.6064814814814815 0.3109375 0.5879629629629629 0.3067708333333333 0.5787037037037037 0.3020833333333333 0.5861111111111111 0.30052083333333335 0.6046296296296296 0.30625 0.6064814814814815
5 0.3807291666666667 0.6194444444444445 0.38697916666666665 0.6101851851851852 0.3885416666666667 0.5916666666666667 0.38229166666666664 0.5925925925925926 0.37864583333333335 0.6027777777777777 0.3776041666666667 0.6074074074074074 0.3807291666666667 0.6194444444444445
5 0.20520833333333333 0.7037037037037037 0.20729166666666668 0.7018518518518518 0.20729166666666668 0.6818518518518518 0.21302083333333333 0.6703703703703704 0.2125 0.6601851851851852 0.20416666666666666 0.6574074074074074 0.2 0.6675925925925926 0.1984375 0.6972222222222222 0.20520833333333333 0.7037037037037037
3 0.5414338541666667 0.6160925925925926 0.5440380208333334 0.6160925925925926 0.5476838541666668 0.6068333333333333 0.5471630208333333 0.5920185185185185 0.5424755208333334 0.5781296296296297 0.5388296875 0.5809074074074074 0.5377880208333334 0.5892407407407407 0.5367463541666667 0.6059074074074075 0.5414338541666667 0.6160925925925926
5 0.2520833333333333 0.6314814814814815 0.2552083333333333 0.6148148148148148 0.2546875 0.6037037037037037 0.25104166666666666 0.6 0.24739583333333334 0.6074074074074074 0.246875 0.6296296296296297 0.2520833333333333 0.6314814814814815
4 0.3875 0.6101851851851852 0.396875 0.6101851851851852 0.39895833333333336 0.6037037037037037 0.3984375 0.5907407407407408 0.3921875 0.5861111111111111 0.3885416666666667 0.5888888888888889 0.38697916666666665 0.5916666666666667 0.3875 0.6101851851851852
4 0.415625 0.6111111111111112 0.41822916666666665 0.5916666666666667 0.4161458333333333 0.5851851851851851 0.4114583333333333 0.5842592592592593 0.4083333333333333 0.5916666666666667 0.4078125 0.6111111111111112 0.415625 0.6111111111111112
3 0.20416666666666666 0.6601851851851852 0.20729166666666668 0.6694444444444444 0.21302083333333333 0.6712962962962963 0.21614583333333334 0.6407407407407407 0.2125 0.6287037037037037 0.20885416666666667 0.6305555555555555 0.20572916666666666 0.6453703703703704 0.20677083333333332 0.6518518518518519 0.20416666666666666 0.6601851851851852
5 0.428125 0.6324074074074074 0.4322916666666667 0.6268518518518519 0.43333333333333335 0.5981481481481481 0.4317708333333333 0.5916666666666667 0.4265625 0.5916666666666667 0.425 0.5981481481481481 0.425 0.6287037037037037 0.428125 0.6324074074074074