3 0.5572916666666666 0.7203703703703703 0.5619791666666667 0.7083333333333334 0.5640625 0.6759259259259259 0.5604166666666667 0.6675925925925926 0.5583333333333333 0.6675925925925926 0.553125 0.6796296296296296 0.553125 0.7166666666666667 0.5572916666666666 0.7203703703703703
5 0.5104166666666666 0.7314814814814815 0.5140625 0.7314814814814815 0.5203125 0.6953703703703704 0.5151041666666667 0.6805555555555556 0.5098958333333333 0.6824074074074075 0.5088541666666667 0.7277777777777777 0.5104166666666666 0.7314814814814815
4 0.6546875 0.7111111111111111 0.6572916666666667 0.7046296296296296 0.6572916666666667 0.6768518518518518 0.6552083333333333 0.6638888888888889 0.65 0.662962962962963 0.6463541666666667 0.6731481481481482 0.6432291666666666 0.7055555555555556 0.6546875 0.7111111111111111
5 0.68125 0.7287037037037037 0.6848958333333334 0.7194444444444444 0.6885416666666667 0.7314814814814815 0.6911458333333333 0.7296296296296296 0.69375 0.7027777777777777 0.6911458333333333 0.6824074074074075 0.6890625 0.6814814814814815 0.6854166666666667 0.6898148148148148 0.6791666666666667 0.7203703703703703 0.6791666666666667 0.7277777777777777 0.68125 0.7287037037037037
5 0.37447916666666664 0.6935185185185185 0.3765625 0.6888888888888889 0.37604166666666666 0.6611111111111111 0.37395833333333334 0.65 0.3697916666666667 0.6509259259259259 0.3671875 0.6601851851851852 0.36770833333333336 0.6925925925925925 0.37447916666666664 0.6935185185185185
4 0.71875 0.7712962962962963 0.7244791666666667 0.7722222222222223 0.7328125 0.7462962962962963 0.7317708333333334 0.7194444444444444 0.7276041666666667 0.7185185185185186 0.7223958333333333 0.7277777777777777 0.7177083333333333 0.7509259259259259 0.7145833333333333 0.7564814814814815 0.7140625 0.7601851851851852 0.71875 0.7712962962962963
4 0.509375 0.6861111111111111 0.515625 0.6833333333333333 0.5177083333333333 0.6703703703703704 0.5177083333333333 0.6564814814814814 0.515625 0.649074074074074 0.5135416666666667 0.6453703703703704 0.5098958333333333 0.6462962962962963 0.50625 0.6574074074074074 0.5083333333333333 0.6833333333333333 0.509375 0.6861111111111111
4 0.9552083333333333 0.737037037037037 0.9598958333333333 0.7453703703703703 0.9625 0.7425925925925926 0.9645833333333333 0.7268518518518519 0.971875 0.7055555555555556 0.9635416666666666 0.687962962962963 0.9557291666666666 0.6990740740740741 0.9572916666666667 0.7277777777777777 0.9552083333333333 0.737037037037037
4 0.4630208333333333 0.837037037037037 0.4661458333333333 0.850925925925926 0.4713541666666667 0.8490740740740741 0.4671875 0.8277777777777777 0.4671875 0.8138888888888889 0.46979166666666666 0.8055555555555556 0.4661458333333333 0.7814814814814814 0.46145833333333336 0.7805555555555556 0.45625 0.7944444444444444 0.45729166666666665 0.8194444444444444 0.45 0.825 0.45 0.8333333333333334 0.4630208333333333 0.837037037037037
5 0.603125 0.7833333333333333 0.6057291666666667 0.7907407407407407 0.6083333333333333 0.7907407407407407 0.6145833333333334 0.774074074074074 0.6161458333333333 0.762962962962963 0.6145833333333334 0.7333333333333333 0.6109375 0.7324074074074074 0.6057291666666667 0.7509259259259259 0.6057291666666667 0.7685185185185185 0.603125 0.7833333333333333
4 0.7666666666666667 0.7083333333333334 0.7708333333333334 0.7055555555555556 0.775 0.6861111111111111 0.7739583333333333 0.6685185185185185 0.7713541666666667 0.6592592592592592 0.7661458333333333 0.662962962962963 0.7619791666666667 0.6796296296296296 0.7614583333333333 0.7046296296296296 0.7666666666666667 0.7083333333333334
5 0.38333333333333336 0.8083333333333333 0.3958333333333333 0.8185185185185185 0.39791666666666664 0.8157407407407408 0.39791666666666664 0.7555555555555555 0.3963541666666667 0.7509259259259259 0.3921875 0.7518518518518519 0.3885416666666667 0.7620370370370371 0.3875 0.7759259259259259 0.3807291666666667 0.7981481481481482 0.3807291666666667 0.8101851851851852 0.38333333333333336 0.8083333333333333
5 0.7979166666666667 0.7842592592592592 0.8005208333333333 0.7833333333333333 0.8104166666666667 0.7620370370370371 0.8151041666666666 0.7638888888888888 0.8135416666666667 0.7583333333333333 0.8182291666666667 0.7425925925925926 0.8104166666666667 0.7388888888888889 0.8005208333333333 0.7564814814814815 0.7953125 0.775 0.7979166666666667 0.7842592592592592
4 0.3140625 0.7148148148148148 0.3182291666666667 0.6888888888888889 0.3151041666666667 0.6675925925925926 0.3104166666666667 0.6657407407407407 0.3072916666666667 0.6796296296296296 0.30833333333333335 0.7111111111111111 0.3140625 0.7148148148148148
5 0.8479166666666667 0.7027777777777777 0.8494791666666667 0.712037037037037 0.8541666666666666 0.712037037037037 0.85625 0.7083333333333334 0.8598958333333333 0.6777777777777778 0.8572916666666667 0.6675925925925926 0.8536458333333333 0.6648148148148149 0.85 0.6657407407407407 0.8463541666666666 0.6768518518518518 0.8453125 0.7 0.8479166666666667 0.7027777777777777
5 0.7791666666666667 0.7064814814814815 0.7838541666666666 0.7111111111111111 0.7890625 0.6907407407407408 0.7901041666666667 0.6694444444444444 0.7869791666666667 0.6611111111111111 0.784375 0.6620370370370371 0.778125 0.6768518518518518 0.7770833333333333 0.6851851851851852 0.7791666666666667 0.7064814814814815
3 0.30625 0.6324074074074074 0.30833333333333335 0.6453703703703704 0.31354166666666666 0.6462962962962963 0.315625 0.6287037037037037 0.3145833333333333 0.6064814814814815 0.303125 0.6074074074074074 0.3026041666666667 0.6268518518518519 0.30625 0.6324074074074074
5 0.26927083333333335 0.7296296296296296 0.26666666666666666 0.7351851851851852 0.2671875 0.7398148148148148 0.2708333333333333 0.7453703703703703 0.275 0.7453703703703703 0.2791666666666667 0.7555555555555555 0.2828125 0.7555555555555555 0.28541666666666665 0.7324074074074074 0.2838541666666667 0.7064814814814815 0.2828125 0.7027777777777777 0.2713541666666667 0.6953703703703704 0.2671875 0.7 0.2671875 0.7240740740740741 0.26927083333333335 0.7296296296296296
4 0.2671875 0.737037037037037 0.26979166666666665 0.7444444444444445 0.275 0.7453703703703703 0.2765625 0.737037037037037 0.275 0.6898148148148148 0.2708333333333333 0.6898148148148148 0.26614583333333336 0.7 0.2682291666666667 0.7268518518518519 0.2671875 0.737037037037037
3 0.4479166666666667 0.6462962962962963 0.45208333333333334 0.6462962962962963 0.45416666666666666 0.6425925925925926 0.45416666666666666 0.6129629629629629 0.4505208333333333 0.6055555555555555 0.4473958333333333 0.6074074074074074 0.44635416666666666 0.6148148148148148 0.44635416666666666 0.6425925925925926 0.4479166666666667 0.6462962962962963
4 0.8109375 0.7435185185185185 0.8151041666666666 0.7518518518518519 0.8125 0.7787037037037037 0.815625 0.7833333333333333 0.8208333333333333 0.7824074074074074 0.8260416666666667 0.7722222222222223 0.8296875 0.7518518518518519 0.8354166666666667 0.7444444444444445 0.8338541666666667 0.7342592592592593 0.8302083333333333 0.7296296296296296 0.8265625 0.7305555555555555 0.8177083333333334 0.7416666666666667 0.8109375 0.7435185185185185
4 0.840625 0.7027777777777777 0.8453125 0.7 0.8494791666666667 0.6796296296296296 0.8567708333333334 0.674074074074074 0.8515625 0.6703703703703704 0.8427083333333333 0.6537037037037037 0.8411458333333334 0.6537037037037037 0.8364583333333333 0.6722222222222223 0.8333333333333334 0.7 0.840625 0.7027777777777777
5 0.2791666666666667 0.7194444444444444 0.2838541666666667 0.7148148148148148 0.284375 0.7037037037037037 0.28125 0.6777777777777778 0.2786458333333333 0.6759259259259259 0.2765625 0.6787037037037037 0.27447916666666666 0.6981481481481482 0.2791666666666667 0.7194444444444444