4 0.5015625 0.6287037037037037 0.5052083333333334 0.6287037037037037 0.5072916666666667 0.5981481481481481 0.503125 0.575925925925926 0.4979166666666667 0.5787037037037037 0.4973958333333333 0.6231481481481481 0.5015625 0.6287037037037037
3 0.5630208333333333 0.7166666666666667 0.5682291666666667 0.7194444444444444 0.5734375 0.7148148148148148 0.5802083333333333 0.7185185185185186 0.58125 0.7157407407407408 0.5776041666666667 0.6981481481481482 0.5776041666666667 0.6583333333333333 0.575 0.6462962962962963 0.5713541666666667 0.6444444444444445 0.5666666666666667 0.6583333333333333 0.5671875 0.7 0.5630208333333333 0.7166666666666667
4 0.8364583333333333 0.6722222222222223 0.8348958333333333 0.6888888888888889 0.8369791666666667 0.6916666666666667 0.84375 0.6888888888888889 0.8489583333333334 0.6916666666666667 0.8494791666666667 0.6351851851851852 0.8453125 0.6222222222222222 0.8411458333333334 0.6222222222222222 0.8364583333333333 0.6351851851851852 0.834375 0.6527777777777778 0.8364583333333333 0.6722222222222223
5 0.6807291666666667 0.65 0.6848958333333334 0.6537037037037037 0.6875 0.6435185185185185 0.6927083333333334 0.6453703703703704 0.696875 0.6527777777777778 0.6958333333333333 0.6138888888888889 0.690625 0.5990740740740741 0.6864583333333333 0.6018518518518519 0.6828125 0.6185185185185185 0.6838541666666667 0.6351851851851852 0.6807291666666667 0.65
5 0.3046875 0.6657407407407407 0.3067708333333333 0.6703703703703704 0.3145833333333333 0.6722222222222223 0.31614583333333335 0.6675925925925926 0.315625 0.6462962962962963 0.3177083333333333 0.637962962962963 0.3104166666666667 0.6157407407407407 0.30572916666666666 0.6185185185185185 0.3026041666666667 0.6305555555555555 0.3046875 0.6657407407407407
4 0.05520833333333333 0.7166666666666667 0.06770833333333333 0.7148148148148148 0.059895833333333336 0.6537037037037037 0.05520833333333333 0.6509259259259259 0.051041666666666666 0.6638888888888889 0.050520833333333334 0.6851851851851852 0.05520833333333333 0.7166666666666667
4 0.2786458333333333 0.637962962962963 0.28177083333333336 0.6148148148148148 0.2786458333333333 0.5851851851851851 0.27447916666666666 0.5833333333333334 0.271875 0.5916666666666667 0.27291666666666664 0.6342592592592593 0.2786458333333333 0.637962962962963
3 0.0609375 0.6027777777777777 0.0625 0.5990740740740741 0.06145833333333333 0.5694444444444444 0.057291666666666664 0.5601851851851852 0.05520833333333333 0.5601851851851852 0.051041666666666666 0.5712962962962963 0.05520833333333333 0.6027777777777777 0.0609375 0.6027777777777777
4 0.4901041666666667 0.7805555555555556 0.49270833333333336 0.7870370370370371 0.49635416666666665 0.7805555555555556 0.5010416666666667 0.7814814814814814 0.5015625 0.7870370370370371 0.5057291666666667 0.7898148148148149 0.509375 0.7861111111111111 0.5078125 0.7601851851851852 0.5104166666666666 0.7481481481481481 0.50625 0.725925925925926 0.50625 0.7129629629629629 0.5015625 0.712037037037037 0.4973958333333333 0.7240740740740741 0.4973958333333333 0.7574074074074074 0.4901041666666667 0.7805555555555556
4 0.044270833333333336 0.812962962962963 0.0515625 0.8268518518518518 0.053125 0.837037037037037 0.05625 0.8398148148148148 0.058333333333333334 0.8342592592592593 0.05572916666666667 0.7972222222222223 0.05677083333333333 0.7759259259259259 0.053125 0.7666666666666667 0.04635416666666667 0.7592592592592593 0.043229166666666666 0.7592592592592593 0.04114583333333333 0.7638888888888888 0.04010416666666667 0.7851851851851852 0.044270833333333336 0.812962962962963
5 0.6411458333333333 0.8194444444444444 0.6494791666666667 0.8293212962962964 0.65 0.8453703703703703 0.6572916666666667 0.8638888888888889 0.6625 0.8657407407407407 0.671875 0.8574074074074074 0.671875 0.8453703703703703 0.6609375 0.8416666666666667 0.6598958333333333 0.8212962962962963 0.65 0.7925925925925926 0.6447916666666667 0.7888888888888889 0.6421875 0.7944444444444444 0.6458333333333334 0.8111111111111111 0.6411458333333333 0.8194444444444444
5 0.10104166666666667 0.7398148148148148 0.1015625 0.762962962962963 0.103125 0.7675925925925926 0.10885416666666667 0.7685185185185185 0.1109375 0.7666666666666667 0.11041666666666666 0.7231481481481481 0.11614583333333334 0.7166666666666667 0.11666666666666667 0.712037037037037 0.1046875 0.6916666666666667 0.09791666666666667 0.700925925925926 0.096875 0.7175925925925926 0.10104166666666667 0.7398148148148148
5 0.7380208333333333 0.7435185185185185 0.7473958333333334 0.7481481481481481 0.7494791666666667 0.7425925925925926 0.7489583333333333 0.6888888888888889 0.740625 0.6722222222222223 0.7354166666666667 0.6842592592592592 0.7348958333333333 0.712037037037037 0.7380208333333333 0.7435185185185185
4 0.3109375 0.6990740740740741 0.31145833333333334 0.712037037037037 0.3078125 0.7361111111111112 0.3104166666666667 0.7388888888888889 0.315625 0.7361111111111112 0.3260416666666667 0.7379629629629629 0.3265625 0.725 0.3223958333333333 0.6861111111111111 0.31614583333333335 0.6712962962962963 0.3140625 0.6703703703703704 0.3125 0.6768518518518518 0.31354166666666666 0.6925925925925925 0.3109375 0.6990740740740741
4 0.42135416666666664 0.9 0.428125 0.9018518518518519 0.42864583333333334 0.8944444444444445 0.4317708333333333 0.8916666666666667 0.4395833333333333 0.8962962962962963 0.440625 0.8916666666666667 0.43802083333333336 0.8842592592592593 0.43802083333333336 0.812037037037037 0.4354166666666667 0.8074074074074075 0.43125 0.8092592592592592 0.4270833333333333 0.8231481481481482 0.4234375 0.8546296296296296 0.42552083333333335 0.8759259259259259 0.42135416666666664 0.9
3 0.1015625 0.5638888888888889 0.10416666666666667 0.5796296296296296 0.10729166666666666 0.5935185185185186 0.11302083333333333 0.5925925925925926 0.11666666666666667 0.575925925925926 0.11614583333333334 0.5555555555555556 0.11145833333333334 0.5444444444444444 0.10416666666666667 0.5527777777777778 0.10364583333333334 0.5611111111111111 0.1015625 0.5638888888888889
4 0.9536458333333333 0.7518518518518519 0.9552083333333333 0.7768518518518519 0.9583333333333334 0.7814814814814814 0.9625 0.7814814814814814 0.9645833333333333 0.7768518518518519 0.965625 0.7129629629629629 0.9583333333333334 0.6935185185185185 0.9541666666666667 0.6953703703703704 0.9510416666666667 0.7092592592592593 0.9505208333333334 0.7398148148148148 0.9536458333333333 0.7518518518518519
5 0.4859375 0.8 0.48125 0.7685185185185185 0.4786458333333333 0.7222222222222222 0.4739583333333333 0.7231481481481481 0.46979166666666666 0.7416666666666667 0.4703125 0.8027777777777778 0.4859375 0.8
5 0.9651041666666667 0.7907407407407407 0.9708333333333333 0.7935185185185185 0.9739583333333334 0.7907407407407407 0.9760416666666667 0.7425925925925926 0.9723958333333333 0.7277777777777777 0.9671875 0.7175925925925926 0.9651041666666667 0.7194444444444444 0.9630208333333333 0.7314814814814815 0.9625 0.7620370370370371 0.9651041666666667 0.7907407407407407
4 0.6244791666666667 0.8842592592592593 0.63125 0.9074074074074074 0.6359375 0.9092592592592592 0.6375 0.9 0.6333333333333333 0.8768518518518519 0.6364583333333333 0.8444444444444444 0.6333333333333333 0.8342592592592593 0.6276041666666666 0.825925925925926 0.6260416666666667 0.8175925925925925 0.6234375 0.8148148148148148 0.61875 0.8175925925925925 0.6197916666666666 0.8574074074074074 0.6244791666666667 0.8842592592592593
0 0.5291666666666667 0.7953703703703704 0.5328125 0.7944444444444444 0.5359375 0.7870370370370371 0.5338541666666666 0.7796296296296297 0.5260416666666666 0.7814814814814814 0.525 0.7888888888888889 0.5291666666666667 0.7953703703703704
5 0.9348958333333334 0.7416666666666667 0.9380208333333333 0.7398148148148148 0.9369791666666667 0.6824074074074075 0.9317708333333333 0.6638888888888889 0.9270833333333334 0.6694444444444444 0.9260416666666667 0.700925925925926 0.9234375 0.712037037037037 0.9229166666666667 0.7361111111111112 0.9348958333333334 0.7416666666666667
5 0.48333333333333334 0.6953703703703704 0.4828125 0.7157407407407408 0.4859375 0.7203703703703703 0.4947916666666667 0.7175925925925926 0.49635416666666665 0.7157407407407408 0.49375 0.700925925925926 0.4942708333333333 0.675 0.4895833333333333 0.65 0.4859375 0.649074074074074 0.4817708333333333 0.6601851851851852 0.48020833333333335 0.6777777777777778 0.48333333333333334 0.6953703703703704