5 0.5119791666666667 0.6425925925925926 0.5135416666666667 0.6462962962962963 0.5213541666666667 0.6453703703703704 0.5255208333333333 0.6138888888888889 0.528125 0.6101851851851852 0.5270833333333333 0.6 0.5239583333333333 0.5935185185185186 0.51875 0.5916666666666667 0.515625 0.6027777777777777 0.5161458333333333 0.6314814814814815 0.5119791666666667 0.6425925925925926
5 0.6140625 0.6277777777777778 0.6171875 0.625 0.6203125 0.6027777777777777 0.6192708333333333 0.575 0.6145833333333334 0.5731481481481482 0.6098958333333333 0.5861111111111111 0.6083333333333333 0.625 0.6140625 0.6277777777777778
4 0.8411458333333334 0.65 0.8453125 0.6527777777777778 0.8494791666666667 0.65 0.85 0.6407407407407407 0.8546875 0.6305555555555555 0.8484375 0.6222222222222222 0.8427083333333333 0.6222222222222222 0.8411458333333334 0.6259259259259259 0.8411458333333334 0.65
4 0.2833333333333333 0.6638888888888889 0.2859375 0.6731481481481482 0.28125 0.6990740740740741 0.28541666666666665 0.7 0.28854166666666664 0.6935185185185185 0.2984375 0.6972222222222222 0.3 0.6925925925925925 0.29635416666666664 0.6814814814814815 0.2953125 0.6657407407407407 0.2989583333333333 0.6546296296296297 0.29375 0.6342592592592593 0.290625 0.6314814814814815 0.28489583333333335 0.6462962962962963 0.2791666666666667 0.6648148148148149 0.2833333333333333 0.6638888888888889
5 0.6166666666666667 0.5879629629629629 0.6197916666666666 0.5962962962962963 0.6177083333333333 0.6129629629629629 0.61875 0.6231481481481481 0.6270833333333333 0.6092592592592593 0.6260416666666667 0.5712962962962963 0.6234375 0.5611111111111111 0.6208333333333333 0.562962962962963 0.615625 0.575925925925926 0.6166666666666667 0.5879629629629629
4 0.96875 0.6768518518518518 0.9765625 0.6759259259259259 0.9817708333333334 0.6814814814814815 0.9859375 0.6805555555555556 0.9869791666666666 0.674074074074074 0.9828125 0.6277777777777778 0.9796875 0.6175925925925926 0.975 0.6194444444444445 0.9729166666666667 0.6361111111111111 0.9703125 0.637962962962963 0.971875 0.6444444444444445 0.96875 0.6768518518518518
4 0.08697916666666666 0.6814814814814815 0.08541666666666667 0.7083333333333334 0.09166666666666666 0.7129629629629629 0.0953125 0.7083333333333334 0.09427083333333333 0.6972222222222222 0.09739583333333333 0.637962962962963 0.08385416666666666 0.6388888888888888 0.08385416666666666 0.6620370370370371 0.08697916666666666 0.6814814814814815
5 0.5614583333333333 0.6768518518518518 0.5635416666666667 0.6731481481481482 0.5619791666666667 0.6296296296296297 0.5567708333333333 0.6138888888888889 0.5536458333333333 0.6175925925925926 0.5484375 0.6777777777777778 0.5614583333333333 0.6768518518518518
2 0.5166666666666667 0.6222222222222222 0.5192708333333333 0.6240740740740741 0.5270833333333333 0.6111111111111112 0.5317708333333333 0.5675925925925925 0.525 0.5546296296296296 0.5229166666666667 0.5546296296296296 0.5171875 0.5731481481481482 0.515625 0.6074074074074074 0.5166666666666667 0.6222222222222222
4 0.8140625 0.6462962962962963 0.8177083333333334 0.6462962962962963 0.8192708333333333 0.587037037037037 0.8182291666666667 0.5842592592592593 0.8140625 0.5851851851851851 0.8098958333333334 0.5953703703703703 0.8104166666666667 0.637962962962963 0.8140625 0.6462962962962963
5 0.8223958333333333 0.6518518518518519 0.8244791666666667 0.6453703703703704 0.8255208333333334 0.5925925925925926 0.8197916666666667 0.5907407407407408 0.8177083333333334 0.5944444444444444 0.8166666666666667 0.6074074074074074 0.8171875 0.6444444444444445 0.8223958333333333 0.6518518518518519
5 0.6380208333333334 0.6268518518518519 0.6385416666666667 0.612037037037037 0.6421875 0.5944444444444444 0.6369791666666667 0.5722222222222222 0.6328125 0.5722222222222222 0.6265625 0.5944444444444444 0.6296875 0.6268518518518519 0.6380208333333334 0.6268518518518519
3 0.8052083333333333 0.55 0.8119791666666667 0.5453703703703704 0.8140625 0.5138888888888888 0.8072916666666666 0.5101851851851852 0.8005208333333333 0.5138888888888888 0.8010416666666667 0.5481481481481482 0.8052083333333333 0.55
5 0.7526041666666666 0.6388888888888888 0.7557291666666667 0.6361111111111111 0.7588541666666667 0.6212962962962963 0.7572916666666667 0.5805555555555556 0.7536458333333333 0.5796296296296296 0.75 0.5888888888888889 0.75 0.6342592592592593 0.7526041666666666 0.6388888888888888
5 0.7651041666666667 0.6305555555555555 0.7697916666666667 0.6305555555555555 0.771875 0.625 0.76875 0.6157407407407407 0.7697916666666667 0.5925925925925926 0.7677083333333333 0.5814814814814815 0.7635416666666667 0.5796296296296296 0.7598958333333333 0.5907407407407408 0.7598958333333333 0.6185185185185185 0.7651041666666667 0.6305555555555555
4 0.8302083333333333 0.6518518518518519 0.834375 0.6435185185185185 0.8354166666666667 0.6305555555555555 0.8338541666666667 0.5916666666666667 0.8296875 0.5916666666666667 0.8234375 0.6037037037037037 0.821875 0.6453703703703704 0.8302083333333333 0.6518518518518519
5 0.8416666666666667 0.6601851851851852 0.8479166666666667 0.6462962962962963 0.846875 0.6407407407407407 0.8489583333333334 0.6268518518518519 0.84375 0.6134259259259259 0.8416666666666667 0.5916666666666667 0.8369791666666667 0.5944444444444444 0.8369791666666667 0.6583333333333333 0.8416666666666667 0.6601851851851852