4 0.16302083333333334 0.5296296296296297 0.16145833333333334 0.5046296296296297 0.1578125 0.5046296296296297 0.15520833333333334 0.5101851851851852 0.15260416666666668 0.5305555555555556 0.14791666666666667 0.5407407407407407 0.14739583333333334 0.5444444444444444 0.15625 0.5555555555555556 0.15989583333333332 0.5537037037037037 0.16302083333333334 0.5296296296296297
4 0.125 0.6055555555555555 0.12760416666666666 0.6148148148148148 0.13125 0.6157407407407407 0.13229166666666667 0.6101851851851852 0.128125 0.5842592592592593 0.12864583333333332 0.5583333333333333 0.1265625 0.5518518518518518 0.12239583333333333 0.5555555555555556 0.11770833333333333 0.5787037037037037 0.11510416666666666 0.6148148148148148 0.11927083333333334 0.6157407407407407 0.121875 0.6055555555555555 0.125 0.6055555555555555
5 0.19635416666666666 0.6425925925925926 0.2046875 0.6435185185185185 0.2078125 0.6101851851851852 0.20677083333333332 0.5833333333333334 0.2046875 0.5787037037037037 0.20104166666666667 0.5814814814814815 0.196875 0.5990740740740741 0.19635416666666666 0.6111111111111112 0.1984375 0.6185185185185185 0.19322916666666667 0.6388888888888888 0.19635416666666666 0.6425925925925926
5 0.20729166666666668 0.5518518518518518 0.21145833333333333 0.5351851851851852 0.21041666666666667 0.5055555555555555 0.20885416666666667 0.5 0.20520833333333333 0.5018518518518519 0.20208333333333334 0.5305555555555556 0.19791666666666666 0.5462962962962963 0.20052083333333334 0.5518518518518518 0.20729166666666668 0.5518518518518518
5 0 0.5842592592592593 0.005729166666666666 0.587037037037037 0.009375 0.5842592592592593 0.014583333333333334 0.5888888888888889 0.017708333333333333 0.587037037037037 0.0171875 0.5370370370370371 0.0140625 0.5314814814814814 0.010416666666666666 0.5351851851851852 0.007291666666666667 0.5675925925925925 0.005208333333333333 0.575 0 0.5796296296296296 0 0.5842592592592593
4 0.3385416666666667 0.5564814814814815 0.3333333333333333 0.5287037037037037 0.3338541666666667 0.5101851851851852 0.3302083333333333 0.5101851851851852 0.32708333333333334 0.5157407407407407 0.3255208333333333 0.5314814814814814 0.321875 0.5435185185185185 0.321875 0.549074074074074 0.33125 0.55 0.3338541666666667 0.5574074074074075 0.3385416666666667 0.5564814814814815
4 0.5041666666666667 0.5574074074074075 0.5067708333333333 0.5601851851851852 0.5078125 0.5518518518518518 0.5161458333333333 0.5453703703703704 0.5145833333333333 0.5305555555555556 0.5161458333333333 0.5166666666666667 0.5151041666666667 0.5092592592592593 0.5098958333333333 0.5018518518518519 0.503125 0.5092592592592593 0.5 0.5305555555555556 0.5020833333333333 0.5324074074074074 0.5041666666666667 0.5444444444444444 0.5041666666666667 0.5574074074074075
5 0.4588541666666667 0.5666666666666667 0.4630208333333333 0.55 0.46145833333333336 0.5333333333333333 0.4552083333333333 0.5222222222222223 0.45 0.5231481481481481 0.44635416666666666 0.5287037037037037 0.45 0.5694444444444444 0.4546875 0.5731481481481482 0.46041666666666664 0.5722222222222222 0.4588541666666667 0.5666666666666667
5 0.35989583333333336 0.5675925925925925 0.35989583333333336 0.5546296296296296 0.35572916666666665 0.5212962962962963 0.35208333333333336 0.5194444444444445 0.34791666666666665 0.5333333333333333 0.34791666666666665 0.5472222222222223 0.34479166666666666 0.5592592592592592 0.3578125 0.5712962962962963 0.35989583333333336 0.5675925925925925
4 0.4510416666666667 0.5712962962962963 0.45208333333333334 0.562037037037037 0.4505208333333333 0.5564814814814815 0.45416666666666666 0.525 0.4432291666666667 0.5083333333333333 0.44166666666666665 0.5157407407407407 0.4427083333333333 0.5203703703703704 0.4390625 0.5444444444444444 0.44375 0.5675925925925925 0.4510416666666667 0.5712962962962963
5 0.5994791666666667 0.6185185185185185 0.6036458333333333 0.6148148148148148 0.60625 0.6037037037037037 0.60625 0.5722222222222222 0.6036458333333333 0.5583333333333333 0.6 0.5546296296296296 0.59375 0.5694444444444444 0.5932291666666667 0.5796296296296296 0.5963541666666666 0.5953703703703703 0.5942708333333333 0.6148148148148148 0.5994791666666667 0.6185185185185185
4 0.46458333333333335 0.6657407407407407 0.46510416666666665 0.6560185185185186 0.4703125 0.65 0.4708333333333333 0.6453703703703704 0.4671875 0.6388888888888888 0.46510416666666665 0.6148148148148148 0.4625 0.612037037037037 0.4557291666666667 0.6268518518518519 0.45364583333333336 0.6416666666666667 0.4552083333333333 0.6638888888888889 0.44895833333333335 0.6777777777777778 0.4484375 0.6851851851851852 0.4505208333333333 0.6898148148148148 0.4708333333333333 0.6851851851851852 0.46458333333333335 0.6657407407407407
5 0.5057291666666667 0.5611111111111111 0.5083333333333333 0.5481481481481482 0.5057291666666667 0.5055555555555555 0.4984375 0.5166666666666667 0.49270833333333336 0.5574074074074075 0.4942708333333333 0.5592592592592592 0.5026041666666666 0.5518518518518518 0.5057291666666667 0.5611111111111111
5 0.4421875 0.5712962962962963 0.44166666666666665 0.5472222222222223 0.43802083333333336 0.5342592592592592 0.4348958333333333 0.5314814814814814 0.4296875 0.5453703703703704 0.428125 0.5518518518518518 0.4317708333333333 0.5564814814814815 0.434375 0.5722222222222222 0.4421875 0.5712962962962963
4 0.3765625 0.5712962962962963 0.37864583333333335 0.5611111111111111 0.3765625 0.5277777777777778 0.3723958333333333 0.525 0.3697916666666667 0.5370370370370371 0.3703125 0.549074074074074 0.36822916666666666 0.5601851851851852 0.37447916666666664 0.562037037037037 0.3765625 0.5712962962962963
5 0.5796875 0.6805555555555556 0.5921875 0.6796296296296296 0.5942708333333333 0.6768518518518518 0.590625 0.6601851851851852 0.5927083333333333 0.65 0.5921875 0.6305555555555555 0.5895833333333333 0.6148148148148148 0.5833333333333334 0.6148148148148148 0.58125 0.637962962962963 0.5833333333333334 0.6453703703703704 0.5776041666666667 0.6768518518518518 0.5796875 0.6805555555555556
3 0.36041666666666666 0.6064814814814815 0.36614583333333334 0.6046296296296296 0.3697916666666667 0.6138888888888889 0.3729166666666667 0.6111111111111112 0.3770833333333333 0.575925925925926 0.378125 0.5592592592592592 0.37552083333333336 0.5453703703703704 0.3703125 0.5472222222222223 0.3640625 0.5675925925925925 0.36770833333333336 0.587037037037037 0.365625 0.5962962962962963 0.3614583333333333 0.5990740740740741 0.36041666666666666 0.6064814814814815