5 0.4125 0.5601851851851852 0.41510416666666666 0.5638888888888889 0.41770833333333335 0.5611111111111111 0.428125 0.5638888888888889 0.4276041666666667 0.5296296296296297 0.4244791666666667 0.512962962962963 0.42135416666666664 0.5138888888888888 0.4197916666666667 0.5268518518518519 0.4171875 0.5287037037037037 0.41875 0.5365740740740741 0.4125 0.5601851851851852
4 0.15208333333333332 0.5481481481481482 0.15885416666666666 0.5518518518518518 0.16145833333333334 0.5444444444444444 0.15572916666666667 0.5259259259259259 0.15416666666666667 0.5009259259259259 0.15 0.5009259259259259 0.1484375 0.5083333333333333 0.14427083333333332 0.549074074074074 0.15208333333333332 0.5481481481481482
5 0.309375 0.6074074074074074 0.31354166666666666 0.6064814814814815 0.3177083333333333 0.5972222222222222 0.3234375 0.6037037037037037 0.31927083333333334 0.5805555555555556 0.32135416666666666 0.5675925925925925 0.31875 0.5527777777777778 0.3125 0.5611111111111111 0.3104166666666667 0.5731481481481482 0.31197916666666664 0.5898148148148148 0.309375 0.6074074074074074
4 0.053125 0.6111111111111112 0.05572916666666667 0.6148148148148148 0.0640625 0.6129629629629629 0.06822916666666666 0.6166666666666667 0.07083333333333333 0.6138888888888889 0.06822916666666666 0.5916666666666667 0.06979166666666667 0.5796296296296296 0.06614583333333333 0.5564814814814815 0.06302083333333333 0.5555555555555556 0.06041666666666667 0.562962962962963 0.058854166666666666 0.5885805555555556 0.053125 0.6111111111111112
5 0.4276041666666667 0.49537037037037035 0.42916666666666664 0.5027777777777778 0.4359375 0.5055555555555555 0.4375 0.5027777777777778 0.43697916666666664 0.4861111111111111 0.43333333333333335 0.4666666666666667 0.43072916666666666 0.4666666666666667 0.43072916666666666 0.47962962962962963 0.4276041666666667 0.49537037037037035
4 0.3411458333333333 0.5527777777777778 0.3453125 0.5601851851851852 0.3567708333333333 0.5601851851851852 0.3541666666666667 0.5166666666666667 0.3453125 0.5092592592592593 0.33958333333333335 0.5212962962962963 0.33645833333333336 0.5537037037037037 0.3411458333333333 0.5527777777777778
5 0.3453125 0.5601851851851852 0.3572916666666667 0.5611111111111111 0.3567708333333333 0.5277777777777778 0.3536458333333333 0.5138888888888888 0.3489583333333333 0.5157407407407407 0.3463541666666667 0.5287037037037037 0.34791666666666665 0.5481481481481482 0.3453125 0.5601851851851852
3 0.7322916666666667 0.537962962962963 0.7359375 0.5444444444444444 0.7401041666666667 0.5398148148148149 0.7447916666666666 0.5444444444444444 0.7453125 0.5398148148148149 0.7390625 0.5194444444444445 0.7421875 0.5046296296296297 0.728125 0.49722222222222223 0.7265625 0.5055555555555555 0.7260416666666667 0.512962962962963 0.7322916666666667 0.537962962962963
4 0.7296875 0.5194444444444445 0.7395833333333334 0.5157407407407407 0.740625 0.5092592592592593 0.7442708333333333 0.5055555555555555 0.7432291666666667 0.5009259259259259 0.7302083333333333 0.49537037037037035 0.7260416666666667 0.4962962962962963 0.7239583333333334 0.5027777777777778 0.7239583333333334 0.512962962962963 0.7296875 0.5194444444444445
5 0.39114583333333336 0.5324074074074074 0.39114583333333336 0.5370370370370371 0.3927083333333333 0.5398148148148149 0.3963541666666667 0.5342592592592592 0.4046875 0.5416666666666666 0.403125 0.49722222222222223 0.4 0.49444444444444446 0.3958333333333333 0.5074074074074074 0.39479166666666665 0.5287037037037037 0.39114583333333336 0.5324074074074074
0 0.7458333333333333 0.5055555555555555 0.7442708333333333 0.5 0.7413479166666667 0.5014990740740741 0.7427833333333334 0.5085 0.7458333333333333 0.5055555555555555
3 0.36770833333333336 0.4824074074074074 0.3765625 0.4824074074074074 0.3770833333333333 0.45 0.37395833333333334 0.44722222222222224 0.36875 0.45 0.37135416666666665 0.4546296296296296 0.36770833333333336 0.4824074074074074
5 0.2984375 0.5675925925925925 0.2984375 0.5731481481481482 0.30833333333333335 0.5777777777777777 0.31145833333333334 0.5722222222222222 0.3125 0.5481481481481482 0.31145833333333334 0.5324074074074074 0.30625 0.5324074074074074 0.30364583333333334 0.5541666666666667 0.2984375 0.5675925925925925
4 0.2453125 0.5805555555555556 0.24010416666666667 0.5861111111111111 0.24010416666666667 0.5907407407407408 0.2515625 0.587037037037037 0.2552083333333333 0.6 0.259375 0.6 0.2557291666666667 0.5453703703703704 0.2520833333333333 0.5462962962962963 0.2484375 0.5555555555555556 0.2484375 0.5685185185185185 0.2453125 0.5805555555555556
4 0.6546875 0.5916666666666667 0.6614583333333334 0.5935185185185186 0.665625 0.5796296296296296 0.665625 0.5675925925925925 0.6677083333333333 0.5611111111111111 0.665625 0.5444444444444444 0.6619791666666667 0.5407407407407407 0.6567708333333333 0.5564814814814815 0.6572916666666667 0.5740740740740741 0.6546875 0.5916666666666667
4 0.6614583333333334 0.4962962962962963 0.6630208333333333 0.4861111111111111 0.6619791666666667 0.4675925925925926 0.6578125 0.45925925925925926 0.653125 0.4703703703703704 0.6536458333333334 0.49722222222222223 0.6614583333333334 0.4962962962962963
5 0.41302083333333334 0.5277777777777778 0.4239583333333333 0.537962962962963 0.4276041666666667 0.5324074074074074 0.4276041666666667 0.5064814814814815 0.4348958333333333 0.5009259259259259 0.425 0.4898148148148148 0.4197916666666667 0.4981481481481482 0.41875 0.5138888888888888 0.41302083333333334 0.5277777777777778
4 0.39166666666666666 0.48518518518518516 0.4036458333333333 0.4898148148148148 0.403125 0.4583333333333333 0.4010416666666667 0.45 0.3984375 0.45 0.3953125 0.45740740740740743 0.39166666666666666 0.4740740740740741 0.39166666666666666 0.48518518518518516
4 0.9463541666666667 0.5287037037037037 0.9510416666666667 0.5314814814814814 0.953125 0.5287037037037037 0.9526041666666667 0.5027777777777778 0.9494791666666667 0.4898148148148148 0.9463541666666667 0.487962962962963 0.9442708333333333 0.49074074074074076 0.9427083333333334 0.5055555555555555 0.9463541666666667 0.5287037037037037
4 0.8760416666666667 0.5009259259259259 0.88125 0.5055555555555555 0.8828125 0.5027777777777778 0.88125 0.4759259259259259 0.8765625 0.4685185185185185 0.8708333333333333 0.475 0.8713541666666667 0.4898148148148148 0.8760416666666667 0.5009259259259259
5 0.6979166666666666 0.5592592592592592 0.7005208333333334 0.5537037037037037 0.7005208333333334 0.5398148148148149 0.6973958333333333 0.512962962962963 0.6932291666666667 0.5092592592592593 0.6901041666666666 0.5203703703703704 0.6947916666666667 0.5555555555555556 0.6979166666666666 0.5592592592592592
5 0.8640625 0.49907407407407406 0.875 0.49537037037037035 0.8765625 0.49074074074074076 0.8765625 0.48148148148148145 0.8723958333333334 0.4777777777777778 0.86875 0.4675925925925926 0.8651041666666667 0.46944444444444444 0.8630208333333333 0.48148148148148145 0.8625 0.49722222222222223 0.8640625 0.49907407407407406