5 0.478125 0.5601851851851852 0.48489583333333336 0.5685185185185185 0.4859375 0.5777777777777777 0.4895833333333333 0.5777777777777777 0.48854166666666665 0.5373453703703703 0.49375 0.5287037037037037 0.48489583333333336 0.5027777777777778 0.4817708333333333 0.5018518518518519 0.47291666666666665 0.5277777777777778 0.475 0.5444444444444444 0.471875 0.575 0.475 0.575 0.478125 0.5601851851851852
5 0.0984375 0.6601851851851852 0.10833333333333334 0.6592592592592592 0.1109375 0.6555555555555556 0.10989583333333333 0.6398148148148148 0.11302083333333333 0.6037037037037037 0.11197916666666667 0.5851851851851851 0.10729166666666666 0.5675925925925925 0.103125 0.5666666666666667 0.09375 0.5981481481481481 0.09322916666666667 0.6083333333333333 0.09791666666666667 0.6314814814814815 0.096875 0.6574074074074074 0.0984375 0.6601851851851852
5 0.21770833333333334 0.5694444444444444 0.22083333333333333 0.5712962962962963 0.2234375 0.5685185185185185 0.22239583333333332 0.5638888888888889 0.22916666666666666 0.5444444444444444 0.22447916666666667 0.5138888888888888 0.22552083333333334 0.4925925925925926 0.22395833333333334 0.487962962962963 0.21927083333333333 0.4898148148148148 0.21354166666666666 0.5037037037037037 0.21197916666666666 0.5175925925925926 0.21458333333333332 0.5407407407407407 0.21145833333333333 0.5444444444444444 0.21666666666666667 0.5564814814814815 0.21770833333333334 0.5694444444444444
4 0.14947916666666666 0.7611111111111111 0.15416666666666667 0.7620370370370371 0.1609375 0.7564814814814815 0.1671875 0.7083333333333334 0.16927083333333334 0.7046296296296296 0.16041666666666668 0.6898148148148148 0.1578125 0.6537037037037037 0.153125 0.6546296296296297 0.1484375 0.6787037037037037 0.14635416666666667 0.7037037037037037 0.14895833333333333 0.7268518518518519 0.14791666666666667 0.7564814814814815 0.14947916666666666 0.7611111111111111
4 0.43072916666666666 0.5370370370370371 0.4453125 0.5407407407407407 0.4473958333333333 0.5370370370370371 0.44947916666666665 0.4861111111111111 0.44635416666666666 0.4666666666666667 0.44375 0.46296296296296297 0.4395833333333333 0.46574074074074073 0.43333333333333335 0.4777777777777778 0.43125 0.4888888888888889 0.434375 0.5083333333333333 0.434375 0.5287037037037037 0.43125 0.5305555555555556 0.43072916666666666 0.5370370370370371
5 0.09270833333333334 0.1175925925925926 0.0875 0.08981481481481482 0.08072916666666667 0.09259259259259259 0.07447916666666667 0.10648148148148148 0.0734375 0.12222222222222222 0.0796875 0.13518518518518519 0.09166666666666666 0.1259259259259259 0.09270833333333334 0.1175925925925926
2 0.825 0.6620370370370371 0.8244791666666667 0.674537037037037 0.8208333333333333 0.6888888888888889 0.8286458333333333 0.6907407407407408 0.8333333333333334 0.6861111111111111 0.8328125 0.6546296296296297 0.8354166666666667 0.6101851851851852 0.8276041666666667 0.587037037037037 0.8260416666666667 0.5851851851851851 0.8223958333333333 0.5898148148148148 0.8213541666666667 0.625 0.8177083333333334 0.6435185185185185 0.8223958333333333 0.6509259259259259 0.825 0.6620370370370371
4 0.5911458333333334 0.7240740740740741 0.5953125 0.7351851851851852 0.6052083333333333 0.7324074074074074 0.6104166666666667 0.737037037037037 0.6145833333333334 0.7361111111111112 0.6098958333333333 0.6777777777777778 0.6119791666666666 0.6287037037037037 0.609375 0.5990740740740741 0.603125 0.6018518518518519 0.5911458333333334 0.6425925925925926 0.5942708333333333 0.6759259259259259 0.59375 0.6898148148148148 0.590625 0.7018518518518518 0.5911458333333334 0.7240740740740741
5 0.5619791666666667 0.7296296296296296 0.5640625 0.7277777777777777 0.5640625 0.6768518518518518 0.5614583333333333 0.6453703703703704 0.5546875 0.6231481481481481 0.5505208333333333 0.6231481481481481 0.5484375 0.6305555555555555 0.5427083333333333 0.7240740740740741 0.5557291666666667 0.7240740740740741 0.5557291666666667 0.7277777777777777 0.5619791666666667 0.7296296296296296
5 0.7880208333333333 0.6462962962962963 0.7854166666666667 0.6314814814814815 0.7869791666666667 0.5824074074074074 0.7833333333333333 0.562037037037037 0.7791666666666667 0.5574074074074075 0.7760416666666666 0.5648148148148148 0.7692708333333333 0.6611111111111111 0.7739583333333333 0.6657407407407407 0.7880208333333333 0.6620370370370371 0.7880208333333333 0.6462962962962963
4 0.3494791666666667 0.5509259259259259 0.3546875 0.5333333333333333 0.3536458333333333 0.5222222222222223 0.35520833333333335 0.5166666666666667 0.35520833333333335 0.48055555555555557 0.3515625 0.46296296296296297 0.3489583333333333 0.46111111111111114 0.3458333333333333 0.4648148148148148 0.3411458333333333 0.487962962962963 0.3416666666666667 0.5120370370370371 0.3380208333333333 0.5287037037037037 0.34270833333333334 0.5444444444444444 0.3494791666666667 0.5509259259259259
4 0.5177083333333333 0.7166666666666667 0.5177083333333333 0.7287037037037037 0.5296875 0.7314814814814815 0.5302083333333333 0.7138888888888889 0.5333333333333333 0.7074074074074074 0.5369791666666667 0.6824074074074075 0.53125 0.6231481481481481 0.5276041666666667 0.6222222222222222 0.525 0.6259259259259259 0.5182291666666666 0.65 0.51875 0.6851851851851852 0.5223958333333333 0.6972222222222222 0.5223958333333333 0.7046296296296296 0.5177083333333333 0.7166666666666667
5 0.6322916666666667 0.7333333333333333 0.6390625 0.7342592592592593 0.6411458333333333 0.7314814814814815 0.6463541666666667 0.6805555555555556 0.64375 0.6601851851851852 0.6359375 0.6361111111111111 0.634375 0.6333333333333333 0.6291666666666667 0.6361111111111111 0.63125 0.6703703703703704 0.6291666666666667 0.6851851851851852 0.6302083333333334 0.7287037037037037 0.6322916666666667 0.7333333333333333
3 0.20260416666666667 0.5972222222222222 0.20416666666666666 0.600925925925926 0.20625 0.6111111111111112 0.20416666666666666 0.6370370370370371 0.20520833333333333 0.6435185185185185 0.20885416666666667 0.6472222222222223 0.21354166666666666 0.6416666666666667 0.2125 0.6194444444444445 0.21666666666666667 0.575 0.22135416666666666 0.5685185185185185 0.22083333333333333 0.5518518518518518 0.21666666666666667 0.5509259259259259 0.2140625 0.5444444444444444 0.20989583333333334 0.5453703703703704 0.20208333333333334 0.5638888888888889 0.19635416666666666 0.5879629629629629 0.19635416666666666 0.5962962962962963 0.196875 0.5990740740740741 0.20260416666666667 0.5972222222222222
5 0.7005208333333334 0.6731481481481482 0.709375 0.6796296296296296 0.7140625 0.6731481481481482 0.709375 0.6537037037037037 0.7130208333333333 0.6222222222222222 0.7041666666666667 0.5842592592592593 0.7010416666666667 0.5796296296296296 0.696875 0.5805555555555556 0.6958333333333333 0.5907407407407408 0.6989583333333333 0.5990740740740741 0.7010416666666667 0.6240740740740741 0.7005208333333334 0.6731481481481482
5 0.646875 0.7138888888888889 0.6442708333333333 0.7203703703703703 0.65 0.7240740740740741 0.6546875 0.7203703703703703 0.6557291666666667 0.7129629629629629 0.6614583333333334 0.7083333333333334 0.6557291666666667 0.6972222222222222 0.6619791666666667 0.6675925925925926 0.6588541666666666 0.6425925925925926 0.6598958333333333 0.6046296296296296 0.6546875 0.6046296296296296 0.6520833333333333 0.6157407407407407 0.6463541666666667 0.6157407407407407 0.6447916666666667 0.6212962962962963 0.6447916666666667 0.6611111111111111 0.6411458333333333 0.6731481481481482 0.6401041666666667 0.6888888888888889 0.646875 0.7138888888888889
0 0.4354166666666667 0.5157407407407407 0.4317708333333333 0.5212962962962963 0.4296875 0.5388888888888889 0.43125 0.5416666666666666 0.43854166666666666 0.5407407407407407 0.4354166666666667 0.5157407407407407
4 0.6666666666666666 0.7055555555555556 0.6734375 0.6814814814814815 0.678125 0.6731481481481482 0.6817708333333333 0.675 0.6854166666666667 0.7037037037037037 0.6895833333333333 0.7083333333333334 0.6927083333333334 0.7046296296296296 0.6895833333333333 0.6833333333333333 0.690625 0.6527777777777778 0.6880208333333333 0.6231481481481481 0.6791666666666667 0.6046296296296296 0.6765625 0.6037037037037037 0.6729166666666667 0.6074074074074074 0.66875 0.6268518518518519 0.6697916666666667 0.6620370370370371 0.6682291666666667 0.6768518518518518 0.6609375 0.7055555555555556 0.6666666666666666 0.7055555555555556
5 0.6135416666666667 0.6990740740740741 0.6197916666666666 0.7027777777777777 0.6239583333333333 0.6851851851851852 0.6265625 0.6259259259259259 0.61875 0.6027777777777777 0.6140625 0.6037037037037037 0.6114583333333333 0.6203703703703703 0.6130208333333333 0.6305555555555555 0.6104166666666667 0.6509259259259259 0.6104166666666667 0.6925925925925925 0.6135416666666667 0.6990740740740741