5 0.7989583333333333 0.5435185185185185 0.7942708333333334 0.5314814814814814 0.7885416666666667 0.5444444444444444 0.7859375 0.5694444444444444 0.7921875 0.575 0.7947916666666667 0.5712962962962963 0.7989583333333333 0.5435185185185185
4 0.8671875 0.575925925925926 0.8614583333333333 0.562962962962963 0.859375 0.5638888888888889 0.8578125 0.5712962962962963 0.8567708333333334 0.6101851851851852 0.8609375 0.6111111111111112 0.865625 0.6027777777777777 0.8671875 0.575925925925926
2 0.3484375 0.5407407407407407 0.3463541666666667 0.5324074074074074 0.3421875 0.5287037037037037 0.3385416666666667 0.5361111111111111 0.3375 0.5888888888888889 0.3416666666666667 0.5898148148148148 0.34427083333333336 0.587037037037037 0.3484375 0.5407407407407407
5 0.4510416666666667 0.6351851851851852 0.45729166666666665 0.6148148148148148 0.45729166666666665 0.6 0.4625 0.5944444444444444 0.459375 0.5879629629629629 0.4588541666666667 0.5740740740740741 0.4546875 0.575 0.44895833333333335 0.5833333333333334 0.44895833333333335 0.5972222222222222 0.44114583333333335 0.6203703703703703 0.44114583333333335 0.6268518518518519 0.4510416666666667 0.6351851851851852
3 0.6625 0.5944444444444444 0.66875 0.5796296296296296 0.6744791666666666 0.562962962962963 0.6760416666666667 0.5509259259259259 0.6729166666666667 0.5435185185185185 0.66875 0.5425925925925926 0.6614583333333334 0.5527777777777778 0.6598958333333333 0.5740740740740741 0.6567708333333333 0.587037037037037 0.6598958333333333 0.5944444444444444 0.6625 0.5944444444444444
4 0.6203125 0.6240740740740741 0.625 0.6268518518518519 0.6333333333333333 0.6222222222222222 0.634375 0.6157407407407407 0.6296875 0.6092592592592593 0.6322916666666667 0.5953703703703703 0.6322916666666667 0.575925925925926 0.6296875 0.5648148148148148 0.6213541666666667 0.5685185185185185 0.6177083333333333 0.575 0.621875 0.5981481481481481 0.6223958333333334 0.6138888888888889 0.6203125 0.6240740740740741
4 0.5963541666666666 0.5768518518518518 0.5958333333333333 0.5666666666666667 0.5921875 0.5611111111111111 0.578125 0.5648148148148148 0.578125 0.5694444444444444 0.5833333333333334 0.5787037037037037 0.5947916666666667 0.5796296296296296 0.5963541666666666 0.5768518518518518
5 0.5046875 0.6046296296296296 0.5119791666666667 0.6027777777777777 0.5151041666666667 0.5888888888888889 0.5145833333333333 0.5527777777777778 0.5130208333333334 0.549074074074074 0.5083333333333333 0.5546296296296296 0.5041666666666667 0.5824074074074074 0.5 0.5953703703703703 0.5005208333333333 0.6018518518518519 0.5046875 0.6046296296296296
4 0.6890625 0.5009259259259259 0.6854166666666667 0.5018518518518519 0.678125 0.512962962962963 0.6770833333333334 0.5444444444444444 0.6859375 0.5435185185185185 0.6911458333333333 0.5166666666666667 0.6890625 0.5009259259259259
4 0.84375 0.7481481481481481 0.8473958333333333 0.7490740740740741 0.8552083333333333 0.7305555555555555 0.8604166666666667 0.6916666666666667 0.8541666666666666 0.6731481481481482 0.8494791666666667 0.6722222222222223 0.8411458333333334 0.6990740740740741 0.8401041666666667 0.7111111111111111 0.8432291666666667 0.7222222222222222 0.8421875 0.7435185185185185 0.84375 0.7481481481481481
4 0.4296875 0.6462962962962963 0.4348958333333333 0.6425925925925926 0.4296875 0.5842592592592593 0.42604166666666665 0.5851851851851851 0.421875 0.5962962962962963 0.4161458333333333 0.6361111111111111 0.4161458333333333 0.649074074074074 0.4203125 0.6472222222222223 0.42239583333333336 0.6361111111111111 0.4296875 0.6462962962962963
5 0.6828125 0.5398148148148149 0.6854166666666667 0.525 0.6828125 0.5212962962962963 0.6828125 0.5138888888888888 0.6776041666666667 0.5083333333333333 0.6723958333333333 0.5175925925925926 0.6677083333333333 0.5444444444444444 0.6739583333333333 0.5574074074074075 0.678125 0.5527777777777778 0.6828125 0.5398148148148149
0 0.6338541666666667 0.575 0.6348958333333333 0.5814814814814815 0.6416666666666667 0.5796296296296296 0.6390625 0.5694444444444444 0.6338541666666667 0.575
5 0.55625 0.5842592592592593 0.5614583333333333 0.5518518518518518 0.5598958333333334 0.5324074074074074 0.55625 0.5324074074074074 0.5515625 0.5537037037037037 0.5520833333333334 0.5685185185185185 0.55 0.5805555555555556 0.5536458333333333 0.587037037037037 0.55625 0.5842592592592593
5 0.4979166666666667 0.6111111111111112 0.4942708333333333 0.5796296296296296 0.496875 0.562962962962963 0.49322916666666666 0.562037037037037 0.4895833333333333 0.5694444444444444 0.4822916666666667 0.5972222222222222 0.4822916666666667 0.6166666666666667 0.4859375 0.6157407407407407 0.4875 0.6101851851851852 0.4979166666666667 0.6111111111111112
5 0.5802083333333333 0.5638888888888889 0.5760416666666667 0.5481481481481482 0.571875 0.5481481481481482 0.5666666666666667 0.5583333333333333 0.5640625 0.5796296296296296 0.5734375 0.5805555555555556 0.5791666666666667 0.575925925925926 0.5802083333333333 0.5638888888888889
3 0.6510416666666666 0.4935185185185185 0.65 0.49074074074074076 0.6458333333333334 0.4925925925925926 0.6411458333333333 0.4981481481481482 0.6401041666666667 0.525 0.6463541666666667 0.5305555555555556 0.6484375 0.5259259259259259 0.6510416666666666 0.4935185185185185
4 0.6197916666666666 0.5722222222222222 0.6244791666666667 0.5722222222222222 0.625 0.5712962962962963 0.6265625 0.5712962962962963 0.6276041666666666 0.5703703703703704 0.6276041666666666 0.5694444444444444 0.6302083333333334 0.5648148148148148 0.6307291666666667 0.5648148148148148 0.6291666666666667 0.5564814814814815 0.6291666666666667 0.5518518518518518 0.6302083333333334 0.549074074074074 0.6302083333333334 0.5444444444444444 0.6291666666666667 0.5425925925925926 0.6291666666666667 0.5416666666666666 0.6265625 0.5398148148148149 0.6244791666666667 0.5425925925925926 0.6229166666666667 0.5435185185185185 0.6213541666666667 0.5462962962962963 0.6192708333333333 0.5564814814814815 0.6182291666666667 0.562962962962963 0.6182291666666667 0.5712962962962963 0.61875 0.5731481481481482 0.6197916666666666 0.5722222222222222
5 0.628125 0.5685185185185185 0.6296875 0.575 0.6307291666666667 0.5768518518518518 0.6322916666666667 0.575925925925926 0.6333333333333333 0.5731481481481482 0.634375 0.562962962962963 0.634375 0.5564814814814815 0.6354166666666666 0.5518518518518518 0.6354166666666666 0.5435185185185185 0.6348958333333333 0.5425925925925926 0.6348958333333333 0.5398148148148149 0.634375 0.537962962962963 0.6338541666666667 0.5388888888888889 0.6322916666666667 0.5388888888888889 0.6302083333333334 0.5407407407407407 0.6291666666666667 0.5453703703703704 0.628125 0.5555555555555556 0.628125 0.562962962962963 0.6276041666666666 0.5648148148148148 0.628125 0.5657407407407408 0.628125 0.5685185185185185