4 0.5177083333333333 0.5666666666666667 0.5203125 0.562037037037037 0.5260416666666666 0.5611111111111111 0.5265625 0.5555555555555556 0.5229166666666667 0.549074074074074 0.5239583333333333 0.5444444444444444 0.5213541666666667 0.5222222222222223 0.5166666666666667 0.5194444444444445 0.5135416666666667 0.5351851851851852 0.5135416666666667 0.5648148148148148 0.5177083333333333 0.5666666666666667
5 0.75 0.6148148148148148 0.7536458333333333 0.6148148148148148 0.759375 0.6111111111111112 0.7604166666666666 0.6055555555555555 0.7552083333333334 0.5990740740740741 0.7572916666666667 0.575925925925926 0.7536458333333333 0.5611111111111111 0.7515625 0.5592592592592592 0.7484375 0.5638888888888889 0.7484375 0.6111111111111112 0.75 0.6148148148148148
4 0.9182291666666667 0.7490740740740741 0.915625 0.7509259259259259 0.9203125 0.7712962962962963 0.9197916666666667 0.7861111111111111 0.9270833333333334 0.7981481481481482 0.9286458333333333 0.8111111111111111 0.9354166666666667 0.812037037037037 0.9369791666666667 0.8101851851851852 0.9369791666666667 0.7907407407407407 0.9322916666666666 0.7796296296296297 0.9333333333333333 0.762962962962963 0.93125 0.7435185185185185 0.9260416666666667 0.7268518518518519 0.9208333333333333 0.7277777777777777 0.9203125 0.7398148148148148 0.9182291666666667 0.7490740740740741
5 0.153125 0.6277777777777778 0.15729166666666666 0.6481481481481481 0.16197916666666667 0.6555555555555556 0.16302083333333334 0.649074074074074 0.1609375 0.6333333333333333 0.16354166666666667 0.6129629629629629 0.1578125 0.5925925925925926 0.153125 0.5953703703703703 0.15 0.6111111111111112 0.15 0.6231481481481481 0.153125 0.6277777777777778
5 0.3614583333333333 0.5694444444444444 0.3645833333333333 0.5768518518518518 0.36875 0.575925925925926 0.3651041666666667 0.5407407407407407 0.3614583333333333 0.5324074074074074 0.35833333333333334 0.5388888888888889 0.35520833333333335 0.5648148148148148 0.3614583333333333 0.5694444444444444
4 0.684375 0.6185185185185185 0.6890625 0.6222222222222222 0.6953125 0.6101851851851852 0.7 0.6138888888888889 0.7046875 0.6111111111111112 0.6989583333333333 0.6037037037037037 0.696875 0.5962962962962963 0.6979166666666666 0.575925925925926 0.6932291666666667 0.5648148148148148 0.6895833333333333 0.5666666666666667 0.6885416666666667 0.575925925925926 0.6885416666666667 0.5907407407407408 0.684375 0.6185185185185185
4 0.9677083333333333 0.5925925925925926 0.9666666666666667 0.6046296296296296 0.9708333333333333 0.6092592592592593 0.9776041666666667 0.6046296296296296 0.9786458333333333 0.5768518518518518 0.9723958333333333 0.5638888888888889 0.9682291666666667 0.5666666666666667 0.965625 0.5796296296296296 0.9677083333333333 0.5925925925925926
4 0.4432291666666667 0.6194444444444445 0.44479166666666664 0.6111111111111112 0.44947916666666665 0.6083333333333333 0.4552083333333333 0.6101851851851852 0.45677083333333335 0.6037037037037037 0.44895833333333335 0.5601851851851852 0.44375 0.55 0.44166666666666665 0.5527777777777778 0.4401041666666667 0.5879629629629629 0.4432291666666667 0.6194444444444445
5 0.4625 0.5703703703703704 0.46822916666666664 0.5601851851851852 0.4713541666666667 0.5601851851851852 0.4744791666666667 0.5675925925925925 0.47604166666666664 0.5666666666666667 0.47760416666666666 0.5601851851851852 0.4734375 0.5555555555555556 0.4666666666666667 0.525 0.4630208333333333 0.5407407407407407 0.459375 0.5675925925925925 0.4625 0.5703703703703704
4 0.3484375 0.5703703703703704 0.3515625 0.5694444444444444 0.35260416666666666 0.5657407407407408 0.3463541666666667 0.5342592592592592 0.3385416666666667 0.5287037037037037 0.3411458333333333 0.5601851851851852 0.3484375 0.5703703703703704
5 0.2635416666666667 0.5787037037037037 0.2671875 0.5796296296296296 0.26666666666666666 0.5416666666666666 0.2635416666666667 0.5370370370370371 0.25677083333333334 0.5370370370370371 0.259375 0.5675925925925925 0.2635416666666667 0.5787037037037037
5 0.4395833333333333 0.6185185185185185 0.44375 0.6212962962962963 0.446875 0.6101851851851852 0.4557291666666667 0.6092592592592593 0.45677083333333335 0.6064814814814815 0.4484375 0.5611111111111111 0.4432291666666667 0.5527777777777778 0.4401041666666667 0.5805555555555556 0.4421875 0.6 0.4395833333333333 0.6185185185185185
4 0.2765625 0.5768518518518518 0.278125 0.5675925925925925 0.2734375 0.5537037037037037 0.27760416666666665 0.537962962962963 0.26875 0.537962962962963 0.265625 0.5416666666666666 0.26458333333333334 0.549074074074074 0.26510416666666664 0.5768518518518518 0.2765625 0.5768518518518518
3 0.2421875 0.5333333333333333 0.24375 0.5370370370370371 0.2520833333333333 0.5370370370370371 0.24947916666666667 0.5166666666666667 0.25104166666666666 0.5074074074074074 0.246875 0.49907407407407406 0.2421875 0.49722222222222223 0.240625 0.4981481481481482 0.2421875 0.5333333333333333
4 0.13802083333333334 0.7268518518518519 0.14166666666666666 0.7361111111111112 0.14114583333333333 0.7583333333333333 0.13802083333333334 0.7703703703703704 0.14322916666666666 0.774074074074074 0.14635416666666667 0.7712962962962963 0.1515625 0.7537037037037037 0.16145833333333334 0.762962962962963 0.16354166666666667 0.7620370370370371 0.16458333333333333 0.7555555555555555 0.16354166666666667 0.7509259259259259 0.1578125 0.7462962962962963 0.153125 0.7111111111111111 0.146875 0.6925925925925925 0.14322916666666666 0.6935185185185185 0.14166666666666666 0.6981481481481482 0.14114583333333333 0.7157407407407408 0.13802083333333334 0.7268518518518519
0 0.2765625 0.5777777777777777 0.278125 0.575 0.27760416666666665 0.5657407407407408 0.2755208333333333 0.5611111111111111 0.2713541666666667 0.5601851851851852 0.2708333333333333 0.5768518518518518 0.2765625 0.5777777777777777
5 0.19583333333333333 0.6055555555555555 0.19895833333333332 0.6129629629629629 0.20260416666666667 0.6138888888888889 0.2046875 0.6027777777777777 0.20260416666666667 0.575925925925926 0.19322916666666667 0.5592592592592592 0.1890625 0.5731481481481482 0.18854166666666666 0.5833333333333334 0.19583333333333333 0.6055555555555555
5 0.3880208333333333 0.6620370370370371 0.3848958333333333 0.6703703703703704 0.3854166666666667 0.6768518518518518 0.3921875 0.6851851851851852 0.3921875 0.6907407407407408 0.4005208333333333 0.6851851851851852 0.4036458333333333 0.6962962962962963 0.40520833333333334 0.6953703703703704 0.40729166666666666 0.6888888888888889 0.3921875 0.6333333333333333 0.3890625 0.6296296296296297 0.38645833333333335 0.6333333333333333 0.38385416666666666 0.6453703703703704 0.3880208333333333 0.6620370370370371
4 0.971875 0.6814814814814815 0.9776041666666667 0.662962962962963 0.9864583333333333 0.6796296296296296 0.9890625 0.6731481481481482 0.9807291666666667 0.6527777777777778 0.9822916666666667 0.6333333333333333 0.9791666666666666 0.6064814814814815 0.9739583333333334 0.600925925925926 0.9682291666666667 0.6055555555555555 0.9666666666666667 0.6796296296296296 0.971875 0.6814814814814815
3 0.4140625 0.6342592592592593 0.4192708333333333 0.6509259259259259 0.4234375 0.65 0.4265625 0.6416666666666667 0.42239583333333336 0.625 0.4234375 0.6027777777777777 0.41770833333333335 0.5879629629629629 0.41510416666666666 0.587037037037037 0.41354166666666664 0.5916666666666667 0.4119791666666667 0.6046296296296296 0.4140625 0.6342592592592593
4 0.21510416666666668 0.6037037037037037 0.228125 0.6074074074074074 0.22864583333333333 0.6 0.22447916666666667 0.5888888888888889 0.22447916666666667 0.5638888888888889 0.2203125 0.5537037037037037 0.21666666666666667 0.5564814814814815 0.21302083333333333 0.5777777777777777 0.2125 0.5888888888888889 0.21510416666666668 0.6037037037037037
5 0.30416666666666664 0.5601851851851852 0.31197916666666664 0.562037037037037 0.31145833333333334 0.5407407407407407 0.3067708333333333 0.5277777777777778 0.3026041666666667 0.525 0.30052083333333335 0.5333333333333333 0.3 0.5407407407407407 0.30416666666666664 0.5601851851851852