4 0.6494791666666667 0.6305555555555555 0.6463541666666667 0.6185185185185185 0.6421875 0.6203703703703703 0.6369791666666667 0.649074074074074 0.6364583333333333 0.6537037037037037 0.6385416666666667 0.6564814814814814 0.6489583333333333 0.6574074074074074 0.6494791666666667 0.6305555555555555
3 0.5140625 0.700925925925926 0.5098958333333333 0.687037037037037 0.5036458333333333 0.6990740740740741 0.5046875 0.7435185185185185 0.5104166666666666 0.75 0.5145833333333333 0.7240740740740741 0.5140625 0.700925925925926
4 0.8005208333333333 0.7416666666666667 0.7947916666666667 0.7212962962962963 0.7911458333333333 0.7222222222222222 0.7864583333333334 0.7407407407407407 0.7885416666666667 0.775 0.7901041666666667 0.7787037037037037 0.7979166666666667 0.7777777777777778 0.8005208333333333 0.7416666666666667
3 0.4354166666666667 0.5861111111111111 0.43072916666666666 0.5833333333333334 0.4276041666666667 0.5953703703703703 0.42864583333333334 0.6185185185185185 0.4359375 0.6185185185185185 0.43854166666666666 0.5981481481481481 0.4354166666666667 0.5861111111111111
4 0.41510416666666666 0.6472222222222223 0.4161458333333333 0.637962962962963 0.4119791666666667 0.6277777777777778 0.4088541666666667 0.6305555555555555 0.40677083333333336 0.6481481481481481 0.40572916666666664 0.6694444444444444 0.40729166666666666 0.6722222222222223 0.41875 0.6694444444444444 0.41510416666666666 0.6472222222222223
4 0.5760416666666667 0.6555555555555556 0.571875 0.6583333333333333 0.56875 0.6731481481481482 0.5682291666666667 0.7055555555555556 0.5786458333333333 0.7046296296296296 0.5791666666666667 0.6666666666666666 0.5760416666666667 0.6555555555555556
5 0.5296875 0.7166666666666667 0.53125 0.700925925925926 0.5296875 0.6814814814814815 0.5375 0.6731481481481482 0.5322916666666667 0.6712962962962963 0.5286458333333334 0.6648148148148149 0.525 0.6685185185185185 0.5213541666666667 0.6805555555555556 0.5208333333333334 0.6962962962962963 0.5234375 0.7166666666666667 0.5260416666666666 0.7203703703703703 0.5296875 0.7166666666666667
5 0.3927083333333333 0.674074074074074 0.3921875 0.637962962962963 0.3885416666666667 0.6342592592592593 0.38385416666666666 0.649074074074074 0.38333333333333336 0.674074074074074 0.3848958333333333 0.6777777777777778 0.39114583333333336 0.6777777777777778 0.3927083333333333 0.674074074074074
4 0.896875 0.850925925925926 0.9 0.8546296296296296 0.9041666666666667 0.8537037037037037 0.909375 0.812037037037037 0.90625 0.7898148148148149 0.9010416666666666 0.7787037037037037 0.8973958333333333 0.7787037037037037 0.8958333333333334 0.7824074074074074 0.8973958333333333 0.7972222222222223 0.89375 0.8138888888888889 0.8973958333333333 0.8305555555555556 0.896875 0.850925925925926
4 0.7229166666666667 0.8398148148148148 0.7322916666666667 0.8407407407407408 0.734375 0.837037037037037 0.7296875 0.8148148148148148 0.7322916666666667 0.8064814814814815 0.7244791666666667 0.7833333333333333 0.7192708333333333 0.7824074074074074 0.7145833333333333 0.7898148148148149 0.7145833333333333 0.8074074074074075 0.7192708333333333 0.8222222222222222 0.7192708333333333 0.8361111111111111 0.7229166666666667 0.8398148148148148
5 0.24895833333333334 0.7953703703703704 0.24739583333333334 0.7787037037037037 0.25 0.7564814814814815 0.24895833333333334 0.75 0.24375 0.7518518518518519 0.23697916666666666 0.7824074074074074 0.23541666666666666 0.8138888888888889 0.23958333333333334 0.8166666666666667 0.24427083333333333 0.8148148148148148 0.24895833333333334 0.7953703703703704
5 0.28489583333333335 0.7435185185185185 0.284375 0.7342592592592593 0.28802083333333334 0.7175925925925926 0.28489583333333335 0.6907407407407408 0.28229166666666666 0.6888888888888889 0.2796875 0.6925925925925925 0.27708333333333335 0.7074074074074074 0.2765625 0.7435185185185185 0.2786458333333333 0.7472222222222222 0.2828125 0.7472222222222222 0.28489583333333335 0.7435185185185185
5 0.6270833333333333 0.7083333333333334 0.6291666666666667 0.6731481481481482 0.6270833333333333 0.662962962962963 0.6223958333333334 0.6611111111111111 0.6192708333333333 0.6768518518518518 0.6192708333333333 0.6953703703703704 0.6213541666666667 0.7074074074074074 0.6270833333333333 0.7083333333333334
4 0.3296875 0.7287037037037037 0.33229166666666665 0.712037037037037 0.32916666666666666 0.675 0.3255208333333333 0.6694444444444444 0.3223958333333333 0.6759259259259259 0.32083333333333336 0.6814814814814815 0.321875 0.7203703703703703 0.32395833333333335 0.7277777777777777 0.3296875 0.7287037037037037
5 0.4786458333333333 0.8138888888888889 0.48385416666666664 0.8064814814814815 0.4817708333333333 0.8009259259259259 0.4822916666666667 0.7777777777777778 0.478125 0.7777777777777778 0.46875 0.7972222222222223 0.46979166666666666 0.8453703703703703 0.475 0.85 0.47760416666666666 0.8462962962962963 0.4786458333333333 0.8138888888888889
0 0.765625 0.8185185185185185 0.7635416666666667 0.8092592592592592 0.7572916666666667 0.812037037037037 0.7572916666666667 0.8185185185185185 0.759375 0.8212962962962963 0.7635416666666667 0.8222222222222222 0.765625 0.8185185185185185
4 0.2328125 0.8296296296296296 0.23020833333333332 0.8111111111111111 0.2296875 0.7787037037037037 0.22447916666666667 0.7768518518518519 0.21979166666666666 0.7916666666666666 0.2171875 0.8490740740740741 0.21979166666666666 0.8527777777777777 0.23177083333333334 0.85 0.2328125 0.8296296296296296
5 0.3546875 0.7046296296296296 0.353125 0.675 0.35104166666666664 0.6703703703703704 0.34791666666666665 0.6722222222222223 0.34427083333333336 0.6861111111111111 0.34010416666666665 0.7212962962962963 0.3463541666666667 0.7185185185185186 0.353125 0.7212962962962963 0.3546875 0.7046296296296296
5 0.6765625 0.825 0.6807291666666667 0.8277777777777777 0.6817708333333333 0.8333333333333334 0.6848958333333334 0.8351851851851851 0.6890625 0.8333333333333334 0.6875 0.8138888888888889 0.6817708333333333 0.7972222222222223 0.6822916666666666 0.775 0.6770833333333334 0.775 0.6723958333333333 0.7888888888888889 0.6734375 0.812962962962963 0.6697916666666667 0.825 0.6734375 0.8287037037037037 0.6765625 0.825
5 0.7020833333333333 0.7462962962962963 0.6989583333333333 0.7287037037037037 0.6953125 0.7296296296296296 0.690625 0.7472222222222222 0.6885416666666667 0.7861111111111111 0.6911458333333333 0.7898148148148149 0.7010416666666667 0.7888888888888889 0.7020833333333333 0.7462962962962963
5 0.6760416666666667 0.6296296296296297 0.6765625 0.6148148148148148 0.6765625 0.6037037037037037 0.6739583333333333 0.5944444444444444 0.6692708333333334 0.6074074074074074 0.6677083333333333 0.6305555555555555 0.6697916666666667 0.6342592592592593 0.6739583333333333 0.6342592592592593 0.6760416666666667 0.6296296296296297
4 0.5286458333333334 0.9138888888888889 0.53125 0.9120370370370371 0.5359375 0.8916666666666667 0.5390625 0.8888888888888888 0.54375 0.8981481481481481 0.5442708333333334 0.9138888888888889 0.5484375 0.912962962962963 0.546875 0.8787037037037037 0.5489583333333333 0.8490740740740741 0.5369791666666667 0.8305555555555556 0.53125 0.850925925925926 0.5317708333333333 0.8824074074074074 0.528125 0.9037037037037037 0.5239583333333333 0.9092592592592592 0.5286458333333334 0.9138888888888889