4 0.5338541666666666 0.6657407407407407 0.5369791666666667 0.6694444444444444 0.5411458333333333 0.6537037037037037 0.5401041666666667 0.6453703703703704 0.5375 0.6370370370370371 0.5322916666666667 0.6416666666666667 0.5317708333333333 0.6537037037037037 0.5338541666666666 0.6657407407407407
5 0.5416666666666666 0.7435185185185185 0.5447916666666667 0.7527777777777778 0.55 0.7518518518518519 0.5510416666666667 0.7444444444444445 0.5484375 0.7185185185185186 0.5453125 0.7092592592592593 0.5401041666666667 0.7138888888888889 0.5385416666666667 0.7231481481481481 0.5416666666666666 0.7435185185185185
5 0.5270833333333333 0.7157407407407408 0.5286458333333334 0.7185185185185186 0.5333333333333333 0.7166666666666667 0.5364583333333334 0.7083333333333334 0.5328125 0.6759259259259259 0.5286458333333334 0.674074074074074 0.5255208333333333 0.6944444444444444 0.525 0.7055555555555556 0.5270833333333333 0.7157407407407408
5 0.4010416666666667 0.6962962962962963 0.4046875 0.6972222222222222 0.40625 0.6694444444444444 0.4036458333333333 0.6611111111111111 0.4 0.6592592592592592 0.39895833333333336 0.6620370370370371 0.39791666666666664 0.6898148148148148 0.4010416666666667 0.6962962962962963
4 0.8369791666666667 0.7481481481481481 0.8354166666666667 0.762962962962963 0.8369791666666667 0.7657407407407407 0.84375 0.7648148148148148 0.8453125 0.762962962962963 0.8453125 0.7277777777777777 0.8416666666666667 0.7185185185185186 0.8395833333333333 0.7185185185185186 0.8375 0.7194444444444444 0.8348958333333333 0.7296296296296296 0.834375 0.7398148148148148 0.8369791666666667 0.7481481481481481
4 0.2598958333333333 0.7666666666666667 0.2609375 0.7592592592592593 0.25833333333333336 0.7314814814814815 0.2552083333333333 0.7240740740740741 0.2520833333333333 0.7231481481481481 0.24791666666666667 0.7314814814814815 0.25052083333333336 0.7638888888888888 0.2598958333333333 0.7666666666666667
5 0.4276041666666667 0.712037037037037 0.43125 0.7129629629629629 0.43385416666666665 0.7046296296296296 0.428125 0.674074074074074 0.4234375 0.6731481481481482 0.42291666666666666 0.6768518518518518 0.4203125 0.6962962962962963 0.4276041666666667 0.712037037037037
4 0.6213541666666667 0.7092592592592593 0.6270833333333333 0.7101851851851851 0.628125 0.6805555555555556 0.6229166666666667 0.6731481481481482 0.6213541666666667 0.6768518518518518 0.6197916666666666 0.6851851851851852 0.6213541666666667 0.7092592592592593
5 0.35208333333333336 0.7111111111111111 0.3614583333333333 0.7166666666666667 0.3625 0.7129629629629629 0.359375 0.7046296296296296 0.35833333333333334 0.6888888888888889 0.35625 0.6842592592592592 0.35260416666666666 0.6851851851851852 0.35 0.7046296296296296 0.35208333333333336 0.7111111111111111
4 0.31875 0.7231481481481481 0.321875 0.7324074074074074 0.32760416666666664 0.7305555555555555 0.32864583333333336 0.7231481481481481 0.32447916666666665 0.6990740740740741 0.3223958333333333 0.6953703703703704 0.3177083333333333 0.6953703703703704 0.3151041666666667 0.7 0.3140625 0.725 0.31875 0.7231481481481481
4 0.759375 0.7361111111111112 0.765625 0.7361111111111112 0.7677083333333333 0.7324074074074074 0.7666666666666667 0.700925925925926 0.7640625 0.6935185185185185 0.7619791666666667 0.6935185185185185 0.7583333333333333 0.7027777777777777 0.7572916666666667 0.7314814814814815 0.759375 0.7361111111111112
4 0.3536458333333333 0.7435185185185185 0.3572916666666667 0.737037037037037 0.3609375 0.7157407407407408 0.35260416666666666 0.7101851851851851 0.34791666666666665 0.7175925925925926 0.3484375 0.7407407407407407 0.3536458333333333 0.7435185185185185
2 0.2125 0.700925925925926 0.215625 0.687037037037037 0.2140625 0.6694444444444444 0.2109375 0.6675925925925926 0.20572916666666666 0.6722222222222223 0.20416666666666666 0.700925925925926 0.2125 0.700925925925926
0 0.3109375 0.737037037037037 0.31354166666666666 0.7277777777777777 0.309375 0.7277777777777777 0.3072916666666667 0.7361111111111112 0.3109375 0.737037037037037
3 0.8885416666666667 0.9481481481481482 0.8901041666666667 0.9407407407407408 0.8953125 0.937037037037037 0.8979166666666667 0.950925925925926 0.9005208333333333 0.9518518518518518 0.9036458333333334 0.9425925925925925 0.9015625 0.9185185185185185 0.9052083333333333 0.9055555555555556 0.9046875 0.8944444444444445 0.9005208333333333 0.8805555555555555 0.8979166666666667 0.8787037037037037 0.8947916666666667 0.8805555555555555 0.890625 0.8935185185185185 0.884375 0.9444444444444444 0.8885416666666667 0.9481481481481482
5 0.3072916666666667 0.7314814814814815 0.3072916666666667 0.7351851851851852 0.3098958333333333 0.737037037037037 0.32135416666666666 0.7203703703703703 0.31875 0.6981481481481482 0.3140625 0.6925925925925925 0.31197916666666664 0.6953703703703704 0.31197916666666664 0.7166666666666667 0.3072916666666667 0.7314814814814815
5 0.3380208333333333 0.7407407407407407 0.34270833333333334 0.7333333333333333 0.34322916666666664 0.7185185185185186 0.3411458333333333 0.7064814814814815 0.3375 0.7055555555555556 0.33489583333333334 0.712037037037037 0.3333333333333333 0.737037037037037 0.3380208333333333 0.7407407407407407
3 0.45208333333333334 0.762962962962963 0.4552083333333333 0.7648148148148148 0.45677083333333335 0.7592592592592593 0.46197916666666666 0.7592592592592593 0.4666666666666667 0.7638888888888888 0.4671875 0.7583333333333333 0.45989583333333334 0.7398148148148148 0.4588541666666667 0.7277777777777777 0.45 0.7175925925925926 0.44895833333333335 0.7398148148148148 0.45208333333333334 0.762962962962963
5 0.7885416666666667 0.7481481481481481 0.7890625 0.7157407407407408 0.7864583333333334 0.7064814814814815 0.7822916666666667 0.7074074074074074 0.7802083333333333 0.7287037037037037 0.7796875 0.7472222222222222 0.7885416666666667 0.7481481481481481
3 0.4859375 0.6527777777777778 0.48541666666666666 0.6333333333333333 0.4822916666666667 0.625 0.47760416666666666 0.6333333333333333 0.47760416666666666 0.649074074074074 0.4859375 0.6527777777777778
5 0.396875 0.7305555555555555 0.4010416666666667 0.7203703703703703 0.39947916666666666 0.7175925925925926 0.4010416666666667 0.7074074074074074 0.39791666666666664 0.6972222222222222 0.39166666666666666 0.6898148148148148 0.3927083333333333 0.7212962962962963 0.396875 0.7305555555555555
4 0.4005208333333333 0.7490740740740741 0.40729166666666666 0.7435185185185185 0.4046875 0.7324074074074074 0.40625 0.7166666666666667 0.4005208333333333 0.700925925925926 0.3963541666666667 0.700925925925926 0.3958333333333333 0.7472222222222222 0.4005208333333333 0.7490740740740741
4 0.3489583333333333 0.737037037037037 0.35 0.725 0.35260416666666666 0.7203703703703703 0.35 0.7018518518518518 0.3458333333333333 0.7027777777777777 0.34322916666666664 0.7194444444444444 0.34322916666666664 0.7361111111111112 0.3489583333333333 0.737037037037037
4 0.5364583333333334 0.7898148148148149 0.5375 0.7814814814814814 0.5348958333333333 0.7462962962962963 0.5328125 0.7388888888888889 0.5286458333333334 0.7388888888888889 0.5234375 0.7870370370370371 0.5364583333333334 0.7898148148148149
3 0.8223958333333333 0.6787037037037037 0.8244791666666667 0.6768518518518518 0.8255208333333334 0.6527777777777778 0.8223958333333333 0.6444444444444445 0.8182291666666667 0.649074074074074 0.81875 0.674074074074074 0.8223958333333333 0.6787037037037037