4 0.74375 0.6731481481481482 0.746875 0.6648148148148149 0.7526041666666666 0.6675925925925926 0.75625 0.674074074074074 0.759375 0.6694444444444444 0.7552083333333334 0.6564814814814814 0.7520833333333333 0.6166666666666667 0.7479166666666667 0.6083333333333333 0.74375 0.6074074074074074 0.7416666666666667 0.6111111111111112 0.7390625 0.6703703703703704 0.74375 0.6731481481481482
4 0.6666666666666666 0.7083333333333334 0.6697916666666667 0.7138888888888889 0.6786458333333333 0.7166666666666667 0.6807291666666667 0.7129629629629629 0.6791666666666667 0.7064814814814815 0.6848958333333334 0.6805555555555556 0.6807291666666667 0.6638888888888889 0.6796875 0.6425925925925926 0.6776041666666667 0.6388888888888888 0.6739583333333333 0.6407407407407407 0.6692708333333334 0.6574074074074074 0.671875 0.6888888888888889 0.6666666666666666 0.7083333333333334
5 0.4895833333333333 0.562037037037037 0.4895833333333333 0.5925925925925926 0.5015625 0.5953703703703703 0.5036458333333333 0.5907407407407408 0.5005208333333333 0.5703703703703704 0.5 0.5481481481481482 0.4979166666666667 0.537962962962963 0.49375 0.5370370370370371 0.49270833333333336 0.5398148148148149 0.4921875 0.5537037037037037 0.4895833333333333 0.562037037037037
5 0.45677083333333335 0.5527777777777778 0.4625 0.5685185185185185 0.4671875 0.5712962962962963 0.4708333333333333 0.5675925925925925 0.4666666666666667 0.5462962962962963 0.46770833333333334 0.5287037037037037 0.45989583333333334 0.524074074074074 0.45729166666666665 0.5277777777777778 0.4557291666666667 0.5361111111111111 0.45677083333333335 0.5527777777777778
4 0.8973958333333333 0.6851851851851852 0.8994791666666667 0.687962962962963 0.9119791666666667 0.687037037037037 0.915625 0.6703703703703704 0.9177083333333333 0.6324074074074074 0.915625 0.6055555555555555 0.9067708333333333 0.6203703703703703 0.903125 0.637962962962963 0.9026041666666667 0.6666666666666666 0.8973958333333333 0.6851851851851852
4 0.7947916666666667 0.6231481481481481 0.7989583333333333 0.6268518518518519 0.8020833333333334 0.6222222222222222 0.8041666666666667 0.575 0.7989583333333333 0.562962962962963 0.7953125 0.5638888888888889 0.7942708333333334 0.5675925925925925 0.7932291666666667 0.5981481481481481 0.7947916666666667 0.6231481481481481
4 0.49322916666666666 0.6712962962962963 0.5052083333333334 0.6703703703703704 0.50625 0.6648148148148149 0.5015625 0.6370370370370371 0.503125 0.6175925925925926 0.5010416666666667 0.6055555555555555 0.4973958333333333 0.6037037037037037 0.49583333333333335 0.6064814814814815 0.49322916666666666 0.6222222222222222 0.490625 0.6675925925925926 0.49322916666666666 0.6712962962962963
4 0.23125 0.5796296296296296 0.23385416666666667 0.5842592592592593 0.23958333333333334 0.5833333333333334 0.2421875 0.5370370370370371 0.23645833333333333 0.5305555555555556 0.22916666666666666 0.5361111111111111 0.22864583333333333 0.5574074074074075 0.23125 0.5796296296296296
5 0.7401041666666667 0.5685185185185185 0.75 0.5657407407407408 0.7526041666666666 0.5694444444444444 0.7546875 0.5648148148148148 0.7546875 0.5481481481481482 0.7510416666666667 0.5222222222222223 0.7442708333333333 0.5148148148148148 0.7421875 0.5194444444444445 0.7442708333333333 0.5509259259259259 0.7401041666666667 0.5685185185185185
5 0.8432291666666667 0.5712962962962963 0.853125 0.5675925925925925 0.8510416666666667 0.5546296296296296 0.853125 0.5472222222222223 0.8515625 0.5324074074074074 0.8494791666666667 0.5314814814814814 0.8463541666666666 0.5185185185185185 0.8416666666666667 0.5175925925925926 0.8390625 0.5685185185185185 0.8432291666666667 0.5712962962962963
4 0.43385416666666665 0.6027777777777777 0.4354166666666667 0.6064814814814815 0.4390625 0.6064814814814815 0.4421875 0.5953703703703703 0.44427083333333334 0.5583333333333333 0.4401041666666667 0.5444444444444444 0.4348958333333333 0.5444444444444444 0.4322916666666667 0.5583333333333333 0.43385416666666665 0.6027777777777777
3 0.38125 0.5370370370370371 0.384375 0.5398148148148149 0.3885416666666667 0.49907407407407406 0.384375 0.4888888888888889 0.3802083333333333 0.4888888888888889 0.3796875 0.5185185185185185 0.38125 0.5370370370370371
4 0.43072916666666666 0.600925925925926 0.4317708333333333 0.5546296296296296 0.4296875 0.5425925925925926 0.42604166666666665 0.5398148148148149 0.42083333333333334 0.5518518518518518 0.42239583333333336 0.5990740740740741 0.43072916666666666 0.600925925925926
3 0.18333333333333332 0.537962962962963 0.17760416666666667 0.575925925925926 0.18125 0.5768518518518518 0.18489583333333334 0.562962962962963 0.19322916666666667 0.5740740740740741 0.19166666666666668 0.5601851851851852 0.19322916666666667 0.5314814814814814 0.1890625 0.5055555555555555 0.18489583333333334 0.5 0.1796875 0.5111111111111111 0.18229166666666666 0.5166666666666667 0.18333333333333332 0.537962962962963
2 0.19427083333333334 0.5824074074074074 0.19739583333333333 0.5861111111111111 0.20104166666666667 0.5833333333333334 0.20104166666666667 0.5638888888888889 0.20416666666666666 0.5481481481481482 0.19895833333333332 0.5287037037037037 0.19583333333333333 0.5287037037037037 0.19270833333333334 0.5361111111111111 0.19270833333333334 0.5685185185185185 0.19427083333333334 0.5824074074074074
4 0.6125 0.5685185185185185 0.615625 0.5722222222222222 0.61875 0.5666666666666667 0.6208333333333333 0.5277777777777778 0.6151041666666667 0.5166666666666667 0.6098958333333333 0.5231481481481481 0.6088541666666667 0.5425925925925926 0.6125 0.5685185185185185
5 0.7546875 0.5592592592592592 0.7598958333333333 0.5583333333333333 0.7614583333333333 0.5537037037037037 0.7609375 0.5157407407407407 0.75625 0.5046296296296297 0.7520833333333333 0.525 0.753125 0.5564814814814815 0.7546875 0.5592592592592592
5 0.8130208333333333 0.5444444444444444 0.8104166666666667 0.5666666666666667 0.821875 0.5675925925925925 0.8234375 0.5638888888888889 0.821875 0.5546296296296296 0.8244791666666667 0.5444444444444444 0.8182291666666667 0.5185185185185185 0.8145833333333333 0.5185185185185185 0.809375 0.5342592592592592 0.809375 0.5398148148148149 0.8130208333333333 0.5444444444444444
0 0.4510416666666667 0.6694444444444444 0.4546875 0.6564814814814814 0.4505208333333333 0.6416666666666667 0.4484375 0.6462962962962963 0.446875 0.6583333333333333 0.4510416666666667 0.6694444444444444
4 0.6947916666666667 0.799074074074074 0.7036458333333333 0.8 0.7078125 0.7944444444444444 0.7072916666666667 0.7615740740740741 0.7104166666666667 0.7333333333333333 0.7010416666666667 0.7083333333333334 0.696875 0.7083333333333334 0.6885416666666667 0.7287037037037037 0.6875 0.7361111111111112 0.6947916666666667 0.799074074074074
5 0.8572916666666667 0.5564814814814815 0.865625 0.5601851851851852 0.8671875 0.5518518518518518 0.8651041666666667 0.5305555555555556 0.8697916666666666 0.512962962962963 0.8682291666666667 0.5055555555555555 0.8651041666666667 0.5027777777777778 0.8598958333333333 0.5064814814814815 0.8541666666666666 0.5370370370370371 0.8572916666666667 0.5564814814814815