5 0.07552083333333333 0.7129629629629629 0.07864583333333333 0.7277777777777777 0.0828125 0.7277777777777777 0.09114583333333333 0.6962962962962963 0.09895833333333333 0.6962962962962963 0.09739583333333333 0.6944444444444444 0.09895833333333333 0.6898148148148148 0.09166666666666666 0.6601851851851852 0.0875 0.6611111111111111 0.07864583333333333 0.6814814814814815 0.07916666666666666 0.6935185185185185 0.07552083333333333 0.7129629629629629
4 0.07552083333333333 0.5935185185185186 0.07708333333333334 0.6268518518518519 0.08177083333333333 0.6287037037037037 0.08541666666666667 0.6240740740740741 0.08385416666666666 0.6074074074074074 0.0875 0.5833333333333334 0.08385416666666666 0.5712962962962963 0.08020833333333334 0.5694444444444444 0.07447916666666667 0.5824074074074074 0.0734375 0.5879629629629629 0.07552083333333333 0.5935185185185186
4 0.05364583333333333 0.7101851851851851 0.05625 0.7166666666666667 0.0515625 0.7203703703703703 0.052083333333333336 0.7314814814814815 0.0625 0.725925925925926 0.06875 0.7351851851851852 0.0703125 0.7324074074074074 0.06979166666666667 0.7166666666666667 0.0625 0.6898148148148148 0.0625 0.6675925925925926 0.06041666666666667 0.662962962962963 0.05625 0.6657407407407407 0.049479166666666664 0.6935185185185185 0.04895833333333333 0.7083333333333334 0.05364583333333333 0.7101851851851851
4 0.7208333333333333 0.7944444444444444 0.7229166666666667 0.7787037037037037 0.7416666666666667 0.7861111111111111 0.7416666666666667 0.7768518518518519 0.7333333333333333 0.7666666666666667 0.7338541666666667 0.7537037037037037 0.728125 0.7361111111111112 0.7208333333333333 0.7212962962962963 0.7161458333333334 0.7222222222222222 0.7135416666666666 0.7935185185185185 0.7208333333333333 0.7944444444444444
4 0.4703125 0.5574074074074075 0.47291666666666665 0.5527777777777778 0.475 0.5194444444444445 0.4713541666666667 0.5120370370370371 0.465625 0.5157407407407407 0.4666666666666667 0.5518518518518518 0.4703125 0.5574074074074075
5 0.5869791666666667 0.5981481481481481 0.5890625 0.5944444444444444 0.5911458333333334 0.5638888888888889 0.584375 0.5462962962962963 0.5786458333333333 0.5564814814814815 0.5796875 0.5953703703703703 0.5869791666666667 0.5981481481481481
4 0.4197916666666667 0.6907407407407408 0.4234375 0.6851851851851852 0.4276041666666667 0.687037037037037 0.4276041666666667 0.6527777777777778 0.4234375 0.6259259259259259 0.41875 0.6268518518518519 0.4161458333333333 0.65 0.415625 0.6898148148148148 0.4197916666666667 0.6907407407407408
4 0.7598958333333333 0.6175925925925926 0.7619791666666667 0.6138888888888889 0.7645833333333333 0.5768518518518518 0.7598958333333333 0.5648148148148148 0.7526041666666666 0.575925925925926 0.7520833333333333 0.6111111111111112 0.7598958333333333 0.6175925925925926
5 0.84375 0.6046296296296296 0.8453125 0.6027777777777777 0.8458333333333333 0.5666666666666667 0.8421875 0.5546296296296296 0.8401041666666667 0.5546296296296296 0.8364583333333333 0.562962962962963 0.8364583333333333 0.6027777777777777 0.84375 0.6046296296296296
4 0.5822916666666667 0.6787037037037037 0.5848958333333333 0.6694444444444444 0.5848958333333333 0.637962962962963 0.5760416666666667 0.6175925925925926 0.5713541666666667 0.6185185185185185 0.5723958333333333 0.6777777777777778 0.5822916666666667 0.6787037037037037
3 0.28958333333333336 0.5287037037037037 0.2947916666666667 0.5342592592592592 0.29739583333333336 0.5037037037037037 0.2916666666666667 0.49166666666666664 0.28854166666666664 0.4935185185185185 0.28802083333333334 0.5212962962962963 0.28958333333333336 0.5287037037037037
0 0.09739583333333333 0.7305555555555555 0.1046875 0.7314814814814815 0.10729166666666666 0.7277777777777777 0.1046875 0.7203703703703703 0.096875 0.7212962962962963 0.0953125 0.7287037037037037 0.09739583333333333 0.7305555555555555
4 0.853125 0.6722222222222223 0.85625 0.6666666666666666 0.8614583333333333 0.637962962962963 0.8614583333333333 0.6157407407407407 0.8572916666666667 0.600925925925926 0.853125 0.6 0.8510416666666667 0.6037037037037037 0.846875 0.6296296296296297 0.85 0.6657407407407407 0.853125 0.6722222222222223
5 0.8765625 0.7046296296296296 0.8770833333333333 0.6814814814814815 0.8828125 0.662962962962963 0.8802083333333334 0.6388888888888888 0.8729166666666667 0.6296296296296297 0.8645833333333334 0.649074074074074 0.865625 0.700925925925926 0.8765625 0.7046296296296296
4 0.7901041666666667 0.5527777777777778 0.7953125 0.5527777777777778 0.7973958333333333 0.5453703703703704 0.7984375 0.5148148148148148 0.79375 0.5064814814814815 0.7880208333333333 0.5175925925925926 0.7885416666666667 0.549074074074074 0.7901041666666667 0.5527777777777778
5 0.86875 0.6555555555555556 0.8703125 0.6518518518518519 0.8744791666666667 0.6518518518518519 0.884375 0.6620370370370371 0.8854166666666666 0.6574074074074074 0.8822916666666667 0.6435185185185185 0.8838541666666667 0.6240740740740741 0.8796875 0.6074074074074074 0.875 0.6046296296296296 0.8682291666666667 0.6231481481481481 0.8661458333333333 0.65 0.86875 0.6555555555555556
5 0.8890625 0.7592592592592593 0.8901041666666667 0.7787037037037037 0.8916666666666667 0.7824074074074074 0.9010416666666666 0.7842592592592592 0.903125 0.7814814814814814 0.9026041666666667 0.7287037037037037 0.8963541666666667 0.7055555555555556 0.8927083333333333 0.7064814814814815 0.8916666666666667 0.7101851851851851 0.8916666666666667 0.7435185185185185 0.8890625 0.7592592592592593
3 0.68125 0.5416666666666666 0.6854166666666667 0.5435185185185185 0.6885416666666667 0.5083333333333333 0.6854166666666667 0.4981481481481482 0.68125 0.49722222222222223 0.6786458333333333 0.5018518518518519 0.678125 0.5203703703703704 0.68125 0.5416666666666666
3 0.6953125 0.6296296296296297 0.6973958333333333 0.6314814814814815 0.7010416666666667 0.6268518518518519 0.7015625 0.6101851851851852 0.70625 0.5842592592592593 0.6973958333333333 0.5703703703703704 0.6927083333333334 0.5814814814814815 0.6942708333333333 0.6212962962962963 0.6953125 0.6296296296296297
5 0.5598958333333334 0.8231481481481482 0.5557291666666667 0.8444444444444444 0.5598958333333334 0.8472222222222222 0.5645833333333333 0.8453703703703703 0.5645833333333333 0.8296296296296296 0.570703125 0.8173611111111111 0.5791666666666667 0.8314814814814815 0.5802083333333333 0.8416666666666667 0.584375 0.8444444444444444 0.5864583333333333 0.8398148148148148 0.5859375 0.8305555555555556 0.575 0.812962962962963 0.5682291666666667 0.7712962962962963 0.5609375 0.7490740740740741 0.5557291666666667 0.7490740740740741 0.5604166666666667 0.7851851851851852 0.5598958333333334 0.8231481481481482
4 0.321875 0.9027777777777778 0.3302083333333333 0.9018518518518519 0.33229166666666665 0.899074074074074 0.3338541666666667 0.8740740740740741 0.3333333333333333 0.8435185185185186 0.3375 0.8342592592592593 0.3375 0.8185185185185185 0.3333333333333333 0.8037037037037037 0.3328125 0.7935185185185185 0.32760416666666664 0.7925925925925926 0.3171875 0.8157407407407408 0.31979166666666664 0.9 0.321875 0.9027777777777778
5 0.5864583333333333 0.6935185185185185 0.5854166666666667 0.6972222222222222 0.5880208333333333 0.7 0.5953125 0.6962962962962963 0.5963541666666666 0.6916666666666667 0.5911458333333334 0.6768518518518518 0.5927083333333333 0.6601851851851852 0.590625 0.6416666666666667 0.5869791666666667 0.6314814814814815 0.5817708333333333 0.6314814814814815 0.5828125 0.6768518518518518 0.5864583333333333 0.6935185185185185
5 0.6619791666666667 0.625 0.6666666666666666 0.5925925925925926 0.6651041666666667 0.575925925925926 0.6619791666666667 0.5666666666666667 0.6583333333333333 0.5666666666666667 0.6546875 0.5805555555555556 0.6541666666666667 0.6231481481481481 0.6619791666666667 0.625
5 0.3890625 0.6638888888888889 0.3953125 0.6527777777777778 0.4 0.6259259259259259 0.3921875 0.6092592592592593 0.3885416666666667 0.6101851851851852 0.38645833333333335 0.6175925925925926 0.38645833333333335 0.6601851851851852 0.3890625 0.6638888888888889