4 0.8380208333333333 0.7712962962962963 0.8427083333333333 0.7694444444444445 0.8453125 0.7870370370370371 0.8494791666666667 0.7870370370370371 0.8479166666666667 0.7675925925925926 0.8505208333333333 0.75 0.853125 0.7509259259259259 0.8536458333333333 0.7481481481481481 0.8494791666666667 0.7203703703703703 0.8453125 0.7083333333333334 0.8411458333333334 0.7046296296296296 0.83125 0.7277777777777777 0.8328125 0.7379629629629629 0.83125 0.7907407407407407 0.8354166666666667 0.7898148148148149 0.8380208333333333 0.7712962962962963
4 0.44583333333333336 0.575925925925926 0.4432291666666667 0.5694444444444444 0.4375 0.5722222222222222 0.434375 0.6222222222222222 0.44375 0.625 0.44583333333333336 0.6222222222222222 0.44583333333333336 0.575925925925926
4 0.4 0.575 0.4015625 0.5416666666666666 0.3984375 0.5324074074074074 0.39427083333333335 0.5333333333333333 0.3885416666666667 0.5546296296296296 0.3859375 0.575 0.3890625 0.575925925925926 0.3927083333333333 0.5703703703703704 0.4 0.575
4 0.2671875 0.7972222222222223 0.26979166666666665 0.787962962962963 0.28020833333333334 0.7972222222222223 0.28177083333333336 0.7953703703703704 0.2796875 0.7564814814814815 0.28177083333333336 0.7379629629629629 0.28020833333333334 0.7287037037037037 0.2734375 0.7111111111111111 0.2703125 0.7092592592592593 0.2630208333333333 0.7296296296296296 0.26145833333333335 0.7546296296296297 0.26458333333333334 0.7638888888888888 0.2635416666666667 0.7953703703703704 0.2671875 0.7972222222222223
4 0.11927083333333334 0.6666666666666666 0.1234375 0.6472222222222223 0.12239583333333333 0.5990740740740741 0.11875 0.5972222222222222 0.11458333333333333 0.6074074074074074 0.1140625 0.6305555555555555 0.11614583333333334 0.6481481481481481 0.1140625 0.6620370370370371 0.11927083333333334 0.6666666666666666
4 0.27239583333333334 0.5555555555555556 0.2671875 0.5425925925925926 0.259375 0.5592592592592592 0.2598958333333333 0.5953703703703703 0.2650796875 0.5781935185185185 0.2703125 0.6 0.27239583333333334 0.5555555555555556
5 0.6119791666666666 0.6129629629629629 0.6072916666666667 0.5981481481481481 0.6026041666666667 0.6037037037037037 0.6020833333333333 0.6435185185185185 0.6072916666666667 0.6638888888888889 0.6119791666666666 0.6583333333333333 0.6119791666666666 0.6129629629629629
5 0.8489583333333334 0.6712962962962963 0.8520833333333333 0.6703703703703704 0.853125 0.6685185185185185 0.8473958333333333 0.6537037037037037 0.8489583333333334 0.6370370370370371 0.8458333333333333 0.6138888888888889 0.8416666666666667 0.6092592592592593 0.8395833333333333 0.6148148148148148 0.8369791666666667 0.6731481481481482 0.8416666666666667 0.674074074074074 0.8473958333333333 0.6675925925925926 0.8489583333333334 0.6712962962962963
5 0.3307291666666667 0.6305555555555555 0.328125 0.6194444444444445 0.32916666666666666 0.5916666666666667 0.3260416666666667 0.5787037037037037 0.3223958333333333 0.5833333333333334 0.31979166666666664 0.6175925925925926 0.321875 0.6333333333333333 0.32708333333333334 0.6342592592592593 0.3307291666666667 0.6305555555555555
4 0.7598958333333333 0.6787037037037037 0.7625 0.6703703703703704 0.7682291666666666 0.6675925925925926 0.7697916666666667 0.6777777777777778 0.771875 0.6787037037037037 0.7744791666666667 0.6768518518518518 0.7744791666666667 0.6694444444444444 0.7713541666666667 0.6259259259259259 0.7671875 0.6138888888888889 0.7630208333333334 0.6148148148148148 0.7630208333333334 0.6333333333333333 0.7598958333333333 0.6574074074074074 0.7546875 0.675 0.7598958333333333 0.6787037037037037
5 0.5197916666666667 0.7361111111111112 0.525 0.7388888888888889 0.5270833333333333 0.7333333333333333 0.5338541666666666 0.7324074074074074 0.5354166666666667 0.7240740740740741 0.5286458333333334 0.7129629629629629 0.5322916666666667 0.700925925925926 0.5307291666666667 0.6731481481481482 0.525 0.6574074074074074 0.5208333333333334 0.6583333333333333 0.5208333333333334 0.6783333333333333 0.5177083333333333 0.6962962962962963 0.521875 0.7185185185185186 0.5197916666666667 0.7361111111111112
4 0.8463541666666666 0.5611111111111111 0.8484375 0.5574074074074075 0.8510416666666667 0.525 0.8453125 0.5101851851851852 0.8416666666666667 0.5092592592592593 0.8401041666666667 0.5166666666666667 0.8390625 0.5259259259259259 0.8416666666666667 0.5453703703703704 0.8442708333333333 0.5601851851851852 0.8463541666666666 0.5611111111111111
5 0.8848958333333333 0.6231481481481481 0.8890625 0.6185185185185185 0.8864583333333333 0.6046296296296296 0.8869791666666667 0.575 0.884375 0.562037037037037 0.8807291666666667 0.5583333333333333 0.8770833333333333 0.5675925925925925 0.8776041666666666 0.6129629629629629 0.8760416666666667 0.6185185185185185 0.8802083333333334 0.6240740740740741 0.8848958333333333 0.6231481481481481
3 0.775 0.4981481481481482 0.7713541666666667 0.49907407407407406 0.7671875 0.5111111111111111 0.7682291666666666 0.5361111111111111 0.7713541666666667 0.5481481481481482 0.7776041666666667 0.5138888888888888 0.775 0.4981481481481482
5 0.4197916666666667 0.5407407407407407 0.415625 0.5416666666666666 0.41510416666666666 0.5564814814814815 0.41458333333333336 0.5925925925925926 0.42135416666666664 0.5953703703703703 0.42239583333333336 0.5509259259259259 0.4197916666666667 0.5407407407407407
5 0.5963541666666666 0.525 0.5916666666666667 0.5212962962962963 0.5895833333333333 0.5287037037037037 0.5895833333333333 0.5722222222222222 0.5963541666666666 0.575 0.5979166666666667 0.5712962962962963 0.5963541666666666 0.525
5 0.484375 0.6194444444444445 0.48385416666666664 0.5972222222222222 0.4869791666666667 0.575925925925926 0.48333333333333334 0.5611111111111111 0.4796875 0.5657407407407408 0.47708333333333336 0.5935185185185186 0.47760416666666666 0.6185185185185185 0.4828125 0.6212962962962963 0.484375 0.6194444444444445
3 0.696875 0.6148148148148148 0.6953125 0.5694444444444444 0.6911458333333333 0.5583333333333333 0.6869791666666667 0.5601851851851852 0.6848958333333334 0.6037037037037037 0.6880208333333333 0.6185185185185185 0.6932291666666667 0.6203703703703703 0.696875 0.6148148148148148
5 0.91875 0.7240740740740741 0.9166666666666666 0.7129629629629629 0.9192708333333334 0.6842592592592592 0.9151041666666667 0.6675925925925926 0.9098958333333333 0.6694444444444444 0.9078125 0.6972222222222222 0.9078125 0.7361111111111112 0.9125 0.7379629629629629 0.9177083333333333 0.7314814814814815 0.91875 0.7240740740740741
4 0.6109375 0.512962962962963 0.60625 0.5055555555555555 0.6005208333333333 0.5175925925925926 0.6015625 0.5537037037037037 0.6072916666666667 0.5564814814814815 0.6109375 0.5314814814814814 0.6109375 0.512962962962963
3 0.35572916666666665 0.4925925925925926 0.35 0.4861111111111111 0.340625 0.49166666666666664 0.34010416666666665 0.5055555555555555 0.34375 0.5287037037037037 0.35260416666666666 0.5296296296296297 0.35572916666666665 0.4925925925925926
0 0.26633333333333337 0.5945370370370371 0.003937499999999971 0.008027777777777845