4 0.2552083333333333 0.6620370370370371 0.2578125 0.65 0.2557291666666667 0.6111111111111112 0.2515625 0.6092592592592593 0.246875 0.6240740740740741 0.24583333333333332 0.6583333333333333 0.2552083333333333 0.6620370370370371
5 0.7510416666666667 0.6555555555555556 0.7557291666666667 0.6564814814814814 0.765625 0.6268518518518519 0.7651041666666667 0.6194444444444445 0.759375 0.6074074074074074 0.7520833333333333 0.625 0.7494791666666667 0.6509259259259259 0.7510416666666667 0.6555555555555556
4 0.090625 0.7916666666666666 0.0953125 0.7972222222222223 0.1015625 0.7777777777777778 0.1046875 0.7555555555555555 0.10208333333333333 0.7453703703703703 0.10104166666666667 0.7194444444444444 0.09583333333333334 0.7203703703703703 0.09114583333333333 0.7342592592592593 0.0921875 0.7712962962962963 0.090625 0.7916666666666666
4 0.17604166666666668 0.7064814814814815 0.1796875 0.700925925925926 0.18229166666666666 0.6768518518518518 0.18177083333333333 0.6537037037037037 0.178125 0.6425925925925926 0.1703125 0.6537037037037037 0.16979166666666667 0.7027777777777777 0.17604166666666668 0.7064814814814815
5 0.36666666666666664 0.6453703703703704 0.3692708333333333 0.6462962962962963 0.37395833333333334 0.6398148148148148 0.384375 0.649074074074074 0.3875 0.6462962962962963 0.38229166666666664 0.6370370370370371 0.38125 0.6231481481481481 0.3765625 0.6138888888888889 0.3729166666666667 0.612037037037037 0.365625 0.6268518518518519 0.3651041666666667 0.6425925925925926 0.36666666666666664 0.6453703703703704
5 0.9223958333333333 0.7166666666666667 0.93125 0.7175925925925926 0.9333333333333333 0.7148148148148148 0.9333333333333333 0.6759259259259259 0.9276041666666667 0.6583333333333333 0.9234375 0.6611111111111111 0.9213541666666667 0.7 0.9223958333333333 0.7166666666666667
5 0.19947916666666668 0.85 0.2 0.8768518518518519 0.20520833333333333 0.8805555555555555 0.21197916666666666 0.8416666666666667 0.2078125 0.7944444444444444 0.20572916666666666 0.7916666666666666 0.20208333333333334 0.7935185185185185 0.196875 0.812037037037037 0.19635416666666666 0.8388888888888889 0.19947916666666668 0.85
4 0.5833333333333334 0.7981481481481482 0.5859375 0.7944444444444444 0.5911458333333334 0.7685185185185185 0.5942708333333333 0.7379629629629629 0.5895833333333333 0.7203703703703703 0.5864583333333333 0.7194444444444444 0.5802083333333333 0.7324074074074074 0.5791666666666667 0.7398148148148148 0.578125 0.7944444444444444 0.5833333333333334 0.7981481481481482
5 0.45729166666666665 0.7277777777777777 0.4588541666666667 0.7324074074074074 0.4630208333333333 0.725925925925926 0.46927083333333336 0.7240740740740741 0.4739583333333333 0.7287037037037037 0.478125 0.7157407407407408 0.47708333333333336 0.6805555555555556 0.4744791666666667 0.6759259259259259 0.471875 0.6777777777777778 0.4630208333333333 0.7157407407407408 0.45729166666666665 0.7277777777777777
5 0.8182291666666667 0.7925925925925926 0.825 0.7518518518518519 0.8244791666666667 0.7453703703703703 0.8203125 0.7314814814814815 0.8161458333333333 0.7277777777777777 0.8114583333333333 0.7462962962962963 0.8104166666666667 0.7916666666666666 0.8182291666666667 0.7925925925925926
4 0.6703125 0.7027777777777777 0.6817708333333333 0.6916666666666667 0.684375 0.6944444444444444 0.6854166666666667 0.7046296296296296 0.6890625 0.7037037037037037 0.6885416666666667 0.6611111111111111 0.6848958333333334 0.65 0.68125 0.6518518518518519 0.6776041666666667 0.6638888888888889 0.675 0.687037037037037 0.6666666666666666 0.6972222222222222 0.6661458333333333 0.7018518518518518 0.6703125 0.7027777777777777
3 0.409375 0.7194444444444444 0.4140625 0.700925925925926 0.4171875 0.6685185185185185 0.4119791666666667 0.6518518518518519 0.4041666666666667 0.662962962962963 0.40625 0.7157407407407408 0.409375 0.7194444444444444
4 0.3651041666666667 0.6416666666666667 0.3671875 0.6305555555555555 0.3651041666666667 0.5907407407407408 0.3614583333333333 0.5898148148148148 0.35833333333333334 0.600925925925926 0.359375 0.6370370370370371 0.3651041666666667 0.6416666666666667
5 0.1953125 0.6851851851851852 0.19583333333333333 0.7046296296296296 0.196875 0.7083333333333334 0.2015625 0.7083333333333334 0.20416666666666666 0.7018518518518518 0.2046875 0.6527777777777778 0.20052083333333334 0.6416666666666667 0.19322916666666667 0.6546296296296297 0.19270833333333334 0.6722222222222223 0.1953125 0.6851851851851852
3 0.3182291666666667 0.6 0.321875 0.5777777777777777 0.32135416666666666 0.5685185185185185 0.3182291666666667 0.5611111111111111 0.3140625 0.5601851851851852 0.31197916666666664 0.5722222222222222 0.31145833333333334 0.5990740740740741 0.3182291666666667 0.6
5 0.4546875 0.6694444444444444 0.45677083333333335 0.6212962962962963 0.4552083333333333 0.6138888888888889 0.4510416666666667 0.6138888888888889 0.4479166666666667 0.6222222222222222 0.45 0.6675925925925926 0.4546875 0.6694444444444444
3 0.6270833333333333 0.6074074074074074 0.6328125 0.5888888888888889 0.634375 0.562037037037037 0.63125 0.5527777777777778 0.6244791666666667 0.5592592592592592 0.61875 0.6046296296296296 0.6270833333333333 0.6074074074074074
4 0.4276041666666667 0.7157407407407408 0.4328125 0.7074074074074074 0.4375 0.6787037037037037 0.4359375 0.6574074074074074 0.43125 0.6574074074074074 0.42552083333333335 0.6731481481481482 0.4244791666666667 0.7129629629629629 0.4276041666666667 0.7157407407407408
4 0.4375 0.6638888888888889 0.4421875 0.6638888888888889 0.44427083333333334 0.6351851851851852 0.4421875 0.6222222222222222 0.4390625 0.6175925925925926 0.43333333333333335 0.6259259259259259 0.43333333333333335 0.6574074074074074 0.4375 0.6638888888888889
4 0.6984375 0.6601851851851852 0.7057291666666666 0.65 0.7020833333333333 0.6194444444444445 0.696875 0.6194444444444445 0.69375 0.6277777777777778 0.6947916666666667 0.6555555555555556 0.6984375 0.6601851851851852
4 0.42864583333333334 0.6222222222222222 0.4317708333333333 0.6111111111111112 0.43072916666666666 0.5907407407407408 0.4322916666666667 0.5833333333333334 0.43072916666666666 0.5777777777777777 0.42604166666666665 0.5768518518518518 0.421875 0.5861111111111111 0.4197916666666667 0.6203703703703703 0.42864583333333334 0.6222222222222222
0 0.7545572916666666 0.6524074074074074 0.005260416666666619 0.010166666666666683