3 0.8130208333333333 0.9990740740740741 0.8208333333333333 0.9944444444444445 0.821875 0.9990740740740741 0.8270833333333333 0.9990740740740741 0.8328125 0.9222222222222223 0.8255208333333334 0.899074074074074 0.8203125 0.9 0.81875 0.9101851851851852 0.8140625 0.9194444444444444 0.809375 0.9490740740740741 0.8088541666666667 0.9666666666666667 0.8130208333333333 0.9990740740740741
0 0.13333333333333333 0.8287037037037037 0.13229166666666667 0.8185185185185185 0.125 0.8203703703703704 0.12552083333333333 0.8296296296296296 0.13333333333333333 0.8287037037037037
4 0.4161458333333333 0.7833333333333333 0.4239583333333333 0.7824074074074074 0.4270833333333333 0.7666666666666667 0.4390625 0.7870370370370371 0.440625 0.7861111111111111 0.44166666666666665 0.7787037037037037 0.434375 0.7666666666666667 0.43072916666666666 0.7435185185185185 0.4203125 0.7166666666666667 0.4161458333333333 0.7203703703703703 0.41770833333333335 0.7351851851851852 0.4161458333333333 0.7833333333333333
5 0.4083333333333333 0.8314814814814815 0.40625 0.837037037037037 0.40625 0.8611111111111112 0.4166666666666667 0.8657407407407407 0.4192708333333333 0.8564814814814815 0.415625 0.8462962962962963 0.42135416666666664 0.8342592592592593 0.42083333333333334 0.825 0.40989583333333335 0.8018518518518518 0.4041666666666667 0.8018518518518518 0.4036458333333333 0.8101851851851852 0.4083333333333333 0.8314814814814815
5 0.7557291666666667 0.7731481481481481 0.7677083333333333 0.7907407407407407 0.7713541666666667 0.7916666666666666 0.7713541666666667 0.7842592592592592 0.7666666666666667 0.7675925925925926 0.7677083333333333 0.7462962962962963 0.7661458333333333 0.7333333333333333 0.759375 0.7194444444444444 0.75625 0.7231481481481481 0.7552083333333334 0.7305555555555555 0.7541666666666667 0.7546296296296297 0.7557291666666667 0.7731481481481481
5 0.5057291666666667 0.7972222222222223 0.5135416666666667 0.7972222222222223 0.5171875 0.8046296296296296 0.5208333333333334 0.8027777777777778 0.5213541666666667 0.7981481481481482 0.515625 0.7888888888888889 0.5114583333333333 0.7731481481481481 0.509375 0.75 0.4973958333333333 0.7351851851851852 0.4953125 0.7481481481481481 0.5057291666666667 0.7972222222222223
4 0.35520833333333335 0.8722222222222222 0.36614583333333334 0.8740740740740741 0.3692708333333333 0.8694444444444445 0.3703125 0.8027777777777778 0.3651041666666667 0.7824074074074074 0.35989583333333336 0.7833333333333333 0.3578125 0.8018518518518518 0.35520833333333335 0.8361111111111111 0.35520833333333335 0.8722222222222222
3 0.4953125 0.7444444444444445 0.4979166666666667 0.7509259259259259 0.5057291666666667 0.7472222222222222 0.5046875 0.7194444444444444 0.50625 0.700925925925926 0.4979166666666667 0.6851851851851852 0.49270833333333336 0.6972222222222222 0.4921875 0.7166666666666667 0.4953125 0.7444444444444445
5 0.3921875 0.7388888888888889 0.4015625 0.7388888888888889 0.403125 0.7453703703703703 0.40572916666666664 0.7462962962962963 0.40729166666666666 0.7444444444444445 0.40625 0.7046296296296296 0.40208333333333335 0.6842592592592592 0.3958333333333333 0.6805555555555556 0.3921875 0.6916666666666667 0.390625 0.6972222222222222 0.3921875 0.7388888888888889
4 0.07291666666666667 0.6944444444444444 0.07447916666666667 0.6898148148148148 0.07447916666666667 0.6388888888888888 0.06822916666666666 0.6296296296296297 0.06145833333333333 0.65 0.06354166666666666 0.6907407407407408 0.07291666666666667 0.6944444444444444
5 0.4083333333333333 0.6833333333333333 0.41041666666666665 0.6768518518518518 0.4119791666666667 0.6509259259259259 0.41041666666666665 0.637962962962963 0.4036458333333333 0.6314814814814815 0.3984375 0.649074074074074 0.40260416666666665 0.6805555555555556 0.4083333333333333 0.6833333333333333
4 0.165625 0.8268518518518518 0.16979166666666667 0.8342592592592593 0.1828125 0.8416666666666667 0.171875 0.7796296296296297 0.16614583333333333 0.7666666666666667 0.16197916666666667 0.7666666666666667 0.15833333333333333 0.7787037037037037 0.15520833333333334 0.7981481481481482 0.165625 0.8268518518518518
4 0.38958333333333334 0.6398148148148148 0.39427083333333335 0.6416666666666667 0.39895833333333336 0.6166666666666667 0.3963541666666667 0.5916666666666667 0.39166666666666666 0.5916666666666667 0.3880208333333333 0.6018518518518519 0.3885416666666667 0.6361111111111111 0.38958333333333334 0.6398148148148148
5 0.728125 0.725 0.7270833333333333 0.6787037037037037 0.7239583333333334 0.6648148148148149 0.7213541666666666 0.6620370370370371 0.71875 0.6648148148148149 0.715625 0.7 0.7145833333333333 0.7240740740740741 0.728125 0.725
4 0.28958333333333336 0.6962962962962963 0.29322916666666665 0.6972222222222222 0.2953125 0.6518518518518519 0.28958333333333336 0.6407407407407407 0.2869791666666667 0.6407407407407407 0.2838541666666667 0.65 0.2864583333333333 0.6851851851851852 0.28958333333333336 0.6962962962962963
5 0.6677083333333333 0.6768518518518518 0.6765625 0.6546296296296297 0.6765625 0.637962962962963 0.6729166666666667 0.6277777777777778 0.66875 0.6287037037037037 0.665625 0.6574074074074074 0.6651041666666667 0.674074074074074 0.6677083333333333 0.6768518518518518
3 0.1734375 0.6055555555555555 0.17708333333333334 0.6 0.17916666666666667 0.575 0.17395833333333333 0.5638888888888889 0.16927083333333334 0.575 0.16822916666666668 0.5953703703703703 0.1734375 0.6055555555555555
4 0.65 0.6407407407407407 0.6536458333333334 0.6157407407407407 0.653125 0.600925925925926 0.6494791666666667 0.5916666666666667 0.6453125 0.5916666666666667 0.6411458333333333 0.6 0.6458333333333334 0.637962962962963 0.65 0.6407407407407407
4 0.6713541666666667 0.6953703703703704 0.6708333333333333 0.7166666666666667 0.6776041666666667 0.7194444444444444 0.68125 0.7166666666666667 0.6848958333333334 0.6694444444444444 0.678125 0.6537037037037037 0.6734375 0.6537037037037037 0.66875 0.6648148148148149 0.6677083333333333 0.6768518518518518 0.6713541666666667 0.6953703703703704
5 0.1875 0.7925925925925926 0.18958333333333333 0.8175925925925925 0.19270833333333334 0.8185185185185185 0.19739583333333333 0.7944444444444444 0.1984375 0.7768518518518519 0.19427083333333334 0.7555555555555555 0.18802083333333333 0.7546296296296297 0.18177083333333333 0.7638888888888888 0.1875 0.7925925925925926
5 0.19270833333333334 0.8148148148148148 0.20364583333333333 0.8888888888888888 0.20520833333333333 0.8916666666666667 0.2171875 0.8888888888888888 0.21927083333333333 0.8842592592592593 0.21510416666666668 0.8638888888888889 0.21354166666666666 0.837037037037037 0.20885416666666667 0.8166666666666667 0.20416666666666666 0.8055555555555556 0.20052083333333334 0.8037037037037037 0.1984375 0.8101851851851852 0.19270833333333334 0.8148148148148148
4 0.1390625 0.8064814814814815 0.14635416666666667 0.7916666666666666 0.1578125 0.7870370370370371 0.16145833333333334 0.7592592592592593 0.1578125 0.7453703703703703 0.15416666666666667 0.7444444444444445 0.14635416666666667 0.7611111111111111 0.1421875 0.7861111111111111 0.13541666666666666 0.8027777777777778 0.13489583333333333 0.8064814814814815 0.1390625 0.8064814814814815