4 0.12604166666666666 0.8537037037037037 0.13802083333333334 0.8537037037037037 0.13854166666666667 0.8287037037037037 0.14479166666666668 0.8064814814814815 0.14166666666666666 0.7851851851851852 0.1359375 0.7666666666666667 0.13177083333333334 0.7675925925925926 0.12447916666666667 0.7916666666666666 0.12291666666666666 0.8074074074074075 0.12604166666666666 0.812037037037037 0.12760416666666666 0.8277777777777777 0.12604166666666666 0.8537037037037037
4 0.7854166666666667 0.8527777777777777 0.7958333333333333 0.8574074074074074 0.7958333333333333 0.7870370370370371 0.7875 0.7675925925925926 0.7791666666666667 0.7861111111111111 0.7791666666666667 0.8462962962962963 0.7776041666666667 0.8537037037037037 0.7833333333333333 0.8564814814814815 0.7854166666666667 0.8527777777777777
4 0.6151041666666667 0.7240740740740741 0.6161458333333333 0.7064814814814815 0.6140625 0.6824074074074075 0.6109375 0.6824074074074075 0.6078125 0.6898148148148148 0.6046875 0.712037037037037 0.6052083333333333 0.725 0.6026041666666667 0.7435185185185185 0.6177083333333333 0.7435185185185185 0.6151041666666667 0.7240740740740741
5 0.8822916666666667 0.7861111111111111 0.8885416666666667 0.7861111111111111 0.8921875 0.7333333333333333 0.8854166666666666 0.7166666666666667 0.8828125 0.7185185185185186 0.8802083333333334 0.7314814814814815 0.8786458333333333 0.7444444444444445 0.8807291666666667 0.7601851851851852 0.8796875 0.7824074074074074 0.8822916666666667 0.7861111111111111
4 0.6234375 0.6657407407407407 0.621875 0.6231481481481481 0.6197916666666666 0.6175925925925926 0.6114583333333333 0.6101851851851852 0.6078125 0.6203703703703703 0.6072916666666667 0.6296296296296297 0.6072916666666667 0.662962962962963 0.6109375 0.6666666666666666 0.6166666666666667 0.6601851851851852 0.6234375 0.6657407407407407
5 0.45677083333333335 0.5953703703703703 0.4510416666666667 0.5824074074074074 0.446875 0.5972222222222222 0.44635416666666666 0.6277777777777778 0.4552083333333333 0.6296296296296297 0.4583333333333333 0.6222222222222222 0.45677083333333335 0.5953703703703703
5 0.3625 0.6907407407407408 0.35885416666666664 0.6805555555555556 0.35520833333333335 0.6814814814814815 0.35260416666666666 0.6962962962962963 0.3515625 0.7435185185185185 0.3651041666666667 0.7444444444444445 0.3619791666666667 0.7212962962962963 0.3625 0.6907407407407408
5 0.21145833333333333 0.6888888888888889 0.21354166666666666 0.6888888888888889 0.21614583333333334 0.6851851851851852 0.2109375 0.6601851851851852 0.21354166666666666 0.637962962962963 0.2046875 0.6287037037037037 0.19895833333333332 0.6453703703703704 0.20052083333333334 0.6907407407407408 0.20260416666666667 0.6916666666666667 0.20989583333333334 0.6833333333333333 0.21145833333333333 0.6888888888888889
4 0.35208333333333336 0.6453703703703704 0.3494791666666667 0.6333333333333333 0.346875 0.6305555555555555 0.3411458333333333 0.6425925925925926 0.33958333333333335 0.662962962962963 0.33958333333333335 0.687037037037037 0.3489583333333333 0.687962962962963 0.35104166666666664 0.6833333333333333 0.35208333333333336 0.6453703703703704
4 0.55 0.6074074074074074 0.55 0.5833333333333334 0.5463541666666667 0.5712962962962963 0.5421875 0.575925925925926 0.5411458333333333 0.5916666666666667 0.540625 0.6111111111111112 0.5447916666666667 0.6175925925925926 0.5479166666666667 0.6157407407407407 0.55 0.6074074074074074
3 0.9244791666666666 0.987037037037037 0.9302083333333333 0.987037037037037 0.9307291666666667 0.9990740740740741 0.9354166666666667 0.9990740740740741 0.9354166666666667 0.9851851851851852 0.9395833333333333 0.9722222222222222 0.9395833333333333 0.9388888888888889 0.93125 0.9120370370370371 0.9270833333333334 0.9120370370370371 0.91875 0.937037037037037 0.9166666666666666 0.9722222222222222 0.9109375 0.9990740740740741 0.9223958333333333 0.9990740740740741 0.9244791666666666 0.987037037037037
3 0.6041666666666666 0.6185185185185185 0.6026041666666667 0.6111111111111112 0.5963541666666666 0.6037037037037037 0.59375 0.6074074074074074 0.5927083333333333 0.6175925925925926 0.5921875 0.6583333333333333 0.5989583333333334 0.6620370370370371 0.6041666666666666 0.6351851851851852 0.6041666666666666 0.6185185185185185
5 0.6515625 0.7203703703703703 0.6526041666666667 0.6990740740740741 0.6557291666666667 0.6925925925925925 0.65625 0.6824074074074075 0.65 0.6611111111111111 0.6463541666666667 0.6620370370370371 0.6432291666666666 0.6712962962962963 0.6421875 0.7055555555555556 0.6447916666666667 0.7222222222222222 0.6484375 0.7240740740740741 0.6515625 0.7203703703703703
3 0.2625 0.575 0.2640625 0.562962962962963 0.26145833333333335 0.5546296296296296 0.2578125 0.5564814814814815 0.25625 0.5888888888888889 0.2598958333333333 0.5944444444444444 0.2635416666666667 0.5916666666666667 0.2625 0.575
5 0.29739583333333336 0.6046296296296296 0.29270833333333335 0.6138888888888889 0.2921875 0.6564814814814814 0.2989583333333333 0.6601851851851852 0.30052083333333335 0.6074074074074074 0.29739583333333336 0.6046296296296296
4 0.22291666666666668 0.5712962962962963 0.2203125 0.5648148148148148 0.21458333333333332 0.5712962962962963 0.21041666666666667 0.5953703703703703 0.20989583333333334 0.6074074074074074 0.21614583333333334 0.6101851851851852 0.22291666666666668 0.5842592592592593 0.22291666666666668 0.5712962962962963
3 0.8046875 0.6037037037037037 0.8083333333333333 0.5824074074074074 0.8036458333333333 0.5703703703703704 0.8010416666666667 0.5722222222222222 0.7989583333333333 0.5824074074074074 0.7994791666666666 0.6148148148148148 0.8026041666666667 0.6175925925925926 0.8052083333333333 0.6111111111111112 0.8046875 0.6037037037037037
1 0.09375 0.6305555555555555 0.09010416666666667 0.6240740740740741 0.09010416666666667 0.6175925925925926 0.09322916666666667 0.6037037037037037 0.08958333333333333 0.5888888888888889 0.08802083333333334 0.5833333333333334 0.08385416666666666 0.5824074074074074 0.08125 0.5907407407407408 0.08125 0.6138888888888889 0.078125 0.6351851851851852 0.09270833333333334 0.6342592592592593 0.09375 0.6305555555555555
0 0.21770833333333334 0.5935185185185186 0.2125 0.5916666666666667 0.21041666666666667 0.5990740740740741 0.20989583333333334 0.6092592592592593 0.21666666666666667 0.6111111111111112 0.21875 0.6027777777777777 0.21770833333333334 0.5935185185185186
5 0.8515625 0.6574074074074074 0.8447916666666667 0.6351851851851852 0.840625 0.6342592592592593 0.8369791666666667 0.6462962962962963 0.8380208333333333 0.6898148148148148 0.8416666666666667 0.7 0.8458333333333333 0.7018518518518518 0.8515625 0.6574074074074074
4 0.8458333333333333 0.7 0.8505208333333333 0.6574074074074074 0.8453125 0.6277777777777778 0.8416666666666667 0.6240740740740741 0.8375 0.6296296296296297 0.8359375 0.649074074074074 0.8375 0.6888888888888889 0.8416666666666667 0.6981481481481482 0.8458333333333333 0.7
5 0.8473958333333333 0.6268518518518519 0.846875 0.6074074074074074 0.8416666666666667 0.6037037037037037 0.834375 0.6074074074074074 0.8338541666666667 0.6277777777777778 0.8375 0.6333333333333333 0.8453125 0.6351851851851852 0.8473958333333333 0.6268518518518519
4 0.8432291666666667 0.6 0.8442708333333333 0.5907407407407408 0.8401041666666667 0.5824074074074074 0.8375 0.5824074074074074 0.8333333333333334 0.5898148148148148 0.8333333333333334 0.6268518518518519 0.8375 0.6296296296296297 0.8453125 0.6194444444444445 0.8432291666666667 0.6