4 0.3307291666666667 0.9 0.3307291666666667 0.9074074074074074 0.3328125 0.9092592592592592 0.33697916666666666 0.9037037037037037 0.34322916666666664 0.9037037037037037 0.34479166666666666 0.9083333333333333 0.35 0.9064814814814814 0.3489583333333333 0.8864194444444444 0.359375 0.8472222222222222 0.35625 0.8185185185185185 0.353125 0.8148148148148148 0.35052083333333334 0.8166666666666667 0.33958333333333335 0.8407407407407408 0.3416666666666667 0.8777777777777778 0.3307291666666667 0.9
4 0.4270833333333333 0.8203703703703704 0.4270833333333333 0.8324074074074074 0.43697916666666664 0.8314814814814815 0.440625 0.7925925925925926 0.4359375 0.7638888888888888 0.43125 0.7620370370370371 0.421875 0.7861111111111111 0.42135416666666664 0.8018518518518518 0.4270833333333333 0.8203703703703704
3 0.3494791666666667 0.7870370370370371 0.3489583333333333 0.7944444444444444 0.35989583333333336 0.799074074074074 0.36614583333333334 0.7518518518518519 0.3651041666666667 0.7194444444444444 0.36041666666666666 0.7212962962962963 0.3536458333333333 0.7435185185185185 0.35572916666666665 0.7703703703703704 0.3494791666666667 0.7870370370370371
5 0.85625 0.899074074074074 0.8557291666666667 0.9268518518518518 0.8583333333333333 0.9296296296296296 0.8682291666666667 0.9222222222222223 0.8661458333333333 0.8972222222222223 0.8682291666666667 0.8666666666666667 0.8609375 0.8398148148148148 0.8572916666666667 0.8388888888888889 0.8546875 0.8453703703703703 0.8520833333333333 0.8777777777777778 0.85625 0.899074074074074
5 0.4734375 0.7342592592592593 0.471875 0.7462962962962963 0.47291666666666665 0.7944444444444444 0.4744791666666667 0.7972222222222223 0.47708333333333336 0.7944444444444444 0.47760416666666666 0.7814814814814814 0.48072916666666665 0.7787037037037037 0.4859375 0.7953703703703704 0.4901041666666667 0.7962962962962963 0.4869791666666667 0.7731481481481481 0.4859375 0.7388888888888889 0.4817708333333333 0.725925925925926 0.4739583333333333 0.7277777777777777 0.471875 0.7314814814814815 0.4734375 0.7342592592592593
4 0.3421875 0.7407407407407407 0.3458333333333333 0.7333333333333333 0.35208333333333336 0.700925925925926 0.35208333333333336 0.6851851851851852 0.3494791666666667 0.6768518518518518 0.3453125 0.6759259259259259 0.3380208333333333 0.6972222222222222 0.33958333333333335 0.7379629629629629 0.3421875 0.7407407407407407
5 0.103125 0.7527777777777778 0.10677083333333333 0.7583333333333333 0.1109375 0.7583333333333333 0.11822916666666666 0.7083333333333334 0.11666666666666667 0.6851851851851852 0.11458333333333333 0.6814814814814815 0.11041666666666666 0.6842592592592592 0.10520833333333333 0.7166666666666667 0.10572916666666667 0.737037037037037 0.103125 0.7527777777777778
5 0.2078125 0.6944444444444444 0.2125 0.6953703703703704 0.215625 0.6925925925925925 0.2171875 0.6638888888888889 0.21666666666666667 0.6453703703703704 0.21458333333333332 0.637962962962963 0.21041666666666667 0.6388888888888888 0.20677083333333332 0.6564814814814814 0.20625 0.6888888888888889 0.2078125 0.6944444444444444
5 0.865625 0.7490740740740741 0.8651041666666667 0.7796296296296297 0.8776041666666666 0.787962962962963 0.8791666666666667 0.7861111111111111 0.8765625 0.7657407407407407 0.8776041666666666 0.7435185185185185 0.8734375 0.7185185185185186 0.86875 0.7166666666666667 0.8661458333333333 0.7277777777777777 0.8677083333333333 0.7407407407407407 0.865625 0.7490740740740741
4 0.5171875 0.8175925925925925 0.525 0.8185185185185185 0.5317708333333333 0.8018518518518518 0.5354166666666667 0.7833333333333333 0.5354166666666667 0.7546296296296297 0.5328125 0.7398148148148148 0.5291666666666667 0.7379629629629629 0.5223958333333333 0.7509259259259259 0.5197916666666667 0.7620370370370371 0.5197916666666667 0.7953703703703704 0.5171875 0.8175925925925925
3 0.309375 0.6027777777777777 0.3098958333333333 0.5898148148148148 0.31302083333333336 0.5777777777777777 0.3125 0.5675925925925925 0.3098958333333333 0.5601851851851852 0.30572916666666666 0.5583333333333333 0.3026041666666667 0.5601851851851852 0.30104166666666665 0.5703703703703704 0.3026041666666667 0.6018518518518519 0.309375 0.6027777777777777
5 0.18802083333333333 0.9481481481481482 0.1921875 0.9518518518518518 0.196875 0.9490740740740741 0.1953125 0.9416666666666667 0.19947916666666668 0.9268518518518518 0.20729166666666668 0.9287037037037037 0.21302083333333333 0.9398148148148148 0.21510416666666668 0.9388888888888889 0.21510416666666668 0.9268518518518518 0.20416666666666666 0.912962962962963 0.203125 0.899074074074074 0.20572916666666666 0.8842592592592593 0.196875 0.8555555555555555 0.19270833333333334 0.8574074074074074 0.18854166666666666 0.8916666666666667 0.190625 0.9416666666666667 0.18802083333333333 0.9481481481481482
4 0.35833333333333334 0.6601851851851852 0.3625 0.6333333333333333 0.3614583333333333 0.6166666666666667 0.359375 0.6092592592592593 0.35625 0.6074074074074074 0.35052083333333334 0.6212962962962963 0.3515625 0.6574074074074074 0.35833333333333334 0.6601851851851852
5 0.7546875 0.700925925925926 0.75625 0.6972222222222222 0.7546875 0.6787037037037037 0.75625 0.6564814814814814 0.7526041666666666 0.6425925925925926 0.75 0.6453703703703704 0.7484375 0.6694444444444444 0.7494791666666667 0.6990740740740741 0.7546875 0.700925925925926
3 0.6260416666666667 0.6101851851851852 0.634375 0.612037037037037 0.6354166666666666 0.575925925925926 0.6317708333333333 0.5601851851851852 0.6255208333333333 0.5601851851851852 0.6229166666666667 0.5796296296296296 0.6260416666666667 0.6101851851851852
3 0.9614583333333333 0.9990740740740741 0.9770833333333333 0.9990740740740741 0.9776041666666667 0.9925925925925926 0.9822916666666667 0.9833333333333333 0.9901041666666667 0.9888888888888889 0.9921875 0.9990740740740741 0.996875 0.9990740740740741 0.9947916666666666 0.9824074074074074 0.9953125 0.9425925925925925 0.9859375 0.9138888888888889 0.9822916666666667 0.9120370370370371 0.9807291666666667 0.9148148148148149 0.9708333333333333 0.9648148148148148 0.9598958333333333 0.9851851851851852 0.959375 0.9944444444444445 0.9614583333333333 0.9990740740740741
4 0.19375 0.6861111111111111 0.19583333333333333 0.6583333333333333 0.19322916666666667 0.6305555555555555 0.1890625 0.6287037037037037 0.18541666666666667 0.637962962962963 0.18541666666666667 0.6851851851851852 0.19375 0.6861111111111111
5 0.4625 0.7314814814814815 0.4739583333333333 0.7287037037037037 0.47552083333333334 0.725 0.4765625 0.687962962962963 0.4713541666666667 0.6666666666666666 0.46770833333333334 0.6694444444444444 0.4630208333333333 0.6916666666666667 0.465625 0.7092592592592593 0.4625 0.7314814814814815
0 0.5255208333333333 0.8740740740740741 0.5322916666666667 0.8648148148148148 0.5328125 0.8592592592592593 0.5291666666666667 0.85 0.5229166666666667 0.8629629629629629 0.5223958333333333 0.8722222222222222 0.5255208333333333 0.8740740740740741
4 0.0828125 0.7583333333333333 0.07916666666666666 0.7666666666666667 0.0796875 0.775 0.08385416666666666 0.7731481481481481 0.08697916666666666 0.7648148148148148 0.0953125 0.775 0.09791666666666667 0.7703703703703704 0.09791666666666667 0.7490740740740741 0.09427083333333333 0.7277777777777777 0.09270833333333334 0.700925925925926 0.0875 0.7018518518518518 0.0828125 0.7203703703703703 0.084375 0.7453703703703703 0.0828125 0.7583333333333333
4 0.4942708333333333 0.7277777777777777 0.4979166666666667 0.7342592592592593 0.5015625 0.7333333333333333 0.5041666666666667 0.725 0.5067708333333333 0.6953703703703704 0.50625 0.6833333333333333 0.503125 0.6722222222222223 0.5015625 0.6712962962962963 0.496875 0.6805555555555556 0.4947916666666667 0.6962962962962963 0.49583333333333335 0.7138888888888889 0.4942708333333333 0.7277777777777777
4 0.115625 0.8916666666666667 0.11875 0.8925925925925926 0.12083333333333333 0.8888888888888888 0.1234375 0.8685185185185185 0.12760416666666666 0.8648148148148148 0.1296875 0.8675925925925926 0.13333333333333333 0.8925925925925926 0.1390625 0.8962962962962963 0.14114583333333333 0.8916666666666667 0.13541666666666666 0.8648148148148148 0.1375 0.8453703703703703 0.1328125 0.8064814814814815 0.1265625 0.8064814814814815 0.11666666666666667 0.8333333333333334 0.11822916666666666 0.8537037037037037 0.115625 0.8916666666666667
5 0.36822916666666666 0.6296296296296297 0.3729166666666667 0.6305555555555555 0.378125 0.6027777777777777 0.3729166666666667 0.5851851851851851 0.3703125 0.587037037037037 0.36822916666666666 0.5953703703703703 0.36666666666666664 0.6037037037037037 0.36822916666666666 0.6296296296296297