4 0.20104166666666667 0.8833333333333333 0.20677083333333332 0.8805555555555555 0.2111109375 0.8654324074074075 0.21666666666666667 0.8555555555555555 0.215625 0.8361111111111111 0.221875 0.8296296296296296 0.2203125 0.8194444444444444 0.22239583333333332 0.8018518518518518 0.2203125 0.7962962962962963 0.21510416666666668 0.7981481481481482 0.20208333333333334 0.8324074074074074 0.20416666666666666 0.850925925925926 0.19791666666666666 0.8712962962962963 0.1984375 0.8796296296296297 0.20104166666666667 0.8833333333333333
5 0.42916666666666664 0.8175925925925925 0.4348958333333333 0.825 0.4390625 0.8240740740740741 0.44114583333333335 0.7953703703703704 0.44375 0.7851851851851852 0.4390625 0.7555555555555555 0.4348958333333333 0.7555555555555555 0.4317708333333333 0.7777777777777778 0.4276041666666667 0.7787037037037037 0.4296875 0.7907407407407407 0.4197916666666667 0.825925925925926 0.4276041666666667 0.825925925925926 0.42916666666666664 0.8175925925925925
4 0.6848958333333334 0.8333333333333334 0.6927083333333334 0.8166666666666667 0.696875 0.8287037037037037 0.6963541666666667 0.837037037037037 0.7010416666666667 0.837037037037037 0.703125 0.8324074074074074 0.696875 0.8101851851851852 0.696875 0.7861111111111111 0.6942708333333333 0.7675925925925926 0.6890625 0.7537037037037037 0.6848958333333334 0.7555555555555555 0.6838541666666667 0.812962962962963 0.678125 0.8296296296296296 0.6802083333333333 0.8333333333333334 0.6848958333333334 0.8333333333333334
4 0.11145833333333334 0.7592592592592593 0.11770833333333333 0.7509259259259259 0.12239583333333333 0.7564814814814815 0.12604166666666666 0.7546296296296297 0.1265625 0.7490740740740741 0.121875 0.7277777777777777 0.1265625 0.7203703703703703 0.1265625 0.7138888888888889 0.12395833333333334 0.6935185185185185 0.11979166666666667 0.6796296296296296 0.11510416666666666 0.6814814814814815 0.1109375 0.6935185185185185 0.10833333333333334 0.7111111111111111 0.11302083333333333 0.7194444444444444 0.11302083333333333 0.7388888888888889 0.10833333333333334 0.7574074074074074 0.11145833333333334 0.7592592592592593
0 0.3723958333333333 0.8407407407407408 0.3692708333333333 0.8342592592592593 0.3640625 0.8379629629629629 0.3651041666666667 0.85 0.3692708333333333 0.8518518518518519 0.3723958333333333 0.8481481481481481 0.3723958333333333 0.8407407407407408
3 0.3958333333333333 0.7611111111111111 0.4088541666666667 0.7620370370370371 0.41041666666666665 0.7592592592592593 0.4088541666666667 0.7388888888888889 0.4119791666666667 0.7231481481481481 0.41510416666666666 0.7203703703703703 0.41458333333333336 0.6962962962962963 0.40677083333333336 0.6814814814814815 0.4036458333333333 0.6805555555555556 0.3963541666666667 0.7111111111111111 0.4015625 0.7222222222222222 0.4015625 0.7287037037037037 0.39947916666666666 0.75 0.3958333333333333 0.7611111111111111
4 0.3609375 0.7518518518518519 0.36354166666666665 0.7472222222222222 0.3651041666666667 0.6925925925925925 0.35989583333333336 0.6777777777777778 0.3567708333333333 0.6787037037037037 0.353125 0.6907407407407408 0.3494791666666667 0.7083333333333334 0.35104166666666664 0.7296296296296296 0.3546875 0.75 0.3609375 0.7518518518518519
5 0.2265625 0.6657407407407407 0.2234375 0.6546296296296297 0.21666666666666667 0.6444444444444445 0.2125 0.6583333333333333 0.21145833333333333 0.6824074074074075 0.21510416666666668 0.712037037037037 0.22447916666666667 0.7129629629629629 0.2265625 0.6657407407407407
4 0.203125 0.7 0.20677083333333332 0.6527777777777778 0.2015625 0.6361111111111111 0.19739583333333333 0.6388888888888888 0.19427083333333334 0.6518518518518519 0.19270833333333334 0.6675925925925926 0.19375 0.700925925925926 0.1984375 0.7046296296296296 0.203125 0.7
4 0.5177083333333333 0.637962962962963 0.5213541666666667 0.6111111111111112 0.5208333333333334 0.5990740740740741 0.5177083333333333 0.5898148148148148 0.5135416666666667 0.5916666666666667 0.5104166666666666 0.6 0.5088541666666667 0.6138888888888889 0.5078125 0.6425925925925926 0.5098958333333333 0.6462962962962963 0.5145833333333333 0.6462962962962963 0.5177083333333333 0.637962962962963
5 0.30052083333333335 0.9037037037037037 0.30052083333333335 0.9148148148148149 0.30572916666666666 0.9157407407407407 0.30833333333333335 0.9046296296296297 0.315625 0.9064814814814814 0.3145833333333333 0.9268518518518518 0.3229166666666667 0.9268518518518518 0.3203125 0.9185185185185185 0.321875 0.9 0.32395833333333335 0.8953703703703704 0.32083333333333336 0.8675925925925926 0.321875 0.8342592592592593 0.31614583333333335 0.8333333333333334 0.29322916666666665 0.8694444444444445 0.29270833333333335 0.8731481481481481 0.2994791666666667 0.8731481481481481 0.30520833333333336 0.8944444444444445 0.30052083333333335 0.9037037037037037
5 0.9671875 0.7888888888888889 0.9697916666666667 0.7851851851851852 0.9692708333333333 0.7583333333333333 0.9729166666666667 0.7518518518518519 0.9739583333333334 0.7361111111111112 0.9697916666666667 0.7129629629629629 0.965625 0.7083333333333334 0.9630208333333333 0.7148148148148148 0.9588541666666667 0.7490740740740741 0.9635416666666666 0.7731481481481481 0.9619791666666667 0.7870370370370371 0.9671875 0.7888888888888889
5 0.4895833333333333 0.6851851851851852 0.4859375 0.6685185185185185 0.4822916666666667 0.6638888888888889 0.478125 0.6796296296296296 0.47760416666666666 0.6916666666666667 0.4765625 0.7361111111111112 0.4817708333333333 0.7379629629629629 0.48541666666666666 0.7305555555555555 0.4895833333333333 0.6851851851851852
5 0.5020833333333333 0.6398148148148148 0.5057291666666667 0.6333333333333333 0.5104166666666666 0.6018518518518519 0.5052083333333334 0.5944444444444444 0.5 0.6055555555555555 0.4979166666666667 0.625 0.49322916666666666 0.6361111111111111 0.49375 0.6416666666666667 0.5020833333333333 0.6398148148148148
3 0.3302083333333333 0.5694444444444444 0.33229166666666665 0.5407407407407407 0.3296875 0.5287037037037037 0.3234375 0.5287037037037037 0.3203125 0.5398148148148149 0.31979166666666664 0.5518518518518518 0.3234375 0.5574074074074075 0.3234375 0.5675925925925925 0.3302083333333333 0.5694444444444444
5 0.7411458333333333 0.8416666666666667 0.7442708333333333 0.8379629629629629 0.7447916666666666 0.8194444444444444 0.7541666666666667 0.825 0.75625 0.837037037037037 0.7619791666666667 0.837037037037037 0.7630208333333334 0.8324074074074074 0.7541666666666667 0.8101851851851852 0.7479166666666667 0.7759259259259259 0.7401041666666667 0.7564814814814815 0.7354166666666667 0.7592592592592593 0.7369791666666666 0.7796296296296297 0.734375 0.7916666666666666 0.7369791666666666 0.8398148148148148 0.7411458333333333 0.8416666666666667
4 0.25729166666666664 0.9185185185185185 0.2630208333333333 0.9027777777777778 0.275 0.8981481481481481 0.2796875 0.8768518518518519 0.27708333333333335 0.8592592592592593 0.284375 0.8527777777777777 0.2833333333333333 0.8472222222222222 0.2791666666666667 0.8444444444444444 0.2791666666666667 0.837037037037037 0.2755208333333333 0.8277777777777777 0.25885416666666666 0.8407407407407408 0.25625 0.9 0.25104166666666666 0.9157407407407407 0.25364583333333335 0.9203703703703704 0.25729166666666664 0.9185185185185185
5 0.3807291666666667 0.9166666666666666 0.3963541666666667 0.9203703703703704 0.39895833333333336 0.9111111111111111 0.4036458333333333 0.9064814814814814 0.4119791666666667 0.9175925925925926 0.4119791666666667 0.9046296296296297 0.4010416666666667 0.8907407407407407 0.4041666666666667 0.875 0.40208333333333335 0.8555555555555555 0.403125 0.8444444444444444 0.3932291666666667 0.8287037037037037 0.3880208333333333 0.8287037037037037 0.38645833333333335 0.8490740740740741 0.3807291666666667 0.8518518518518519 0.3848958333333333 0.8574074074074074 0.3807291666666667 0.9166666666666666
3 0.5791666666666667 0.5324074074074074 0.5755208333333334 0.5231481481481481 0.5677083333333334 0.5342592592592592 0.5682291666666667 0.5712962962962963 0.5744791666666667 0.5731481481481482 0.5786458333333333 0.5509259259259259 0.5791666666666667 0.5324074074074074
4 0.2630208333333333 0.8203703703703704 0.271875 0.8231481481481482 0.2755208333333333 0.8185185185185185 0.2765625 0.8018518518518518 0.2713541666666667 0.7666666666666667 0.2671875 0.7666666666666667 0.2598958333333333 0.7768518518518519 0.2557291666666667 0.7898148148148149 0.25416666666666665 0.8138888888888889 0.2557291666666667 0.8314814814814815 0.2604166666666667 0.8287037037037037 0.2630208333333333 0.8203703703703704
5 0.278125 0.8027777777777778 0.27447916666666666 0.7898148148148149 0.2708333333333333 0.7888888888888889 0.265625 0.7935185185185185 0.26197916666666665 0.8111111111111111 0.26145833333333335 0.8351851851851851 0.2708333333333333 0.8342592592592593 0.27708333333333335 0.8296296296296296 0.278125 0.8027777777777778