4 0.11041666666666666 0.8518518518518519 0.115625 0.8537037037037037 0.12135416666666667 0.8314814814814815 0.125 0.8305555555555556 0.12864583333333332 0.8527777777777777 0.13385416666666666 0.8546296296296296 0.13541666666666666 0.8490740740740741 0.13125 0.8342592592592593 0.128125 0.7703703703703704 0.12291666666666666 0.7694444444444445 0.11875 0.7833333333333333 0.11666666666666667 0.8240740740740741 0.11041666666666666 0.8518518518518519
4 0.7869791666666667 0.8462962962962963 0.7911458333333333 0.8453703703703703 0.7947916666666667 0.8324074074074074 0.8005208333333333 0.8379629629629629 0.8 0.8453703703703703 0.8020833333333334 0.8490740740740741 0.8067708333333333 0.8490740740740741 0.8041666666666667 0.7657407407407407 0.7989583333333333 0.7648148148148148 0.7916666666666666 0.7824074074074074 0.7859375 0.8435185185185186 0.7869791666666667 0.8462962962962963
4 0.3619791666666667 0.6759259259259259 0.3640625 0.6805555555555556 0.36875 0.6777777777777778 0.3734375 0.6611111111111111 0.3734375 0.6537037037037037 0.3770833333333333 0.6462962962962963 0.3770833333333333 0.637962962962963 0.3734375 0.6259259259259259 0.3651041666666667 0.637962962962963 0.36666666666666664 0.6611111111111111 0.3619791666666667 0.6759259259259259
5 0.20364583333333333 0.6814814814814815 0.20625 0.6861111111111111 0.21145833333333333 0.6842592592592592 0.22083333333333333 0.6546296296296297 0.22083333333333333 0.6296296296296297 0.21666666666666667 0.6277777777777778 0.209375 0.6425925925925926 0.20989583333333334 0.6657407407407407 0.20364583333333333 0.6814814814814815
4 0.61875 0.7407407407407407 0.6223958333333334 0.7296296296296296 0.6265625 0.725925925925926 0.6296875 0.7407407407407407 0.634375 0.7416666666666667 0.6328125 0.6925925925925925 0.6265625 0.6796296296296296 0.6213541666666667 0.6935185185185185 0.6161458333333333 0.737037037037037 0.61875 0.7407407407407407
5 0.34010416666666665 0.7175925925925926 0.33697916666666666 0.7398148148148148 0.3375 0.7425925925925926 0.3421875 0.7425925925925926 0.3453125 0.7398148148148148 0.3453125 0.7296296296296296 0.35 0.712037037037037 0.346875 0.6787037037037037 0.34270833333333334 0.6814814814814815 0.33697916666666666 0.6981481481481482 0.33645833333333336 0.7083333333333334 0.34010416666666665 0.7175925925925926
5 0.8661458333333333 0.7703703703703704 0.8692708333333333 0.7648148148148148 0.8666666666666667 0.75 0.8682291666666667 0.7398148148148148 0.8671875 0.7166666666666667 0.8645833333333334 0.7055555555555556 0.8614583333333333 0.7046296296296296 0.859375 0.712037037037037 0.8588541666666667 0.7685185185185185 0.8661458333333333 0.7703703703703704
3 0.5755208333333334 0.6620370370370371 0.5796875 0.6527777777777778 0.5828125 0.6657407407407407 0.5848958333333333 0.6657407407407407 0.5848958333333333 0.6342592592592593 0.5869791666666667 0.6212962962962963 0.5838541666666667 0.6111111111111112 0.58125 0.6092592592592593 0.5786458333333333 0.6101851851851852 0.5765625 0.6212962962962963 0.5713541666666667 0.662962962962963 0.5755208333333334 0.6620370370370371
4 0.5171875 0.6111111111111112 0.5234375 0.6101851851851852 0.525 0.6083333333333333 0.525 0.5694444444444444 0.5229166666666667 0.562962962962963 0.5203125 0.562037037037037 0.515625 0.5722222222222222 0.5151041666666667 0.6037037037037037 0.5171875 0.6111111111111112
4 0.5989583333333334 0.6546296296296297 0.603125 0.6527777777777778 0.6067708333333334 0.6435185185185185 0.6067708333333334 0.6101851851851852 0.6041666666666666 0.600925925925926 0.603125 0.5990740740740741 0.5953125 0.6138888888888889 0.5916666666666667 0.612037037037037 0.5890625 0.6185185185185185 0.5963541666666666 0.65 0.5989583333333334 0.6546296296296297
4 0.7994791666666666 0.6851851851851852 0.8067708333333333 0.687037037037037 0.809375 0.649074074074074 0.8072916666666666 0.6231481481481481 0.8020833333333334 0.6240740740740741 0.7958333333333333 0.6398148148148148 0.7942708333333334 0.6657407407407407 0.7994791666666666 0.6851851851851852
4 0.7697916666666667 0.6222222222222222 0.7729166666666667 0.6157407407407407 0.7729166666666667 0.5824074074074074 0.7697916666666667 0.5731481481481482 0.7666666666666667 0.5722222222222222 0.7640625 0.575925925925926 0.7619791666666667 0.5898148148148148 0.7630208333333334 0.6231481481481481 0.7697916666666667 0.6222222222222222
5 0.7791666666666667 0.6351851851851852 0.7828125 0.6296296296296297 0.7838541666666666 0.6194444444444445 0.7833333333333333 0.5962962962962963 0.7848958333333333 0.5907407407407408 0.7828125 0.5833333333333334 0.7755208333333333 0.5842592592592593 0.7739583333333333 0.5962962962962963 0.7734375 0.6064814814814815 0.7791666666666667 0.6351851851851852
5 0.5994791666666667 0.6527777777777778 0.6072916666666667 0.6444444444444445 0.6078125 0.6101851851851852 0.6026041666666667 0.5990740740740741 0.5973958333333333 0.6111111111111112 0.596875 0.6462962962962963 0.5994791666666667 0.6527777777777778
5 0.6453125 0.7240740740740741 0.6489583333333333 0.7240740740740741 0.6536458333333334 0.7175925925925926 0.6520833333333333 0.7092592592592593 0.6526041666666667 0.6722222222222223 0.6489583333333333 0.6601851851851852 0.6458333333333334 0.6611111111111111 0.6442708333333333 0.6703703703703704 0.64375 0.7203703703703703 0.6453125 0.7240740740740741
5 0.8067708333333333 0.6620370370370371 0.8083333333333333 0.6851851851851852 0.8114583333333333 0.6916666666666667 0.815625 0.6925925925925925 0.8203125 0.6537037037037037 0.8140625 0.6351851851851852 0.8057291666666667 0.6287037037037037 0.8078125 0.6333333333333333 0.8067708333333333 0.6620370370370371
3 0.22083333333333333 0.5953703703703703 0.22447916666666667 0.5740740740740741 0.22395833333333334 0.562037037037037 0.2203125 0.5574074074074075 0.21666666666666667 0.5648148148148148 0.21510416666666668 0.5907407407407408 0.22083333333333333 0.5953703703703703
3 0.9010416666666666 0.9935185185185185 0.9057291666666667 0.9907407407407407 0.9072916666666667 0.9851851851851852 0.9145833333333333 0.9851851851851852 0.915625 0.9990740740740741 0.9296875 0.9990740740740741 0.9322916666666666 0.9407407407407408 0.9307291666666667 0.9268518518518518 0.9255208333333333 0.9185185185185185 0.9229166666666667 0.9074074074074074 0.9182291666666667 0.9074074074074074 0.9119791666666667 0.924074074074074 0.909375 0.9638888888888889 0.8984375 0.9861111111111112 0.8979166666666667 0.9907407407407407 0.9010416666666666 0.9935185185185185
4 0.2671875 0.6138888888888889 0.278125 0.612037037037037 0.275 0.5703703703703704 0.2713541666666667 0.5666666666666667 0.26875 0.575 0.2640625 0.6111111111111112 0.2671875 0.6138888888888889
5 0.4630208333333333 0.625 0.4708333333333333 0.625 0.4734375 0.6212962962962963 0.46927083333333336 0.6111111111111112 0.4671875 0.5833333333333334 0.4661458333333333 0.5805555555555556 0.4625 0.5851851851851851 0.46197916666666666 0.6222222222222222 0.4630208333333333 0.625
5 0.29322916666666665 0.6537037037037037 0.2989583333333333 0.6148148148148148 0.2984375 0.6064814814814815 0.29270833333333335 0.6083333333333333 0.2890625 0.6194444444444445 0.28802083333333334 0.6333333333333333 0.2828125 0.6472222222222223 0.2838541666666667 0.6537037037037037 0.29322916666666665 0.6537037037037037
0 0.2811822916666667 0.6098611111111111 0.0042031249999999664 0.010111111111111178