4 0.049479166666666664 0.6925925925925925 0.057291666666666664 0.687037037037037 0.0578125 0.6657407407407407 0.0625 0.6537037037037037 0.057291666666666664 0.6305555555555555 0.052083333333333336 0.6361111111111111 0.046875 0.649074074074074 0.04583333333333333 0.6574074074074074 0.05 0.6703703703703704 0.04635416666666667 0.6888888888888889 0.049479166666666664 0.6925925925925925
4 0.6197916666666666 0.7675925925925926 0.6161458333333333 0.7453703703703703 0.6197916666666666 0.7305555555555555 0.6203125 0.7129629629629629 0.6151041666666667 0.6935185185185185 0.6104166666666667 0.6972222222222222 0.6057291666666667 0.7203703703703703 0.6078125 0.7435185185185185 0.603125 0.762962962962963 0.6072916666666667 0.7675925925925926 0.6197916666666666 0.7675925925925926
3 0.31614583333333335 0.6370370370370371 0.31614583333333335 0.6148148148148148 0.3140625 0.6027777777777777 0.3098958333333333 0.6018518518518519 0.30416666666666664 0.6166666666666667 0.30364583333333334 0.6537037037037037 0.3078125 0.6546296296296297 0.3140625 0.6453703703703704 0.31614583333333335 0.6370370370370371
5 0.7088541666666667 0.6435185185185185 0.7114583333333333 0.6259259259259259 0.7109375 0.6148148148148148 0.7088541666666667 0.6074074074074074 0.7046875 0.6064814814814815 0.696875 0.6583333333333333 0.7088541666666667 0.6574074074074074 0.7114583333333333 0.6537037037037037 0.7088541666666667 0.6435185185185185
4 0.22239583333333332 0.6111111111111112 0.22135416666666666 0.5888888888888889 0.21666666666666667 0.5907407407407408 0.21041666666666667 0.6074074074074074 0.21041666666666667 0.637962962962963 0.2171875 0.6425925925925926 0.21979166666666666 0.6388888888888888 0.22239583333333332 0.6111111111111112
4 0.15885416666666666 0.5740740740740741 0.15416666666666667 0.5638888888888889 0.15 0.5833333333333334 0.14947916666666666 0.6148148148148148 0.15677083333333333 0.6148148148148148 0.159375 0.6111111111111112 0.15885416666666666 0.5740740740740741
5 0.6114583333333333 0.6361111111111111 0.6072916666666667 0.6388888888888888 0.6046875 0.6527777777777778 0.6026041666666667 0.6888888888888889 0.6072916666666667 0.6916666666666667 0.6171875 0.6537037037037037 0.6114583333333333 0.6361111111111111
5 0.8140625 0.6944444444444444 0.8182291666666667 0.6666666666666666 0.8145833333333333 0.6388888888888888 0.8104166666666667 0.6398148148148148 0.8078125 0.6518518518518519 0.80625 0.6620370370370371 0.8067708333333333 0.6935185185185185 0.8119791666666667 0.6972222222222222 0.8140625 0.6944444444444444
5 0.7385416666666667 0.7560185185185185 0.7453125 0.7305555555555555 0.7401041666666667 0.7074074074074074 0.7359375 0.7074074074074074 0.7317708333333334 0.7194444444444444 0.73125 0.7675925925925926 0.7364583333333333 0.7722222222222223 0.7395833333333334 0.7675925925925926 0.7385416666666667 0.7560185185185185
4 0.3921875 0.6462962962962963 0.390625 0.6268518518518519 0.3875 0.625 0.38333333333333336 0.6370370370370371 0.3807291666666667 0.6620370370370371 0.38385416666666666 0.6814814814814815 0.3890625 0.6833333333333333 0.3921875 0.6462962962962963
5 0.184375 0.6814814814814815 0.18958333333333333 0.6759259259259259 0.19166666666666668 0.6398148148148148 0.18958333333333333 0.6212962962962963 0.18541666666666667 0.6175925925925926 0.1796875 0.6324074074074074 0.17864583333333334 0.6453703703703704 0.18072916666666666 0.6620370370370371 0.17916666666666667 0.6777777777777778 0.184375 0.6814814814814815
5 0.3765625 0.6129629629629629 0.3729166666666667 0.5981481481481481 0.36822916666666666 0.6 0.36614583333333334 0.6111111111111112 0.3671875 0.6481481481481481 0.371875 0.65 0.3765625 0.6129629629629629
3 0.9432291666666667 0.9583333333333334 0.9458333333333333 0.950925925925926 0.9463541666666667 0.9351851851851852 0.9385416666666667 0.9148148148148149 0.9348958333333334 0.912962962962963 0.9333333333333333 0.9157407407407407 0.925 0.9435185185185185 0.9255208333333333 0.9787037037037037 0.940625 0.9990740740740741 0.9458333333333333 0.9990740740740741 0.9432291666666667 0.9583333333333334
5 0.203125 0.5953703703703703 0.20677083333333332 0.5861111111111111 0.20520833333333333 0.5740740740740741 0.2 0.5722222222222222 0.19270833333333334 0.600925925925926 0.1921875 0.6101851851851852 0.19635416666666666 0.6129629629629629 0.20104166666666667 0.6101851851851852 0.203125 0.5953703703703703
5 0.17447916666666666 0.6027777777777777 0.17552083333333332 0.5953703703703703 0.17552083333333332 0.5564814814814815 0.1734375 0.5509259259259259 0.17083333333333334 0.5518518518518518 0.16666666666666666 0.5601851851851852 0.165625 0.575925925925926 0.1609375 0.5953703703703703 0.16979166666666667 0.6074074074074074 0.17447916666666666 0.6027777777777777
4 0.0984375 0.6574074074074074 0.09739583333333333 0.6314814814814815 0.09947916666666666 0.6259259259259259 0.0953125 0.6166666666666667 0.09114583333333333 0.6175925925925926 0.08697916666666666 0.6388888888888888 0.08697916666666666 0.6648148148148149 0.090625 0.6601851851851852 0.096875 0.6601851851851852 0.0984375 0.6574074074074074
0 0.23177083333333334 0.5861111111111111 0.2234375 0.5879629629629629 0.221875 0.5916666666666667 0.22447916666666667 0.6037037037037037 0.23177083333333334 0.5981481481481481 0.23177083333333334 0.5861111111111111
4 0.196875 0.5907407407407408 0.1875 0.5888888888888889 0.18072916666666666 0.5935185185185186 0.18020833333333333 0.6092592592592593 0.18958333333333333 0.6138888888888889 0.1953125 0.6027777777777777 0.196875 0.5907407407407408
5 0.0859375 0.6925925925925925 0.0875 0.6972222222222222 0.09166666666666666 0.6990740740740741 0.09479166666666666 0.6935185185185185 0.09895833333333333 0.6583333333333333 0.0953125 0.6388888888888888 0.08802083333333334 0.6481481481481481 0.08385416666666666 0.6703703703703704 0.08802083333333334 0.6731481481481482 0.08541666666666667 0.6833333333333333 0.0859375 0.6925925925925925
3 0.834375 0.5833333333333334 0.8296875 0.5768518518518518 0.8270833333333333 0.5861111111111111 0.8260416666666667 0.6194444444444445 0.8317708333333333 0.6212962962962963 0.8338541666666667 0.6185185185185185 0.834375 0.5833333333333334
4 0.5171875 0.6611111111111111 0.51875 0.6564814814814814 0.5223958333333333 0.6370370370370371 0.5234375 0.6148148148148148 0.5208333333333334 0.6092592592592593 0.5177083333333333 0.6111111111111112 0.5151041666666667 0.6203703703703703 0.5119791666666667 0.6462962962962963 0.5083333333333333 0.6574074074074074 0.5125 0.6620370370370371 0.5171875 0.6611111111111111
5 0.3953125 0.5796296296296296 0.3890625 0.5953703703703703 0.3880208333333333 0.6287037037037037 0.3953125 0.6231481481481481 0.4005208333333333 0.5916666666666667 0.3953125 0.5796296296296296