4 0.23854166666666668 0.8185185185185185 0.24166666666666667 0.8194444444444444 0.24427083333333333 0.812962962962963 0.24895833333333334 0.8101851851851852 0.2520833333333333 0.8222222222222222 0.2546875 0.8185185185185185 0.25416666666666665 0.7833333333333333 0.2578125 0.7638888888888888 0.25677083333333334 0.7481481481481481 0.2515625 0.7314814814814815 0.24791666666666667 0.7268518518518519 0.24010416666666667 0.7444444444444445 0.2328125 0.7703703703703704 0.2328125 0.774074074074074 0.24010416666666667 0.7798611111111111 0.23854166666666668 0.8185185185185185
4 0.8442708333333333 0.8018518518518518 0.8536458333333333 0.8074074074074075 0.8541666666666666 0.8138888888888889 0.8609375 0.8175925925925925 0.8588541666666667 0.7722222222222223 0.8614583333333333 0.7490740740740741 0.8572916666666667 0.7296296296296296 0.853125 0.7277777777777777 0.8416666666666667 0.7509259259259259 0.8427083333333333 0.7648148148148148 0.8364583333333333 0.8148148148148148 0.8416666666666667 0.8157407407407408 0.8442708333333333 0.8018518518518518
4 0.725 0.6805555555555556 0.7296875 0.6861111111111111 0.7317708333333334 0.6833333333333333 0.7328125 0.6638888888888889 0.7359375 0.6546296296296297 0.7348958333333333 0.6342592592592593 0.7291666666666666 0.6185185185185185 0.7255208333333333 0.6185185185185185 0.7239583333333334 0.6222222222222222 0.7239583333333334 0.6305555555555555 0.71875 0.6462962962962963 0.7234375 0.6574074074074074 0.725 0.6805555555555556
5 0.8536458333333333 0.6722222222222223 0.8557291666666667 0.6694444444444444 0.8505208333333333 0.6481481481481481 0.8520833333333333 0.637962962962963 0.85 0.625 0.8447916666666667 0.612037037037037 0.8416666666666667 0.6101851851851852 0.8395833333333333 0.6138888888888889 0.8380208333333333 0.6731481481481482 0.8427083333333333 0.6731481481481482 0.8489583333333334 0.662962962962963 0.8536458333333333 0.6722222222222223
5 0.3098958333333333 0.6398148148148148 0.30833333333333335 0.6296296296296297 0.3104166666666667 0.6166666666666667 0.31354166666666666 0.6148148148148148 0.31354166666666666 0.6074074074074074 0.3067708333333333 0.5824074074074074 0.30416666666666664 0.5833333333333334 0.3015625 0.5907407407407408 0.2984375 0.6092592592592593 0.3020833333333333 0.6398148148148148 0.3078125 0.6425925925925926 0.3098958333333333 0.6398148148148148
5 0.49635416666666665 0.7398148148148148 0.49375 0.7212962962962963 0.4947916666666667 0.675 0.49270833333333336 0.6611111111111111 0.4901041666666667 0.6583333333333333 0.4875 0.6611111111111111 0.48541666666666666 0.6814814814814815 0.48489583333333336 0.7407407407407407 0.4859375 0.7435185185185185 0.4942708333333333 0.7435185185185185 0.49635416666666665 0.7398148148148148
3 0.6578125 0.6194444444444445 0.6614583333333334 0.6185185185185185 0.6619791666666667 0.5712962962962963 0.6583333333333333 0.5574074074074075 0.6541666666666667 0.5601851851851852 0.6520833333333333 0.5712962962962963 0.6526041666666667 0.587037037037037 0.6479166666666667 0.6185185185185185 0.6557291666666667 0.6138888888888889 0.6578125 0.6194444444444445
4 0.446875 0.5435185185185185 0.4432291666666667 0.5324074074074074 0.4359375 0.5425925925925926 0.4359375 0.575925925925926 0.4395833333333333 0.5796296296296296 0.44375 0.5685185185185185 0.446875 0.5435185185185185
5 0.9130208333333333 0.7435185185185185 0.9161458333333333 0.7361111111111112 0.91875 0.6731481481481482 0.9119791666666667 0.6685185185185185 0.909375 0.675 0.90625 0.7157407407407408 0.9067708333333333 0.7398148148148148 0.9078125 0.7435185185185185 0.9130208333333333 0.7435185185185185
5 0.5901041666666667 0.6611111111111111 0.590625 0.625 0.5973958333333333 0.6111111111111112 0.5927083333333333 0.6148148148148148 0.5864583333333333 0.600925925925926 0.5833333333333334 0.600925925925926 0.5817708333333333 0.6074074074074074 0.5828125 0.6200620370370371 0.5807291666666666 0.6472222222222223 0.5838541666666667 0.6666666666666666 0.5901041666666667 0.6611111111111111
4 0.04895833333333333 0.65 0.052083333333333336 0.6416666666666667 0.050520833333333334 0.6101851851851852 0.0453125 0.6101851851851852 0.03854166666666667 0.6259259259259259 0.04010416666666667 0.6777777777777778 0.04479166666666667 0.6833333333333333 0.04739583333333333 0.6777777777777778 0.04895833333333333 0.65
5 0.5791666666666667 0.5398148148148149 0.571875 0.5287037037037037 0.5677083333333334 0.5388888888888889 0.5682291666666667 0.575 0.571875 0.5777777777777777 0.575 0.5731481481481482 0.5791666666666667 0.5398148148148149
4 0.8296875 0.5083333333333333 0.8255208333333334 0.5185185185185185 0.8265625 0.5555555555555556 0.8333333333333334 0.5583333333333333 0.8369791666666667 0.5212962962962963 0.8296875 0.5083333333333333
5 0.4630208333333333 0.5601851851851852 0.4588541666666667 0.5592592592592592 0.4609375 0.6157407407407407 0.4671875 0.6185185185185185 0.46875 0.575925925925926 0.4630208333333333 0.5601851851851852
5 0.8760416666666667 0.6175925925925926 0.871875 0.6027777777777777 0.8723958333333334 0.5925925925925926 0.8770833333333333 0.5879629629629629 0.875 0.5685185185185185 0.8645833333333334 0.5592592592592592 0.8619791666666666 0.5824074074074074 0.8625 0.6203703703703703 0.8645833333333334 0.6231481481481481 0.875 0.6212962962962963 0.8760416666666667 0.6175925925925926
3 0.7651041666666667 0.5083333333333333 0.7604166666666666 0.49722222222222223 0.75625 0.5018518518518519 0.7526041666666666 0.5333333333333333 0.7520833333333333 0.5444444444444444 0.7598958333333333 0.5444444444444444 0.7651041666666667 0.5138888888888888 0.7651041666666667 0.5083333333333333
3 0.30885416666666665 0.4981481481481482 0.3020833333333333 0.49166666666666664 0.29791666666666666 0.5018518518518519 0.29635416666666664 0.525 0.2984375 0.5287037037037037 0.30625 0.5287037037037037 0.30885416666666665 0.4981481481481482
4 0.26458333333333334 0.5675925925925925 0.26197916666666665 0.5435185185185185 0.259375 0.5407407407407407 0.2557291666666667 0.5481481481481482 0.2557291666666667 0.5962962962962963 0.2604166666666667 0.6018518518518519 0.2625 0.6 0.26458333333333334 0.5675925925925925
5 0.8765625 0.5898148148148148 0.8786458333333333 0.5861111111111111 0.875 0.5361111111111111 0.8723958333333334 0.5333333333333333 0.8692708333333333 0.5370370370370371 0.8645833333333334 0.5601851851851852 0.8697916666666666 0.5694444444444444 0.8708333333333333 0.5833333333333334 0.8765625 0.5898148148148148
4 0.6036458333333333 0.5462962962962963 0.60625 0.5138888888888888 0.6046875 0.5074074074074074 0.6057291666666667 0.49722222222222223 0.603125 0.49444444444444446 0.5984375 0.4981481481481482 0.5942708333333333 0.512962962962963 0.5942708333333333 0.5259259259259259 0.5994791666666667 0.5546296296296296 0.6036458333333333 0.5462962962962963
4 0.4546875 0.6342592592592593 0.45677083333333335 0.6287037037037037 0.45416666666666666 0.5888888888888889 0.4510416666666667 0.5796296296296296 0.446875 0.5805555555555556 0.4453125 0.6083333333333333 0.4479166666666667 0.6296296296296297 0.4505208333333333 0.6342592592592593 0.4546875 0.6342592592592593
4 0.8713541666666667 0.6046296296296296 0.8739583333333333 0.5842592592592593 0.871875 0.5675925925925925 0.8734375 0.5564814814814815 0.8640625 0.5583333333333333 0.8598958333333333 0.5796296296296296 0.859375 0.6185185185185185 0.8645833333333334 0.6231481481481481 0.8739583333333333 0.6185185185185185 0.8713541666666667 0.6046296296296296
5 0.42916666666666664 0.5518518518518518 0.4234375 0.5370370370370371 0.4192708333333333 0.549074074074074 0.4197916666666667 0.5888888888888889 0.4276041666666667 0.5916666666666667 0.4296875 0.587037037037037 0.42916666666666664 0.5518518518518518
0 0.2708333333333333 0.6027777777777777 0.27239583333333334 0.5962962962962963 0.2708333333333333 0.5925925925925926 0.2665666666666667 0.5923435185185185 0.2640625 0.600925925925926 0.2671875 0.6046296296296296 0.2708333333333333 0.6027777777777777