5 0.19739583333333333 0.8759259259259259 0.215625 0.8805555555555555 0.20885416666666667 0.7944444444444444 0.20416666666666666 0.7944444444444444 0.20052083333333334 0.8148148148148148 0.20364583333333333 0.8546296296296296 0.19739583333333333 0.8759259259259259
5 0.7729166666666667 0.8555555555555555 0.7744791666666667 0.8583333333333333 0.7848958333333333 0.8574074074074074 0.7848958333333333 0.8277777777777777 0.7859375 0.8203703703703704 0.7885416666666667 0.8175925925925925 0.7854166666666667 0.7944444444444444 0.7786458333333334 0.7796296296296297 0.7744791666666667 0.7833333333333333 0.7713541666666667 0.7981481481481482 0.7734375 0.825 0.7729166666666667 0.8555555555555555
4 0.17916666666666667 0.7898148148148149 0.17760416666666667 0.799074074074074 0.18333333333333332 0.8046296296296296 0.18541666666666667 0.8027777777777778 0.1859375 0.7907407407407407 0.1890625 0.7824074074074074 0.19114583333333332 0.7583333333333333 0.18697916666666667 0.7481481481481481 0.18385416666666668 0.7277777777777777 0.18125 0.7240740740740741 0.17760416666666667 0.7277777777777777 0.17447916666666666 0.7444444444444445 0.17916666666666667 0.7898148148148149
5 0.47239583333333335 0.6972222222222222 0.46927083333333336 0.6407407407407407 0.465625 0.6398148148148148 0.46197916666666666 0.6537037037037037 0.46197916666666666 0.6953703703703704 0.47239583333333335 0.6972222222222222
4 0.21510416666666668 0.7111111111111111 0.21041666666666667 0.7287037037037037 0.2125 0.7314814814814815 0.21614583333333334 0.7287037037037037 0.22447916666666667 0.7314814814814815 0.22395833333333334 0.6787037037037037 0.2203125 0.6703703703703704 0.21458333333333332 0.6833333333333333 0.21354166666666666 0.6981481481481482 0.21510416666666668 0.7111111111111111
5 0.6947916666666667 0.6527777777777778 0.696875 0.6574074074074074 0.7015625 0.6546296296296297 0.7088541666666667 0.6574074074074074 0.7078125 0.6074074074074074 0.7046875 0.6037037037037037 0.7010416666666667 0.6138888888888889 0.7 0.6351851851851852 0.6947916666666667 0.6527777777777778
3 0.34322916666666664 0.7185185185185186 0.3359375 0.7435185185185185 0.33645833333333336 0.7518518518518519 0.3411458333333333 0.7509259259259259 0.34427083333333336 0.7398148148148148 0.3484375 0.7407407407407407 0.3515625 0.7527777777777778 0.35520833333333335 0.7527777777777778 0.35104166666666664 0.7166666666666667 0.35104166666666664 0.7074074074074074 0.3541666666666667 0.6962962962962963 0.35104166666666664 0.6805555555555556 0.3453125 0.6796296296296296 0.3385416666666667 0.7 0.34270833333333334 0.7064814814814815 0.34322916666666664 0.7185185185185186
5 0.13697916666666668 0.700925925925926 0.13489583333333333 0.6444444444444445 0.13177083333333334 0.637962962962963 0.12760416666666666 0.6462962962962963 0.12552083333333333 0.6796296296296296 0.12291666666666666 0.687962962962963 0.12291666666666666 0.700925925925926 0.13697916666666668 0.700925925925926
4 0.23229166666666667 0.6944444444444444 0.24010416666666667 0.6962962962962963 0.24010416666666667 0.6564814814814814 0.2421875 0.6453703703703704 0.23854166666666668 0.6351851851851852 0.23541666666666666 0.6342592592592593 0.23229166666666667 0.6407407407407407 0.23125 0.6574074074074074 0.23020833333333332 0.6898148148148148 0.23229166666666667 0.6944444444444444
4 0.496875 0.6231481481481481 0.49947916666666664 0.6425925925925926 0.5020833333333333 0.6462962962962963 0.5046875 0.6425925925925926 0.5083333333333333 0.6083333333333333 0.5020833333333333 0.5916666666666667 0.49583333333333335 0.6074074074074074 0.4942708333333333 0.6212962962962963 0.496875 0.6231481481481481
2 0.9270833333333334 0.7 0.9354166666666667 0.7027777777777777 0.9375 0.6962962962962963 0.934375 0.6768518518518518 0.9380208333333333 0.6537037037037037 0.934375 0.65 0.93125 0.6388888888888888 0.9265625 0.6398148148148148 0.9255208333333333 0.6833333333333333 0.9270833333333334 0.7
4 0.4390625 0.6925925925925925 0.44114583333333335 0.6925925925925925 0.4453125 0.6768518518518518 0.44583333333333336 0.6453703703703704 0.4421875 0.6361111111111111 0.4390625 0.637962962962963 0.43697916666666664 0.6462962962962963 0.43697916666666664 0.6861111111111111 0.4390625 0.6925925925925925
3 0.2171875 0.6064814814814815 0.21822916666666667 0.575925925925926 0.21614583333333334 0.5638888888888889 0.21197916666666666 0.562962962962963 0.20520833333333333 0.5768518518518518 0.20833333333333334 0.6055555555555555 0.2171875 0.6064814814814815
4 0.22083333333333333 0.6657407407407407 0.22291666666666668 0.662962962962963 0.22291666666666668 0.649074074074074 0.21927083333333333 0.6111111111111112 0.21614583333333334 0.6092592592592593 0.21197916666666666 0.6222222222222222 0.2125 0.662962962962963 0.22083333333333333 0.6657407407407407
4 0.5739583333333333 0.6953703703703704 0.5697916666666667 0.7138888888888889 0.571875 0.7185185185185186 0.5807291666666666 0.7212962962962963 0.5838541666666667 0.6824074074074075 0.5802083333333333 0.6537037037037037 0.5760416666666667 0.6527777777777778 0.5713541666666667 0.6675925925925926 0.5713541666666667 0.6842592592592592 0.5739583333333333 0.6953703703703704
5 0.3651041666666667 0.6287037037037037 0.36770833333333336 0.6268518518518519 0.36666666666666664 0.6037037037037037 0.36302083333333335 0.5833333333333334 0.35989583333333336 0.5833333333333334 0.35833333333333334 0.6231481481481481 0.3651041666666667 0.6287037037037037
5 0.9119791666666667 0.7444444444444445 0.915625 0.7194444444444444 0.915625 0.6925925925925925 0.9104166666666667 0.6768518518518518 0.9067708333333333 0.6768518518518518 0.9052083333333333 0.6851851851851852 0.9041666666666667 0.7407407407407407 0.9119791666666667 0.7444444444444445
5 0.2708333333333333 0.6703703703703704 0.275 0.6722222222222223 0.28125 0.6555555555555556 0.28125 0.6231481481481481 0.2791666666666667 0.6175925925925926 0.2765625 0.6185185185185185 0.27395833333333336 0.6259259259259259 0.271875 0.6444444444444445 0.27291666666666664 0.6518518518518519 0.2708333333333333 0.6703703703703704
5 0.2833333333333333 0.6648148148148149 0.2828125 0.6824074074074075 0.28489583333333335 0.6888888888888889 0.28854166666666664 0.6898148148148148 0.2911458333333333 0.6851851851851852 0.2921875 0.6657407407407407 0.2947916666666667 0.6574074074074074 0.290625 0.6277777777777778 0.2864583333333333 0.6268518518518519 0.28229166666666666 0.6407407407407407 0.28072916666666664 0.6583333333333333 0.2833333333333333 0.6648148148148149
3 0.30625 0.5990740740740741 0.3104166666666667 0.6018518518518519 0.31302083333333336 0.5990740740740741 0.3140625 0.562962962962963 0.3104166666666667 0.5546296296296296 0.30625 0.5527777777777778 0.30520833333333336 0.5564814814814815 0.30364583333333334 0.5648148148148148 0.30625 0.5990740740740741
5 0.1734375 0.6648148148148149 0.1796875 0.6574074074074074 0.18489583333333334 0.6638888888888889 0.18958333333333333 0.6620370370370371 0.18541666666666667 0.6453703703703704 0.1859375 0.6333333333333333 0.18125 0.612037037037037 0.17760416666666667 0.6138888888888889 0.17291666666666666 0.6425925925925926 0.171875 0.6620370370370371 0.1734375 0.6648148148148149
4 0.6130208333333333 0.7703703703703704 0.6114583333333333 0.7944444444444444 0.6145833333333334 0.799074074074074 0.6192708333333333 0.799074074074074 0.6229166666666667 0.7537037037037037 0.6203125 0.7203703703703703 0.61875 0.7175925925925926 0.6145833333333334 0.7194444444444444 0.6114583333333333 0.7324074074074074 0.6130208333333333 0.7703703703703704
4 0.3536458333333333 0.6953703703703704 0.35833333333333334 0.6962962962962963 0.3614583333333333 0.6851851851851852 0.35989583333333336 0.6453703703703704 0.3567708333333333 0.6370370370370371 0.353125 0.6370370370370371 0.35 0.6453703703703704 0.35052083333333334 0.6842592592592592 0.3536458333333333 0.6953703703703704
4 0.2869791666666667 0.6731481481481482 0.28958333333333336 0.6777777777777778 0.2875 0.6888888888888889 0.28958333333333336 0.6898148148148148 0.2911458333333333 0.6981481481481482 0.28958333333333336 0.7083333333333334 0.2984375 0.7148148148148148 0.3 0.7111111111111111 0.2994791666666667 0.6796296296296296 0.3015625 0.6611111111111111 0.2984375 0.6537037037037037 0.2947916666666667 0.6527777777777778 0.2916666666666667 0.6537037037037037 0.28958333333333336 0.6611111111111111 0.28958333333333336 0.6694444444444444 0.2869791666666667 0.6731481481481482
0 0.8958333333333334 0.6972222222222222 0.8932291666666666 0.6898148148148148 0.8890625 0.6916666666666667 0.8901041666666667 0.6990740740740741 0.8958333333333334 0.6972222222222222