4 0.115625 0.8101851851851852 0.1171875 0.8027777777777778 0.1265625 0.8101851851851852 0.1296875 0.7870370370370371 0.12864583333333332 0.7694444444444445 0.13125 0.7592592592592593 0.12864583333333332 0.7314814814814815 0.12291666666666666 0.7314814814814815 0.1171875 0.75 0.11666666666666667 0.7796296296296297 0.10989583333333333 0.8009259259259259 0.10989583333333333 0.8074074074074075 0.115625 0.8101851851851852
5 0.08958333333333333 0.6842592592592592 0.1 0.6925925925925925 0.1015625 0.6888888888888889 0.09791666666666667 0.6314814814814815 0.0953125 0.6296296296296297 0.09166666666666666 0.6407407407407407 0.09010416666666667 0.6685185185185185 0.08385416666666666 0.6805555555555556 0.08385416666666666 0.6861111111111111 0.08958333333333333 0.6842592592592592
5 0.7192708333333333 0.8333333333333334 0.7255208333333333 0.8333333333333334 0.7203125 0.8 0.721875 0.7814814814814814 0.7182291666666667 0.7592592592592593 0.7151041666666667 0.7601851851851852 0.7088541666666667 0.7777777777777778 0.7104166666666667 0.7861111111111111 0.7088541666666667 0.8037037037037037 0.696875 0.8101851851851852 0.696875 0.8203703703703704 0.7114583333333333 0.8148148148148148 0.7171875 0.8185185185185185 0.7192708333333333 0.8333333333333334
2 0.9927083333333333 0.6694444444444444 0.9859375 0.6518518518518519 0.9822916666666667 0.649074074074074 0.9807291666666667 0.6518518518518519 0.9807291666666667 0.7138888888888889 0.9869791666666666 0.7166666666666667 0.9890625 0.7138888888888889 0.9927083333333333 0.6694444444444444
5 0.084375 0.8592592592592593 0.08697916666666666 0.8564814814814815 0.09166666666666666 0.8055555555555556 0.09010416666666667 0.7824074074074074 0.08802083333333334 0.7787037037037037 0.08385416666666666 0.7796296296296297 0.075 0.8009259259259259 0.0765625 0.8180555555555555 0.06875 0.8518518518518519 0.07135416666666666 0.8574074074074074 0.084375 0.8592592592592593
4 0.1734375 0.7398148148148148 0.17916666666666667 0.7240740740740741 0.18020833333333333 0.674074074074074 0.17552083333333332 0.6722222222222223 0.17083333333333334 0.6851851851851852 0.17083333333333334 0.7138888888888889 0.165625 0.7287037037037037 0.16979166666666667 0.7379629629629629 0.1734375 0.7398148148148148
4 0.5536458333333333 0.7722222222222223 0.5536458333333333 0.7824074074074074 0.5567708333333333 0.7861111111111111 0.5583333333333333 0.7787037037037037 0.5645833333333333 0.7703703703703704 0.5671875 0.7731481481481481 0.5713541666666667 0.7907407407407407 0.5765625 0.7907407407407407 0.571875 0.762962962962963 0.5729166666666666 0.7416666666666667 0.5755208333333334 0.7351851851851852 0.5729166666666666 0.7129629629629629 0.5682291666666667 0.712037037037037 0.5598958333333334 0.7314814814814815 0.5625 0.7416666666666667 0.5625 0.75625 0.5604166666666667 0.7648148148148148 0.5536458333333333 0.7722222222222223
5 0.8119791666666667 0.7287037037037037 0.8145833333333333 0.7314814814814815 0.8177083333333334 0.7287037037037037 0.821875 0.712037037037037 0.8213541666666667 0.6962962962962963 0.8234375 0.6907407407407408 0.821875 0.6685185185185185 0.8182291666666667 0.6657407407407407 0.8130208333333333 0.6842592592592592 0.8125 0.700925925925926 0.8088541666666667 0.7092592592592593 0.8119791666666667 0.7138888888888889 0.8119791666666667 0.7287037037037037
5 0.4822916666666667 0.600925925925926 0.4796875 0.6083333333333333 0.4822916666666667 0.6435185185185185 0.49322916666666666 0.6453703703703704 0.4895833333333333 0.6074074074074074 0.4822916666666667 0.600925925925926
4 0.20729166666666668 0.687962962962963 0.20989583333333334 0.674074074074074 0.20989583333333334 0.6574074074074074 0.20729166666666668 0.6537037037037037 0.20677083333333332 0.6407407407407407 0.20104166666666667 0.6398148148148148 0.19739583333333333 0.6564814814814814 0.19947916666666668 0.6787037037037037 0.19479166666666667 0.6972222222222222 0.20104166666666667 0.7 0.20729166666666668 0.687962962962963
5 0.6171875 0.6777777777777778 0.6151041666666667 0.6259259259259259 0.6109375 0.6268518518518519 0.6052083333333333 0.6537037037037037 0.5989583333333334 0.6555555555555556 0.5994791666666667 0.6620370370370371 0.6109375 0.6666666666666666 0.6125 0.6768518518518518 0.6171875 0.6777777777777778
3 0.26666666666666666 0.7472222222222222 0.2677083333333333 0.7398148148148148 0.27447916666666666 0.7305555555555555 0.27708333333333335 0.7138888888888889 0.2796875 0.712037037037037 0.2791666666666667 0.6888888888888889 0.2760416666666667 0.6787037037037037 0.2713541666666667 0.6777777777777778 0.2630208333333333 0.7083333333333334 0.265625 0.7185185185185186 0.26145833333333335 0.7425925925925926 0.2635416666666667 0.7490740740740741 0.26666666666666666 0.7472222222222222
4 0.5296875 0.6657407407407407 0.525 0.6527777777777778 0.5203125 0.6527777777777778 0.5171875 0.6657407407407407 0.5192708333333333 0.7212962962962963 0.5229166666666667 0.725 0.5270833333333333 0.7138888888888889 0.5296875 0.6657407407407407
5 0.4119791666666667 0.7 0.4140625 0.6972222222222222 0.41302083333333334 0.6453703703703704 0.4078125 0.637962962962963 0.4046875 0.6574074074074074 0.4046875 0.6851851851851852 0.40729166666666666 0.687962962962963 0.4083333333333333 0.6972222222222222 0.4119791666666667 0.7
0 0.9510416666666667 0.6861111111111111 0.9489583333333333 0.6888888888888889 0.95 0.6981481481481482 0.9552083333333333 0.6953703703703704 0.9541666666666667 0.687962962962963 0.9510416666666667 0.6861111111111111
4 0.5135416666666667 0.65 0.5130208333333334 0.6203703703703703 0.5114583333333333 0.6064814814814815 0.5098958333333333 0.6037037037037037 0.5057291666666667 0.6064814814814815 0.5052083333333334 0.6388888888888888 0.5005208333333333 0.65 0.509375 0.6546296296296297 0.5135416666666667 0.65
4 0.40989583333333335 0.6962962962962963 0.4125 0.6972222222222222 0.4119791666666667 0.6481481481481481 0.4078125 0.6361111111111111 0.4036458333333333 0.6342592592592593 0.40260416666666665 0.6370370370370371 0.4 0.6574074074074074 0.3984375 0.6916666666666667 0.4036458333333333 0.687037037037037 0.4083333333333333 0.687962962962963 0.40989583333333335 0.6962962962962963
5 0.29322916666666665 0.6388888888888888 0.28958333333333336 0.6370370370370371 0.2859375 0.649074074074074 0.2859375 0.6972222222222222 0.2942708333333333 0.6990740740740741 0.29635416666666664 0.6796296296296296 0.29322916666666665 0.6388888888888888
5 0.21197916666666666 0.674074074074074 0.2125 0.6361111111111111 0.20885416666666667 0.6342592592592593 0.20677083333333332 0.637962962962963 0.20260416666666667 0.6574074074074074 0.20052083333333334 0.6888888888888889 0.20520833333333333 0.6925925925925925 0.20989583333333334 0.6888888888888889 0.21197916666666666 0.674074074074074
4 0.2833333333333333 0.7129629629629629 0.2833333333333333 0.7055555555555556 0.28020833333333334 0.6972222222222222 0.28177083333333336 0.6731481481481482 0.27760416666666665 0.6555555555555556 0.27447916666666666 0.6537037037037037 0.2708333333333333 0.6638888888888889 0.26875 0.6861111111111111 0.2635416666666667 0.7092592592592593 0.2760416666666667 0.7092592592592593 0.2833333333333333 0.7129629629629629
4 0.3609375 0.6435185185185185 0.3572916666666667 0.6425925925925926 0.35520833333333335 0.6481481481481481 0.353125 0.6657407407407407 0.35260416666666666 0.700925925925926 0.3609375 0.7037037037037037 0.3640625 0.687037037037037 0.3609375 0.6435185185185185
5 0.1625 0.612037037037037 0.15885416666666666 0.6129629629629629 0.15625 0.6212962962962963 0.15677083333333333 0.6657407407407407 0.16145833333333334 0.6666666666666666 0.16458333333333333 0.6509259259259259 0.1625 0.612037037037037
4 0.196875 0.6592592592592592 0.20104166666666667 0.6425925925925926 0.19895833333333332 0.6138888888888889 0.19583333333333333 0.612037037037037 0.19322916666666667 0.6194444444444445 0.19166666666666668 0.6444444444444445 0.18489583333333334 0.6583333333333333 0.18697916666666667 0.6648148148148149 0.196875 0.6592592592592592
3 0.3572916666666667 0.5879629629629629 0.35833333333333334 0.5694444444444444 0.3541666666666667 0.5592592592592592 0.34791666666666665 0.5601851851851852 0.3458333333333333 0.5675925925925925 0.3458333333333333 0.5907407407407408 0.3489583333333333 0.6027777777777777 0.3515625 0.6037037037037037 0.3572916666666667 0.5879629629629629