5 0.4947916666666667 0.7481481481481481 0.4984375 0.7435185185185185 0.49322916666666666 0.725 0.4953125 0.7092592592592593 0.49375 0.6796296296296296 0.4901041666666667 0.6638888888888889 0.48541666666666666 0.6685185185185185 0.48333333333333334 0.7435185185185185 0.4947916666666667 0.7481481481481481
3 0.6505208333333333 0.6064814814814815 0.6505208333333333 0.6185185185185185 0.6541666666666667 0.6185185185185185 0.6604166666666667 0.575 0.6578125 0.5583333333333333 0.6536458333333334 0.5564814814814815 0.65 0.5712962962962963 0.6479166666666667 0.5990740740740741 0.6505208333333333 0.6064814814814815
4 0.25104166666666666 0.7962962962962963 0.2484375 0.825925925925926 0.2515625 0.8305555555555556 0.2557291666666667 0.825925925925926 0.26458333333333334 0.8324074074074074 0.26614583333333336 0.8277777777777777 0.26614583333333336 0.7842592592592592 0.2682291666666667 0.7638888888888888 0.2604166666666667 0.737037037037037 0.2557291666666667 0.737037037037037 0.2546875 0.7472222222222222 0.25052083333333336 0.7564814814814815 0.24791666666666667 0.7768518518518519 0.24739583333333334 0.787962962962963 0.25104166666666666 0.7962962962962963
4 0.9 0.7833333333333333 0.9041666666666667 0.7814814814814814 0.9083333333333333 0.7972222222222223 0.9005208333333333 0.8175925925925925 0.9036458333333334 0.8231481481481482 0.9119791666666667 0.825925925925926 0.9145833333333333 0.8222222222222222 0.9177083333333333 0.7953703703703704 0.9171875 0.7564814814814815 0.921875 0.7379629629629629 0.9119791666666667 0.7305555555555555 0.9083333333333333 0.7314814814814815 0.9 0.7583333333333333 0.896875 0.7787037037037037 0.9 0.7833333333333333
5 0.934375 0.7416666666666667 0.9494791666666667 0.7472222222222222 0.9515625 0.7444444444444445 0.9484375 0.7314814814814815 0.9505208333333334 0.6953703703703704 0.9453125 0.6787037037037037 0.9427083333333334 0.6777777777777778 0.9401041666666666 0.6851851851851852 0.9401041666666666 0.7092592592592593 0.934375 0.7416666666666667
4 0.017708333333333333 0.6944444444444444 0.01875 0.6222222222222222 0.0125 0.6212962962962963 0.008333333333333333 0.6277777777777778 0.00625 0.637962962962963 0.005208333333333333 0.6935185185185185 0.017708333333333333 0.6944444444444444
5 0.5916666666666667 0.6675925925925926 0.5953125 0.6694444444444444 0.5979166666666667 0.6657407407407407 0.5963541666666666 0.649074074074074 0.5994791666666667 0.6222222222222222 0.5947916666666667 0.6074074074074074 0.5911458333333334 0.6064814814814815 0.5901041666666667 0.6101851851851852 0.5895833333333333 0.6527777777777778 0.5916666666666667 0.6675925925925926
4 0.44114583333333335 0.637962962962963 0.44479166666666664 0.6342592592592593 0.44166666666666665 0.6194444444444445 0.4432291666666667 0.5916666666666667 0.43854166666666666 0.5814814814814815 0.4348958333333333 0.5796296296296296 0.4348958333333333 0.637962962962963 0.44114583333333335 0.637962962962963
4 0.484375 0.5888888888888889 0.4901041666666667 0.5916666666666667 0.490625 0.5537037037037037 0.4890625 0.5444444444444444 0.48541666666666666 0.5407407407407407 0.4796875 0.5564814814814815 0.48020833333333335 0.5796296296296296 0.484375 0.5888888888888889
4 0.8572916666666667 0.6194444444444445 0.8609375 0.6138888888888889 0.8619791666666666 0.5722222222222222 0.8572916666666667 0.5564814814814815 0.853125 0.5601851851851852 0.8494791666666667 0.6046296296296296 0.8494791666666667 0.6166666666666667 0.8572916666666667 0.6194444444444445
5 0.32083333333333336 0.6462962962962963 0.325 0.6462962962962963 0.32708333333333334 0.6425925925925926 0.32447916666666665 0.6333333333333333 0.3260416666666667 0.600925925925926 0.3234375 0.5861111111111111 0.3182291666666667 0.5879629629629629 0.3177083333333333 0.6416666666666667 0.32083333333333336 0.6462962962962963
5 0.865625 0.674074074074074 0.8677083333333333 0.6694444444444444 0.8645833333333334 0.6574074074074074 0.8677083333333333 0.6435185185185185 0.8666666666666667 0.6240740740740741 0.8609375 0.6129629629629629 0.85625 0.6185185185185185 0.8572916666666667 0.6694444444444444 0.865625 0.674074074074074
3 0.2791666666666667 0.5083333333333333 0.278125 0.5203703703703704 0.28020833333333334 0.525 0.2875 0.5277777777777778 0.2890625 0.525 0.28854166666666664 0.4981481481481482 0.28489583333333335 0.4898148148148148 0.2791666666666667 0.4925925925925926 0.27708333333333335 0.4962962962962963 0.2791666666666667 0.5083333333333333
4 0.8276041666666667 0.5518518518518518 0.8317708333333333 0.5555555555555556 0.8338541666666667 0.5518518518518518 0.8322916666666667 0.5351851851851852 0.834375 0.5203703703703704 0.8296875 0.5083333333333333 0.8260416666666667 0.5101851851851852 0.825 0.5157407407407407 0.8244791666666667 0.5296296296296297 0.8276041666666667 0.5518518518518518
5 0.58125 0.5472222222222223 0.58125 0.575 0.5916666666666667 0.575925925925926 0.5885416666666666 0.5555555555555556 0.5890625 0.5370370370370371 0.5864583333333333 0.5296296296296297 0.5838541666666667 0.5268518518518519 0.5796875 0.5351851851851852 0.5760416666666667 0.5351851851851852 0.5755208333333334 0.5444444444444444 0.58125 0.5472222222222223
5 0.4427083333333333 0.5879629629629629 0.4453125 0.5944444444444444 0.44895833333333335 0.5953703703703703 0.4515625 0.5694444444444444 0.4552083333333333 0.5555555555555556 0.4510416666666667 0.5407407407407407 0.4479166666666667 0.5425925925925926 0.4432291666666667 0.5537037037037037 0.44427083333333334 0.5824074074074074 0.4427083333333333 0.5879629629629629
4 0.5875 0.537962962962963 0.5838541666666667 0.5092592592592593 0.5802083333333333 0.5027777777777778 0.5765625 0.5083333333333333 0.5734375 0.5212962962962963 0.5744791666666667 0.5472222222222223 0.5875 0.537962962962963
5 0.8640625 0.6194444444444445 0.86875 0.6203703703703703 0.8708333333333333 0.6166666666666667 0.8713541666666667 0.5842592592592593 0.8692708333333333 0.5583333333333333 0.8651041666666667 0.5564814814814815 0.8604166666666667 0.5731481481481482 0.8604166666666667 0.612037037037037 0.8640625 0.6194444444444445
4 0.25885416666666666 0.5916666666666667 0.26145833333333335 0.6 0.2671875 0.6027777777777777 0.2682291666666667 0.5740740740740741 0.26614583333333336 0.5574074074074075 0.2635416666666667 0.549074074074074 0.259375 0.549074074074074 0.25677083333333334 0.5574074074074075 0.2557291666666667 0.5694444444444444 0.25885416666666666 0.5916666666666667
0 0.2453125 0.6074074074074074 0.24947916666666667 0.6074074074074074 0.25104166666666666 0.6037037037037037 0.24791666666666667 0.5972222222222222 0.24479166666666666 0.6 0.24375 0.6046296296296296 0.2453125 0.6074074074074074
4 0.7364583333333333 0.687037037037037 0.7369791666666666 0.6805555555555556 0.7338541666666667 0.6675925925925926 0.7359375 0.6388888888888888 0.7286458333333333 0.6231481481481481 0.7244791666666667 0.625 0.7229166666666667 0.6370370370370371 0.7244791666666667 0.6898148148148148 0.7364583333333333 0.687037037037037
5 0.48125 0.6185185185185185 0.4822916666666667 0.6129629629629629 0.4791666666666667 0.6 0.48125 0.5712962962962963 0.48020833333333335 0.5638888888888889 0.4765625 0.5592592592592592 0.47291666666666665 0.5601851851851852 0.471875 0.5787037037037037 0.4708333333333333 0.6148148148148148 0.48125 0.6185185185185185
3 0.7416666666666667 0.5194444444444445 0.7453125 0.5287037037037037 0.7458333333333333 0.5416666666666666 0.753125 0.5444444444444444 0.7520833333333333 0.5231481481481481 0.7541666666666667 0.5083333333333333 0.7505208333333333 0.4981481481481482 0.7458333333333333 0.4981481481481482 0.7416666666666667 0.5092592592592593 0.7416666666666667 0.5194444444444445