4 0.49947916666666664 0.899074074074074 0.5015625 0.9083333333333333 0.5057291666666667 0.9083333333333333 0.50625 0.899074074074074 0.5098958333333333 0.8888888888888888 0.5171875 0.8935185185185185 0.515625 0.899074074074074 0.5171875 0.9046296296296297 0.5229166666666667 0.9055555555555556 0.5291666666666667 0.8666666666666667 0.5276041666666667 0.8453703703703703 0.53125 0.8342592592592593 0.5322916666666667 0.8175925925925925 0.5291666666666667 0.8138888888888889 0.5265625 0.8157407407407408 0.5145833333333333 0.8379629629629629 0.509375 0.8666666666666667 0.49947916666666664 0.899074074074074
4 0.4421875 0.7796296296296297 0.4427083333333333 0.7870370370370371 0.45364583333333336 0.7814814814814814 0.4552083333333333 0.7944444444444444 0.45989583333333334 0.7981481481481482 0.46145833333333336 0.7953703703703704 0.459375 0.7787037037037037 0.4625 0.7564814814814815 0.4625 0.725925925925926 0.4583333333333333 0.7240740740740741 0.4505208333333333 0.7333333333333333 0.446875 0.7472222222222222 0.446875 0.7601851851851852 0.4421875 0.7796296296296297
4 0.334375 0.862037037037037 0.33177083333333335 0.9037037037037037 0.3359375 0.9037037037037037 0.340625 0.8814814814814815 0.3453125 0.8814814814814815 0.3489583333333333 0.9083333333333333 0.35572916666666665 0.9083333333333333 0.3489583333333333 0.8648148148148148 0.3489583333333333 0.8592592592592593 0.353125 0.8564814814814815 0.3536458333333333 0.8518518518518519 0.3484375 0.8398148148148148 0.34375 0.8138888888888889 0.3359375 0.8083333333333333 0.33229166666666665 0.8222222222222222 0.33125 0.8472222222222222 0.334375 0.862037037037037
3 0.32916666666666666 0.7648148148148148 0.33177083333333335 0.7657407407407407 0.33697916666666666 0.7546296296296297 0.34375 0.7046296296296296 0.3411458333333333 0.6916666666666667 0.3375 0.6888888888888889 0.328125 0.7055555555555556 0.32760416666666664 0.7518518518518519 0.32916666666666666 0.7648148148148148
4 0.5276041666666667 0.7101851851851851 0.5213541666666667 0.7287037037037037 0.525 0.7324074074074074 0.5270833333333333 0.7268518518518519 0.5307291666666667 0.7268518518518519 0.5317708333333333 0.7324074074074074 0.534375 0.7333333333333333 0.5359375 0.7324074074074074 0.5348958333333333 0.7055555555555556 0.5375 0.6972222222222222 0.5442708333333334 0.6925925925925925 0.5447916666666667 0.6888888888888889 0.5369791666666667 0.6731481481481482 0.5328125 0.6731481481481482 0.5276041666666667 0.6851851851851852 0.5255208333333333 0.7 0.5276041666666667 0.7101851851851851
4 0.6760416666666667 0.8055555555555556 0.6770833333333334 0.8333333333333334 0.6833333333333333 0.8333333333333334 0.684375 0.8231481481481482 0.6901041666666666 0.8175925925925925 0.6932291666666667 0.825 0.6989583333333333 0.8296296296296296 0.7020833333333333 0.8388888888888889 0.70625 0.8388888888888889 0.7072916666666667 0.8324074074074074 0.6989583333333333 0.8203703703703704 0.6953125 0.7944444444444444 0.6901041666666666 0.7796296296296297 0.68125 0.7657407407407407 0.6765625 0.7694444444444445 0.6807291666666667 0.7898148148148149 0.6760416666666667 0.8055555555555556
5 0.38333333333333336 0.8722222222222222 0.3885416666666667 0.8799379629629629 0.3875 0.9231481481481482 0.39166666666666666 0.9305555555555556 0.3963541666666667 0.9305555555555556 0.4005208333333333 0.8842592592592593 0.40625 0.8722222222222222 0.4046875 0.8490740740740741 0.4005208333333333 0.8277777777777777 0.3963541666666667 0.8277777777777777 0.3807291666666667 0.862037037037037 0.378125 0.8722222222222222 0.38333333333333336 0.8722222222222222
4 0.2203125 0.6722222222222223 0.21979166666666666 0.6814814814814815 0.22239583333333332 0.6833333333333333 0.225 0.6796296296296296 0.22916666666666666 0.6564814814814814 0.23229166666666667 0.6537037037037037 0.23177083333333334 0.6361111111111111 0.228125 0.6231481481481481 0.22447916666666667 0.6240740740740741 0.21927083333333333 0.6425925925925926 0.21822916666666667 0.6638888888888889 0.2203125 0.6722222222222223
4 0.6114583333333333 0.6435185185185185 0.6130208333333333 0.6333333333333333 0.6109375 0.6231481481481481 0.6109375 0.6018518518518519 0.6072916666666667 0.5916666666666667 0.6026041666666667 0.5916666666666667 0.6005208333333333 0.5981481481481481 0.6 0.6416666666666667 0.6114583333333333 0.6435185185185185
5 0.23177083333333334 0.7851851851851852 0.2328125 0.7981481481481482 0.234375 0.8324074074074074 0.23229166666666667 0.8416666666666667 0.24010416666666667 0.8444444444444444 0.24010416666666667 0.8342592592592593 0.2484375 0.8231481481481482 0.24791666666666667 0.8138888888888889 0.24427083333333333 0.8101851851851852 0.24895833333333334 0.7842592592592592 0.24583333333333332 0.7555555555555555 0.240625 0.7546296296296297 0.22916666666666666 0.7787037037037037 0.228125 0.7833333333333333 0.23177083333333334 0.7851851851851852
5 0.24635416666666668 0.6601851851851852 0.24583333333333332 0.6805555555555556 0.246875 0.6935185185185185 0.2526041666666667 0.6953703703703704 0.2546875 0.6925925925925925 0.253125 0.674074074074074 0.25729166666666664 0.6518518518518519 0.2515625 0.6351851851851852 0.24791666666666667 0.6370370370370371 0.24479166666666666 0.6537037037037037 0.24635416666666668 0.6601851851851852
3 0.646875 0.5925925925925926 0.6489583333333333 0.5888888888888889 0.6520833333333333 0.5601851851851852 0.6463541666666667 0.5444444444444444 0.64375 0.5453703703703704 0.6416666666666667 0.5518518518518518 0.6427083333333333 0.5879629629629629 0.646875 0.5925925925925926
3 0.29010416666666666 0.5824074074074074 0.3026041666666667 0.5833333333333334 0.30104166666666665 0.5712962962962963 0.3026041666666667 0.5564814814814815 0.2989583333333333 0.5361111111111111 0.2947916666666667 0.5314814814814814 0.290625 0.5435185185185185 0.2921875 0.562962962962963 0.29010416666666666 0.5824074074074074
4 0.3338541666666667 0.8148148148148148 0.33958333333333335 0.8092592592592592 0.34739583333333335 0.7870370370370371 0.34322916666666664 0.774074074074074 0.3453125 0.7638888888888888 0.34427083333333336 0.7518518518518519 0.3390625 0.7518518518518519 0.3328125 0.7657407407407407 0.3302083333333333 0.7870370370370371 0.3338541666666667 0.8148148148148148
5 0.6401041666666667 0.8407407407407408 0.6427083333333333 0.8416666666666667 0.6427083333333333 0.8379629629629629 0.6473958333333333 0.8351851851851851 0.65 0.8472222222222222 0.6536458333333334 0.8462962962962963 0.6552083333333333 0.812962962962963 0.6619791666666667 0.7898148148148149 0.65 0.7685185185185185 0.6463541666666667 0.7666666666666667 0.6442708333333333 0.7712962962962963 0.6380208333333334 0.812962962962963 0.6380208333333334 0.8314814814814815 0.6401041666666667 0.8407407407407408
5 0.8864583333333333 0.8953703703703704 0.8880208333333334 0.9 0.8927083333333333 0.9351851851851852 0.8916666666666667 0.9425925925925925 0.9041666666666667 0.9481481481481482 0.9067708333333333 0.9407407407407408 0.9010416666666666 0.9333333333333333 0.8994791666666667 0.925 0.9005208333333333 0.8768518518518519 0.8951390625 0.8672842592592593 0.8921875 0.8555555555555555 0.8875 0.8537037037037037 0.8854166666666666 0.8583333333333333 0.8802083333333334 0.9 0.8864583333333333 0.8953703703703704
4 0.14375 0.7203703703703703 0.146875 0.7231481481481481 0.1578125 0.7194444444444444 0.16041666666666668 0.6731481481481482 0.15885416666666666 0.6638888888888889 0.15416666666666667 0.6546296296296297 0.15 0.6574074074074074 0.1453125 0.6814814814814815 0.14635416666666667 0.700925925925926 0.14375 0.7203703703703703
0 0.6348958333333333 0.8416666666666667 0.6385416666666667 0.8472222222222222 0.6432291666666666 0.8425925925925926 0.6442708333333333 0.8324074074074074 0.6416666666666667 0.825 0.6375 0.8231481481481482 0.6348958333333333 0.825925925925926 0.6348958333333333 0.8416666666666667
5 0.6427083333333333 0.6657407407407407 0.6463541666666667 0.6657407407407407 0.6479166666666667 0.6518518518518519 0.6453125 0.6222222222222222 0.6427083333333333 0.6148148148148148 0.6395833333333333 0.6148148148148148 0.6385416666666667 0.6194444444444445 0.6385416666666667 0.6537037037037037 0.6427083333333333 0.6657407407407407
5 0.884375 0.7277777777777777 0.8963541666666667 0.7287037037037037 0.8984375 0.6759259259259259 0.89375 0.6611111111111111 0.8911458333333333 0.6620370370370371 0.8890625 0.6731481481481482 0.8833333333333333 0.7240740740740741 0.884375 0.7277777777777777
4 0.4234375 0.7296296296296296 0.42291666666666666 0.7055555555555556 0.4265625 0.6851851851851852 0.4234375 0.6620370370370371 0.41875 0.6620370370370371 0.41354166666666664 0.6842592592592592 0.41458333333333336 0.7287037037037037 0.4234375 0.7296296296296296