4 0.0453125 0.712037037037037 0.04635416666666667 0.7324074074074074 0.05677083333333333 0.7333333333333333 0.059375 0.7231481481481481 0.05677083333333333 0.7138888888888889 0.05572916666666667 0.6694444444444444 0.04895833333333333 0.6564814814814814 0.0453125 0.6564814814814814 0.041666666666666664 0.6694444444444444 0.04010416666666667 0.6916666666666667 0.0453125 0.712037037037037
5 0.8916666666666667 0.7518518518518519 0.896875 0.7472222222222222 0.9041666666666667 0.7490740740740741 0.90625 0.7472222222222222 0.90625 0.7398148148148148 0.9010416666666666 0.725925925925926 0.8989583333333333 0.6861111111111111 0.8958333333333334 0.6768518518518518 0.8921875 0.675 0.8885416666666667 0.687037037037037 0.8854166666666666 0.7509259259259259 0.8916666666666667 0.7518518518518519
4 0.9609375 0.8138888888888889 0.9802083333333333 0.8166666666666667 0.9822916666666667 0.8037037037037037 0.98125 0.7509259259259259 0.9770833333333333 0.7287037037037037 0.9744791666666667 0.7240740740740741 0.96875 0.7287037037037037 0.9677083333333333 0.7527777777777778 0.9625 0.7777777777777778 0.9630208333333333 0.7967592592592593 0.9609375 0.8138888888888889
4 0.40989583333333335 0.6185185185185185 0.4125 0.6203703703703703 0.415625 0.6194444444444445 0.4192708333333333 0.612037037037037 0.4171875 0.6037037037037037 0.41875 0.5768518518518518 0.415625 0.5657407407407408 0.4114583333333333 0.5648148148148148 0.41041666666666665 0.5675925925925925 0.40677083333333336 0.5888888888888889 0.40989583333333335 0.6185185185185185
4 0.5046875 0.8574074074074074 0.5098958333333333 0.8759259259259259 0.509375 0.8842592592592593 0.5171875 0.887962962962963 0.5192708333333333 0.8851851851851852 0.5197916666666667 0.875 0.515625 0.8555555555555555 0.5166666666666667 0.8379629629629629 0.5145833333333333 0.812962962962963 0.5026041666666666 0.7898148148148149 0.4979166666666667 0.787962962962963 0.49583333333333335 0.7907407407407407 0.49635416666666665 0.8398148148148148 0.5046875 0.8574074074074074
3 0.34375 0.7222222222222222 0.3458333333333333 0.7351851851851852 0.353125 0.7398148148148148 0.35572916666666665 0.7351851851851852 0.35104166666666664 0.7175925925925926 0.353125 0.6759259259259259 0.3458333333333333 0.6592592592592592 0.3411458333333333 0.6620370370370371 0.340625 0.700925925925926 0.34375 0.7222222222222222
4 0.19114583333333332 0.837037037037037 0.19635416666666666 0.8462962962962963 0.19583333333333333 0.8675925925925926 0.1921875 0.8796296296296297 0.2 0.8768518518518519 0.2015625 0.8657407407407407 0.20885416666666667 0.8518518518518519 0.21666666666666667 0.8638888888888889 0.22604166666666667 0.8703703703703703 0.22864583333333333 0.8777777777777778 0.23229166666666667 0.8787037037037037 0.23229166666666667 0.8657407407407407 0.21770833333333334 0.8490740740740741 0.2125 0.812037037037037 0.20104166666666667 0.7925925925925926 0.196875 0.7935185185185185 0.19583333333333333 0.7981481481481482 0.196875 0.8194444444444444 0.19114583333333332 0.837037037037037
4 0.11041666666666666 0.6768518518518518 0.1171875 0.6796296296296296 0.1203125 0.6703703703703704 0.12083333333333333 0.6361111111111111 0.11979166666666667 0.6259259259259259 0.11458333333333333 0.6138888888888889 0.10989583333333333 0.6157407407407407 0.10625 0.6351851851851852 0.10677083333333333 0.6546296296296297 0.11041666666666666 0.6768518518518518
4 0.6286458333333333 0.8157407407407408 0.6307291666666667 0.8185185185185185 0.640625 0.8138888888888889 0.6463541666666667 0.8157407407407408 0.65 0.8111111111111111 0.65 0.8055555555555556 0.6432291666666666 0.7861111111111111 0.6442708333333333 0.7694444444444445 0.6421875 0.75 0.6348958333333333 0.7342592592592593 0.6307291666666667 0.7361111111111112 0.6322916666666667 0.7592592592592593 0.6286458333333333 0.8157407407407408
5 0.38177083333333334 0.6148148148148148 0.3880208333333333 0.6185185185185185 0.39479166666666665 0.6157407407407407 0.39479166666666665 0.5796296296296296 0.3932291666666667 0.5740740740740741 0.3875 0.5675925925925925 0.384375 0.5824074074074074 0.3848958333333333 0.6037037037037037 0.38177083333333334 0.6148148148148148
5 0.46510416666666665 0.7870370370370371 0.4666666666666667 0.8064814814814815 0.4744791666666667 0.8277777777777777 0.4822916666666667 0.8296296296296296 0.4859375 0.8268518518518518 0.4864583333333333 0.8194444444444444 0.478125 0.8 0.47760416666666666 0.7777777777777778 0.475 0.7666666666666667 0.46510416666666665 0.7518518518518519 0.4625 0.7509259259259259 0.45989583333333334 0.7555555555555555 0.45729166666666665 0.7787037037037037 0.46510416666666665 0.7870370370370371
4 0.32395833333333335 0.7870370370370371 0.3223958333333333 0.8138888888888889 0.3265625 0.8361111111111111 0.3328125 0.837037037037037 0.3338541666666667 0.8333333333333334 0.3307291666666667 0.8212962962962963 0.33489583333333334 0.8148148148148148 0.34010416666666665 0.8194444444444444 0.3489583333333333 0.8379629629629629 0.353125 0.8388888888888889 0.3546875 0.8296296296296296 0.34322916666666664 0.8111111111111111 0.33541666666666664 0.7796296296296297 0.3260416666666667 0.7592592592592593 0.3203125 0.7611111111111111 0.31927083333333334 0.7675925925925926 0.32395833333333335 0.7870370370370371
0 0.10729166666666666 0.8648148148148148 0.10989583333333333 0.8592592592592593 0.1078125 0.8481481481481481 0.103125 0.8481481481481481 0.09947916666666666 0.8527777777777777 0.09947916666666666 0.8648148148148148 0.10729166666666666 0.8648148148148148
4 0.2838541666666667 0.6851851851851852 0.2864583333333333 0.7012342592592592 0.2864583333333333 0.7185185185185186 0.29739583333333336 0.7166666666666667 0.2989583333333333 0.7101851851851851 0.29635416666666664 0.6916666666666667 0.2984375 0.6861111111111111 0.2984375 0.6685185185185185 0.2942708333333333 0.6537037037037037 0.290625 0.649074074074074 0.2864583333333333 0.6509259259259259 0.275 0.662962962962963 0.2760416666666667 0.675 0.2838541666666667 0.6851851851851852
5 0.3729166666666667 0.7046296296296296 0.375 0.700925925925926 0.3765625 0.65 0.3697916666666667 0.6342592592592593 0.3651041666666667 0.6407407407407407 0.3640625 0.7018518518518518 0.3729166666666667 0.7046296296296296
5 0.3046875 0.8666666666666667 0.31302083333333336 0.8666666666666667 0.31302083333333336 0.8611111111111112 0.31875 0.8490740740740741 0.32760416666666664 0.8675925925925926 0.3302083333333333 0.8685185185185185 0.3328125 0.8611111111111112 0.32916666666666666 0.8564814814814815 0.3145833333333333 0.7962962962962963 0.3067708333333333 0.7814814814814814 0.30052083333333335 0.7833333333333333 0.3020833333333333 0.8416666666666667 0.3046875 0.8666666666666667
5 0.027083333333333334 0.8712962962962963 0.0265625 0.8842592592592593 0.036458333333333336 0.8898148148148148 0.043229166666666666 0.8888888888888888 0.04114583333333333 0.8805555555555555 0.041666666666666664 0.8629629629629629 0.03802083333333333 0.8148148148148148 0.034375 0.7944444444444444 0.028645833333333332 0.7916666666666666 0.019270833333333334 0.8148148148148148 0.018229166666666668 0.8175925925925925 0.027083333333333334 0.8712962962962963
4 0 0.8481481481481481 0.004166666666666667 0.8564814814814815 0.0026041666666666665 0.8629629629629629 0.005729166666666666 0.8666666666666667 0.013020833333333334 0.8564814814814815 0.014583333333333334 0.8185185185185185 0.011979166666666667 0.7962962962962963 0.005729166666666666 0.7861111111111111 0 0.7861111111111111 0 0.8481481481481481
5 0.5416666666666666 0.9259259259259259 0.5447916666666667 0.9296296296296296 0.55 0.9277777777777778 0.5515625 0.9018518518518519 0.5546875 0.899074074074074 0.5703125 0.9231481481481482 0.5713541666666667 0.9314814814814815 0.5744791666666667 0.9305555555555556 0.5760416666666667 0.9194444444444444 0.5651041666666666 0.9009259259259259 0.5619791666666667 0.8842592592592593 0.5625 0.8574074074074074 0.55625 0.850925925925926 0.5510416666666667 0.837037037037037 0.546875 0.837037037037037 0.5447916666666667 0.8416666666666667 0.5458333333333333 0.8606481481481482 0.5427083333333333 0.8722222222222222 0.5442708333333334 0.875 0.5416666666666666 0.9259259259259259
3 0.19947916666666668 0.5425925925925926 0.20104166666666667 0.5453703703703704 0.20677083333333332 0.5444444444444444 0.21041666666666667 0.525 0.209375 0.5138888888888888 0.20104166666666667 0.5009259259259259 0.196875 0.5138888888888888 0.19635416666666666 0.524074074074074 0.19947916666666668 0.5425925925925926
5 0.6890625 0.774074074074074 0.6890625 0.7944444444444444 0.6911458333333333 0.8046296296296296 0.6890625 0.8185185185185185 0.6916666666666667 0.8212962962962963 0.7052083333333333 0.8212962962962963 0.7078125 0.8175925925925925 0.7046875 0.8055555555555556 0.7036458333333333 0.7509259259259259 0.6994791666666667 0.7314814814814815 0.6973958333333333 0.7277777777777777 0.6927083333333334 0.7296296296296296 0.6916666666666667 0.7685185185185185 0.6890625 0.774074074074074