5 0.13072916666666667 0.9166666666666666 0.13333333333333333 0.9120370370370371 0.13385416666666666 0.8833333333333333 0.13854166666666667 0.8685185185185185 0.13541666666666666 0.8407407407407408 0.13229166666666667 0.8351851851851851 0.13020833333333334 0.8231481481481482 0.125 0.825 0.11875 0.8453703703703703 0.11770833333333333 0.8629629629629629 0.12447916666666667 0.887962962962963 0.12604166666666666 0.9157407407407407 0.13072916666666667 0.9166666666666666
4 0.5005208333333333 0.7981481481481482 0.503125 0.8027777777777778 0.50625 0.8027777777777778 0.5083333333333333 0.7972222222222223 0.5213541666666667 0.8046296296296296 0.5244791666666667 0.7981481481481482 0.5182291666666666 0.7796296296296297 0.5171875 0.7398148148148148 0.5140625 0.7287037037037037 0.5098958333333333 0.7240740740740741 0.5046875 0.7398148148148148 0.5036458333333333 0.7592592592592593 0.5057291666666667 0.7638888888888888 0.5057291666666667 0.7787037037037037 0.5005208333333333 0.7981481481481482
5 0.9036458333333334 0.7796296296296297 0.9088541666666666 0.7814814814814814 0.9145833333333333 0.7787037037037037 0.915625 0.7287037037037037 0.9125 0.7074074074074074 0.9072916666666667 0.7083333333333334 0.9026041666666667 0.7333333333333333 0.8989583333333333 0.7398148148148148 0.9041666666666667 0.7435185185185185 0.9036458333333334 0.7796296296296297
4 0.11822916666666666 0.799074074074074 0.12239583333333333 0.799074074074074 0.12395833333333334 0.7953703703703704 0.12239583333333333 0.7703703703703704 0.128125 0.7592592592592593 0.1265625 0.7388888888888889 0.11927083333333334 0.7194444444444444 0.11666666666666667 0.7203703703703703 0.11145833333333334 0.7333333333333333 0.1109375 0.7546296296296297 0.11458333333333333 0.774074074074074 0.11510416666666666 0.7944444444444444 0.11822916666666666 0.799074074074074
5 0.18645833333333334 0.6074074074074074 0.1828125 0.6083333333333333 0.18020833333333333 0.6222222222222222 0.17916666666666667 0.6583333333333333 0.1890625 0.6592592592592592 0.190625 0.6537037037037037 0.18645833333333334 0.6074074074074074
4 0.31197916666666664 0.6972222222222222 0.3125 0.6601851851851852 0.3072916666666667 0.6472222222222223 0.3020833333333333 0.6574074074074074 0.3020833333333333 0.7055555555555556 0.3026041666666667 0.7083333333333334 0.3098958333333333 0.7083333333333334 0.31197916666666664 0.6972222222222222
5 0.7666666666666667 0.8481481481481481 0.76875 0.7870370370370371 0.7640625 0.7694444444444445 0.7604166666666666 0.7703703703703704 0.7588541666666667 0.775 0.7552083333333334 0.8194444444444444 0.7557291666666667 0.8416666666666667 0.7541666666666667 0.8462962962962963 0.7557291666666667 0.8490740740740741 0.7666666666666667 0.8481481481481481
4 0.5526041666666667 0.6925925925925925 0.55 0.6638888888888889 0.5515625 0.6555555555555556 0.5505208333333333 0.6462962962962963 0.54375 0.6342592592592593 0.5385416666666667 0.65 0.5380208333333333 0.6925925925925925 0.5411458333333333 0.6944444444444444 0.54375 0.6851851851851852 0.5526041666666667 0.6925925925925925
3 0.3458333333333333 0.7620370370370371 0.3494791666666667 0.7592592592592593 0.353125 0.7435185185185185 0.3578125 0.7055555555555556 0.35572916666666665 0.6907407407407408 0.3515625 0.6898148148148148 0.34322916666666664 0.712037037037037 0.3463541666666667 0.7407407407407407 0.3411458333333333 0.7527777777777778 0.3421875 0.7592592592592593 0.3458333333333333 0.7620370370370371
5 0.7385416666666667 0.6175925925925926 0.7359375 0.6037037037037037 0.73125 0.6046296296296296 0.7291666666666666 0.6537037037037037 0.7322916666666667 0.6564814814814814 0.7364583333333333 0.6509259259259259 0.7385416666666667 0.6175925925925926
5 0.5755208333333334 0.6574074074074074 0.5713541666666667 0.6083333333333333 0.5671875 0.6074074074074074 0.5630208333333333 0.6185185185185185 0.5630208333333333 0.6314814814814815 0.56875 0.6537037037037037 0.5713541666666667 0.6583333333333333 0.5755208333333334 0.6574074074074074
4 0.45989583333333334 0.6148148148148148 0.4578125 0.5990740740740741 0.4552083333333333 0.5962962962962963 0.45 0.6092592592592593 0.4479166666666667 0.6435185185185185 0.4510416666666667 0.6481481481481481 0.45729166666666665 0.6351851851851852 0.45989583333333334 0.6148148148148148
5 0.3651041666666667 0.7046296296296296 0.36614583333333334 0.6694444444444444 0.36354166666666665 0.6462962962962963 0.3609375 0.6388888888888888 0.35625 0.6416666666666667 0.353125 0.6453703703703704 0.353125 0.6703703703703704 0.35885416666666664 0.7018518518518518 0.3651041666666667 0.7046296296296296
0 0.5854166666666667 0.6472222222222223 0.5848958333333333 0.6546296296296297 0.5911458333333334 0.6537037037037037 0.5901041666666667 0.6472222222222223 0.5854166666666667 0.6472222222222223
4 0.3640625 0.6509259259259259 0.3609375 0.6277777777777778 0.3572916666666667 0.6203703703703703 0.353125 0.6240740740740741 0.35104166666666664 0.6314814814814815 0.35208333333333336 0.65 0.3572916666666667 0.6546296296296297 0.3640625 0.6509259259259259
2 0.8796875 0.6916666666666667 0.8802083333333334 0.649074074074074 0.8765625 0.6333333333333333 0.871875 0.6351851851851852 0.8708333333333333 0.6453703703703704 0.8703125 0.6925925925925925 0.8729166666666667 0.6962962962962963 0.8770833333333333 0.6953703703703704 0.8796875 0.6916666666666667
4 0.44114583333333335 0.7092592592592593 0.4401041666666667 0.6962962962962963 0.44375 0.6824074074074075 0.44166666666666665 0.6574074074074074 0.4395833333333333 0.6537037037037037 0.43697916666666664 0.6555555555555556 0.4322916666666667 0.6694444444444444 0.43385416666666665 0.6972222222222222 0.4317708333333333 0.712037037037037 0.4354166666666667 0.7148148148148148 0.44114583333333335 0.7092592592592593
4 0.45208333333333334 0.6888888888888889 0.45416666666666666 0.6768518518518518 0.4510416666666667 0.6527777777777778 0.446875 0.6527777777777778 0.44375 0.6638888888888889 0.4453125 0.7129629629629629 0.4510416666666667 0.7157407407407408 0.45260416666666664 0.7129629629629629 0.45208333333333334 0.6888888888888889
3 0.30885416666666665 0.5675925925925925 0.30625 0.5574074074074075 0.3026041666666667 0.5574074074074075 0.3 0.562037037037037 0.2994791666666667 0.6027777777777777 0.3026041666666667 0.6064814814814815 0.30520833333333336 0.6027777777777777 0.30885416666666665 0.5675925925925925
4 0.24270833333333333 0.6055555555555555 0.23958333333333334 0.5842592592592593 0.2359375 0.5842592592592593 0.2328125 0.5888888888888889 0.23125 0.6046296296296296 0.23072916666666668 0.6314814814814815 0.23697916666666666 0.6342592592592593 0.24166666666666667 0.6231481481481481 0.24270833333333333 0.6055555555555555
4 0.15260416666666668 0.6259259259259259 0.15052083333333333 0.6148148148148148 0.1453125 0.6166666666666667 0.14010416666666667 0.6277777777777778 0.14166666666666666 0.6509259259259259 0.146875 0.6537037037037037 0.15208333333333332 0.65 0.15260416666666668 0.6259259259259259
4 0.15520833333333334 0.7083333333333334 0.15729166666666666 0.6768518518518518 0.15520833333333334 0.6546296296296297 0.14635416666666667 0.6425925925925926 0.14375 0.6462962962962963 0.1421875 0.6768518518518518 0.14375 0.7055555555555556 0.14635416666666667 0.7166666666666667 0.15520833333333334 0.7083333333333334
5 0.1625 0.6583333333333333 0.15833333333333333 0.6453703703703704 0.1515625 0.6509259259259259 0.15260416666666668 0.7055555555555556 0.15833333333333333 0.7092592592592593 0.16041666666666668 0.700925925925926 0.1625 0.6583333333333333