5 0.49270833333333336 0.6083333333333333 0.503125 0.6259259259259259 0.5046875 0.6064814814814815 0.49947916666666664 0.5777777777777777 0.490625 0.5601851851851852 0.4817708333333333 0.5601851851851852 0.48125 0.5675925925925925 0.4901041666666667 0.5787037037037037 0.49322916666666666 0.5898148148148148 0.49270833333333336 0.6083333333333333
4 0.32083333333333336 0.6212962962962963 0.32864583333333336 0.6203703703703703 0.33489583333333334 0.6018518518518519 0.3453125 0.6083333333333333 0.35104166666666664 0.6064814814814815 0.3494791666666667 0.5962962962962963 0.3453125 0.5953703703703703 0.34479166666666666 0.5703703703703704 0.3296875 0.549074074074074 0.32447916666666665 0.5601851851851852 0.328125 0.5907407407407408 0.325 0.6111111111111112 0.31979166666666664 0.6185185185185185 0.32083333333333336 0.6212962962962963
4 0.39947916666666666 0.5916666666666667 0.415625 0.5916666666666667 0.415625 0.5814814814814815 0.4125 0.5685185185185185 0.4140625 0.5574074074074075 0.41302083333333334 0.5425925925925926 0.40520833333333334 0.524074074074074 0.403125 0.5231481481481481 0.39947916666666666 0.5287037037037037 0.3984375 0.5462962962962963 0.40260416666666665 0.562037037037037 0.4015625 0.5851851851851851 0.39947916666666666 0.5916666666666667
3 0.24947916666666667 0.6231481481481481 0.25052083333333336 0.6148148148148148 0.24375 0.6064814814814815 0.23645833333333333 0.5444444444444444 0.23125 0.5453703703703704 0.22864583333333333 0.55 0.22864583333333333 0.5879629629629629 0.2375 0.6259259259259259 0.240625 0.6277777777777778 0.24947916666666667 0.6231481481481481
4 0.521875 0.6370370370370371 0.525 0.6425925925925926 0.5276041666666667 0.6333333333333333 0.5229166666666667 0.6175925925925926 0.5197916666666667 0.5814814814814815 0.515625 0.5675925925925925 0.5114583333333333 0.5675925925925925 0.5104166666666666 0.5731481481481482 0.5098958333333333 0.6185185185185185 0.5130208333333334 0.6324074074074074 0.5125 0.6425925925925926 0.521875 0.6370370370370371
5 0.2916666666666667 0.5851851851851851 0.29791666666666666 0.575925925925926 0.3072916666666667 0.575925925925926 0.30364583333333334 0.5712962962962963 0.2984375 0.5444444444444444 0.2921875 0.525 0.29010416666666666 0.525 0.2875 0.5481481481481482 0.2838541666666667 0.5907407407407408 0.2864583333333333 0.5944444444444444 0.2911458333333333 0.5925925925925926 0.2916666666666667 0.5851851851851851
4 0.17708333333333334 0.6305555555555555 0.18125 0.6157407407407407 0.20208333333333334 0.6185185185185185 0.20052083333333334 0.6101851851851852 0.19322916666666667 0.6092592592592593 0.18958333333333333 0.6046296296296296 0.18645833333333334 0.5888888888888889 0.190625 0.5787037037037037 0.17864583333333334 0.5638888888888889 0.17552083333333332 0.5675925925925925 0.171875 0.587037037037037 0.17447916666666666 0.6083333333333333 0.1734375 0.6287037037037037 0.17708333333333334 0.6305555555555555
5 0.5645833333333333 0.612037037037037 0.5807291666666666 0.6240740740740741 0.5807291666666666 0.6148148148148148 0.5697916666666667 0.6055555555555555 0.5671875 0.5972222222222222 0.5677083333333334 0.5879629629629629 0.571875 0.5768518518518518 0.5708333333333333 0.5722222222222222 0.5661458333333333 0.5648148148148148 0.5614583333333333 0.562962962962963 0.55625 0.5675925925925925 0.5536458333333333 0.6342592592592593 0.5598958333333334 0.6342592592592593 0.5598958333333334 0.6175925925925926 0.5645833333333333 0.612037037037037
4 0.2390625 0.5481481481481482 0.23385416666666667 0.5351851851851852 0.2328125 0.5120370370370371 0.22447916666666667 0.5 0.22135416666666666 0.5046296296296297 0.22291666666666668 0.5370370370370371 0.23020833333333332 0.5555555555555556 0.23645833333333333 0.5546296296296296 0.2390625 0.5481481481481482
2 0.8203125 0.5953703703703703 0.8171875 0.5833333333333334 0.8213541666666667 0.5648148148148148 0.8208333333333333 0.5444444444444444 0.8145833333333333 0.5277777777777778 0.8104166666666667 0.5305555555555556 0.809375 0.5370370370370371 0.809375 0.5842592592592593 0.8130208333333333 0.6027777777777777 0.8182291666666667 0.6046296296296296 0.8203125 0.5953703703703703
5 0.5364583333333334 0.6055555555555555 0.5411458333333333 0.6222222222222222 0.5447916666666667 0.6231481481481481 0.5473958333333333 0.6194444444444445 0.5458333333333333 0.6148148148148148 0.5473958333333333 0.6018518518518519 0.54375 0.5833333333333334 0.5369791666666667 0.562962962962963 0.53125 0.5574074074074075 0.5296875 0.5657407407407408 0.5338541666666666 0.5925925925925926 0.5333333333333333 0.6018518518518519 0.5364583333333334 0.6055555555555555
5 0.3145833333333333 0.5833333333333334 0.3260416666666667 0.575925925925926 0.3265625 0.5333333333333333 0.3182291666666667 0.5157407407407407 0.31302083333333336 0.5212962962962963 0.3109375 0.5314814814814814 0.3104166666666667 0.5453703703703704 0.31354166666666666 0.5527777777777778 0.3104166666666667 0.5805555555555556 0.3145833333333333 0.5833333333333334
4 0.571875 0.5592592592592592 0.5682291666666667 0.5398148148148149 0.5604166666666667 0.5203703703703704 0.5567708333333333 0.5231481481481481 0.5588541666666667 0.5583333333333333 0.5640625 0.5685185185185185 0.5703125 0.5675925925925925 0.571875 0.5592592592592592
4 0.3578125 0.5592592592592592 0.3536458333333333 0.5518518518518518 0.3458333333333333 0.5194444444444445 0.3411458333333333 0.5166666666666667 0.34010416666666665 0.5203703703703704 0.3390625 0.5601851851851852 0.3453125 0.5777777777777777 0.3484375 0.5666666666666667 0.3578125 0.5592592592592592
5 0.39947916666666666 0.5462962962962963 0.39895833333333336 0.525 0.3932291666666667 0.5 0.3885416666666667 0.5009259259259259 0.39010416666666664 0.5444444444444444 0.3921875 0.5555555555555556 0.39739583333333334 0.5564814814814815 0.39947916666666666 0.5462962962962963
5 0.17291666666666666 0.6148148148148148 0.17447916666666666 0.6074074074074074 0.17447916666666666 0.5787037037037037 0.17239583333333333 0.5675925925925925 0.16614583333333333 0.5592592592592592 0.1609375 0.5601851851851852 0.16041666666666668 0.6 0.16302083333333334 0.6185185185185185 0.16770833333333332 0.6194444444444445 0.17291666666666666 0.6148148148148148
4 0.14895833333333333 0.5972222222222222 0.15989583333333332 0.6092592592592593 0.1640625 0.6185185185185185 0.1671875 0.6185185185185185 0.16197916666666667 0.5601851851851852 0.15729166666666666 0.549074074074074 0.15364583333333334 0.5481481481481482 0.15208333333333332 0.5518518518518518 0.14947916666666666 0.5703703703703704 0.14739583333333334 0.5722222222222222 0.15104166666666666 0.5787037037037037 0.14895833333333333 0.5972222222222222
5 0.5760416666666667 0.5916666666666667 0.5802083333333333 0.5916666666666667 0.58125 0.5851851851851851 0.56875 0.5388888888888889 0.5640625 0.5287037037037037 0.5604166666666667 0.5314814814814814 0.5598958333333334 0.549074074074074 0.5645833333333333 0.5574074074074075 0.5635416666666667 0.5685185185185185 0.5760416666666667 0.5916666666666667