5 0.8817708333333333 0.7472222222222222 0.8822916666666667 0.7675925925925926 0.8848958333333333 0.7703703703703704 0.890625 0.762962962962963 0.8947916666666667 0.7157407407407408 0.8854166666666666 0.6944444444444444 0.8802083333333334 0.6972222222222222 0.8786458333333333 0.7101851851851851 0.8776041666666666 0.7277777777777777 0.8817708333333333 0.7472222222222222
4 0.7604166666666666 0.7398148148148148 0.7651041666666667 0.7407407407407407 0.7708333333333334 0.75 0.7734375 0.7694444444444445 0.771875 0.7861111111111111 0.778125 0.7888888888888889 0.7828125 0.7833333333333333 0.7796875 0.762962962962963 0.7833333333333333 0.7481481481481481 0.7817708333333333 0.7231481481481481 0.7755208333333333 0.700925925925926 0.771875 0.6972222222222222 0.76875 0.7 0.7697916666666667 0.7212962962962963 0.7604166666666666 0.7398148148148148
4 0.42864583333333334 0.6694444444444444 0.4348958333333333 0.6842592592592592 0.43802083333333336 0.6824074074074075 0.4421875 0.6675925925925926 0.44583333333333336 0.6342592592592593 0.4453125 0.6212962962962963 0.44114583333333335 0.6203703703703703 0.4359375 0.6314814814814815 0.43333333333333335 0.6638888888888889 0.42864583333333334 0.6694444444444444
4 0.421875 0.8324074074074074 0.43020833333333336 0.8870370370370371 0.4317708333333333 0.8916666666666667 0.4359375 0.8925925925925926 0.4390625 0.887962962962963 0.4354166666666667 0.8305555555555556 0.4390625 0.8222222222222222 0.43854166666666666 0.8101851851851852 0.43020833333333336 0.7888888888888889 0.4265625 0.7861111111111111 0.4197916666666667 0.8027777777777778 0.41770833333333335 0.8157407407407408 0.4171875 0.8231481481481482 0.421875 0.8324074074074074
5 0.396875 0.6435185185185185 0.4 0.6148148148148148 0.3984375 0.5981481481481481 0.3927083333333333 0.5851851851851851 0.3875 0.5972222222222222 0.38697916666666665 0.637962962962963 0.396875 0.6435185185185185
4 0.010416666666666666 0.725925925925926 0.013541666666666667 0.7203703703703703 0.0140625 0.7046296296296296 0.021354166666666667 0.6777777777777778 0.021354166666666667 0.6620370370370371 0.017708333333333333 0.6481481481481481 0.013020833333333334 0.65 0.005729166666666666 0.6722222222222223 0.00625 0.7203703703703703 0.010416666666666666 0.725925925925926
5 0.5838541666666667 0.775 0.5916666666666667 0.7944444444444444 0.5942708333333333 0.8148148148148148 0.5921875 0.825925925925926 0.5973958333333333 0.8287037037037037 0.6046875 0.8203703703703704 0.6020833333333333 0.799074074074074 0.6020833333333333 0.7546296296296297 0.5953125 0.7342592592592593 0.5911458333333334 0.7333333333333333 0.5895833333333333 0.737037037037037 0.5885416666666666 0.7601851851851852 0.5838541666666667 0.775
4 0.15 0.6212962962962963 0.1546875 0.612037037037037 0.165625 0.6166666666666667 0.165625 0.6092592592592593 0.1578125 0.600925925925926 0.15416666666666667 0.5712962962962963 0.15052083333333333 0.5638888888888889 0.146875 0.5703703703703704 0.14739583333333334 0.6185185185185185 0.15 0.6212962962962963
5 0.6302083333333334 0.6157407407407407 0.6322916666666667 0.5916666666666667 0.6322916666666667 0.5712962962962963 0.6302083333333334 0.5601851851851852 0.625 0.5601851851851852 0.6208333333333333 0.5796296296296296 0.6229166666666667 0.6157407407407407 0.6302083333333334 0.6157407407407407
5 0.8182291666666667 0.5879629629629629 0.81875 0.5555555555555556 0.8145833333333333 0.5425925925925926 0.8098958333333334 0.549074074074074 0.8104166666666667 0.5925925925925926 0.8182291666666667 0.5879629629629629
4 0.4390625 0.5546296296296296 0.44166666666666665 0.5462962962962963 0.44166666666666665 0.5138888888888888 0.4390625 0.5064814814814815 0.43385416666666665 0.5074074074074074 0.4322916666666667 0.512962962962963 0.43385416666666665 0.5527777777777778 0.4390625 0.5546296296296296
4 0.6875 0.5990740740740741 0.684375 0.5583333333333333 0.6817708333333333 0.5518518518518518 0.6786458333333333 0.5518518518518518 0.6755208333333333 0.5574074074074075 0.6760416666666667 0.5990740740740741 0.6875 0.5990740740740741
3 0.3109375 0.5203703703703704 0.3104166666666667 0.5314814814814814 0.3177083333333333 0.5324074074074074 0.3177083333333333 0.5009259259259259 0.3140625 0.4962962962962963 0.3078125 0.5009259259259259 0.3072916666666667 0.5074074074074074 0.3109375 0.5203703703703704
5 0.14166666666666666 0.6564814814814814 0.14791666666666667 0.6703703703703704 0.15052083333333333 0.6712962962962963 0.15208333333333332 0.6574074074074074 0.15 0.649074074074074 0.14947916666666666 0.6268518518518519 0.14322916666666666 0.6129629629629629 0.13854166666666667 0.6148148148148148 0.13645833333333332 0.637962962962963 0.14166666666666666 0.6564814814814814
4 0.7645833333333333 0.5481481481481482 0.7697916666666667 0.5481481481481482 0.771875 0.5185185185185185 0.7682291666666666 0.5064814814814815 0.7635416666666667 0.5046296296296297 0.7598958333333333 0.5175925925925926 0.7619791666666667 0.5444444444444444 0.7645833333333333 0.5481481481481482
4 0.45416666666666666 0.6185185185185185 0.4578125 0.6425925925925926 0.46197916666666666 0.6537037037037037 0.46458333333333335 0.6509259259259259 0.4703125 0.6527777777777778 0.47239583333333335 0.6453703703703704 0.46822916666666664 0.6148148148148148 0.46458333333333335 0.6027777777777777 0.459375 0.6046296296296296 0.45729166666666665 0.6148148148148148 0.45416666666666666 0.6185185185185185
5 0.8401041666666667 0.6527777777777778 0.8390625 0.6888888888888889 0.8453125 0.6944444444444444 0.8484375 0.6935185185185185 0.8489583333333334 0.6685185185185185 0.8536458333333333 0.6574074074074074 0.8546875 0.6472222222222223 0.8536458333333333 0.6287037037037037 0.8453125 0.6222222222222222 0.840625 0.625 0.8385416666666666 0.6305555555555555 0.8380208333333333 0.6435185185185185 0.8401041666666667 0.6527777777777778
5 0.5489583333333333 0.5888888888888889 0.5515625 0.5833333333333334 0.5552083333333333 0.5518518518518518 0.55 0.5370370370370371 0.5458333333333333 0.5388888888888889 0.5432291666666667 0.5453703703703704 0.5447916666666667 0.587037037037037 0.5489583333333333 0.5888888888888889
3 0.6583333333333333 0.5416666666666666 0.6645833333333333 0.5055555555555555 0.6578125 0.4962962962962963 0.6536458333333334 0.5064814814814815 0.6541666666666667 0.5388888888888889 0.6583333333333333 0.5416666666666666
0 0.040625 0.7064814814814815 0.04635416666666667 0.700925925925926 0.04479166666666667 0.6925925925925925 0.040625 0.6916666666666667 0.03854166666666667 0.6953703703703704 0.03802083333333333 0.700925925925926 0.040625 0.7064814814814815
4 0.8447916666666667 0.6462962962962963 0.846875 0.6481481481481481 0.8447916666666667 0.6537037037037037 0.853125 0.6546296296296297 0.85625 0.6148148148148148 0.853125 0.5925925925925926 0.8494791666666667 0.5898148148148148 0.84375 0.6074074074074074 0.8432291666666667 0.6277777777777778 0.8447916666666667 0.6462962962962963
5 0.4479166666666667 0.6851851851851852 0.4515625 0.6861111111111111 0.45729166666666665 0.6814814814814815 0.45677083333333335 0.6611111111111111 0.46197916666666666 0.6388888888888888 0.46041666666666664 0.6240740740740741 0.45677083333333335 0.6175925925925926 0.45260416666666664 0.6185185185185185 0.4505208333333333 0.625 0.4484375 0.6527777777777778 0.4505208333333333 0.6768518518518518 0.4479166666666667 0.6851851851851852
3 0.6994791666666667 0.6064814814814815 0.7015625 0.6185185185185185 0.7052083333333333 0.6212962962962963 0.7078125 0.6185185185185185 0.7057291666666666 0.5953703703703703 0.709375 0.5796296296296296 0.7088541666666667 0.5694444444444444 0.7005208333333334 0.5583333333333333 0.696875 0.5703703703703704 0.6963541666666667 0.5833333333333334 0.6994791666666667 0.6064814814814815