5 0.3723958333333333 0.6935185185185185 0.36822916666666666 0.6787037037037037 0.36354166666666665 0.6805555555555556 0.36041666666666666 0.7046296296296296 0.35989583333333336 0.7398148148148148 0.36875 0.7425925925925926 0.37083333333333335 0.7398148148148148 0.3723958333333333 0.6935185185185185
4 0.8104166666666667 0.85 0.809375 0.8351851851851851 0.8125 0.7861111111111111 0.80625 0.7666666666666667 0.8026041666666667 0.7685185185185185 0.7989583333333333 0.8 0.7947916666666667 0.8055555555555556 0.8005208333333333 0.8444444444444444 0.7994791666666666 0.8564814814814815 0.8072916666666666 0.8574074074074074 0.8104166666666667 0.85
4 0.35625 0.6851851851851852 0.359375 0.6574074074074074 0.35885416666666664 0.6425925925925926 0.3536458333333333 0.6296296296296297 0.35052083333333334 0.6305555555555555 0.346875 0.6416666666666667 0.3463541666666667 0.6574074074074074 0.3489583333333333 0.6824074074074075 0.353125 0.6898148148148148 0.35625 0.6851851851851852
4 0.5572916666666666 0.5824074074074074 0.5546875 0.575925925925926 0.5515625 0.575 0.5479166666666667 0.5851851851851851 0.5479166666666667 0.6194444444444445 0.5567708333333333 0.6203703703703703 0.5588541666666667 0.6138888888888889 0.5572916666666666 0.5824074074074074
3 0.9427083333333334 0.9990740740740741 0.9484375 0.9648148148148148 0.9484375 0.9351851851851852 0.9442708333333333 0.9287037037037037 0.9432291666666667 0.9175925925925926 0.9401041666666666 0.912962962962963 0.9359375 0.9166666666666666 0.934375 0.9259259259259259 0.9291666666666667 0.9351851851851852 0.9260416666666667 0.9722222222222222 0.9161458333333333 0.9861111111111112 0.915625 0.9944444444444445 0.9427083333333334 0.9990740740740741
5 0.909375 0.7870370370370371 0.9067708333333333 0.7759259259259259 0.9083333333333333 0.7453703703703703 0.9041666666666667 0.7231481481481481 0.9 0.7222222222222222 0.8989583333333333 0.725 0.896875 0.7509259259259259 0.8979166666666667 0.7796296296296297 0.8953125 0.7870370370370371 0.9078125 0.7907407407407407 0.909375 0.7870370370370371
4 0.6119791666666666 0.7361111111111112 0.6140625 0.6953703703703704 0.609375 0.6777777777777778 0.6067708333333334 0.6768518518518518 0.6046875 0.6851851851851852 0.6020833333333333 0.712037037037037 0.6052083333333333 0.7398148148148148 0.6072916666666667 0.7425925925925926 0.6119791666666666 0.7361111111111112
4 0.2328125 0.5731481481481482 0.228125 0.5638888888888889 0.2234375 0.5768518518518518 0.22552083333333334 0.6111111111111112 0.2296875 0.6148148148148148 0.23229166666666667 0.600925925925926 0.2328125 0.5731481481481482
5 0.30833333333333335 0.612037037037037 0.30625 0.6055555555555555 0.3015625 0.6064814814814815 0.3 0.6574074074074074 0.3067708333333333 0.6583333333333333 0.30833333333333335 0.6546296296296297 0.30833333333333335 0.612037037037037
5 0.46041666666666664 0.6305555555555555 0.4583333333333333 0.6185185185185185 0.4588541666666667 0.6018518518518519 0.4557291666666667 0.5879629629629629 0.45260416666666664 0.5861111111111111 0.4510416666666667 0.587037037037037 0.45208333333333334 0.6305555555555555 0.4588541666666667 0.6333333333333333 0.46041666666666664 0.6305555555555555
3 0.6041666666666666 0.6138888888888889 0.5989583333333334 0.6027777777777777 0.5942708333333333 0.6064814814814815 0.5921875 0.6342592592592593 0.5947916666666667 0.6592592592592592 0.6005208333333333 0.6620370370370371 0.6041666666666666 0.6138888888888889
4 0.15989583333333332 0.8462962962962963 0.16875 0.8453703703703703 0.171875 0.7787037037037037 0.16822916666666668 0.7592592592592593 0.165625 0.7574074074074074 0.16302083333333334 0.7611111111111111 0.15416666666666667 0.7898148148148149 0.153125 0.8 0.1578125 0.8074074074074075 0.15729166666666666 0.8425925925925926 0.15989583333333332 0.8462962962962963
0 0.1671875 0.6194444444444445 0.16666666666666666 0.6259259259259259 0.17239583333333333 0.6231481481481481 0.16979166666666667 0.6175925925925926 0.1671875 0.6194444444444445
3 0.8171875 0.6148148148148148 0.8203125 0.5861111111111111 0.8177083333333334 0.5731481481481482 0.8119791666666667 0.575925925925926 0.8104166666666667 0.5935185185185186 0.8125 0.6166666666666667 0.8145833333333333 0.6203703703703703 0.8171875 0.6148148148148148
1 0.128125 0.587037037037037 0.12708333333333333 0.5833333333333334 0.12291666666666666 0.5833333333333334 0.12083333333333333 0.5888888888888889 0.12291666666666666 0.6342592592592593 0.12760416666666666 0.637962962962963 0.13020833333333334 0.6342592592592593 0.128125 0.587037037037037
4 0.8635416666666667 0.6472222222222223 0.8604166666666667 0.6268518518518519 0.8567708333333334 0.625 0.8546875 0.6370370370370371 0.8510416666666667 0.6435185185185185 0.8526041666666667 0.6898148148148148 0.8609375 0.6962962962962963 0.8635416666666667 0.6814814814814815 0.8635416666666667 0.6472222222222223
4 0.8739583333333333 0.5953703703703703 0.8692708333333333 0.587037037037037 0.8645833333333334 0.5916666666666667 0.8640625 0.6416666666666667 0.86875 0.6509259259259259 0.875 0.6305555555555555 0.8739583333333333 0.5953703703703703
3 0.2890625 0.5898148148148148 0.290625 0.5611111111111111 0.2859375 0.5546296296296296 0.28125 0.562037037037037 0.2796875 0.5833333333333334 0.2828125 0.5916666666666667 0.2869791666666667 0.5935185185185186 0.2890625 0.5898148148148148
4 0.5276041666666667 0.5861111111111111 0.5260416666666666 0.5546296296296296 0.5213541666666667 0.5518518518518518 0.5192708333333333 0.5583333333333333 0.5182291666666666 0.5675925925925925 0.5208333333333334 0.587037037037037 0.5260416666666666 0.5898148148148148 0.5276041666666667 0.5861111111111111
4 0.6140625 0.6435185185185185 0.6114583333333333 0.612037037037037 0.5994791666666667 0.6138888888888889 0.5973958333333333 0.6259259259259259 0.5989583333333334 0.6583333333333333 0.6036458333333333 0.6666666666666666 0.6114583333333333 0.6666666666666666 0.6140625 0.6435185185185185
5 0.21510416666666668 0.6925925925925925 0.2140625 0.6546296296296297 0.21666666666666667 0.6425925925925926 0.221875 0.6425925925925926 0.209375 0.6296296296296297 0.20364583333333333 0.6416666666666667 0.20104166666666667 0.6592592592592592 0.20416666666666666 0.6777777777777778 0.20104166666666667 0.6925925925925925 0.21510416666666668 0.6925925925925925
5 0.8635416666666667 0.7018518518518518 0.8640625 0.6527777777777778 0.8609375 0.6453703703703704 0.8546875 0.6537037037037037 0.8541666666666666 0.687037037037037 0.8578125 0.7037037037037037 0.8614583333333333 0.7064814814814815 0.8635416666666667 0.7018518518518518
5 0.6588541666666666 0.7018518518518518 0.6625 0.6898148148148148 0.6619791666666667 0.6796296296296296 0.6578125 0.6648148148148149 0.6541666666666667 0.6611111111111111 0.6494791666666667 0.6694444444444444 0.6515625 0.7203703703703703 0.6546875 0.725925925925926 0.6578125 0.7240740740740741 0.6588541666666666 0.7018518518518518
5 0.6151041666666667 0.6111111111111112 0.6098958333333333 0.6101851851851852 0.6052083333333333 0.6287037037037037 0.60625 0.6648148148148149 0.6166666666666667 0.6657407407407407 0.61875 0.6574074074074074 0.6151041666666667 0.6111111111111112