5.0 0.32499998807907104 0.6240740865468979 0.32760417461395264 0.6314814388751984
4.0 0.6742187589406967 0.644444465637207 0.6515624821186066 0.6814814805984497
4.0 0.32864581793546677 0.5462963134050369 0.3296874910593033 0.5592592656612396
4.0 0.44479168206453323 0.6740740686655045 0.442708358168602 0.6518518626689911
4.0 0.2671875059604645 0.6928240656852722 0.2734375 0.6143518686294556
4.0 0.6135416775941849 0.618518516421318 0.6114583909511566 0.623148113489151
4.0 0.2838541641831398 0.6407407522201538 0.28333334624767303 0.6814814805984497
5.0 0.6598958224058151 0.659259244799614 0.6588541567325592 0.6712962687015533
5.0 0.37968748807907104 0.6835648268461227 0.3828125 0.6328703463077545
5.0 0.728515625 0.6692129522562027 0.54296875 0.6615740954875946
5.0 0.6981770843267441 0.668518528342247 0.6036458313465118 0.662962943315506
5.0 0.7278645783662796 0.595370352268219 0.5442708432674408 0.605555534362793
3.0 0.2854166701436043 0.5824074298143387 0.2953125089406967 0.5833333432674408
3.0 0.2749999985098839 0.6064814776182175 0.27916665375232697 0.6018518507480621
5.0 0.6583333760499954 0.6231481283903122 0.6682291924953461 0.6111110746860504
4.0 0.6109374761581421 0.6847222298383713 0.6109374761581421 0.6305555403232574
5.0 0.5932291746139526 0.6250000149011612 0.5953124761581421 0.6398148238658905
2.0 0.711718738079071 0.6682870388031006 0.5765625238418579 0.6634259223937988
5.0 0.69140625 0.6138888597488403 0.6171875 0.6333333253860474
