4.0 0.5246178405663807 0.6332780241855032 0.5928437530497666 0.7334439516289937
5.0 0.7065693482116001 0.6020604184093109 0.5868613035767998 0.7958791631813782
5.0 0.692980831476107 0.6280863872293769 0.614038337047786 0.7438272255412463
4.0 0.13790711763527735 0.6970243926108179 0.200875105271877 0.6059512147783641
5.0 0.41464710311775327 0.6603315171338439 0.4791910120114192 0.6793369657323123
5.0 0.3948594322975558 0.6571824747593852 0.4576943366434236 0.6856350504812296
4.0 0.6778465858773736 0.6413596656727183 0.6443068282452529 0.7172806686545633
5.0 0.3073646739125349 0.651665648151993 0.3789449578789075 0.696668703696014
5.0 0.4700456067132531 0.6604149977956758 0.5352291059078019 0.6791700044086484
3.0 0.6506963855478796 0.6246947083542312 0.6986072289042409 0.7506105832915375
3.0 0.6465721206333621 0.6344938445260377 0.7068557587332757 0.7310123109479244
5.0 0.6507609445847309 0.6051726381871675 0.6984781108305383 0.7896547236256651
5.0 0.7051235749981686 0.6072656121733241 0.5897528500036628 0.7854687756533518
4.0 0.23208837277386232 0.6941786729266817 0.2935254623156717 0.6116426541466367
4.0 0.38624787585687853 0.6521125649421847 0.45677510755117245 0.6957748701156306
4.0 0.4663729226608982 0.620991851295194 0.53361448548376 0.7580162974096122
5.0 0.43206476692315715 0.6468773253724192 0.5018687981296589 0.7062453492551618
5.0 0.5749701662654106 0.6242399578970026 0.642473575845407 0.7515200842059948
4.0 0.28408316825471364 0.675612135500386 0.35281914440255663 0.648775728999228
