4.0 0.6045090142411594 0.5612419467988021 0.7278310962111125 0.768682692677913
5.0 0.5413726896741442 0.5741685862012336 0.6707594163983072 0.7699991075661115
3.0 0.5807656363549294 0.5507734606721972 0.6976927010267231 0.7138471421594215
4.0 0.34874836984596763 0.4992321794980472 0.4700443980352461 0.6583319611536009
4.0 0.4213735154685184 0.5434569287802108 0.5428483592238986 0.6987214662697554
4.0 0.09684931279164508 0.4537393689228855 0.19369862558329015 0.6674346532690737
3.0 0.23832968536218418 0.4960593378871008 0.3708900028266956 0.6942740040072201
3.0 0.15620667562657584 0.4233627892250673 0.2754421198319948 0.6157035524401981
4.0 0.0734818391375433 0.44365152886006487 0.1469636782750866 0.6140502330486899
4.0 0.21600711250782761 0.548133083074284 0.35716288277427355 0.7432034200398376
4.0 0.16216159688347775 0.4632721026106234 0.29619524298110556 0.6597242881314681
5.0 0.6062236055501125 0.6200583414582868 0.7462135396161427 0.7598833170834265
5.0 0.6368159031108858 0.6092678914138226 0.7263681937782284 0.7814642171723548
5.0 0.19178175733908218 0.5002429197996511 0.3249684138835784 0.6923416944698991
5.0 0.6348319723237894 0.5891927187386001 0.7303360553524213 0.7826391373550191
4.0 0.2766969196407224 0.46281648678713466 0.3995188914034014 0.6640720343869347
3.0 0.6614651749330054 0.6748410378536329 0.6770696501339893 0.6503179242927343
5.0 0.10311442844454535 0.43020762556721553 0.2062288568890907 0.6142903608900142
5.0 0.4359748306326306 0.5714446834117839 0.5780120852860758 0.769520758677035
4.0 0.11534690835347208 0.4388453257409016 0.23069381670694417 0.6311860138845398
5.0 0.6408946593786586 0.6079460457168857 0.7182106812426827 0.7841079085662287
4.0 0.6359835016194811 0.608032637111148 0.7280329967610377 0.7839347257777041
5.0 0.4387924243884933 0.5110445282948872 0.5558546713592438 0.7096398163866658
