4.0 0.6671291992934382 0.6732077067031403 0.6657416014131237 0.47911763601257346
5.0 0.221804289091766 0.7233046410539846 0.2590429056283889 0.5516416192652014
4.0 0.24374692729614883 0.6945849811829525 0.2693783093641038 0.482159139989527
5.0 0.208477546562838 0.6969933369526107 0.23876348762150476 0.5118508122715757
5.0 0.2784189205969176 0.6738444561973449 0.3133314640050798 0.4899435740937116
4.0 0.3380137661064981 0.70955192653982 0.3758294181887959 0.5375130583191231
4.0 0.6752383504406374 0.7293158399456537 0.6495232991187251 0.5379128530233885
3.0 0.44902436470089213 0.700781900606765 0.4845295113034151 0.5317609296929555
5.0 0.38197092285433343 0.7208655451844331 0.41689067172458594 0.5445240885566047
4.0 0.5172661914637812 0.7112513655922021 0.5521947101101865 0.5442072491779781
5.0 0.29872215140600866 0.7362281643898057 0.33476297277384837 0.5255366108284281
0.0 0.5929626785652294 0.6621100237706322 0.6255679115515491 0.48562795561261846
3.0 0.36975225645337395 0.6483331532698438 0.40637950712758175 0.44594377213928776
4.0 0.593587223990197 0.7064155949215767 0.640652144850195 0.533804724819825
5.0 0.3935074668333578 0.6940900769492012 0.43132315201486726 0.5224180997999701
5.0 0.6097751567553324 0.7040703332947076 0.6470141643640436 0.5353535662909953
5.0 0.6701800655908281 0.7304784450803116 0.6596398688183437 0.5356545217747637
4.0 0.3454843604539013 0.6652196653598584 0.3798338714581917 0.4962747079896077
3.0 0.21073853703194195 0.6473307588650985 0.24104205910369805 0.479009766003338
3.0 0.7472670358643687 0.7668920734065178 0.5054659282712625 0.4618087940846416
4.0 0.6248074043184093 0.7024928293079997 0.6660788218505874 0.5193743019482765
5.0 0.564060958352394 0.6713726727667015 0.6024437193640169 0.4901350642295917
5.0 0.5571350662351162 0.6836183061777241 0.5966949632747371 0.5222006480867167
4.0 0.5635043077285246 0.692000434337467 0.6036281104193675 0.5168761621708198
4.0 0.6276778050838122 0.682621310976567 0.6591401826650651 0.5193513722638616
