4.0 0.5767922057257537 0.7111306301929785 0.49558038479271854 0.577738739614043
4.0 0.36674731470036814 0.7511004290031277 0.2861091654951671 0.49779914199374464
5.0 0.5683447286303431 0.662141643697397 0.4792587161917743 0.5709579062784076
4.0 0.5486608789448897 0.7278855387670339 0.4667217215974842 0.5442289224659322
4.0 0.18833690085043306 0.6993400600079223 0.10514216309303459 0.6013198799841556
4.0 0.4518724934602075 0.7010814127019934 0.3657141648687466 0.5978371745960132
5.0 0.669809174457846 0.7095013866084081 0.4608264976901698 0.5809972267831838
4.0 0.15373305774905582 0.7204553140086298 0.07794142709850668 0.5590893719827403
4.0 0.6081510065480155 0.6251498915543876 0.5208718818453986 0.5550045952472105
5.0 0.40301297532960867 0.7026857249898912 0.3172760393937473 0.5946285500202175
5.0 0.34120878573728197 0.7106537755825721 0.2579644134147778 0.5786924488348558
4.0 0.6671044091912539 0.6936078935499594 0.4659273099609689 0.6127842129000811
5.0 0.597030118579646 0.7126013909807274 0.5149423994891187 0.5747972180385451
5.0 0.5416811913161683 0.6441231388363733 0.45756371945208035 0.5378639026680005
3.0 0.3079153283873761 0.5984003083412484 0.22564879298304236 0.5094503022107738
5.0 0.4425153527579923 0.7367499308567922 0.358754152996804 0.5265001382864156
4.0 0.45695607861923826 0.5742654545656051 0.3678645592812355 0.4778249661310716
3.0 0.624177430366328 0.5594856582485376 0.5368762185393541 0.48645711104744876
5.0 0.6706250103955164 0.7022168707328555 0.45884751821324204 0.595566258534289
5.0 0.6619619182992691 0.6205557639415433 0.47460806044841125 0.5346687685217397
4.0 0.6508066370277341 0.6057634890179961 0.49654375066363765 0.5050842755142093
4.0 0.6494330344416458 0.736211278152101 0.5015787777225704 0.5275774436957981
3.0 0.6073027208090523 0.6242835473700036 0.5165311264904118 0.5346131786277781
0.0 0.19557190194894242 0.6940546521599537 0.11001138811197717 0.6118906956800927
