4.0 0.6220002471546359 0.708983204227538 0.5273056071557387 0.582033591544924
4.0 0.4093937424916477 0.6921162395787619 0.47443985266938443 0.6157675208424762
5.0 0.5816246848840838 0.7105635434660038 0.6076704792223618 0.5788729130679925
5.0 0.35016805887754016 0.6977722336230185 0.4157030753480132 0.6044555327539629
5.0 0.5935151453797365 0.7042271346714942 0.5845197587414012 0.5915457306570115
5.0 0.2786859497845536 0.6842038538962313 0.34637480669711274 0.6315922922075374
4.0 0.6037945409306085 0.7039945688597846 0.5640422853964686 0.5920108622804308
2.0 0.3151725715213145 0.6882628900051774 0.3858295075076971 0.6234742199896453
3.0 0.46982801717926675 0.6544351758167954 0.5337519691234837 0.6112941993110848
4.0 0.5210206406984834 0.6931214108739548 0.5855950906049803 0.6137571782520903
5.0 0.6066395977925664 0.6972489825418441 0.5589620437251761 0.6055020349163118
3.0 0.5661613624367178 0.7141680782051836 0.6348036609062939 0.5716638435896328
4.0 0.5899606314727789 0.7116060176551205 0.5909579278208876 0.5767879646897589
5.0 0.42635023220050106 0.7329802569868127 0.4940411375691216 0.5340394860263746
0.0 0.32732937286528246 0.6883015599749043 0.3944368559681649 0.6233968800501916
