4.0 0.26770833134651184 0.6666666865348816 0.26875001192092896 0.6620370149612427
5.0 0.6223957985639572 0.6701388955116272 0.6229166090488434 0.6597222089767456
4.0 0.46041665971279144 0.6775463074445724 0.45624998211860657 0.6449073851108551
4.0 0.5135416239500046 0.6638888716697693 0.5135416090488434 0.6564815044403076
5.0 0.6729166656732559 0.675000011920929 0.6541666686534882 0.6499999761581421
4.0 0.7014322876930237 0.6708333343267441 0.5971354246139526 0.6583333313465118
5.0 0.4489583447575569 0.6694444417953491 0.4442708343267441 0.6527777910232544
5.0 0.684765636920929 0.677314817905426 0.6304687261581421 0.645370364189148
4.0 0.7145833373069763 0.6868055462837219 0.5708333253860474 0.6263889074325562
4.0 0.19583334401249886 0.6222222596406937 0.19583334773778915 0.607407420873642
5.0 0.17552083730697632 0.6074073910713196 0.171875 0.6083333492279053
4.0 0.29739582538604736 0.7057870477437973 0.30000001192092896 0.5884259045124054
5.0 0.6950520873069763 0.6967592686414719 0.6098958253860474 0.6064814627170563
4.0 0.016145833302289248 0.6810185313224792 0.021875000558793545 0.6379629373550415
5.0 0.22083333507180214 0.6875 0.229166679084301 0.625
5.0 0.26249998062849045 0.6879629492759705 0.2671874910593033 0.6240741014480591
3.0 0.16041666269302368 0.6129629760980606 0.16562500596046448 0.606481522321701
5.0 0.6812499910593033 0.685416653752327 0.6375000178813934 0.6291666924953461
5.0 0.691536471247673 0.6592592597007751 0.6169270575046539 0.6203703880310059
4.0 0.671093761920929 0.6981481462717056 0.6578124761581421 0.6037037074565887
3.0 0.4468750134110451 0.6761574149131775 0.4479166716337204 0.647685170173645
4.0 0.21562500298023224 0.5805555433034897 0.21250000596046448 0.5740740597248077
4.0 0.6270833760499954 0.6361111402511597 0.6203125417232513 0.6166666746139526
