5.0 0.20742454881417666 0.7125984211412031 0.38920583757370153 0.5748031577175938
5.0 0.06623951555732518 0.733575742256537 0.13247903111465037 0.532848515486926
5.0 0.0356373524994315 0.7262327199097561 0.071274704998863 0.5475345601804877
4.0 0.22246153969528304 0.7228872139152133 0.41525042646732546 0.5542255721695735
4.0 0.332754992302069 0.6947945140865118 0.5271961003907336 0.6104109718269763
5.0 0.1444473638915615 0.712479670101948 0.288894727783123 0.575040659796104
3.0 0.2786455217844083 0.705430512028772 0.48258139717267057 0.589138975942456
4.0 0.60384902542917 0.675202674843292 0.7923019491416602 0.649594650313416
3.0 0.6653211069808649 0.7038637741157249 0.6693577860382703 0.5922724517685503
5.0 0.5274119513012121 0.6913308970665097 0.7193664820315058 0.6173382058669804
4.0 0.2692052361739402 0.7199928773028026 0.46026846810304245 0.5600142453943948
4.0 0.17146192093947796 0.7246568034278902 0.3429238418789559 0.5506863931442195
4.0 0.19462250744980678 0.6856710252381314 0.3852855005059503 0.6286579495237372
5.0 0.48261444291141037 0.6710231519314224 0.6779388071176854 0.6579536961371553
5.0 0.14250708834680398 0.7613811829973878 0.28501417669360796 0.47723763400522434
4.0 0.18414828540753317 0.7111464753929878 0.36829657081506634 0.5777070492140244
4.0 0.6051674959188454 0.6312679963358474 0.789665008162309 0.7374640073283053
5.0 0.12265661904857227 0.7312681477637093 0.24531323809714453 0.5374637044725815
5.0 0.6561339625136916 0.6459833635238198 0.6877320749726168 0.7080332729523604
3.0 0.18269813495017637 0.6605478959246317 0.36539626990035273 0.6147227642350623
3.0 0.6172807614612427 0.5541401658004027 0.7653437391933717 0.6871968484302583
4.0 0.6516850766608046 0.6518695072414351 0.6966298466783909 0.6962609855171299
0.0 0.13310424345842672 0.7414503989805599 0.26620848691685345 0.5170992020388803
