4.0 0.5249999910593033 0.6472222059965134 0.5270833671092987 0.6351851522922516
4.0 0.2614583298563957 0.5157407522201538 0.26770831644535065 0.5157407522201538
2.0 0.6877604126930237 0.5879629999399185 0.6244791746139526 0.5990740954875946
3.0 0.1484374962747097 0.6574074029922485 0.153645820915699 0.6620370149612427
4.0 0.5890624970197678 0.6747685074806213 0.5916666090488434 0.6504629850387573
0.0 0.23593750223517418 0.5166666358709335 0.23124999552965164 0.5138888657093048
5.0 0.6333333253860474 0.6296296119689941 0.6317708492279053 0.6416666507720947
4.0 0.708203136920929 0.6870370507240295 0.5835937261581421 0.6259258985519409
5.0 0.716796875 0.6495370268821716 0.56640625 0.7009259462356567
4.0 0.737500011920929 0.675000011920929 0.5249999761581421 0.6499999761581421
4.0 0.5958333760499954 0.5898148268461227 0.6036458909511566 0.5916666090488434
5.0 0.4000000134110451 0.5574073940515518 0.40052084624767303 0.5509259402751923
4.0 0.7018229216337204 0.6719907522201538 0.5963541567325592 0.6560184955596924
5.0 0.14010415598750114 0.6000000238418579 0.1432291641831398 0.605555534362793
5.0 0.7040364593267441 0.6657407283782959 0.5919270813465118 0.6611111164093018
5.0 0.5463541746139526 0.6009259223937988 0.5463541746139526 0.6092592477798462
5.0 0.6192708760499954 0.6324074417352676 0.6223958432674408 0.6305555999279022
5.0 0.4104166701436043 0.5601852089166641 0.411458358168602 0.5055555999279022
5.0 0.4739583507180214 0.6240741014480591 0.47812502086162567 0.6259258985519409
