5.0 0.37901142033866864 0.6241251314486466 0.5228888340723803 0.7517497371027068
5.0 0.6258403208375887 0.6629895899896396 0.7483193583248227 0.6740208200207207
5.0 0.4681569370792696 0.6432474071677864 0.6058599938121215 0.7135051856644272
5.0 0.36054231994056 0.6473313276842441 0.5153579808992593 0.7053373446315119
4.0 0.48016041578843416 0.6319495875505494 0.6294903849125533 0.7361008248989012
4.0 0.35497075969663944 0.6317825941442798 0.4996881027417876 0.7364348117114403
5.0 0.6508789633630747 0.6630659714930092 0.6982420732738506 0.6738680570139817
5.0 0.3237977718709164 0.6278008248440992 0.4701611687620502 0.7337844795735319
2.0 0.2181740717192771 0.5921033236740707 0.38123822543149255 0.718265555743473
4.0 0.4138524487663555 0.6422379803426644 0.5591694030343959 0.7155240393146711
4.0 0.6309329313104042 0.6508565169940561 0.7381341373791915 0.6982869660118877
5.0 0.6329133756491458 0.6562417809362443 0.7341732487017084 0.6875164381275114
3.0 0.5196365883144888 0.6073489732394708 0.654108591133344 0.7286911039157635
4.0 0.26999262066173496 0.5929083598914855 0.4110906779369081 0.7237815512254766
3.0 0.6515862753198154 0.6534315815491165 0.6968274493603692 0.693136836901767
4.0 0.6029815061299796 0.6594470230413724 0.7461719252749413 0.6811059539172553
