4.0 0.22592520792681003 0.6473891647183796 0.45185041585362007 0.6548892667763712
4.0 0.035969463581621494 0.5881976484688538 0.07193892716324299 0.5631078294703737
4.0 0.1902375679707655 0.6527099336906098 0.380475135941531 0.6063632960629433
5.0 0.1514737575202554 0.6481515092083698 0.3029475150405108 0.5733100873717428
4.0 0.44969043287001786 0.6639147881793863 0.6769481780098803 0.6721704236412275
3.0 0.6808028555135087 0.7503064891108905 0.6383942889729826 0.49938702177821903
4.0 0.024051573193186574 0.5485158311621627 0.04810314638637315 0.6258434411942375
4.0 0.21299193447465398 0.6113834799392392 0.42598386894930795 0.7095869519141362
3.0 0.18649354706320348 0.6174978415893142 0.37298709412640696 0.6694162902092606
4.0 0.07793027496094652 0.5263952078105348 0.15586054992189305 0.6416778009956969
5.0 0.6365530134968858 0.7172834023282381 0.7268939730062284 0.5654331953435239
5.0 0.6219018486194449 0.6480226524359278 0.7561963027611103 0.7039546951281445
4.0 0.38472629222823507 0.6470294131138004 0.622260070686778 0.7059411737723993
5.0 0.3918991584600552 0.6513340989183853 0.6119368872915669 0.6973318021632292
4.0 0.23093695101143502 0.5701967563195691 0.44906459013887856 0.6799429554024323
5.0 0.09508687838754332 0.5415440105270057 0.19017375677508663 0.6532012937814357
5.0 0.6555172441072779 0.7016153015042967 0.6889655117854442 0.5967693969914065
3.0 0.5609618843646617 0.6035470606743631 0.7641982402257177 0.7195216693017225
5.0 0.36682235029424104 0.6460881861295638 0.6031036900256255 0.7078236277408725
5.0 0.23995073682819423 0.5682792777743813 0.455715008309993 0.6666287634941224
3.0 0.183103358281422 0.5124709399363828 0.366206716562844 0.6280837002046802
0.0 0.3644559574243347 0.8298802649217829 0.010374001197024363 0.015342153150215476
5.0 0.3602650397755481 0.6724607795897193 0.5770379155114341 0.6550784408205614
