5.0 0.18476363358424286 0.6475132226341116 0.2194585682109762 0.5098333513174271
4.0 0.6099099186617349 0.6705890778727592 0.6080897844345912 0.6588218442544816
4.0 0.3826198525873981 0.594965093218001 0.41433479627692116 0.6184520975592969
4.0 0.0851217386896259 0.5963966544948089 0.1263852310850593 0.5595409796842632
4.0 0.5405563410904406 0.6778448465760287 0.5855060535756582 0.6367729953578702
3.0 0.3472777825779022 0.6306370430902328 0.3864627682282189 0.6216189422581884
5.0 0.48009058116340925 0.6594509866742985 0.5231082580461129 0.6411355241982764
4.0 0.3903466717727081 0.6361318650168092 0.4333092635572262 0.6402940249553897
5.0 0.6320526171614207 0.7032000499230718 0.5574938449818994 0.5935999001538563
5.0 0.38807783146306896 0.6254732504693403 0.43130965750561434 0.646384328929061
4.0 0.14888306914151825 0.5983347349426852 0.1953741271482593 0.589744368979727
3.0 0.26747179852109365 0.5140422517438807 0.29375388258483504 0.5514326992670052
5.0 0.6616096503392965 0.6837529010894476 0.5037888154292272 0.6324941978211047
4.0 0.21875088949945934 0.5761006996756002 0.2552764208466996 0.5825293142608785
4.0 0.6189905337470054 0.6429516711682319 0.5921372458636927 0.6383374929114902
5.0 0.6188709133381367 0.6150207702711619 0.5950810007305193 0.6324126852411587
3.0 0.5483844766709943 0.5624460504961468 0.5738765043625018 0.5787816894090823
4.0 0.3801268939633927 0.579752354776002 0.4125981226632358 0.5786986861427912
0.0 0.6605149937863131 0.6755574792341991 0.507736065858899 0.6488850415316019
