4.0 0.7185914202408202 0.7091742098344016 0.5628171595183595 0.5816515803311969
4.0 0.5278119963715712 0.6715707805914959 0.39817735235371027 0.5303342847538455
4.0 0.5640145663788643 0.7040651007702714 0.4394060723994152 0.5780728605345089
4.0 0.32378999987357304 0.6610329105517616 0.20060559705211567 0.5517158555475765
4.0 0.6434024955954023 0.6682894090685122 0.514736840635454 0.5594544960322618
5.0 0.5930453455197315 0.6955354956183752 0.4646546797666916 0.6003956526535229
4.0 0.7463215597203107 0.7077293699271859 0.5073568805593787 0.5845412601456281
5.0 0.3451626316833517 0.6121614854154594 0.21690586960250813 0.5072709810147256
3.0 0.6618456924569336 0.6529171886631675 0.5280288270565339 0.5465443121755633
5.0 0.7349656863585184 0.7102143553158267 0.5300686272829631 0.5795712893683467
4.0 0.2831301571286019 0.6849989318831149 0.16759635716547244 0.5263871843815388
4.0 0.21927714837043094 0.660672637258335 0.09405347899518937 0.5448978360065511
5.0 0.6268734935863028 0.671879695074842 0.4962311513385769 0.5567204376209524
5.0 0.44262134256639996 0.6953670336041967 0.31912435970591785 0.5748040572826967
5.0 0.739023254132577 0.7331768319026337 0.5219534917348461 0.5336463361947326
4.0 0.7448909291221146 0.7265550383940143 0.5102181417557707 0.5468899232119715
5.0 0.684312410777004 0.6486960719965786 0.5532662335134395 0.5398611589603284
4.0 0.7003975421899846 0.6254350197560792 0.5679860919923052 0.5383174439883703
3.0 0.6388026034539825 0.6208590230356096 0.5063874080205824 0.5150863081505872
5.0 0.391776535538509 0.7038784611799134 0.2670842615333768 0.5355081799927686
5.0 0.17442626398282923 0.6576278992297621 0.048133589854189945 0.5310482845898914
3.0 0.36038750982059925 0.5684141508130981 0.22602310799578848 0.4721767104992504
5.0 0.37504242598729426 0.6535242584537212 0.2545199416985281 0.5448073612363311
