4.0 0.5328690979700159 0.6773495756087102 0.6616320632509899 0.6453008487825797
0.0 0.5593647290676454 0.6740559666547107 0.6772463723598448 0.6518880666905786
4.0 0.36016609579803793 0.6638738748892232 0.4902499862752588 0.6722522502215535
4.0 0.5541240520081416 0.6682195115140371 0.6792962937453572 0.6635609769719257
4.0 0.3592508113157816 0.6722295572290193 0.4837857155767078 0.6555408855419613
4.0 0.14331981751442438 0.6497435551994167 0.27290500056326944 0.7005128896011665
4.0 0.3595612318851152 0.6464640622160155 0.4801149229636908 0.6989333869523209
4.0 0.2860157218044654 0.6572413777532732 0.40947187216951936 0.6855172444934536
4.0 0.573069130390987 0.7013712601286723 0.685952277090885 0.5972574797426553
5.0 0.21293790761583956 0.6694045747073695 0.3433217993487437 0.6611908505852611
2.0 0.04940795543036371 0.5955555802249002 0.09881591086072743 0.6367188487861489
5.0 0.3318889043701556 0.658183365231303 0.44848901963292503 0.6737148382334939
5.0 0.5142571934556449 0.6762971238872366 0.6458384122498502 0.6474057522255268
4.0 0.18017118680959024 0.6559048641848069 0.31230703685846467 0.6881902716303863
5.0 0.22192383114529987 0.656376068994459 0.3528319139406901 0.687247862011082
5.0 0.19175188104323307 0.6600334870996902 0.32377734187007606 0.6799330258006195
5.0 0.24230562143376816 0.6560523031994316 0.3709968900594134 0.6878953936011367
5.0 0.263861348559994 0.6547064286163551 0.3871864418562738 0.6905871427672898
3.0 0.3645369967963894 0.6167242325918767 0.48246830379047423 0.667075215368501
5.0 0.32753178364856533 0.6667168585914112 0.4597234914902507 0.6665662828171778
4.0 0.04361137836482677 0.6583865666486347 0.08722275672965354 0.6510835240548993
5.0 0.5097290351464179 0.6918800443772117 0.6393301098747277 0.6162399112455766
5.0 0.35357841094195647 0.6576785070608948 0.47895613119739344 0.6846429858782104
3.0 0.5975769072791751 0.7414694972480058 0.6262098702361654 0.5170610055039883
3.0 0.5981115040150449 0.6740211073511939 0.64607294903072 0.6519577852976121
3.0 0.29642664800966906 0.6697159344496785 0.42621324400367133 0.660568131100643
