4.0 0.5032510775994157 0.611668664344034 0.5947863047686066 0.7084072909599508
5.0 0.6664108547310282 0.6030169174002241 0.588546579658715 0.7283748164852474
5.0 0.5316554623396721 0.5853113367859774 0.6214543448557734 0.6998236853749118
5.0 0.3821841184823722 0.6321521602094675 0.47501472401574185 0.7124343872438871
4.0 0.15788739894315665 0.6487515468952266 0.24609678297976262 0.6887912172935791
3.0 0.5562276041412726 0.6231269531200334 0.6469019770613998 0.7365026372340906
4.0 0.2791891130742335 0.6018802259579499 0.3703413728560515 0.6421635296663867
4.0 0.3114799986147695 0.6146842406654957 0.40763689589040086 0.686100196883382
4.0 0.6271140288654846 0.5786671838238625 0.6644003769118852 0.7050194367858766
4.0 0.4683399939044661 0.5831175468362746 0.558727202394566 0.6702078520649162
5.0 0.441548164689273 0.6439183911870341 0.5318686336263737 0.7063770990294252
4.0 0.6576258652323115 0.6575589789989622 0.6067646917067172 0.6440932524271343
5.0 0.34809748386839234 0.6129351654638818 0.4394858828641057 0.6911309029355654
5.0 0.2691517311205673 0.603817531290075 0.3654260255611077 0.6538407179980923
4.0 0.26241209101302326 0.6430912876149946 0.35815701055233223 0.7083286640804889
