4.0 0.3658605980219671 0.5912072667722061 0.384352082294798 0.7789768055479922
4.0 0.329022893010832 0.5416077940870858 0.34104229750917414 0.7437903986254751
4.0 0.5308771668062212 0.6422341884781585 0.5527743717649698 0.715531623043683
5.0 0.2085438732082252 0.5218899016012776 0.22152466457652922 0.7065732675657881
3.0 0.7672033827569178 0.6313510527605184 0.4655932344861644 0.7372978944789633
4.0 0.689269147756365 0.6271725441895267 0.62146170448727 0.7456549116209465
4.0 0.33347179611770383 0.6193512333328043 0.3568829699621157 0.7076771151861037
3.0 0.17243088781207216 0.5471707086559479 0.20222493714926337 0.7399505705371338
4.0 0.4384285202914181 0.5667988742145815 0.44860190701303715 0.7511005334146699
3.0 0.46246090792948047 0.4991233804105511 0.46367943477212825 0.6895974383124134
5.0 0.23101025062808836 0.5451144637003749 0.2506613469818904 0.733647353825749
4.0 0.681809675684071 0.6333454889103292 0.6363806486318581 0.7333090221793417
4.0 0.42162393865673986 0.6188348891538176 0.4409107688718334 0.7623302216923648
