4.0 0.37968748807907104 0.6203703880310059 0.37552082538604736 0.6129629611968994
5.0 0.30937498062849045 0.5870370119810104 0.3062499910593033 0.5796295702457428
5.0 0.5312500149011612 0.599074050784111 0.5291666686534882 0.5898148119449615
4.0 0.6312500238418579 0.6842592507600784 0.6328125 0.6314814984798431
2.0 0.1744791753590107 0.6490740776062012 0.17656251043081284 0.645370364189148
5.0 0.09687499329447746 0.6388888955116272 0.09270832687616348 0.6379629373550415
4.0 0.7454427033662796 0.6875 0.5091145932674408 0.625
3.0 0.5791666507720947 0.6601851731538773 0.5791666507720947 0.646296352148056
5.0 0.7341145873069763 0.7175925970077515 0.5317708253860474 0.5648148059844971
4.0 0.5885416716337204 0.6791666746139526 0.5838541090488434 0.6416666507720947
5.0 0.7338541746139526 0.6784722208976746 0.5322916507720947 0.6430555582046509
5.0 0.7376302033662796 0.6673611253499985 0.5247395932674408 0.665277749300003
5.0 0.4046875014901161 0.6793981343507767 0.40781252086162567 0.6412037312984467
4.0 0.6742187589406967 0.6370370537042618 0.6515624821186066 0.6398148238658905
5.0 0.6369791626930237 0.6388889104127884 0.6312500238418579 0.626851886510849
4.0 0.717578113079071 0.7178240865468979 0.5648437738418579 0.5643518269062042
0.0 0.19322916120290756 0.6499999761581421 0.19322915375232697 0.6574074029922485
4.0 0.2640625014901161 0.6826388835906982 0.2682291716337204 0.6347222328186035
5.0 0.6712239533662796 0.6856481432914734 0.6575520932674408 0.6287037134170532
4.0 0.6031249612569809 0.6462963074445724 0.6046874821186066 0.642592579126358
3.0 0.38072917610406876 0.5842592865228653 0.38437502086162567 0.5898148715496063
4.0 0.7341145873069763 0.6708333343267441 0.5317708253860474 0.6583333313465118
5.0 0.591666653752327 0.7259259223937988 0.5890625417232513 0.5481481552124023
4.0 0.7330729216337204 0.6988425850868225 0.5338541567325592 0.602314829826355
