4 0.584375 0.7972222222222223 0.5953125 0.7398148148148148 0.5880208333333333 0.7166666666666667 0.584375 0.7194444444444444 0.5796875 0.7324074074074074 0.5776041666666667 0.7916666666666666 0.584375 0.7972222222222223
5 0.46145833333333336 0.7305555555555555 0.4671875 0.7194444444444444 0.4734375 0.7138888888888889 0.47604166666666664 0.7175925925925926 0.4744791666666667 0.7277777777777777 0.4791666666666667 0.7277777777777777 0.4817708333333333 0.7157407407407408 0.48125 0.7055555555555556 0.4869791666666667 0.6972222222222222 0.48385416666666664 0.6953703703703704 0.48125 0.6777777777777778 0.478125 0.6759259259259259 0.47604166666666664 0.6796296296296296 0.4588541666666667 0.725 0.4583333333333333 0.7296296296296296 0.46145833333333336 0.7305555555555555
4 0.6734375 0.7018518518518518 0.6890625 0.7046296296296296 0.6927083333333334 0.6777777777777778 0.6916666666666667 0.6601851851851852 0.6885416666666667 0.65 0.6848958333333334 0.65 0.6807291666666667 0.6601851851851852 0.6802083333333333 0.6782407407407407 0.6734375 0.7018518518518518
5 0.2046875 0.8796296296296297 0.20729166666666668 0.8759259259259259 0.21145833333333333 0.8481481481481481 0.2078125 0.7935185185185185 0.203125 0.7916666666666666 0.1984375 0.8064814814814815 0.19947916666666668 0.8768518518518519 0.2046875 0.8796296296296297
5 0.8161458333333333 0.7925925925925926 0.8203125 0.7870370370370371 0.8239583333333333 0.7444444444444445 0.8197916666666667 0.7305555555555555 0.8166666666666667 0.7277777777777777 0.8140625 0.7305555555555555 0.8109375 0.7453703703703703 0.8104166666666667 0.7916666666666666 0.8161458333333333 0.7925925925925926
4 0.0953125 0.7962962962962963 0.10364583333333334 0.774074074074074 0.10104166666666667 0.7185185185185186 0.09635416666666667 0.7194444444444444 0.09166666666666666 0.7351851851851852 0.09114583333333333 0.7916666666666666 0.0953125 0.7962962962962963
3 0.40625 0.6861111111111111 0.40625 0.7138888888888889 0.41041666666666665 0.7175925925925926 0.41510416666666666 0.7 0.415625 0.6638888888888889 0.4125 0.6546296296296297 0.40989583333333335 0.6546296296296297 0.403125 0.6685185185185185 0.403125 0.6768518518518518 0.40625 0.6861111111111111
5 0.9213541666666667 0.6990740740740741 0.921875 0.7148148148148148 0.9234375 0.7185185185185186 0.9270833333333334 0.7175925925925926 0.928125 0.712037037037037 0.9317708333333333 0.7092592592592593 0.934375 0.7148148148148148 0.9390625 0.7157407407407408 0.9395833333333333 0.7111111111111111 0.934375 0.6962962962962963 0.9338541666666667 0.6759259259259259 0.93125 0.6620370370370371 0.9276041666666667 0.6601851851851852 0.9255208333333333 0.6648148148148149 0.9255208333333333 0.683025 0.9213541666666667 0.6990740740740741
5 0.7567708333333333 0.6574074074074074 0.7598958333333333 0.6537037037037037 0.7619791666666667 0.6388888888888888 0.765625 0.6296296296296297 0.765625 0.6203703703703703 0.7604166666666666 0.6083333333333333 0.7583333333333333 0.6083333333333333 0.7515625 0.6222222222222222 0.7505208333333333 0.6537037037037037 0.7567708333333333 0.6574074074074074
4 0.17291666666666666 0.7064814814814815 0.17708333333333334 0.7055555555555556 0.18177083333333333 0.6777777777777778 0.1796875 0.6444444444444445 0.17552083333333332 0.6435185185185185 0.16927083333333334 0.6601851851851852 0.16979166666666667 0.7018518518518518 0.17291666666666666 0.7064814814814815
5 0.19739583333333333 0.7083333333333334 0.20104166666666667 0.7083333333333334 0.20364583333333333 0.7046296296296296 0.203125 0.6462962962962963 0.2015625 0.6435185185185185 0.196875 0.6453703703703704 0.19270833333333334 0.6564814814814814 0.19479166666666667 0.7027777777777777 0.19739583333333333 0.7083333333333334
3 0.31614583333333335 0.6 0.3203125 0.5703703703703704 0.31354166666666666 0.5601851851851852 0.3104166666666667 0.5722222222222222 0.3098958333333333 0.5990740740740741 0.31614583333333335 0.6
4 0.25416666666666665 0.6620370370370371 0.25729166666666664 0.65 0.2552083333333333 0.6138888888888889 0.2515625 0.6101851851851852 0.24583333333333332 0.625 0.2453125 0.6592592592592592 0.25416666666666665 0.6620370370370371
4 0.4244791666666667 0.7148148148148148 0.4276041666666667 0.7138888888888889 0.43697916666666664 0.6935185185185185 0.4359375 0.6842592592592592 0.43802083333333336 0.674074074074074 0.4322916666666667 0.6546296296296297 0.42291666666666666 0.6722222222222223 0.42239583333333336 0.7027777777777777 0.4244791666666667 0.7148148148148148
3 0.6182291666666667 0.6046296296296296 0.6265625 0.6074074074074074 0.6328125 0.587037037037037 0.6333333333333333 0.5601851851851852 0.6307291666666667 0.5546296296296296 0.6239583333333333 0.5601851851851852 0.621875 0.5916666666666667 0.6182291666666667 0.6046296296296296
5 0.44583333333333336 0.6657407407407407 0.4510416666666667 0.6694444444444444 0.45625 0.637962962962963 0.4552083333333333 0.6203703703703703 0.4505208333333333 0.6138888888888889 0.4453125 0.6268518518518519 0.44479166666666664 0.6583333333333333 0.44583333333333336 0.6657407407407407
4 0.41822916666666665 0.6185185185185185 0.4192708333333333 0.6222222222222222 0.4296875 0.6212962962962963 0.4317708333333333 0.6129629629629629 0.43125 0.5824074074074074 0.4296875 0.5777777777777777 0.42604166666666665 0.5768518518518518 0.42135416666666664 0.587037037037037 0.42135416666666664 0.6064814814814815 0.41822916666666665 0.6185185185185185
4 0.4354166666666667 0.6703703703703704 0.4390625 0.6731481481481482 0.4427083333333333 0.6657407407407407 0.44479166666666664 0.6333333333333333 0.4401041666666667 0.6194444444444445 0.4348958333333333 0.6231481481481481 0.43333333333333335 0.6296296296296297 0.43072916666666666 0.6583333333333333 0.4354166666666667 0.6703703703703704
0 0.7515625 0.6574074074074074 0.759375 0.6583333333333333 0.7609375 0.6537037037037037 0.7598958333333333 0.637962962962963 0.7552083333333334 0.637962962962963 0.7510416666666667 0.6481481481481481 0.75 0.6537037037037037 0.7515625 0.6574074074074074
4 0.7109375 0.6574074074074074 0.7109375 0.6462962962962963 0.70625 0.6203703703703703 0.7020833333333333 0.6203703703703703 0.6994791666666667 0.6277777777777778 0.696875 0.6555555555555556 0.7109375 0.6574074074074074
5 0.3734375 0.6407407407407407 0.3802083333333333 0.6472222222222223 0.3854166666666667 0.6462962962962963 0.38125 0.6398148148148148 0.3776041666666667 0.6212962962962963 0.3729166666666667 0.612037037037037 0.3671875 0.6111111111111112 0.3640625 0.6231481481481481 0.3645833333333333 0.6481481481481481 0.3734375 0.6407407407407407
4 0.3651041666666667 0.6398148148148148 0.36875 0.6314814814814815 0.3697916666666667 0.6175925925925926 0.36770833333333336 0.5953703703703703 0.3645833333333333 0.5935185185185186 0.3609375 0.6055555555555555 0.3614583333333333 0.6305555555555555 0.3651041666666667 0.6398148148148148