4 0.6 0.7972222222222223 0.6088541666666667 0.7870370370370371 0.6114583333333333 0.7981481481481482 0.61875 0.7981481481481482 0.6192708333333333 0.7944444444444444 0.6130208333333333 0.7796296296296297 0.6109375 0.7564814814814815 0.6135416666666667 0.7490740740740741 0.6192708333333333 0.7509259259259259 0.6192708333333333 0.7472222222222222 0.6114583333333333 0.7407407407407407 0.6088541666666667 0.7203703703703703 0.6046875 0.7222222222222222 0.6015625 0.7351851851851852 0.5958333333333333 0.7944444444444444 0.6 0.7972222222222223
3 0.3151041666666667 0.7472222222222222 0.3182291666666667 0.7546296296296297 0.32135416666666666 0.7444444444444445 0.3260416666666667 0.7388888888888889 0.32864583333333336 0.7398148148148148 0.3328125 0.7555555555555555 0.3375 0.7564814814814815 0.33229166666666665 0.6805555555555556 0.3296875 0.6787037037037037 0.32760416666666664 0.6814814814814815 0.3223958333333333 0.700925925925926 0.325 0.7240740740740741 0.3151041666666667 0.7472222222222222
5 0.6770833333333334 0.65 0.6776041666666667 0.6555555555555556 0.6921875 0.6574074074074074 0.6901041666666666 0.6101851851851852 0.6854166666666667 0.6101851851851852 0.68125 0.6212962962962963 0.6828125 0.6370370370370371 0.6770833333333334 0.65
4 0.17135416666666667 0.775 0.17239583333333333 0.8083333333333333 0.17760416666666667 0.8111111111111111 0.18177083333333333 0.7944444444444444 0.18072916666666666 0.7638888888888888 0.18958333333333333 0.7592592592592593 0.18958333333333333 0.7555555555555555 0.18177083333333333 0.75 0.17708333333333334 0.7296296296296296 0.171875 0.7314814814814815 0.1671875 0.7490740740740741 0.17135416666666667 0.775
2 0.9328125 0.6935185185185185 0.9322916666666666 0.700925925925926 0.9348958333333334 0.7064814814814815 0.9390625 0.7074074074074074 0.9411458333333333 0.7046296296296296 0.9421875 0.6574074074074074 0.9354166666666667 0.6416666666666667 0.9317708333333333 0.6425925925925926 0.9302083333333333 0.649074074074074 0.9291666666666667 0.6759259259259259 0.9328125 0.6935185185185185
5 0.775 0.8277777777777777 0.775 0.8527777777777777 0.7869791666666667 0.8574074074074074 0.7864583333333334 0.8083333333333333 0.7848958333333333 0.7935185185185185 0.7802083333333333 0.7796296296296297 0.7755208333333333 0.7824074074074074 0.7713541666666667 0.8 0.7708333333333334 0.8064814814814815 0.775 0.8277777777777777
5 0.884375 0.7083333333333334 0.8885416666666667 0.7148148148148148 0.8901041666666667 0.7398148148148148 0.9015625 0.7407407407407407 0.9026041666666667 0.7324074074074074 0.8984375 0.7194444444444444 0.9020833333333333 0.6972222222222222 0.8921875 0.6731481481481482 0.8885416666666667 0.6768518518518518 0.8875 0.6962962962962963 0.884375 0.7083333333333334
4 0.2015625 0.662962962962963 0.20520833333333333 0.6675925925925926 0.2125 0.6666666666666666 0.215625 0.6611111111111111 0.2125 0.6129629629629629 0.20885416666666667 0.6111111111111112 0.20572916666666666 0.6222222222222222 0.2046875 0.6481481481481481 0.2015625 0.662962962962963
4 0.2265625 0.6962962962962963 0.23229166666666667 0.6981481481481482 0.2359375 0.637962962962963 0.228125 0.6351851851851852 0.22604166666666667 0.6388888888888888 0.22447916666666667 0.6675925925925926 0.2265625 0.6962962962962963
5 0.446875 0.6953703703703704 0.4510416666666667 0.6981481481481482 0.45364583333333336 0.6925925925925925 0.4588541666666667 0.6981481481481482 0.4630208333333333 0.6981481481481482 0.4588541666666667 0.6694444444444444 0.4583333333333333 0.6435185185185185 0.4546875 0.6407407407407407 0.4505208333333333 0.6527777777777778 0.4505208333333333 0.6759259259259259 0.446875 0.6953703703703704
4 0.20677083333333332 0.7138888888888889 0.2046875 0.7268518518518519 0.20885416666666667 0.7351851851851852 0.2125 0.7351851851851852 0.215625 0.6925925925925925 0.21302083333333333 0.6666666666666666 0.20729166666666668 0.6694444444444444 0.20520833333333333 0.6833333333333333 0.2046875 0.6990740740740741 0.20677083333333332 0.7138888888888889
5 0.2515625 0.6694444444444444 0.2557291666666667 0.6787037037037037 0.259375 0.6787037037037037 0.26458333333333334 0.6444444444444445 0.2635416666666667 0.6222222222222222 0.259375 0.6222222222222222 0.2552083333333333 0.6361111111111111 0.2552083333333333 0.6506944444444445 0.2515625 0.6694444444444444
4 0.28541666666666665 0.700925925925926 0.284375 0.7092592592592593 0.2859375 0.7129629629629629 0.290625 0.7138888888888889 0.29270833333333335 0.6564814814814814 0.2869791666666667 0.649074074074074 0.28177083333333336 0.6527777777777778 0.28229166666666666 0.6861111111111111 0.28541666666666665 0.700925925925926
5 0.28177083333333336 0.6694444444444444 0.290625 0.6694444444444444 0.2921875 0.6574074074074074 0.2869791666666667 0.6305555555555555 0.2833333333333333 0.6314814814814815 0.28020833333333334 0.6416666666666667 0.2796875 0.6583333333333333 0.28177083333333336 0.6694444444444444
3 0.20416666666666666 0.6064814814814815 0.20885416666666667 0.6074074074074074 0.21197916666666666 0.5768518518518518 0.21041666666666667 0.5685185185185185 0.20833333333333334 0.5638888888888889 0.20416666666666666 0.5638888888888889 0.19895833333333332 0.575925925925926 0.19791666666666666 0.5990740740740741 0.20416666666666666 0.6064814814814815
0 0.9036458333333334 0.7018518518518518 0.9005208333333333 0.6925925925925925 0.8989583333333333 0.6944444444444444 0.9005208333333333 0.7092592592592593 0.9036458333333334 0.7018518518518518
4 0.3578125 0.7018518518518518 0.35989583333333336 0.7 0.36041666666666666 0.6787037037037037 0.3640625 0.6574074074074074 0.3572916666666667 0.6407407407407407 0.3536458333333333 0.6407407407407407 0.35052083333333334 0.65 0.35260416666666666 0.6972222222222222 0.3578125 0.7018518518518518
4 0.5552083333333333 0.7203703703703703 0.5734375 0.7212962962962963 0.5703125 0.7 0.5723958333333333 0.6851851851851852 0.5682291666666667 0.6638888888888889 0.5635416666666667 0.6546296296296297 0.5604166666666667 0.6574074074074074 0.5572916666666666 0.6694444444444444 0.5578125 0.6981481481481482 0.5552083333333333 0.7203703703703703
4 0.4317708333333333 0.6935185185185185 0.43385416666666665 0.6898148148148148 0.43697916666666664 0.6620370370370371 0.4328125 0.637962962962963 0.42864583333333334 0.6416666666666667 0.4265625 0.6601851851851852 0.42604166666666665 0.6888888888888889 0.4317708333333333 0.6935185185185185
5 0.3807291666666667 0.6333333333333333 0.3828125 0.6305555555555555 0.38333333333333336 0.6148148148148148 0.3802083333333333 0.5907407407407408 0.3765625 0.5888888888888889 0.37447916666666664 0.5953703703703703 0.37552083333333336 0.6296296296296297 0.3807291666666667 0.6333333333333333
5 0.1796875 0.8405555555555555 0.17916666666666667 0.8518518518518519 0.17291666666666666 0.8685185185185185 0.1734375 0.8740740740740741 0.17708333333333334 0.8777777777777778 0.19322916666666667 0.8768518518518519 0.19010416666666666 0.8638888888888889 0.19166666666666668 0.8453703703703703 0.1875 0.7944444444444444 0.18541666666666667 0.7907407407407407 0.18229166666666666 0.7916666666666666 0.1765625 0.8046296296296296 0.1796875 0.825 0.1796875 0.8405555555555555
5 0.1609375 0.6574074074074074 0.16041666666666668 0.6638888888888889 0.16197916666666667 0.6666666666666666 0.16927083333333334 0.6601851851851852 0.17395833333333333 0.6666666666666666 0.17552083333333332 0.6657407407407407 0.17552083333333332 0.6555555555555556 0.17291666666666666 0.6185185185185185 0.16979166666666667 0.6129629629629629 0.16666666666666666 0.6212962962962963 0.16510416666666666 0.65 0.1609375 0.6574074074074074
4 0.496875 0.6472222222222223 0.5020833333333333 0.649074074074074 0.5041666666666667 0.6453703703703704 0.5041666666666667 0.587037037037037 0.5020833333333333 0.5824074074074074 0.49583333333333335 0.5833333333333334 0.49583333333333335 0.6435185185185185 0.496875 0.6472222222222223
5 0.10989583333333333 0.6962962962962963 0.11197916666666667 0.700925925925926 0.121875 0.7018518518518518 0.121875 0.6648148148148149 0.12447916666666667 0.6564814814814814 0.12135416666666667 0.6407407407407407 0.1171875 0.6388888888888888 0.1109375 0.6574074074074074 0.1140625 0.6796296296296296 0.10989583333333333 0.6962962962962963
3 0.30919270833333334 0.5768888888888889 0.013041666666666648 0.0525833333333333