4 0.13854166666666667 0.8527777777777777 0.14479166666666668 0.8490740740740741 0.1546875 0.85 0.14635416666666667 0.7638888888888888 0.14166666666666666 0.7657407407407407 0.1375 0.7824074074074074 0.13697916666666668 0.8490740740740741 0.13854166666666667 0.8527777777777777
3 0.915625 0.9888888888888889 0.9328125 0.975 0.9354166666666667 0.9814814814814815 0.9348958333333334 0.9990740740740741 0.9510416666666667 0.9990740740740741 0.9510416666666667 0.9694444444444444 0.9546875 0.9666666666666667 0.9546875 0.9388888888888889 0.94375 0.9092592592592592 0.9390625 0.9120370370370371 0.9265625 0.9666666666666667 0.915625 0.975 0.9125 0.9814814814814815 0.9125 0.987037037037037 0.915625 0.9888888888888889
3 0.5802083333333333 0.6722222222222223 0.5828125 0.662962962962963 0.5911458333333334 0.6731481481481482 0.5921875 0.6675925925925926 0.5895833333333333 0.6509259259259259 0.5916666666666667 0.6287037037037037 0.5875 0.6129629629629629 0.5833333333333334 0.6175925925925926 0.5765625 0.6694444444444444 0.5802083333333333 0.6722222222222223
4 0.42239583333333336 0.6694444444444444 0.4276041666666667 0.6731481481481482 0.4328125 0.6657407407407407 0.434375 0.637962962962963 0.4328125 0.6277777777777778 0.428125 0.6185185185185185 0.4244791666666667 0.6222222222222222 0.421875 0.6324074074074074 0.42239583333333336 0.6694444444444444
4 0.6151041666666667 0.7435185185185185 0.6234375 0.737037037037037 0.6213541666666667 0.725 0.621875 0.6981481481481482 0.61875 0.6814814814814815 0.6145833333333334 0.6796296296296296 0.6119791666666666 0.6898148148148148 0.6114583333333333 0.7398148148148148 0.6151041666666667 0.7435185185185185
0 0.31145833333333334 0.6185185185185185 0.309375 0.6055555555555555 0.30625 0.6027777777777777 0.30416666666666664 0.6083333333333333 0.3046875 0.6203703703703703 0.31145833333333334 0.6185185185185185
5 0.34270833333333334 0.7194444444444444 0.34479166666666666 0.7351851851851852 0.3494791666666667 0.737037037037037 0.3484375 0.712037037037037 0.35052083333333334 0.7046296296296296 0.34739583333333335 0.6861111111111111 0.3421875 0.674074074074074 0.33645833333333336 0.6861111111111111 0.3375 0.7092592592592593 0.34270833333333334 0.7194444444444444
4 0.7927083333333333 0.8342592592592593 0.8 0.8287037037037037 0.8067708333333333 0.8314814814814815 0.8078125 0.8268518518518518 0.8046875 0.8138888888888889 0.8057291666666667 0.7675925925925926 0.8015625 0.7518518518518519 0.7994791666666666 0.7490740740740741 0.7963541666666667 0.7509259259259259 0.7911458333333333 0.7675925925925926 0.7911458333333333 0.8314814814814815 0.7927083333333333 0.8342592592592593
5 0.5177083333333333 0.6462962962962963 0.5203125 0.6425925925925926 0.5192708333333333 0.6305555555555555 0.5223958333333333 0.6148148148148148 0.5197916666666667 0.6 0.5130208333333334 0.5981481481481481 0.5125 0.6425925925925926 0.5177083333333333 0.6462962962962963
5 0.1953125 0.6666666666666666 0.2046875 0.6675925925925926 0.20677083333333332 0.637962962962963 0.2046875 0.612037037037037 0.20104166666666667 0.6101851851851852 0.19479166666666667 0.6231481481481481 0.19635416666666666 0.6435185185185185 0.1953125 0.6666666666666666
4 0.30364583333333334 0.6064814814814815 0.30364583333333334 0.6185185185185185 0.31197916666666664 0.6194444444444445 0.3067708333333333 0.575 0.3026041666666667 0.5740740740740741 0.3 0.5824074074074074 0.2994791666666667 0.5916666666666667 0.30364583333333334 0.6064814814814815
5 0.6333333333333333 0.6842592592592592 0.6328125 0.7138888888888889 0.6348958333333333 0.7166666666666667 0.6411458333333333 0.7092592592592593 0.640625 0.6666666666666666 0.6380208333333334 0.6564814814814814 0.6328125 0.6564814814814814 0.6302083333333334 0.6657407407407407 0.6333333333333333 0.6842592592592592
4 0.7666666666666667 0.6833333333333333 0.775 0.6814814814814815 0.7770833333333333 0.6388888888888888 0.7713541666666667 0.6240740740740741 0.7671875 0.625 0.7640625 0.6351851851851852 0.7635416666666667 0.6805555555555556 0.7666666666666667 0.6833333333333333
5 0.7838541666666666 0.6666666666666666 0.7869791666666667 0.6675925925925926 0.7947916666666667 0.6601851851851852 0.7947916666666667 0.6259259259259259 0.7927083333333333 0.6194444444444445 0.7864583333333334 0.612037037037037 0.78125 0.6342592592592593 0.7807291666666667 0.6574074074074074 0.7838541666666666 0.6666666666666666
4 0.7359375 0.6212962962962963 0.7385416666666667 0.6185185185185185 0.7354166666666667 0.6055555555555555 0.7348958333333333 0.575 0.7322916666666667 0.5694444444444444 0.7276041666666667 0.5703703703703704 0.728125 0.6194444444444445 0.7359375 0.6212962962962963
5 0.4901041666666667 0.6259259259259259 0.49375 0.6277777777777778 0.4973958333333333 0.6231481481481481 0.4953125 0.6166666666666667 0.4984375 0.5925925925925926 0.49375 0.575 0.48802083333333335 0.5842592592592593 0.4875 0.6064814814814815 0.4901041666666667 0.6259259259259259
5 0.7552083333333334 0.6305555555555555 0.759375 0.6324074074074074 0.7625 0.6268518518518519 0.7604166666666666 0.6222222222222222 0.7645833333333333 0.5953703703703703 0.7625 0.575 0.7557291666666667 0.5722222222222222 0.7536458333333333 0.5898148148148148 0.7526041666666666 0.6148148148148148 0.7552083333333334 0.6305555555555555
4 0.4041666666666667 0.6407407407407407 0.40572916666666664 0.6342592592592593 0.4036458333333333 0.6194444444444445 0.40677083333333336 0.6037037037037037 0.4015625 0.5925925925925926 0.39739583333333334 0.600925925925926 0.3927083333333333 0.6388888888888888 0.4041666666666667 0.6407407407407407
3 0.23385416666666667 0.5981481481481481 0.23489583333333333 0.5638888888888889 0.23125 0.5583333333333333 0.2265625 0.5675925925925925 0.22447916666666667 0.5944444444444444 0.23385416666666667 0.5981481481481481
5 0.33645833333333336 0.65 0.3375 0.6527777777777778 0.346875 0.65 0.3494791666666667 0.6527777777777778 0.35104166666666664 0.65 0.3494791666666667 0.6175925925925926 0.3458333333333333 0.6018518518518519 0.34270833333333334 0.6046296296296296 0.33958333333333335 0.6175925925925926 0.3416666666666667 0.6361111111111111 0.33645833333333336 0.65
4 0.5208333333333334 0.6083333333333333 0.5244791666666667 0.6055555555555555 0.5291666666666667 0.6111111111111112 0.5317708333333333 0.6074074074074074 0.5296875 0.5962962962962963 0.5307291666666667 0.5833333333333334 0.525 0.5666666666666667 0.5208333333333334 0.5666666666666667 0.5192708333333333 0.5712962962962963 0.5182291666666666 0.6037037037037037 0.5208333333333334 0.6083333333333333