5 0.8192708333333333 0.6342592592592593 0.8265625 0.625 0.83125 0.6342592592592593 0.8322916666666667 0.6259259259259259 0.8265625 0.6129629629629629 0.8265625 0.5944444444444444 0.8229166666666666 0.5777777777777777 0.8192708333333333 0.5796296296296296 0.8177083333333334 0.5907407407407408 0.8161458333333333 0.6342592592592593 0.8192708333333333 0.6342592592592593
4 0.5729166666666666 0.5638888888888889 0.5729166666666666 0.5925925925925926 0.5744791666666667 0.5953703703703703 0.5796875 0.5907407407407408 0.5875 0.5925925925925926 0.5875 0.587037037037037 0.5817708333333333 0.5731481481481482 0.5822916666666667 0.5537037037037037 0.5755208333333334 0.5462962962962963 0.5703125 0.5555555555555556 0.5729166666666666 0.5638888888888889
5 0.7401041666666667 0.6305555555555555 0.746875 0.6287037037037037 0.7494791666666667 0.6212962962962963 0.7473958333333334 0.6148148148148148 0.7484375 0.5953703703703703 0.7463541666666667 0.5814814814814815 0.7427083333333333 0.5777777777777777 0.7375 0.5888888888888889 0.7390625 0.5925925925925926 0.7401041666666667 0.6305555555555555
4 0.153125 0.6333333333333333 0.16145833333333334 0.6305555555555555 0.16041666666666668 0.6101851851851852 0.1640625 0.5990740740740741 0.1609375 0.5833333333333334 0.15729166666666666 0.5814814814814815 0.15104166666666666 0.5916666666666667 0.14947916666666666 0.6055555555555555 0.15 0.637962962962963 0.153125 0.6333333333333333
4 0.9005208333333333 0.6055555555555555 0.9015625 0.6018518518518519 0.8979166666666667 0.5888888888888889 0.8947916666666667 0.562962962962963 0.890625 0.562962962962963 0.8890625 0.5777777777777777 0.8885416666666667 0.6055555555555555 0.9005208333333333 0.6055555555555555
4 0.3375 0.5537037037037037 0.3416666666666667 0.5518518518518518 0.34427083333333336 0.525 0.3416666666666667 0.5101851851851852 0.3380208333333333 0.5148148148148148 0.3302083333333333 0.5481481481481482 0.3375 0.5537037037037037
4 0.8916666666666667 0.6620370370370371 0.8963541666666667 0.6657407407407407 0.8994791666666667 0.6620370370370371 0.8963541666666667 0.6472222222222223 0.8973958333333333 0.6175925925925926 0.8921875 0.6018518518518519 0.8885416666666667 0.6064814814814815 0.8880208333333334 0.612037037037037 0.8869791666666667 0.6453703703703704 0.8916666666666667 0.6620370370370371
4 0.36875 0.6166666666666667 0.3729166666666667 0.6166666666666667 0.3734375 0.6101851851851852 0.365625 0.5657407407407408 0.3619791666666667 0.5648148148148148 0.36041666666666666 0.5740740740740741 0.36041666666666666 0.6027777777777777 0.36875 0.6166666666666667
3 0.290625 0.525 0.29375 0.5222222222222223 0.29739583333333336 0.5018518518518519 0.2947916666666667 0.4925925925925926 0.2890625 0.5009259259259259 0.2869791666666667 0.5101851851851852 0.290625 0.525
5 0.6697916666666667 0.662962962962963 0.6739583333333333 0.6638888888888889 0.6760416666666667 0.6537037037037037 0.6770833333333334 0.6074074074074074 0.6734375 0.5981481481481481 0.6697916666666667 0.5981481481481481 0.6666666666666666 0.6101851851851852 0.6666666666666666 0.6444444444444445 0.6697916666666667 0.662962962962963
4 0.9442708333333333 0.5638888888888889 0.9505208333333334 0.5768518518518518 0.9546875 0.5768518518518518 0.9526041666666667 0.5444444444444444 0.9473958333333333 0.5287037037037037 0.9442708333333333 0.5333333333333333 0.9427083333333334 0.5472222222222223 0.9442708333333333 0.5638888888888889
1 0.06458333333333334 0.5916666666666667 0.0609375 0.5953703703703703 0.06197916666666667 0.6 0.06770833333333333 0.600925925925926 0.07604166666666666 0.5925925925925926 0.08020833333333334 0.5972222222222222 0.08645833333333333 0.5916666666666667 0.08229166666666667 0.587037037037037 0.08072916666666667 0.5787037037037037 0.0828125 0.5675925925925925 0.08177083333333333 0.562037037037037 0.06822916666666666 0.5601851851851852 0.06666666666666667 0.5638888888888889 0.06770833333333333 0.5791666666666667 0.06458333333333334 0.5916666666666667
5 0.38125 0.6287037037037037 0.3848958333333333 0.6222222222222222 0.3854166666666667 0.6018518518518519 0.3875 0.5944444444444444 0.38125 0.5777777777777777 0.37864583333333335 0.5796296296296296 0.3765625 0.5898148148148148 0.378125 0.6268518518518519 0.38125 0.6287037037037037
5 0.8630208333333333 0.6083333333333333 0.8661458333333333 0.6333333333333333 0.8640625 0.6407407407407407 0.8651041666666667 0.6537037037037037 0.871875 0.6444444444444445 0.8776041666666666 0.6481481481481481 0.8791666666666667 0.6425925925925926 0.8760416666666667 0.6314814814814815 0.8744791666666667 0.5953703703703703 0.8692708333333333 0.5888888888888889 0.8661458333333333 0.5888888888888889 0.8645833333333334 0.5935185185185186 0.865625 0.5981481481481481 0.8630208333333333 0.6083333333333333
4 0.9302083333333333 0.6731481481481482 0.9401041666666666 0.6731481481481482 0.9416666666666667 0.6703703703703704 0.9427083333333334 0.6305555555555555 0.9411458333333333 0.6212962962962963 0.9359375 0.6101851851851852 0.9328125 0.612037037037037 0.9276041666666667 0.6333333333333333 0.9276041666666667 0.6592592592592592 0.9302083333333333 0.6731481481481482
4 0.6739583333333333 0.5703703703703704 0.6776041666666667 0.5712962962962963 0.68125 0.5685185185185185 0.6817708333333333 0.5518518518518518 0.6817708333333333 0.5361111111111111 0.6786458333333333 0.5268518518518519 0.6755208333333333 0.5287037037037037 0.6734375 0.5407407407407407 0.671875 0.5638888888888889 0.6739583333333333 0.5703703703703704
5 0.725 0.5583333333333333 0.7270833333333333 0.5712962962962963 0.7307291666666667 0.575925925925926 0.7348958333333333 0.575925925925926 0.7380208333333333 0.5675925925925925 0.7354166666666667 0.5564814814814815 0.7369791666666666 0.5398148148148149 0.7333333333333333 0.5277777777777778 0.7296875 0.5287037037037037 0.7244791666666667 0.549074074074074 0.725 0.5583333333333333
3 0.7088541666666667 0.5370370370370371 0.7125 0.5148148148148148 0.7114583333333333 0.5009259259259259 0.7041666666666667 0.49722222222222223 0.7010416666666667 0.5166666666666667 0.7005208333333334 0.5277777777777778 0.7088541666666667 0.5370370370370371
4 0.7203125 0.5990740740740741 0.7244791666666667 0.6018518518518519 0.728125 0.5879629629629629 0.7270833333333333 0.5768518518518518 0.7286458333333333 0.5675925925925925 0.7270833333333333 0.5611111111111111 0.7223958333333333 0.5555555555555556 0.7177083333333333 0.5601851851851852 0.7171875 0.5740740740740741 0.7203125 0.5990740740740741
0 0.06822916666666666 0.5787037037037037 0.07239583333333334 0.575925925925926 0.07552083333333333 0.5666666666666667 0.07239583333333334 0.5601851851851852 0.06770833333333333 0.5592592592592592 0.06614583333333333 0.5666666666666667 0.06822916666666666 0.5787037037037037
5 0.8671875 0.5925925925925926 0.8697916666666666 0.5888888888888889 0.8703125 0.5518518518518518 0.86875 0.5444444444444444 0.8645833333333334 0.5444444444444444 0.8625 0.5537037037037037 0.8625 0.5888888888888889 0.8671875 0.5925925925925926
3 0.675 0.6055555555555555 0.675 0.5972222222222222 0.68125 0.5675925925925925 0.6786458333333333 0.5555555555555556 0.6713541666666667 0.562962962962963 0.6692708333333334 0.5777777777777777 0.6692708333333334 0.6027777777777777 0.675 0.6055555555555555