4 0.10208333333333333 0.8870370370370371 0.10364583333333334 0.8888888888888888 0.10677083333333333 0.8851851851851852 0.11458333333333333 0.8898148148148148 0.115625 0.8953703703703704 0.12135416666666667 0.8953703703703704 0.1265625 0.8490740740740741 0.12239583333333333 0.8055555555555556 0.11875 0.8018518518518518 0.11510416666666666 0.8055555555555556 0.10729166666666666 0.8296296296296296 0.109375 0.8527777777777777 0.10208333333333333 0.8870370370370371
5 0.10989583333333333 0.7518518518518519 0.11145833333333334 0.7574074074074074 0.1171875 0.7555555555555555 0.1171875 0.7472222222222222 0.12135416666666667 0.7388888888888889 0.12395833333333334 0.7388888888888889 0.12604166666666666 0.7555555555555555 0.13072916666666667 0.7527777777777778 0.12916666666666668 0.7407407407407407 0.13177083333333334 0.6898148148148148 0.12708333333333333 0.6907407407407408 0.12239583333333333 0.700925925925926 0.11614583333333334 0.7351851851851852 0.10989583333333333 0.7518518518518519
4 0.3614583333333333 0.8962962962962963 0.36666666666666664 0.8870370370370371 0.375 0.8805555555555555 0.37916666666666665 0.887962962962963 0.3776041666666667 0.9027777777777778 0.384375 0.9037037037037037 0.3885416666666667 0.8185185185185185 0.38697916666666665 0.8138888888888889 0.38229166666666664 0.8138888888888889 0.37447916666666664 0.8314814814814815 0.36875 0.875 0.35833333333333334 0.8851851851851852 0.3578125 0.8916666666666667 0.3614583333333333 0.8962962962962963
5 0.16302083333333334 0.9287037037037037 0.16302083333333334 0.9435185185185185 0.16822916666666668 0.9453703703703704 0.17083333333333334 0.9416666666666667 0.17083333333333334 0.9287037037037037 0.1671875 0.9111111111111111 0.1734375 0.8805555555555555 0.165625 0.850925925925926 0.16041666666666668 0.8527777777777777 0.15625 0.8722222222222222 0.15572916666666667 0.9148148148148149 0.16302083333333334 0.9287037037037037
4 0.4473958333333333 0.8342592592592593 0.46458333333333335 0.8185185185185185 0.4666666666666667 0.8212962962962963 0.4640625 0.837037037037037 0.4661458333333333 0.8398148148148148 0.4708333333333333 0.8379629629629629 0.47291666666666665 0.8222222222222222 0.4708333333333333 0.8027777777777778 0.47604166666666664 0.7907407407407407 0.4739583333333333 0.7722222222222223 0.4703125 0.7712962962962963 0.4640625 0.7787037037037037 0.4588541666666667 0.7935185185185185 0.4546875 0.8157407407407408 0.44583333333333336 0.825925925925926 0.4453125 0.8305555555555556 0.4473958333333333 0.8342592592592593
4 0.08020833333333334 0.774074074074074 0.084375 0.7768518518518519 0.0921875 0.7703703703703704 0.0953125 0.7564814814814815 0.0953125 0.7407407407407407 0.09270833333333334 0.7324074074074074 0.09322916666666667 0.700925925925926 0.08854166666666667 0.700925925925926 0.08333333333333333 0.7175925925925926 0.08385416666666666 0.7555555555555555 0.08020833333333334 0.774074074074074
4 0.5286458333333334 0.8101851851851852 0.5328125 0.8166666666666667 0.5354166666666667 0.8148148148148148 0.5354166666666667 0.7527777777777778 0.5328125 0.7351851851851852 0.5296875 0.737037037037037 0.5223958333333333 0.7518518518518519 0.5197916666666667 0.7824074074074074 0.5182291666666666 0.8138888888888889 0.5286458333333334 0.8101851851851852
5 0.5651041666666666 0.8398148148148148 0.5583333333333333 0.8638888888888889 0.5598958333333334 0.8731481481481481 0.5619791666666667 0.8685185185185185 0.5734375 0.862037037037037 0.571875 0.8490740740740741 0.578125 0.8166666666666667 0.5770833333333333 0.8055555555555556 0.5713541666666667 0.7888888888888889 0.5677083333333334 0.7888888888888889 0.5630208333333333 0.8055555555555556 0.5625 0.8296296296296296 0.5651041666666666 0.8398148148148148
4 0.5015625 0.7333333333333333 0.50625 0.7361111111111112 0.509375 0.7333333333333333 0.5104166666666666 0.725925925925926 0.5104166666666666 0.6851851851851852 0.5052083333333334 0.6731481481481482 0.49947916666666664 0.6861111111111111 0.49947916666666664 0.725 0.5015625 0.7333333333333333
5 0.22135416666666666 0.6953703703703704 0.22552083333333334 0.6675925925925926 0.22395833333333334 0.6370370370370371 0.21927083333333333 0.6407407407407407 0.21666666666666667 0.6638888888888889 0.21614583333333334 0.6925925925925925 0.22135416666666666 0.6953703703703704
5 0.4666666666666667 0.7277777777777777 0.4703125 0.7240740740740741 0.4734375 0.6851851851851852 0.46822916666666664 0.6675925925925926 0.46510416666666665 0.6694444444444444 0.46197916666666666 0.6925925925925925 0.46197916666666666 0.712037037037037 0.4666666666666667 0.7277777777777777
5 0.7489583333333333 0.7 0.753125 0.7018518518518518 0.7552083333333334 0.6981481481481482 0.7572916666666667 0.6601851851851852 0.7546875 0.6453703703703704 0.7515625 0.6435185185185185 0.75 0.65 0.7479166666666667 0.6851851851851852 0.7489583333333333 0.7
3 0.3734375 0.7916666666666666 0.3765625 0.8027777777777778 0.3807291666666667 0.8027777777777778 0.38333333333333336 0.7870370370370371 0.3875 0.7796296296296297 0.38697916666666665 0.7231481481481481 0.38229166666666664 0.7231481481481481 0.3765625 0.75 0.37864583333333335 0.7796296296296297 0.3734375 0.7916666666666666
4 0.3609375 0.662962962962963 0.3645833333333333 0.662962962962963 0.3697916666666667 0.6314814814814815 0.36822916666666666 0.6166666666666667 0.3651041666666667 0.6083333333333333 0.35989583333333336 0.6157407407407407 0.3572916666666667 0.625 0.35885416666666664 0.6574074074074074 0.3609375 0.662962962962963
5 0.46770833333333334 0.7731481481481481 0.4744791666666667 0.7777777777777778 0.4765625 0.7592592592592593 0.48125 0.7518518518518519 0.478125 0.7287037037037037 0.4765625 0.7240740740740741 0.4708333333333333 0.7212962962962963 0.46510416666666665 0.7314814814814815 0.46458333333333335 0.7564814814814815 0.46770833333333334 0.7731481481481481
3 0.6286458333333333 0.5944444444444444 0.6307291666666667 0.6129629629629629 0.634375 0.6138888888888889 0.6380208333333334 0.5842592592592593 0.6375 0.5685185185185185 0.6348958333333333 0.5611111111111111 0.6296875 0.562962962962963 0.628125 0.5694444444444444 0.6286458333333333 0.5944444444444444
5 0.86875 0.7824074074074074 0.8713541666666667 0.7787037037037037 0.8713541666666667 0.7611111111111111 0.8729166666666667 0.7564814814814815 0.8807291666666667 0.7509259259259259 0.8817708333333333 0.7435185185185185 0.8770833333333333 0.7342592592592593 0.8723958333333334 0.7101851851851851 0.86875 0.7074074074074074 0.8661458333333333 0.7138888888888889 0.8651041666666667 0.7796296296296297 0.86875 0.7824074074074074
3 0.3067708333333333 0.6046296296296296 0.31197916666666664 0.600925925925926 0.3140625 0.6037037037037037 0.31302083333333336 0.5879629629629629 0.3151041666666667 0.5787037037037037 0.31302083333333336 0.5601851851851852 0.3104166666666667 0.5564814814814815 0.3072916666666667 0.5583333333333333 0.30364583333333334 0.5685185185185185 0.3046875 0.6027777777777777 0.3067708333333333 0.6046296296296296
3 0.9625 0.987037037037037 0.9739583333333334 0.9842592592592593 0.9744791666666667 0.9990740740740741 0.9791666666666666 0.9990740740740741 0.9807291666666667 0.987037037037037 0.984375 0.9824074074074074 0.9890625 0.9861111111111112 0.990625 0.9990740740740741 0.9958333333333333 0.9990740740740741 0.9947916666666666 0.9657407407407408 0.996875 0.9435185185185185 0.9942708333333333 0.9314814814814815 0.9869791666666666 0.9148148148148149 0.9822916666666667 0.9138888888888889 0.98125 0.9166666666666666 0.9723958333333333 0.9703703703703703 0.9583333333333334 0.9796296296296296 0.9578125 0.9824074074074074 0.9625 0.987037037037037
5 0.86875 0.9203703703703704 0.8729166666666667 0.9231481481481482 0.8760416666666667 0.9138888888888889 0.8796875 0.8601851851851852 0.8708333333333333 0.8342592592592593 0.8677083333333333 0.8333333333333334 0.8651041666666667 0.837037037037037 0.8666666666666667 0.9138888888888889 0.86875 0.9203703703703704
0 0.571875 0.8648148148148148 0.5734375 0.8601851851851852 0.5708333333333333 0.8416666666666667 0.5666666666666667 0.8407407407407408 0.5598958333333334 0.8601851851851852 0.5604166666666667 0.8694444444444445 0.571875 0.8648148148148148
5 0.38177083333333334 0.6305555555555555 0.384375 0.6277777777777778 0.3880208333333333 0.5990740740740741 0.384375 0.5861111111111111 0.38125 0.587037037037037 0.37864583333333335 0.5953703703703703 0.378125 0.6268518518518519 0.38177083333333334 0.6305555555555555
4 0.35505729166666666 0.7094351851851852 0.01931249999999996 0.08624074074074084
4 0.19947916666666668 0.687962962962963 0.2015625 0.6851851851851852 0.2046875 0.6583333333333333 0.20364583333333333 0.6305555555555555 0.20052083333333334 0.6277777777777778 0.1953125 0.6407407407407407 0.19479166666666667 0.6851851851851852 0.19947916666666668 0.687962962962963
4 0.1265625 0.6898148148148148 0.1328125 0.6898148148148148 0.1390625 0.675 0.13645833333333332 0.6574074074074074 0.13072916666666667 0.6453703703703704 0.125 0.6601851851851852 0.1234375 0.6805555555555556 0.1265625 0.6898148148148148