4 0.2109375 0.612037037037037 0.20989583333333334 0.6361111111111111 0.2125 0.6407407407407407 0.215625 0.6361111111111111 0.2203125 0.6407407407407407 0.22239583333333332 0.6342592592592593 0.22239583333333332 0.5879629629629629 0.2203125 0.5814814814814815 0.21458333333333332 0.5861111111111111 0.209375 0.6027777777777777 0.2109375 0.612037037037037
3 0.9286458333333333 0.9814814814814815 0.934375 0.9990740740740741 0.9385416666666667 0.9842592592592593 0.9432291666666667 0.9888888888888889 0.9442708333333333 0.9990740740740741 0.9489583333333333 0.9990740740740741 0.9484375 0.9592592592592593 0.9510416666666667 0.9546296296296296 0.9520833333333333 0.9407407407407408 0.9432291666666667 0.912962962962963 0.9385416666666667 0.9157407407407407 0.93125 0.9435185185185185 0.93125 0.9703703703703703 0.9286458333333333 0.9814814814814815
4 0.05677083333333333 0.6916666666666667 0.06145833333333333 0.6814814814814815 0.06510416666666667 0.6805555555555556 0.0671875 0.6888888888888889 0.071875 0.6888888888888889 0.0671875 0.6620370370370371 0.06822916666666666 0.6314814814814815 0.0625 0.6351851851851852 0.058333333333333334 0.6537037037037037 0.05520833333333333 0.6898148148148148 0.05677083333333333 0.6916666666666667
4 0.5083333333333333 0.6583333333333333 0.5098958333333333 0.6620370370370371 0.5182291666666666 0.6564814814814814 0.5203125 0.6222222222222222 0.5177083333333333 0.6138888888888889 0.5135416666666667 0.6101851851851852 0.5088541666666667 0.6231481481481481 0.5098958333333333 0.6444444444444445 0.5083333333333333 0.6583333333333333
5 0.18489583333333334 0.6731481481481482 0.19010416666666666 0.6777777777777778 0.19739583333333333 0.6388888888888888 0.19635416666666666 0.6203703703703703 0.19270833333333334 0.6166666666666667 0.18645833333333334 0.6324074074074074 0.18802083333333333 0.6555555555555556 0.18489583333333334 0.6731481481481482
4 0.6041666666666666 0.7666666666666667 0.6067708333333334 0.7638888888888888 0.6083333333333333 0.7175925925925926 0.6052083333333333 0.6935185185185185 0.6020833333333333 0.6925925925925925 0.5963541666666666 0.7083333333333334 0.5921875 0.762962962962963 0.6041666666666666 0.7666666666666667
5 0.7145833333333333 0.6546296296296297 0.7208333333333333 0.6583333333333333 0.7223958333333333 0.6537037037037037 0.7177083333333333 0.6425925925925926 0.7192708333333333 0.6203703703703703 0.7171875 0.6064814814814815 0.7130208333333333 0.6074074074074074 0.7083333333333334 0.649074074074074 0.7083333333333334 0.6583333333333333 0.7145833333333333 0.6546296296296297
5 0.8135416666666667 0.6768518518518518 0.8130208333333333 0.6935185185185185 0.8145833333333333 0.6962962962962963 0.8177083333333334 0.6935185185185185 0.8203125 0.6842592592592592 0.8229166666666666 0.6657407407407407 0.8229166666666666 0.6537037037037037 0.8182291666666667 0.637962962962963 0.8140625 0.6388888888888888 0.8104166666666667 0.6555555555555556 0.8098958333333334 0.6657407407407407 0.8135416666666667 0.6768518518518518
3 0.8317708333333333 0.6203703703703703 0.8333333333333334 0.6185185185185185 0.8307291666666666 0.6083333333333333 0.8322916666666667 0.5824074074074074 0.8296875 0.5768518518518518 0.8260416666666667 0.5768518518518518 0.8239583333333333 0.587037037037037 0.821875 0.6185185185185185 0.8317708333333333 0.6203703703703703
5 0.7307291666666667 0.7435185185185185 0.7307291666666667 0.7675925925925926 0.7328125 0.7694444444444445 0.7359375 0.7657407407407407 0.7421875 0.7203703703703703 0.7401041666666667 0.7092592592592593 0.7359375 0.7027777777777777 0.7296875 0.7166666666666667 0.7286458333333333 0.7296296296296296 0.7307291666666667 0.7435185185185185
4 0.371875 0.6620370370370371 0.3729166666666667 0.6787037037037037 0.3770833333333333 0.6814814814814815 0.3796875 0.6777777777777778 0.37916666666666665 0.6546296296296297 0.38125 0.6361111111111111 0.3765625 0.6212962962962963 0.3729166666666667 0.6203703703703703 0.371875 0.6240740740740741 0.36822916666666666 0.6509259259259259 0.371875 0.6620370370370371
4 0.15416666666666667 0.6166666666666667 0.159375 0.6138888888888889 0.16197916666666667 0.5833333333333334 0.15885416666666666 0.5657407407407408 0.1546875 0.5731481481481482 0.15104166666666666 0.6064814814814815 0.15416666666666667 0.6166666666666667
4 0.2359375 0.5879629629629629 0.23958333333333334 0.5953703703703703 0.24233020833333332 0.5940361111111111 0.24136614583333332 0.5867509259259259 0.24375 0.5805555555555556 0.24375 0.5592592592592592 0.23854166666666668 0.5555555555555556 0.234375 0.5703703703703704 0.2328125 0.587037037037037 0.2359375 0.5879629629629629
5 0.39479166666666665 0.6240740740740741 0.4005208333333333 0.6259259259259259 0.40260416666666665 0.6222222222222222 0.4036458333333333 0.6027777777777777 0.40625 0.5944444444444444 0.4036458333333333 0.5796296296296296 0.39947916666666666 0.5796296296296296 0.3953125 0.5944444444444444 0.3963541666666667 0.6129629629629629 0.39479166666666665 0.6240740740740741
4 0.17708333333333334 0.6092592592592593 0.1875 0.6092592592592593 0.19322916666666667 0.6037037037037037 0.19322916666666667 0.5990740740740741 0.18854166666666666 0.5925925925925926 0.18229166666666666 0.5907407407407408 0.17604166666666668 0.600925925925926 0.175 0.6074074074074074 0.17708333333333334 0.6092592592592593
5 0.6036458333333333 0.687962962962963 0.6072916666666667 0.6888888888888889 0.6109375 0.6851851851851852 0.6140625 0.6472222222222223 0.6072916666666667 0.6324074074074074 0.6026041666666667 0.6481481481481481 0.6026041666666667 0.6833333333333333 0.6036458333333333 0.687962962962963
5 0.10520833333333333 0.6935185185185185 0.10416666666666667 0.6824074074074075 0.10729166666666666 0.6694444444444444 0.103125 0.6462962962962963 0.09895833333333333 0.6462962962962963 0.09166666666666666 0.6648148148148149 0.09114583333333333 0.6944444444444444 0.10520833333333333 0.6935185185185185
5 0.19479166666666667 0.5953703703703703 0.196875 0.5990740740740741 0.20520833333333333 0.5953703703703703 0.20833333333333334 0.5888888888888889 0.20833333333333334 0.5564814814814815 0.20364583333333333 0.5537037037037037 0.20052083333333334 0.5592592592592592 0.1984375 0.5888888888888889 0.19479166666666667 0.5953703703703703
3 0.3203125 0.6314814814814815 0.3203125 0.65 0.3229166666666667 0.6527777777777778 0.328125 0.6157407407407407 0.3260416666666667 0.5962962962962963 0.3223958333333333 0.5962962962962963 0.3177083333333333 0.6083333333333333 0.3171875 0.6231481481481481 0.3203125 0.6314814814814815
4 0.09583333333333334 0.6759259259259259 0.103125 0.6787037037037037 0.10572916666666667 0.6731481481481482 0.10416666666666667 0.649074074074074 0.10729166666666666 0.6222222222222222 0.103125 0.6157407407407407 0.09947916666666666 0.6166666666666667 0.09583333333333334 0.6277777777777778 0.09166666666666666 0.6638888888888889 0.09166666666666666 0.6722222222222223 0.09583333333333334 0.6759259259259259
0 0.24706770833333333 0.5911018518518518 0.005703125000000023 0.008870370370370303