4 0.6302083333333334 0.7824074074074074 0.6354166666666666 0.7842592592592592 0.6375 0.7736111111111111 0.6442708333333333 0.7620370370370371 0.6515625 0.775 0.6510416666666666 0.7814814814814814 0.6546875 0.7833333333333333 0.6567708333333333 0.7787037037037037 0.65625 0.7722222222222223 0.6484375 0.7527777777777778 0.6427083333333333 0.725 0.6375 0.7129629629629629 0.6328125 0.7148148148148148 0.6328125 0.7759259259259259 0.6302083333333334 0.7824074074074074
4 0.07604166666666666 0.8805555555555555 0.07708333333333334 0.8685185185185185 0.0859375 0.8611111111111112 0.08958333333333333 0.8796296296296297 0.09166666666666666 0.8833333333333333 0.0953125 0.8814814814814815 0.08854166666666667 0.837037037037037 0.09166666666666666 0.8333333333333334 0.09947916666666666 0.8379629629629629 0.09947916666666666 0.8342592592592593 0.08541666666666667 0.7981481481481482 0.0796875 0.7972222222222223 0.0703125 0.8212962962962963 0.07135416666666666 0.8805555555555555 0.07604166666666666 0.8805555555555555
4 0.38229166666666664 0.7175925925925926 0.3848958333333333 0.7203703703703703 0.39166666666666666 0.7083333333333334 0.39427083333333335 0.7083333333333334 0.39947916666666666 0.7203703703703703 0.403125 0.7194444444444444 0.4041666666666667 0.7157407407407408 0.3958333333333333 0.6888888888888889 0.3958333333333333 0.6824074074074075 0.4 0.6768518518518518 0.3953125 0.674074074074074 0.3921875 0.6611111111111111 0.3890625 0.6620370370370371 0.38645833333333335 0.6703703703703704 0.3859375 0.6929009259259259 0.38229166666666664 0.7175925925925926
4 0.5427083333333333 0.687037037037037 0.5401041666666667 0.7046296296296296 0.5442708333333334 0.7074074074074074 0.5484375 0.6972222222222222 0.553125 0.6962962962962963 0.55 0.6796296296296296 0.5515625 0.662962962962963 0.5447916666666667 0.649074074074074 0.5401041666666667 0.6611111111111111 0.5395833333333333 0.6694444444444444 0.5427083333333333 0.687037037037037
4 0.396875 0.8740740740740741 0.3958333333333333 0.8935185185185185 0.4 0.8953703703703704 0.4041666666666667 0.8907407407407407 0.40520833333333334 0.8666666666666667 0.41302083333333334 0.8342592592592593 0.4088541666666667 0.8046296296296296 0.403125 0.8064814814814815 0.3932291666666667 0.837037037037037 0.39114583333333336 0.8685185185185185 0.396875 0.8740740740740741
5 0.3182291666666667 0.8092592592592592 0.31979166666666664 0.8138888888888889 0.3177083333333333 0.825 0.31145833333333334 0.8435185185185186 0.3026041666666667 0.8518518518518519 0.3020833333333333 0.8564814814814815 0.3104166666666667 0.8592592592592593 0.3182291666666667 0.8444444444444444 0.325 0.8564814814814815 0.3255208333333333 0.8648148148148148 0.32760416666666664 0.8657407407407407 0.3302083333333333 0.8638888888888889 0.33177083333333335 0.8564814814814815 0.32447916666666665 0.8388888888888889 0.32864583333333336 0.8296296296296296 0.32864583333333336 0.812037037037037 0.33125 0.8009259259259259 0.3260416666666667 0.7833333333333333 0.31979166666666664 0.7833333333333333 0.3203125 0.7981481481481482 0.3182291666666667 0.8092592592592592
5 0.49166666666666664 0.725 0.4895833333333333 0.7425925925925926 0.49270833333333336 0.7777777777777778 0.49375 0.7833333333333333 0.4979166666666667 0.7833333333333333 0.5005208333333333 0.775 0.5 0.7601851851851852 0.5041666666666667 0.7351851851851852 0.4942708333333333 0.7111111111111111 0.4901041666666667 0.7129629629629629 0.4890625 0.7166666666666667 0.49166666666666664 0.725
5 0.8807291666666667 0.7462962962962963 0.8807291666666667 0.7592592592592593 0.8875 0.7759259259259259 0.8927083333333333 0.7759259259259259 0.8947916666666667 0.762962962962963 0.8916666666666667 0.7555555555555555 0.8901041666666667 0.7425925925925926 0.890625 0.725 0.884375 0.7074074074074074 0.8807291666666667 0.7055555555555556 0.8786458333333333 0.7111111111111111 0.8776041666666666 0.7361111111111112 0.8807291666666667 0.7462962962962963
4 0.12552083333333333 0.7074074074074074 0.13072916666666667 0.7027777777777777 0.134375 0.687962962962963 0.14635416666666667 0.6981481481481482 0.14635416666666667 0.6842592592592592 0.14427083333333332 0.6814814814814815 0.140625 0.6518518518518519 0.134375 0.6435185185185185 0.13072916666666667 0.6537037037037037 0.12395833333333334 0.7046296296296296 0.12552083333333333 0.7074074074074074
4 0.05572916666666667 0.7472222222222222 0.052083333333333336 0.7648148148148148 0.0640625 0.775 0.065625 0.7731481481481481 0.06510416666666667 0.7453703703703703 0.0609375 0.7 0.05677083333333333 0.6981481481481482 0.051041666666666666 0.712037037037037 0.04895833333333333 0.7240740740740741 0.05572916666666667 0.7472222222222222
3 0.31875 0.7833333333333333 0.32083333333333336 0.7768518518518519 0.3203125 0.7416666666666667 0.32395833333333335 0.7324074074074074 0.32395833333333335 0.7240740740740741 0.3151041666666667 0.7046296296296296 0.31197916666666664 0.7074074074074074 0.30885416666666665 0.7194444444444444 0.3104166666666667 0.7583333333333333 0.31875 0.7833333333333333
5 0.76875 0.6796296296296296 0.7713541666666667 0.6824074074074075 0.775 0.6685185185185185 0.7755208333333333 0.6435185185185185 0.7713541666666667 0.6277777777777778 0.7671875 0.6305555555555555 0.7661458333333333 0.6638888888888889 0.76875 0.6796296296296296
3 0.2671875 0.5990740740740741 0.271875 0.5925925925925926 0.2791666666666667 0.5990740740740741 0.278125 0.5666666666666667 0.27395833333333336 0.5601851851851852 0.2713541666666667 0.5611111111111111 0.26875 0.5694444444444444 0.26510416666666664 0.5972222222222222 0.2671875 0.5990740740740741
5 0.7854166666666667 0.912962962962963 0.784375 0.9231481481481482 0.7869791666666667 0.9268518518518518 0.7911458333333333 0.9259259259259259 0.7927083333333333 0.9212962962962963 0.790625 0.9157407407407407 0.7953125 0.9064814814814814 0.8114583333333333 0.9120370370370371 0.8098958333333334 0.9018518518518519 0.8036458333333333 0.9018518518518519 0.7984375 0.8972222222222223 0.796875 0.8629629629629629 0.7911458333333333 0.8407407407407408 0.7864583333333334 0.8388888888888889 0.7838541666666666 0.8490740740740741 0.7828125 0.9009259259259259 0.7854166666666667 0.912962962962963
5 0.35104166666666664 0.6138888888888889 0.35260416666666666 0.6222222222222222 0.35572916666666665 0.6222222222222222 0.36041666666666666 0.6074074074074074 0.359375 0.575 0.353125 0.5675925925925925 0.35104166666666664 0.5712962962962963 0.3494791666666667 0.575 0.35104166666666664 0.6138888888888889
5 0.15416666666666667 0.7453703703703703 0.15364583333333334 0.7527777777777778 0.15833333333333333 0.7555555555555555 0.16197916666666667 0.7481481481481481 0.16614583333333333 0.7481481481481481 0.1671875 0.7398148148148148 0.1578125 0.7324074074074074 0.15833333333333333 0.712037037037037 0.15052083333333333 0.687962962962963 0.146875 0.6851851851851852 0.1421875 0.687962962962963 0.14166666666666666 0.6925925925925925 0.15416666666666667 0.7453703703703703
5 0.19427083333333334 0.675 0.19427083333333334 0.6814814814814815 0.19739583333333333 0.6833333333333333 0.20104166666666667 0.6796296296296296 0.2046875 0.6685185185185185 0.20416666666666666 0.6462962962962963 0.20104166666666667 0.6324074074074074 0.19322916666666667 0.6185185185185185 0.19010416666666666 0.637962962962963 0.1890625 0.6620370370370371 0.19427083333333334 0.675
5 0.334375 0.9268518518518518 0.3260416666666667 0.9462962962962963 0.3255208333333333 0.9527777777777777 0.32916666666666666 0.9592592592592593 0.3338541666666667 0.9555555555555556 0.35052083333333334 0.9592592592592593 0.3476770833333333 0.9472759259259259 0.3471416666666666 0.9377601851851851 0.34739583333333335 0.924074074074074 0.3453125 0.9 0.3536458333333333 0.887962962962963 0.35104166666666664 0.887962962962963 0.3453125 0.8791666666666667 0.3453125 0.8638888888888889 0.3416666666666667 0.8583333333333333 0.3390625 0.8601851851851852 0.3380208333333333 0.8722222222222222 0.33125 0.887962962962963 0.33541666666666664 0.9037037037037037 0.334375 0.9268518518518518
4 0.359375 0.6444444444444445 0.3614583333333333 0.6388888888888888 0.3671875 0.637962962962963 0.36770833333333336 0.6416666666666667 0.37135416666666665 0.6416666666666667 0.3723958333333333 0.6370370370370371 0.36822916666666666 0.6277777777777778 0.36354166666666665 0.6 0.3609375 0.5944444444444444 0.35625 0.5990740740740741 0.35572916666666665 0.6444444444444445 0.359375 0.6444444444444445
0 0.353125 0.9527777777777777 0.3578125 0.9518518518518518 0.35989583333333336 0.9472222222222222 0.35989583333333336 0.937962962962963 0.3572916666666667 0.9333333333333333 0.35104166666666664 0.937037037037037 0.35104166666666664 0.9490740740740741 0.353125 0.9527777777777777
4 0.290625 0.7759259259259259 0.2953125 0.7777777777777778 0.3020833333333333 0.7601851851851852 0.3078125 0.7583333333333333 0.30052083333333335 0.7509259259259259 0.303125 0.7314814814814815 0.30104166666666665 0.7222222222222222 0.2947916666666667 0.7083333333333334 0.290625 0.7138888888888889 0.2890625 0.7314814814814815 0.290625 0.7759259259259259