4 0.09583333333333334 0.8324074074074074 0.10260416666666666 0.7694444444444445 0.0953125 0.7472222222222222 0.09114583333333333 0.7490740740740741 0.0859375 0.762962962962963 0.08489583333333334 0.7759259259259259 0.09010416666666667 0.8268518518518518 0.09166666666666666 0.8314814814814815 0.09583333333333334 0.8324074074074074
3 0.96875 0.9805555555555555 0.9739583333333334 0.9990740740740741 0.9791666666666666 0.9990740740740741 0.9755208333333333 0.975 0.9755208333333333 0.937962962962963 0.9661458333333334 0.9138888888888889 0.9625 0.9120370370370371 0.9604166666666667 0.9157407407407407 0.9546875 0.937962962962963 0.9536458333333333 0.9629629629629629 0.9427083333333334 0.9833333333333333 0.9432291666666667 0.9944444444444445 0.9567708333333333 0.9990740740740741 0.9609375 0.9833333333333333 0.96875 0.9805555555555555
4 0.6140625 0.8490740740740741 0.6119791666666666 0.7824074074074074 0.6072916666666667 0.762962962962963 0.603125 0.762962962962963 0.5984375 0.7787037037037037 0.5973958333333333 0.7888888888888889 0.6020833333333333 0.8527777777777777 0.6125 0.850925925925926 0.6140625 0.8490740740740741
5 0.13385416666666666 0.8870370370370371 0.1375 0.8851851851851852 0.14375 0.8379629629629629 0.13958333333333334 0.825925925925926 0.1375 0.8 0.134375 0.7981481481481482 0.13177083333333334 0.8018518518518518 0.12552083333333333 0.8212962962962963 0.12291666666666666 0.8388888888888889 0.12239583333333333 0.8453703703703703 0.12916666666666668 0.8629629629629629 0.12708333333333333 0.8833333333333333 0.13385416666666666 0.8870370370370371
5 0.8536458333333333 0.850925925925926 0.8578125 0.8435185185185186 0.8572916666666667 0.8194444444444444 0.8609375 0.7944444444444444 0.853125 0.7712962962962963 0.8489583333333334 0.775 0.8453125 0.7870370370370371 0.8447916666666667 0.7981481481481482 0.8473958333333333 0.8064814814814815 0.8505208333333333 0.8462962962962963 0.8536458333333333 0.850925925925926
4 0.23802083333333332 0.6407407407407407 0.2359375 0.6259259259259259 0.23177083333333334 0.6268518518518519 0.228125 0.649074074074074 0.22760416666666666 0.6833333333333333 0.2359375 0.687962962962963 0.23802083333333332 0.6768518518518518 0.23802083333333332 0.6407407407407407
4 0.41302083333333334 0.7157407407407408 0.415625 0.712037037037037 0.4166666666666667 0.683950925925926 0.4192708333333333 0.6694444444444444 0.415625 0.6527777777777778 0.4119791666666667 0.6537037037037037 0.40677083333333336 0.6648148148148149 0.40572916666666664 0.6805555555555556 0.40677083333333336 0.6972222222222222 0.40520833333333334 0.712037037037037 0.4078125 0.7157407407407408 0.41302083333333334 0.7157407407407408
4 0.18020833333333333 0.6685185185185185 0.17708333333333334 0.6592592592592592 0.1734375 0.6601851851851852 0.16770833333333332 0.675 0.17135416666666667 0.7175925925925926 0.17395833333333333 0.725925925925926 0.17864583333333334 0.7148148148148148 0.18020833333333333 0.6685185185185185
4 0.4239583333333333 0.5981481481481481 0.4192708333333333 0.5925925925925926 0.415625 0.6027777777777777 0.4119791666666667 0.6398148148148148 0.4234375 0.6435185185185185 0.425 0.637962962962963 0.4239583333333333 0.5981481481481481
5 0.4708333333333333 0.7046296296296296 0.47239583333333335 0.700925925925926 0.4713541666666667 0.6731481481481482 0.4734375 0.6620370370370371 0.47239583333333335 0.6425925925925926 0.46875 0.6416666666666667 0.465625 0.65 0.4635416666666667 0.6574074074074074 0.465625 0.6796296296296296 0.4635416666666667 0.700925925925926 0.4708333333333333 0.7046296296296296
5 0.5864583333333333 0.7555555555555555 0.5869791666666667 0.7444444444444445 0.5958333333333333 0.7509259259259259 0.5979166666666667 0.7435185185185185 0.5927083333333333 0.7324074074074074 0.5927083333333333 0.7138888888888889 0.5875 0.6935185185185185 0.5833333333333334 0.6925925925925925 0.58125 0.7074074074074074 0.5817708333333333 0.7325925925925927 0.5796875 0.7555555555555555 0.584375 0.7592592592592593 0.5864583333333333 0.7555555555555555
4 0.6776041666666667 0.7472222222222222 0.6807291666666667 0.6907407407407408 0.6776041666666667 0.6787037037037037 0.6744791666666666 0.675 0.6671875 0.6888888888888889 0.6666666666666666 0.6981481481481482 0.6708333333333333 0.7185185185185186 0.6729166666666667 0.7444444444444445 0.6776041666666667 0.7472222222222222
4 0.5666666666666667 0.7453703703703703 0.5682291666666667 0.7175925925925926 0.5609375 0.700925925925926 0.5583333333333333 0.7018518518518518 0.5541666666666667 0.7166666666666667 0.5572916666666666 0.7472222222222222 0.5645833333333333 0.7666666666666667 0.5682291666666667 0.7666666666666667 0.5666666666666667 0.7453703703703703
5 0.7416666666666667 0.6240740740740741 0.7359375 0.6083333333333333 0.7322916666666667 0.6203703703703703 0.7317708333333334 0.6611111111111111 0.7380208333333333 0.6638888888888889 0.740625 0.6611111111111111 0.7416666666666667 0.6240740740740741
3 0.45729166666666665 0.7212962962962963 0.45989583333333334 0.7027777777777777 0.45208333333333334 0.6851851851851852 0.44895833333333335 0.6861111111111111 0.4432291666666667 0.6990740740740741 0.4427083333333333 0.7240740740740741 0.44583333333333336 0.7555555555555555 0.4588541666666667 0.7620370370370371 0.45729166666666665 0.7212962962962963
3 0.3458333333333333 0.562962962962963 0.34270833333333334 0.5685185185185185 0.3416666666666667 0.6018518518518519 0.35 0.6018518518518519 0.3515625 0.5731481481481482 0.3458333333333333 0.562962962962963
0 0.8348958333333333 0.7111111111111111 0.8317708333333333 0.7138888888888889 0.83125 0.7240740740740741 0.8375 0.725925925925926 0.8385416666666666 0.7138888888888889 0.8348958333333333 0.7111111111111111
5 0.30885416666666665 0.6462962962962963 0.3067708333333333 0.6231481481481481 0.3026041666666667 0.6240740740740741 0.29635416666666664 0.6351851851851852 0.2984375 0.6546296296296297 0.29739583333333336 0.674074074074074 0.30364583333333334 0.6777777777777778 0.30885416666666665 0.6462962962962963
5 0.8489583333333334 0.7314814814814815 0.85 0.7194444444444444 0.8572916666666667 0.7111111111111111 0.8546875 0.6814814814814815 0.8494791666666667 0.6814814814814815 0.8411458333333334 0.6990740740740741 0.8395833333333333 0.7212962962962963 0.8416666666666667 0.7388888888888889 0.8458333333333333 0.7398148148148148 0.8489583333333334 0.7314814814814815
4 0.54375 0.662962962962963 0.5421875 0.649074074074074 0.5354166666666667 0.6518518518518519 0.5322916666666667 0.6648148148148149 0.53125 0.6925925925925925 0.5333333333333333 0.6962962962962963 0.5411458333333333 0.6861111111111111 0.54375 0.662962962962963
5 0.20052083333333334 0.7240740740740741 0.20260416666666667 0.6953703703703704 0.20052083333333334 0.6620370370370371 0.196875 0.6583333333333333 0.190625 0.675 0.190625 0.7240740740740741 0.1921875 0.7277777777777777 0.19739583333333333 0.7287037037037037 0.20052083333333334 0.7240740740740741
4 0.28958333333333336 0.6138888888888889 0.2869791666666667 0.6083333333333333 0.2828125 0.6138888888888889 0.2791666666666667 0.6342592592592593 0.27708333333333335 0.6583333333333333 0.2869791666666667 0.6592592592592592 0.28958333333333336 0.649074074074074 0.28958333333333336 0.6138888888888889
4 0.6385416666666667 0.562962962962963 0.6354166666666666 0.5574074074074075 0.6307291666666667 0.5583333333333333 0.6291666666666667 0.562962962962963 0.628125 0.6037037037037037 0.63125 0.612037037037037 0.6380208333333334 0.5879629629629629 0.6385416666666667 0.562962962962963