5 0.0890625 0.6638888888888889 0.08385416666666666 0.6425925925925926 0.0796875 0.6444444444444445 0.075 0.6592592592592592 0.0703125 0.6953703703703704 0.071875 0.6990740740740741 0.08125 0.6925925925925925 0.0890625 0.6638888888888889
5 0.5921875 0.8416666666666667 0.5932291666666667 0.8361111111111111 0.6010416666666667 0.8333333333333334 0.6026041666666667 0.8379629629629629 0.6057291666666667 0.837037037037037 0.6067708333333334 0.825925925925926 0.5994791666666667 0.812962962962963 0.596875 0.7907407407407407 0.5901041666666667 0.762962962962963 0.5838541666666667 0.7472222222222222 0.5791666666666667 0.7481481481481481 0.5786458333333333 0.7564814814814815 0.5828125 0.7777777777777778 0.5848958333333333 0.8407407407407408 0.5921875 0.8416666666666667
4 0 0.7240740740740741 0.010416666666666666 0.725925925925926 0.016145833333333335 0.7074074074074074 0.015104166666666667 0.687037037037037 0.019270833333333334 0.6537037037037037 0.013541666666666667 0.6546296296296297 0.0078125 0.6675925925925926 0.004166666666666667 0.6842592592592592 0.0046875 0.6962962962962963 0 0.7092592592592593 0 0.7240740740740741
4 0.44479166666666664 0.6370370370370371 0.4390625 0.6166666666666667 0.4354166666666667 0.6166666666666667 0.43333333333333335 0.6268518518518519 0.4354166666666667 0.6759259259259259 0.4390625 0.6722222222222223 0.4432291666666667 0.6555555555555556 0.44479166666666664 0.6370370370370371
4 0.7729166666666667 0.787962962962963 0.7755208333333333 0.7962962962962963 0.78125 0.7962962962962963 0.7828125 0.7888888888888889 0.7791666666666667 0.7787037037037037 0.775 0.7759259259259259 0.7723958333333333 0.7657407407407407 0.7729166666666667 0.7518518518518519 0.76875 0.7342592592592593 0.7625 0.7194444444444444 0.7598958333333333 0.7166666666666667 0.75625 0.7185185185185186 0.75625 0.7268518518518519 0.7625 0.7555555555555555 0.7630208333333334 0.7787037037037037 0.7729166666666667 0.787962962962963
5 0.6453125 0.575 0.6401041666666667 0.562037037037037 0.6375 0.5638888888888889 0.6348958333333333 0.575 0.6359375 0.6185185185185185 0.640625 0.6222222222222222 0.64375 0.6175925925925926 0.6453125 0.575
4 0.3536458333333333 0.9055555555555556 0.3572916666666667 0.8722222222222222 0.36041666666666666 0.8666666666666667 0.36770833333333336 0.8712962962962963 0.3770833333333333 0.9027777777777778 0.38229166666666664 0.9027777777777778 0.38333333333333336 0.9 0.3729166666666667 0.8694444444444445 0.37083333333333335 0.8490740740740741 0.37447916666666664 0.8324074074074074 0.3692708333333333 0.8138888888888889 0.36822916666666666 0.8018518518518518 0.3651041666666667 0.8 0.36302083333333335 0.8027777777777778 0.3609375 0.8111111111111111 0.35520833333333335 0.8194444444444444 0.353125 0.8314814814814815 0.35520833333333335 0.85 0.35208333333333336 0.8629629629629629 0.3484375 0.9037037037037037 0.3536458333333333 0.9055555555555556
4 0.7286458333333333 0.5685185185185185 0.7239583333333334 0.5592592592592592 0.7171875 0.5712962962962963 0.7166666666666667 0.6018518518518519 0.7244791666666667 0.6092592592592593 0.7270833333333333 0.6027777777777777 0.7286458333333333 0.5685185185185185
5 0.884375 0.7712962962962963 0.8916666666666667 0.7675925925925926 0.8927083333333333 0.775 0.8963541666666667 0.7768518518518519 0.8979166666666667 0.7703703703703704 0.8942708333333333 0.7555555555555555 0.89375 0.7222222222222222 0.8854166666666666 0.7037037037037037 0.88125 0.7064814814814815 0.8802083333333334 0.7138888888888889 0.8796875 0.7527777777777778 0.8770833333333333 0.7759259259259259 0.88125 0.7796296296296297 0.884375 0.7712962962962963
4 0.8359375 0.6555555555555556 0.8421875 0.6574074074074074 0.8453125 0.6537037037037037 0.8510416666666667 0.6203703703703703 0.8494791666666667 0.6055555555555555 0.8458333333333333 0.5953703703703703 0.8416666666666667 0.5990740740740741 0.8338541666666667 0.6259259259259259 0.8369791666666667 0.6296296296296297 0.8369791666666667 0.637962962962963 0.8333333333333334 0.6583333333333333 0.8359375 0.6555555555555556
5 0.5703125 0.5574074074074075 0.5645833333333333 0.5407407407407407 0.5583333333333333 0.5555555555555556 0.5604166666666667 0.5916666666666667 0.5645833333333333 0.5935185185185186 0.5666666666666667 0.5916666666666667 0.5703125 0.5574074074074075
4 0.5192708333333333 0.6851851851851852 0.5260416666666666 0.687037037037037 0.5286458333333334 0.6657407407407407 0.5265625 0.6361111111111111 0.5203125 0.6175925925925926 0.5166666666666667 0.6166666666666667 0.5125 0.6268518518518519 0.5119791666666667 0.6462962962962963 0.50625 0.6796296296296296 0.5135416666666667 0.6907407407407408 0.5192708333333333 0.6851851851851852
5 0.8484375 0.6990740740740741 0.8572916666666667 0.6990740740740741 0.8588541666666667 0.6583333333333333 0.8572916666666667 0.6425925925925926 0.85 0.6296296296296297 0.8447916666666667 0.6407407407407407 0.8427083333333333 0.6509259259259259 0.846875 0.6725305555555555 0.846875 0.6962962962962963 0.8484375 0.6990740740740741
5 0.8260416666666667 0.5824074074074074 0.8265625 0.562962962962963 0.8234375 0.5509259259259259 0.8197916666666667 0.5509259259259259 0.8182291666666667 0.5546296296296296 0.8182291666666667 0.5962962962962963 0.825 0.6 0.828125 0.5953703703703703 0.8260416666666667 0.5824074074074074
3 0.69375 0.6268518518518519 0.7 0.6222222222222222 0.6979166666666666 0.5990740740740741 0.7010416666666667 0.575925925925926 0.6958333333333333 0.5638888888888889 0.6927083333333334 0.562037037037037 0.690625 0.5648148148148148 0.6885416666666667 0.5851851851851851 0.6911458333333333 0.6 0.6911458333333333 0.6231481481481481 0.69375 0.6268518518518519
5 0.5114583333333333 0.6888888888888889 0.5161458333333333 0.6925925925925925 0.5213541666666667 0.687037037037037 0.5244791666666667 0.6935185185185185 0.5291666666666667 0.6935185185185185 0.5286458333333334 0.6425925925925926 0.5223958333333333 0.6231481481481481 0.5166666666666667 0.6212962962962963 0.5135416666666667 0.6268518518518519 0.5125 0.6481481481481481 0.5125 0.6657407407407407 0.5166666666666667 0.6777777777777778 0.515625 0.6851851851851852 0.5114583333333333 0.6888888888888889
4 0.09895833333333333 0.625 0.1078125 0.625 0.11041666666666666 0.6166666666666667 0.10572916666666667 0.6018518518518519 0.10677083333333333 0.575 0.103125 0.5657407407407408 0.1 0.5648148148148148 0.09583333333333334 0.575 0.09427083333333333 0.5833333333333334 0.09739583333333333 0.5953703703703703 0.09791666666666667 0.6222222222222222 0.09895833333333333 0.625
3 0.30052083333333335 0.49907407407407406 0.2947916666666667 0.4962962962962963 0.29375 0.5018518518518519 0.2942708333333333 0.5277777777777778 0.2984375 0.5333333333333333 0.3026041666666667 0.5324074074074074 0.30052083333333335 0.49907407407407406
4 0.7822916666666667 0.5277777777777778 0.7817708333333333 0.5138888888888888 0.7755208333333333 0.5046296296296297 0.7708333333333334 0.5138888888888888 0.7703125 0.5287037037037037 0.7734375 0.5481481481481482 0.7776041666666667 0.5518518518518518 0.7822916666666667 0.5277777777777778
4 0.4546875 0.512962962962963 0.4510416666666667 0.49907407407407406 0.44479166666666664 0.5111111111111111 0.44427083333333334 0.5527777777777778 0.4510416666666667 0.5555555555555556 0.45364583333333336 0.5527777777777778 0.4546875 0.512962962962963
3 0.6692708333333334 0.49722222222222223 0.6651041666666667 0.49722222222222223 0.6630208333333333 0.5074074074074074 0.6645833333333333 0.5407407407407407 0.6692708333333334 0.5425925925925926 0.6734375 0.5083333333333333 0.6692708333333334 0.49722222222222223
5 0.39375 0.6407407407407407 0.396875 0.649074074074074 0.3984375 0.6407407407407407 0.3927083333333333 0.6027777777777777 0.3880208333333333 0.5962962962962963 0.38385416666666666 0.6083333333333333 0.38385416666666666 0.65 0.38697916666666665 0.65 0.39010416666666664 0.6416666666666667 0.39375 0.6407407407407407
0 0.028645833333333332 0.7185185185185186 0.029166666666666667 0.7287037037037037 0.034895833333333334 0.7277777777777777 0.033854166666666664 0.7175925925925926 0.028645833333333332 0.7185185185185186