4 0.06145833333333333 0.762962962962963 0.0640625 0.7657407407407407 0.0703125 0.7527777777777778 0.07708333333333334 0.75 0.07864583333333333 0.7638888888888888 0.08177083333333333 0.7648148148148148 0.08177083333333333 0.712037037037037 0.0765625 0.6962962962962963 0.071875 0.6981481481481482 0.06666666666666667 0.7194444444444444 0.06666666666666667 0.737037037037037 0.06145833333333333 0.762962962962963
5 0.4557291666666667 0.8296296296296296 0.46458333333333335 0.8444444444444444 0.4703125 0.8416666666666667 0.4703125 0.8324074074074074 0.4661458333333333 0.8212962962962963 0.4625 0.7935185185185185 0.45208333333333334 0.7777777777777778 0.4484375 0.7787037037037037 0.446875 0.7851851851851852 0.44583333333333336 0.7944444444444444 0.4557291666666667 0.8296296296296296
5 0.8432291666666667 0.8740740740740741 0.85 0.8648148148148148 0.8541666666666666 0.8722222222222222 0.85625 0.8648148148148148 0.8489583333333334 0.8157407407407408 0.84375 0.7972222222222223 0.8385416666666666 0.799074074074074 0.8390625 0.8722222222222222 0.8432291666666667 0.8740740740740741
5 0.48020833333333335 0.725 0.4817708333333333 0.7324074074074074 0.48385416666666664 0.762962962962963 0.4864583333333333 0.7638888888888888 0.49270833333333336 0.7546296296296297 0.4979166666666667 0.7546296296296297 0.49322916666666666 0.737037037037037 0.49322916666666666 0.7129629629629629 0.4864583333333333 0.6981481481481482 0.4817708333333333 0.7046296296296296 0.478125 0.7240740740740741 0.48020833333333335 0.725
4 0.3671875 0.7157407407407408 0.37083333333333335 0.7166666666666667 0.37552083333333336 0.7083333333333334 0.3729166666666667 0.6962962962962963 0.37552083333333336 0.6851851851851852 0.375 0.6703703703703704 0.3692708333333333 0.6537037037037037 0.36354166666666665 0.6657407407407407 0.3609375 0.6851851851851852 0.3671875 0.7157407407407408
4 0.30416666666666664 0.7314814814814815 0.30364583333333334 0.7453703703703703 0.30625 0.75 0.3104166666666667 0.7481481481481481 0.31197916666666664 0.7444444444444445 0.3109375 0.7305555555555555 0.3140625 0.7166666666666667 0.31302083333333336 0.7046296296296296 0.3046875 0.6888888888888889 0.3020833333333333 0.6888888888888889 0.29791666666666666 0.7 0.29739583333333336 0.7148148148148148 0.30416666666666664 0.7314814814814815
4 0.32083333333333336 0.6342592592592593 0.32135416666666666 0.6398148148148148 0.3255208333333333 0.6388888888888888 0.3260416666666667 0.6342592592592593 0.3302083333333333 0.6296296296296297 0.3338541666666667 0.6398148148148148 0.3375 0.6407407407407407 0.3338541666666667 0.5981481481481481 0.33125 0.5907407407407408 0.32916666666666666 0.5907407407407408 0.3255208333333333 0.6 0.3255208333333333 0.6152777777777778 0.32083333333333336 0.6342592592592593
4 0.5885416666666666 0.7361111111111112 0.5890625 0.7601851851851852 0.5994791666666667 0.7611111111111111 0.6010416666666667 0.7555555555555555 0.6015625 0.7046296296296296 0.5958333333333333 0.6861111111111111 0.5927083333333333 0.6898148148148148 0.5895833333333333 0.7018518518518518 0.5848958333333333 0.7231481481481481 0.5885416666666666 0.7361111111111112
3 0.23645833333333333 0.7555555555555555 0.24375 0.7574074074074074 0.24583333333333332 0.7518518518518519 0.24583333333333332 0.7188268518518518 0.2484375 0.700925925925926 0.24010416666666667 0.6824074074074075 0.23385416666666667 0.6953703703703704 0.23385416666666667 0.737037037037037 0.23645833333333333 0.7555555555555555
4 0.06041666666666667 0.8527777777777777 0.06510416666666667 0.850925925925926 0.06770833333333333 0.8379629629629629 0.075 0.8333333333333334 0.08385416666666666 0.8481481481481481 0.08541666666666667 0.8453703703703703 0.08385416666666666 0.8296296296296296 0.08020833333333334 0.8157407407407408 0.08645833333333333 0.8046296296296296 0.0921875 0.8055555555555556 0.09322916666666667 0.8018518518518518 0.08125 0.7925925925925926 0.07604166666666666 0.7796296296296297 0.07239583333333334 0.7796296296296297 0.065625 0.7953703703703704 0.06197916666666667 0.8111111111111111 0.06302083333333333 0.8231481481481482 0.06041666666666667 0.8527777777777777
5 0.06614583333333333 0.9055555555555556 0.05260416666666667 0.9194444444444444 0.05520833333333333 0.9305555555555556 0.0578125 0.9305555555555556 0.06041666666666667 0.9222222222222223 0.07708333333333334 0.9101851851851852 0.07864583333333333 0.9166666666666666 0.07708333333333334 0.9361111111111111 0.07916666666666666 0.9388888888888889 0.08697916666666666 0.937037037037037 0.08385416666666666 0.9259259259259259 0.08541666666666667 0.9101851851851852 0.08177083333333333 0.8842592592592593 0.08177083333333333 0.8759259259259259 0.08645833333333333 0.8574074074074074 0.0859375 0.8490740740740741 0.08385416666666666 0.8462962962962963 0.07916666666666666 0.8490740740740741 0.071875 0.8694444444444445 0.06614583333333333 0.9055555555555556
5 0.8520833333333333 0.7222222222222222 0.8505208333333333 0.7564814814814815 0.8536458333333333 0.7592592592592593 0.8567708333333334 0.7555555555555555 0.8572916666666667 0.75 0.8630208333333333 0.7481481481481481 0.8692708333333333 0.7564814814814815 0.8713541666666667 0.7509259259259259 0.8651041666666667 0.7305555555555555 0.8651041666666667 0.7101851851851851 0.8572916666666667 0.6898148148148148 0.853125 0.6953703703703704 0.8494791666666667 0.7203703703703703 0.8520833333333333 0.7222222222222222
4 0.15677083333333333 0.6537037037037037 0.16927083333333334 0.6546296296296297 0.16770833333333332 0.6185185185185185 0.16354166666666667 0.6074074074074074 0.159375 0.6083333333333333 0.15520833333333334 0.6231481481481481 0.15677083333333333 0.6537037037037037
5 0.7239583333333334 0.6537037037037037 0.7265625 0.6212962962962963 0.7213541666666666 0.6083333333333333 0.7171875 0.6138888888888889 0.7166666666666667 0.6527777777777778 0.7239583333333334 0.6537037037037037
5 0.11614583333333334 0.7379629629629629 0.11458333333333333 0.7601851851851852 0.11875 0.7648148148148148 0.12291666666666666 0.7592592592592593 0.12395833333333334 0.7416666666666667 0.12135416666666667 0.6888888888888889 0.1171875 0.687037037037037 0.11354166666666667 0.700925925925926 0.11302083333333333 0.7148148148148148 0.11614583333333334 0.7379629629629629
3 0.209375 0.5962962962962963 0.2125 0.5972222222222222 0.21614583333333334 0.5907407407407408 0.2203125 0.5962962962962963 0.22447916666666667 0.5962962962962963 0.2234375 0.5712962962962963 0.225 0.5666666666666667 0.22135416666666666 0.5583333333333333 0.21614583333333334 0.5555555555555556 0.21354166666666666 0.5601851851851852 0.21041666666666667 0.5787037037037037 0.21145833333333333 0.5851851851851851 0.209375 0.5962962962962963
5 0.14947916666666666 0.65 0.15208333333333332 0.6694444444444444 0.15520833333333334 0.674074074074074 0.16197916666666667 0.675 0.159375 0.6472222222222223 0.16302083333333334 0.6370370370370371 0.15885416666666666 0.6240740740740741 0.15364583333333334 0.6203703703703703 0.14739583333333334 0.6351851851851852 0.146875 0.6444444444444445 0.14947916666666666 0.65
4 0.5510416666666667 0.6583333333333333 0.5546875 0.6842592592592592 0.5588541666666667 0.6851851851851852 0.5630208333333333 0.675 0.5609375 0.649074074074074 0.5567708333333333 0.637962962962963 0.5510416666666667 0.637962962962963 0.5484375 0.6537037037037037 0.5510416666666667 0.6583333333333333
0 0.5026041666666666 0.8601851851851852 0.50625 0.8564814814814815 0.5052083333333334 0.8481481481481481 0.5026041666666666 0.8453703703703703 0.4984375 0.8453703703703703 0.49635416666666665 0.85 0.4979166666666667 0.8592592592592593 0.5026041666666666 0.8601851851851852
5 0.446875 0.7157407407407408 0.4479166666666667 0.7111111111111111 0.44375 0.6925925925925925 0.4421875 0.6611111111111111 0.4390625 0.6509259259259259 0.4348958333333333 0.6537037037037037 0.434375 0.7129629629629629 0.446875 0.7157407407407408
4 0.12552083333333333 0.6925925925925925 0.1296875 0.6925925925925925 0.134375 0.6805555555555556 0.13802083333333334 0.6777777777777778 0.1421875 0.6824074074074075 0.14375 0.6935185185185185 0.14739583333333334 0.6953703703703704 0.1484375 0.6907407407407408 0.14479166666666668 0.6768518518518518 0.1421875 0.6481481481481481 0.13854166666666667 0.6416666666666667 0.134375 0.6407407407407407 0.13072916666666667 0.6537037037037037 0.1296875 0.6722222222222223 0.12552083333333333 0.6925925925925925
4 0.5760416666666667 0.7861111111111111 0.5838541666666667 0.7962962962962963 0.58125 0.812037037037037 0.5859375 0.8185185185185185 0.5869791666666667 0.8296296296296296 0.5916666666666667 0.8333333333333334 0.5953125 0.8296296296296296 0.5947916666666667 0.8185185185185185 0.5973958333333333 0.8101851851851852 0.596875 0.7851851851851852 0.5885416666666666 0.7620370370370371 0.5833333333333334 0.7638888888888888 0.5833333333333334 0.7685185185185185 0.5760416666666667 0.7861111111111111