5 0.20729166666666668 0.8685185185185185 0.2078125 0.8768518518518519 0.21666666666666667 0.8777777777777778 0.21875 0.8824074074074074 0.22447916666666667 0.8842592592592593 0.22604166666666667 0.8814814814814815 0.22447916666666667 0.8694444444444445 0.2265625 0.8583333333333333 0.22395833333333334 0.8407407407407408 0.225 0.8287037037037037 0.22083333333333333 0.8148148148148148 0.2203125 0.8018518518518518 0.2171875 0.7972222222222223 0.21354166666666666 0.8009259259259259 0.21145833333333333 0.8212962962962963 0.215625 0.8527777777777777 0.20729166666666668 0.8685185185185185
5 0.7713541666666667 0.8296296296296296 0.7723958333333333 0.8601851851851852 0.7822916666666667 0.8601851851851852 0.7833333333333333 0.8328703703703704 0.7864583333333334 0.8175925925925925 0.784375 0.7981481481481482 0.7786458333333334 0.7833333333333333 0.775 0.7805555555555556 0.76875 0.799074074074074 0.7677083333333333 0.8092592592592592 0.7713541666666667 0.8296296296296296
5 0.46458333333333335 0.6935185185185185 0.4661458333333333 0.6972222222222222 0.47604166666666664 0.6981481481481482 0.47604166666666664 0.6444444444444445 0.47239583333333335 0.6425925925925926 0.4666666666666667 0.6583333333333333 0.46822916666666664 0.6824074074074075 0.46458333333333335 0.6935185185185185
5 0.13072916666666667 0.6916666666666667 0.13072916666666667 0.700925925925926 0.14270833333333333 0.7055555555555556 0.1453125 0.6611111111111111 0.1421875 0.6435185185185185 0.13802083333333334 0.6425925925925926 0.13385416666666666 0.6601851851851852 0.13541666666666666 0.6805555555555556 0.13072916666666667 0.6916666666666667
4 0.6130208333333333 0.7944444444444444 0.6145833333333334 0.799074074074074 0.6197916666666666 0.799074074074074 0.621875 0.7944444444444444 0.6265625 0.8 0.6307291666666667 0.8 0.6322916666666667 0.7972222222222223 0.6286458333333333 0.7861111111111111 0.6270833333333333 0.7620370370370371 0.6317708333333333 0.7481481481481481 0.6265625 0.7435185185185185 0.625 0.7231481481481481 0.6229166666666667 0.7194444444444444 0.6203125 0.7212962962962963 0.6166666666666667 0.7351851851851852 0.6166666666666667 0.7759259259259259 0.6130208333333333 0.7944444444444444
4 0.5791666666666667 0.6981481481481482 0.5755208333333334 0.7203703703703703 0.58125 0.7212962962962963 0.5807291666666666 0.7148148148148148 0.5848958333333333 0.7083333333333334 0.5911458333333334 0.7194444444444444 0.5947916666666667 0.7175925925925926 0.5958333333333333 0.712037037037037 0.5927083333333333 0.7083333333333334 0.5890625 0.6916666666666667 0.5916666666666667 0.6768518518518518 0.5880208333333333 0.6555555555555556 0.5838541666666667 0.6546296296296297 0.5791666666666667 0.6675925925925926 0.5744791666666667 0.6842592592592592 0.5791666666666667 0.6981481481481482
5 0.9114583333333334 0.7166666666666667 0.915625 0.7222222222222222 0.9192708333333334 0.7481481481481481 0.9276041666666667 0.7490740740740741 0.9296875 0.7425925925925926 0.9239583333333333 0.7277777777777777 0.9270833333333334 0.7 0.9223958333333333 0.6814814814814815 0.9197916666666667 0.6796296296296296 0.9161458333333333 0.6851851851851852 0.9145833333333333 0.7083333333333334 0.9114583333333334 0.7166666666666667
3 0.3546875 0.7314814814814815 0.34739583333333335 0.7481481481481481 0.3494791666666667 0.7518518518518519 0.35625 0.7453703703703703 0.3619791666666667 0.7555555555555555 0.36354166666666665 0.7305555555555555 0.3609375 0.7185185185185186 0.3625 0.7129629629629629 0.3572916666666667 0.6805555555555556 0.353125 0.6805555555555556 0.35052083333333334 0.7037037037037037 0.3515625 0.7203703703703703 0.3546875 0.7314814814814815
4 0.18125 0.7759259259259259 0.18125 0.8046296296296296 0.196875 0.8027777777777778 0.19010416666666666 0.7583333333333333 0.18802083333333333 0.7277777777777777 0.18385416666666668 0.7240740740740741 0.17864583333333334 0.7398148148148148 0.17760416666666667 0.7518518518518519 0.18125 0.7759259259259259
5 0.18125 0.6592592592592592 0.18489583333333334 0.6657407407407407 0.1890625 0.6657407407407407 0.190625 0.6361111111111111 0.18854166666666666 0.6148148148148148 0.18489583333333334 0.6111111111111112 0.1828125 0.6185185185185185 0.18333333333333332 0.6481481481481481 0.18125 0.6592592592592592
5 0.7130208333333333 0.6574074074074074 0.7177083333333333 0.6574074074074074 0.7197916666666667 0.6472222222222223 0.7192708333333333 0.6148148148148148 0.7177083333333333 0.6083333333333333 0.7140625 0.6101851851851852 0.70625 0.6509259259259259 0.7130208333333333 0.6574074074074074
4 0.4427083333333333 0.6925925925925925 0.446875 0.687037037037037 0.4505208333333333 0.6944444444444444 0.45364583333333336 0.6935185185185185 0.44947916666666665 0.6388888888888888 0.44583333333333336 0.6388888888888888 0.4432291666666667 0.6472222222222223 0.4390625 0.6925925925925925 0.4427083333333333 0.6925925925925925
4 0.353125 0.6907407407407408 0.3572916666666667 0.6916666666666667 0.359375 0.6814814814814815 0.359375 0.6453703703703704 0.3572916666666667 0.6370370370370371 0.353125 0.637962962962963 0.35 0.6453703703703704 0.3494791666666667 0.6731481481481482 0.353125 0.6907407407407408
4 0.24010416666666667 0.6972222222222222 0.2421875 0.6935185185185185 0.24322916666666666 0.6564814814814814 0.246875 0.6462962962962963 0.24114583333333334 0.6342592592592593 0.2390625 0.6342592592592593 0.234375 0.6462962962962963 0.23541666666666666 0.6935185185185185 0.24010416666666667 0.6972222222222222
4 0.4973958333333333 0.6175925925925926 0.49947916666666664 0.6425925925925926 0.503125 0.6453703703703704 0.50625 0.6388888888888888 0.5078125 0.6129629629629629 0.5052083333333334 0.5907407407407408 0.5 0.5925925925925926 0.4973958333333333 0.6027777777777777 0.4973958333333333 0.6175925925925926
4 0.21458333333333332 0.6620370370370371 0.22447916666666667 0.6638888888888889 0.22604166666666667 0.6611111111111111 0.22447916666666667 0.6222222222222222 0.22135416666666666 0.6092592592592593 0.21666666666666667 0.6175925925925926 0.21458333333333332 0.6305555555555555 0.21614583333333334 0.6398148148148148 0.21458333333333332 0.6620370370370371
5 0.3536458333333333 0.6277777777777778 0.35625 0.6185185185185185 0.3541666666666667 0.5916666666666667 0.3515625 0.5879629629629629 0.34739583333333335 0.5916666666666667 0.3494791666666667 0.6231481481481481 0.3536458333333333 0.6277777777777778
5 0.2859375 0.6731481481481482 0.2921875 0.6685185185185185 0.29322916666666665 0.6296296296296297 0.290625 0.6157407407407407 0.2869791666666667 0.6194444444444445 0.28020833333333334 0.6555555555555556 0.2755208333333333 0.6620370370370371 0.2755208333333333 0.6666666666666666 0.2859375 0.6731481481481482
4 0.22135416666666666 0.7296296296296296 0.2234375 0.7333333333333333 0.228125 0.7333333333333333 0.23125 0.7166666666666667 0.228125 0.674074074074074 0.22395833333333334 0.6712962962962963 0.21875 0.6851851851851852 0.21770833333333334 0.700925925925926 0.22135416666666666 0.7296296296296296
3 0.21666666666666667 0.6064814814814815 0.21875 0.5962962962962963 0.21927083333333333 0.562037037037037 0.21354166666666666 0.5611111111111111 0.2078125 0.575925925925926 0.20885416666666667 0.6064814814814815 0.21666666666666667 0.6064814814814815
0 0.8848958333333333 0.6990740740740741 0.8885416666666667 0.7018518518518518 0.8916666666666667 0.6990740740740741 0.8916666666666667 0.6925925925925925 0.8854166666666666 0.6907407407407408 0.8838541666666667 0.6935185185185185 0.8848958333333333 0.6990740740740741
3 0.3072916666666667 0.600925925925926 0.3104166666666667 0.6027777777777777 0.31197916666666664 0.5990740740740741 0.31302083333333336 0.5638888888888889 0.3067708333333333 0.5537037037037037 0.3046875 0.5574074074074075 0.30520833333333336 0.5944444444444444 0.3072916666666667 0.600925925925926
5 0.2947916666666667 0.7129629629629629 0.303125 0.7148148148148148 0.30520833333333336 0.712037037037037 0.30364583333333334 0.6638888888888889 0.3020833333333333 0.6537037037037037 0.29739583333333336 0.6546296296296297 0.29270833333333335 0.6685185185185185 0.2947916666666667 0.7129629629629629
2 0.9192708333333334 0.687037037037037 0.9229166666666667 0.7046296296296296 0.9302083333333333 0.7046296296296296 0.9333333333333333 0.700925925925926 0.934375 0.6537037037037037 0.9270833333333334 0.6388888888888888 0.9234375 0.6388888888888888 0.921875 0.6444444444444445 0.9229166666666667 0.6611111111111111 0.9192708333333334 0.687037037037037