5 0.19322916666666667 0.8722222222222222 0.21302083333333333 0.8759259259259259 0.215625 0.8703703703703703 0.21302083333333333 0.825 0.20989583333333334 0.8138888888888889 0.21197916666666666 0.8018518518518518 0.2109375 0.7925925925925926 0.20729166666666668 0.7907407407407407 0.2046875 0.7944444444444444 0.20052083333333334 0.8138888888888889 0.19895833333333332 0.8398148148148148 0.19322916666666667 0.8722222222222222
4 0.7109375 0.7083333333333334 0.7223958333333333 0.7101851851851851 0.7260416666666667 0.6944444444444444 0.7244791666666667 0.6824074074074075 0.7296875 0.6703703703703704 0.728125 0.6537037037037037 0.7234375 0.6537037037037037 0.715625 0.6657407407407407 0.7140625 0.6731481481481482 0.7161458333333334 0.6842592592592592 0.7109375 0.7083333333333334
4 0.4197916666666667 0.6694444444444444 0.42916666666666664 0.6388888888888888 0.42864583333333334 0.6305555555555555 0.4234375 0.6277777777777778 0.4171875 0.6388888888888888 0.4114583333333333 0.6601851851851852 0.4197916666666667 0.6694444444444444
4 0.09947916666666666 0.7935185185185185 0.10520833333333333 0.7722222222222223 0.10364583333333334 0.7425925925925926 0.10625 0.7212962962962963 0.10260416666666666 0.7203703703703703 0.096875 0.7305555555555555 0.09322916666666667 0.7509259259259259 0.09166666666666666 0.7916666666666666 0.09947916666666666 0.7935185185185185
4 0.5989583333333334 0.7666666666666667 0.5989583333333334 0.7768518518518519 0.60625 0.7694444444444445 0.6130208333333333 0.7675925925925926 0.621875 0.7861111111111111 0.6270833333333333 0.7861111111111111 0.628125 0.7824074074074074 0.6223958333333334 0.762962962962963 0.6223958333333334 0.7453703703703703 0.6255208333333333 0.7388888888888889 0.6265625 0.7194444444444444 0.6223958333333334 0.7166666666666667 0.6171875 0.725 0.6072916666666667 0.7601851851851852 0.5989583333333334 0.7666666666666667
3 0.3765625 0.7166666666666667 0.3880208333333333 0.7175925925925926 0.3921875 0.6777777777777778 0.3921875 0.6370370370370371 0.3885416666666667 0.6342592592592593 0.38385416666666666 0.6416666666666667 0.3770833333333333 0.6685185185185185 0.37864583333333335 0.6949074074074074 0.3765625 0.7166666666666667
5 0.534375 0.7203703703703703 0.5364583333333334 0.7240740740740741 0.5390625 0.7231481481481481 0.5432291666666667 0.7101851851851851 0.5463541666666667 0.7083333333333334 0.5484375 0.6694444444444444 0.54375 0.6657407407407407 0.5385416666666667 0.6824074074074075 0.534375 0.7064814814814815 0.534375 0.7203703703703703
4 0.42916666666666664 0.6935185185185185 0.43611093749999996 0.6953703703703704 0.4395833333333333 0.7046296296296296 0.4432291666666667 0.7074074074074074 0.4479166666666667 0.6611111111111111 0.446875 0.6574074074074074 0.4427083333333333 0.6564814814814814 0.43802083333333336 0.6648148148148149 0.4354166666666667 0.6861111111111111 0.42916666666666664 0.6935185185185185
5 0.8182291666666667 0.7981481481481482 0.821875 0.8018518518518518 0.8307291666666666 0.8018518518518518 0.8291666666666667 0.7675925925925926 0.8333333333333334 0.7388888888888889 0.8296875 0.7361111111111112 0.8234375 0.7435185185185185 0.81875 0.7620370370370371 0.8203125 0.7888888888888889 0.8182291666666667 0.7981481481481482
5 0.43072916666666666 0.6583333333333333 0.4328125 0.6648148148148149 0.43645833333333334 0.6638888888888889 0.440625 0.6564814814814814 0.44583333333333336 0.6555555555555556 0.44479166666666664 0.637962962962963 0.44635416666666666 0.6333333333333333 0.4432291666666667 0.6101851851851852 0.43697916666666664 0.6212962962962963 0.43645833333333334 0.6453703703703704 0.43072916666666666 0.6583333333333333
4 0.16666666666666666 0.7046296296296296 0.16927083333333334 0.7092592592592593 0.1734375 0.7092592592592593 0.18125 0.6962962962962963 0.18645833333333334 0.6574074074074074 0.184375 0.6546296296296297 0.1765625 0.6592592592592592 0.175 0.6537037037037037 0.17291666666666666 0.6537037037037037 0.16979166666666667 0.662962962962963 0.16927083333333334 0.6935185185185185 0.16666666666666666 0.7046296296296296
3 0.2989583333333333 0.6018518518518519 0.30416666666666664 0.5712962962962963 0.29791666666666666 0.562037037037037 0.29322916666666665 0.575 0.29322916666666665 0.5990740740740741 0.2989583333333333 0.6018518518518519
5 0.9557291666666666 0.6925925925925925 0.9546875 0.7194444444444444 0.9583333333333334 0.7194444444444444 0.9598958333333333 0.7138888888888889 0.9713541666666666 0.7222222222222222 0.9729166666666667 0.7194444444444444 0.9677083333333333 0.7027777777777777 0.9666666666666667 0.6907407407407408 0.9682291666666667 0.6842592592592592 0.9635416666666666 0.6611111111111111 0.9588541666666667 0.6592592592592592 0.9541666666666667 0.6712962962962963 0.9536458333333333 0.6861111111111111 0.9557291666666666 0.6925925925925925
4 0.2359375 0.6657407407407407 0.240625 0.6657407407407407 0.2484375 0.6416666666666667 0.2484375 0.6185185185185185 0.24322916666666666 0.6194444444444445 0.23697916666666666 0.637962962962963 0.234375 0.6592592592592592 0.2359375 0.6657407407407407
4 0.7484375 0.6574074074074074 0.7557291666666667 0.6620370370370371 0.759375 0.637962962962963 0.759375 0.6148148148148148 0.7552083333333334 0.6148148148148148 0.7479166666666667 0.6342592592592593 0.746875 0.6527777777777778 0.7484375 0.6574074074074074
5 0.7463541666666667 0.6555555555555556 0.7510416666666667 0.6453703703703704 0.7484375 0.6064814814814815 0.7447916666666666 0.6074074074074074 0.7411458333333333 0.6148148148148148 0.7401041666666667 0.6583333333333333 0.7463541666666667 0.6555555555555556
3 0.6015625 0.6074074074074074 0.6067708333333334 0.5879629629629629 0.6078125 0.5611111111111111 0.6036458333333333 0.55 0.5979166666666667 0.5574074074074075 0.5979166666666667 0.6046296296296296 0.6015625 0.6074074074074074
4 0.4192708333333333 0.6240740740740741 0.4234375 0.6240740740740741 0.425 0.6138888888888889 0.4239583333333333 0.5824074074074074 0.4197916666666667 0.5768518518518518 0.41770833333333335 0.5814814814814815 0.4171875 0.6203703703703703 0.4192708333333333 0.6240740740740741
0 0.9427083333333334 0.6972222222222222 0.9473958333333333 0.6935185185185185 0.9479166666666666 0.6851851851851852 0.9458333333333333 0.6814814814814815 0.9416666666666667 0.6796296296296296 0.9385416666666667 0.6824074074074075 0.9395833333333333 0.6935185185185185 0.9427083333333334 0.6972222222222222