4 0.4635416666666667 0.787962962962963 0.4625 0.7981481481481482 0.4744791666666667 0.8027777777777778 0.4765625 0.7731481481481481 0.4817708333333333 0.7481481481481481 0.478125 0.725 0.4734375 0.7240740740740741 0.4640625 0.7444444444444445 0.46770833333333334 0.7796296296296297 0.4635416666666667 0.787962962962963
4 0.24479166666666666 0.8916666666666667 0.2453125 0.9 0.246875 0.9037037037037037 0.25 0.9 0.26666666666666666 0.9 0.26145833333333335 0.8351851851851851 0.26197916666666665 0.8138888888888889 0.2598958333333333 0.8046296296296296 0.25416666666666665 0.8064814814814815 0.24791666666666667 0.8296296296296296 0.24947916666666667 0.8675925925925926 0.24479166666666666 0.8916666666666667
5 0.7916666666666666 0.8722222222222222 0.79375 0.8824074074074074 0.7942708333333334 0.8962962962962963 0.790625 0.9175925925925926 0.7947916666666667 0.9175925925925926 0.8026041666666667 0.9074074074074074 0.8010416666666667 0.9009259259259259 0.8036458333333333 0.8888888888888888 0.8013494791666667 0.8884935185185185 0.8039531249999999 0.8842481481481482 0.8046875 0.8731481481481481 0.8046875 0.8638888888888889 0.8072916666666666 0.8555555555555555 0.7984375 0.8314814814814815 0.7947916666666667 0.8296296296296296 0.7927083333333333 0.8342592592592593 0.7848958333333333 0.8648148148148148 0.7916666666666666 0.8722222222222222
4 0.6755208333333333 0.8842592592592593 0.6692708333333334 0.8842592592592593 0.6682291666666667 0.8962962962962963 0.6831598958333333 0.8944444444444445 0.6880208333333333 0.8972222222222223 0.6880208333333333 0.9157407407407407 0.6973958333333333 0.9157407407407407 0.6947916666666667 0.9083333333333333 0.6932291666666667 0.8768518518518519 0.690625 0.8722222222222222 0.690625 0.8657407407407407 0.6947916666666667 0.8592592592592593 0.6890625 0.8435185185185186 0.6869791666666667 0.8203703703703704 0.6807291666666667 0.8212962962962963 0.675 0.8453703703703703 0.6802083333333333 0.8768518518518519 0.6755208333333333 0.8842592592592593
5 0.27708333333333335 0.7324074074074074 0.27291666666666664 0.7444444444444445 0.27447916666666666 0.7490740740740741 0.2869791666666667 0.7472222222222222 0.28854166666666664 0.7444444444444445 0.2869791666666667 0.7203703703703703 0.29010416666666666 0.687037037037037 0.28802083333333334 0.6787037037037037 0.284375 0.6805555555555556 0.27760416666666665 0.700925925925926 0.2791666666666667 0.7166666666666667 0.27708333333333335 0.7324074074074074
4 0.3072916666666667 0.7805555555555556 0.31197916666666664 0.7842592592592592 0.3145833333333333 0.7796296296296297 0.31666666666666665 0.7583333333333333 0.3223958333333333 0.7351851851851852 0.3140625 0.7111111111111111 0.3104166666666667 0.7129629629629629 0.30416666666666664 0.725 0.30520833333333336 0.7712962962962963 0.3072916666666667 0.7805555555555556
3 0.21510416666666668 0.7564814814814815 0.21354166666666666 0.7712962962962963 0.21666666666666667 0.7768518518518519 0.21927083333333333 0.7722222222222223 0.22291666666666668 0.7324074074074074 0.22552083333333334 0.7240740740740741 0.22447916666666667 0.6981481481481482 0.2203125 0.6953703703703704 0.21145833333333333 0.7092592592592593 0.20989583333333334 0.7203703703703703 0.21510416666666668 0.7564814814814815
4 0.5098958333333333 0.7166666666666667 0.5135416666666667 0.7277777777777777 0.5171875 0.7277777777777777 0.521875 0.6851851851851852 0.5192708333333333 0.6685185185185185 0.5171875 0.6648148148148149 0.5145833333333333 0.6666666666666666 0.509375 0.6777777777777778 0.5119791666666667 0.7046296296296296 0.5098958333333333 0.7166666666666667
5 0.3015625 0.8777777777777778 0.29583333333333334 0.8925925925925926 0.29583333333333334 0.9009259259259259 0.2984375 0.9083333333333333 0.3067708333333333 0.9037037037037037 0.31302083333333336 0.9046296296296297 0.3151041666666667 0.9009259259259259 0.315625 0.8175925925925925 0.3140625 0.812037037037037 0.3078125 0.8138888888888889 0.30052083333333335 0.8398148148148148 0.3 0.8694444444444445 0.3015625 0.8777777777777778
4 0.17864583333333334 0.8101851851851852 0.18177083333333333 0.8157407407407408 0.18541666666666667 0.8138888888888889 0.19114583333333332 0.787962962962963 0.19114583333333332 0.774074074074074 0.19375 0.7675925925925926 0.1921875 0.7407407407407407 0.18697916666666667 0.7398148148148148 0.17916666666666667 0.7564814814814815 0.18229166666666666 0.7925925925925926 0.17864583333333334 0.8101851851851852
5 0.35 0.649074074074074 0.35260416666666666 0.6462962962962963 0.3515625 0.6074074074074074 0.3494791666666667 0.600925925925926 0.3458333333333333 0.600925925925926 0.3421875 0.6083333333333333 0.340625 0.6453703703703704 0.35 0.649074074074074
5 0.7786458333333334 0.700925925925926 0.7770833333333333 0.6805555555555556 0.7796875 0.6601851851851852 0.775 0.6425925925925926 0.7708333333333334 0.6435185185185185 0.7671875 0.6611111111111111 0.7661458333333333 0.700925925925926 0.7786458333333334 0.700925925925926
4 0.06302083333333333 0.7277777777777777 0.06302083333333333 0.737037037037037 0.06927083333333334 0.7444444444444445 0.07395833333333333 0.7444444444444445 0.07760416666666667 0.7277777777777777 0.07760416666666667 0.6731481481481482 0.071875 0.6694444444444444 0.0640625 0.687037037037037 0.0671875 0.7194444444444444 0.06302083333333333 0.7277777777777777
0 0.8100833333333333 0.885287037037037 0.007697916666666771 0.01875
5 0.5182291666666666 0.8194444444444444 0.5260416666666666 0.7814814814814814 0.525 0.7472222222222222 0.5197916666666667 0.7444444444444445 0.5125 0.7601851851851852 0.5130208333333334 0.8111111111111111 0.5182291666666666 0.8194444444444444
4 0.4197916666666667 0.6537037037037037 0.4234375 0.6601851851851852 0.4276041666666667 0.6601851851851852 0.4317708333333333 0.6388888888888888 0.43125 0.6212962962962963 0.42604166666666665 0.6055555555555555 0.4234375 0.6055555555555555 0.4197916666666667 0.6148148148148148 0.41822916666666665 0.6268518518518519 0.4197916666666667 0.6537037037037037
3 0.48710416666666667 0.577388888888889 0.011156250000000038 0.054074074074074156
3 0.16019791666666666 0.573462962962963 0.012651041666666647 0.04950925925925929