4 0.18958333333333333 0.8046296296296296 0.19583333333333333 0.8009259259259259 0.196875 0.8055555555555556 0.20052083333333334 0.8064814814814815 0.20260416666666667 0.8037037037037037 0.20052083333333334 0.7824074074074074 0.20260416666666667 0.7611111111111111 0.1984375 0.7268518518518519 0.19270833333333334 0.7277777777777777 0.18697916666666667 0.7490740740740741 0.18645833333333334 0.8018518518518518 0.18958333333333333 0.8046296296296296
3 0.3645833333333333 0.7379629629629629 0.3651041666666667 0.762962962962963 0.36875 0.7703703703703704 0.375 0.7666666666666667 0.375 0.7447527777777777 0.3807291666666667 0.7333333333333333 0.3807291666666667 0.7268518518518519 0.3765625 0.7064814814814815 0.3697916666666667 0.6925925925925925 0.3619791666666667 0.7111111111111111 0.3609375 0.7296296296296296 0.3645833333333333 0.7379629629629629
4 0.6072916666666667 0.799074074074074 0.6109375 0.8064814814814815 0.6177083333333333 0.8064814814814815 0.6229166666666667 0.7481481481481481 0.6166666666666667 0.725 0.6130208333333333 0.725 0.6072916666666667 0.7472222222222222 0.6057291666666667 0.7657407407407407 0.6072916666666667 0.799074074074074
5 0.7588541666666667 0.6555555555555556 0.7614583333333333 0.6212962962962963 0.759375 0.6074074074074074 0.7541666666666667 0.6037037037037037 0.7505208333333333 0.6157407407407407 0.753125 0.6537037037037037 0.7588541666666667 0.6555555555555556
5 0.7682291666666666 0.8611111111111112 0.7713541666666667 0.8657407407407407 0.775 0.8592592592592593 0.7828125 0.8666666666666667 0.7864583333333334 0.8657407407407407 0.7890625 0.8083333333333333 0.784375 0.7870370370370371 0.7791666666666667 0.7861111111111111 0.7734375 0.8046296296296296 0.775 0.8268518518518518 0.7682291666666666 0.8611111111111112
4 0.6026041666666667 0.7222222222222222 0.6125 0.7222222222222222 0.6145833333333334 0.7203703703703703 0.6119791666666666 0.6962962962962963 0.6130208333333333 0.6685185185185185 0.6072916666666667 0.6537037037037037 0.6010416666666667 0.6648148148148149 0.6010416666666667 0.7194444444444444 0.6026041666666667 0.7222222222222222
5 0.5036458333333333 0.7092592592592593 0.5067708333333333 0.7064814814814815 0.5088541666666667 0.6814814814814815 0.5067708333333333 0.6518518518518519 0.5026041666666666 0.6509259259259259 0.4984375 0.6611111111111111 0.49895833333333334 0.7046296296296296 0.5036458333333333 0.7092592592592593
5 0.9817708333333334 0.737037037037037 0.9859375 0.7416666666666667 0.9885416666666667 0.7712962962962963 0.99375 0.7768518518518519 0.9994791666666667 0.7759259259259259 0.9994791666666667 0.7666666666666667 0.996875 0.7648148148148148 0.9953125 0.7564814814814815 0.9973958333333334 0.7398148148148148 0.9963541666666667 0.7222222222222222 0.9901041666666667 0.7037037037037037 0.9869791666666666 0.7046296296296296 0.984375 0.7129629629629629 0.9848958333333333 0.725 0.9817708333333334 0.737037037037037
4 0.48333333333333334 0.7055555555555556 0.48541666666666666 0.6703703703703704 0.48854166666666665 0.6583333333333333 0.48385416666666664 0.649074074074074 0.48072916666666665 0.6481481481481481 0.4765625 0.6555555555555556 0.475 0.6648148148148149 0.475 0.700925925925926 0.48333333333333334 0.7055555555555556
3 0.209375 0.6046296296296296 0.21354166666666666 0.6074074074074074 0.2171875 0.6027777777777777 0.21979166666666666 0.5675925925925925 0.21614583333333334 0.5611111111111111 0.2078125 0.5722222222222222 0.20677083333333332 0.5842592592592593 0.209375 0.6046296296296296
2 0.8723958333333334 0.6944444444444444 0.8765625 0.6981481481481482 0.8848958333333333 0.6861111111111111 0.8869791666666667 0.700925925925926 0.8921875 0.700925925925926 0.890625 0.6537037037037037 0.8864583333333333 0.637962962962963 0.8838541666666667 0.6370370370370371 0.88125 0.6416666666666667 0.88125 0.6648148148148149 0.8723958333333334 0.6944444444444444
5 0.20729166666666668 0.7148148148148148 0.21302083333333333 0.7138888888888889 0.21458333333333332 0.6916666666666667 0.209375 0.649074074074074 0.20520833333333333 0.649074074074074 0.203125 0.6592592592592592 0.20416666666666666 0.7111111111111111 0.20729166666666668 0.7148148148148148
4 0.24010416666666667 0.7351851851851852 0.2421875 0.7240740740740741 0.2390625 0.7037037037037037 0.24010416666666667 0.6814814814814815 0.23229166666666667 0.6694444444444444 0.22708333333333333 0.6814814814814815 0.23020833333333332 0.7342592592592593 0.24010416666666667 0.7351851851851852
3 0.30572916666666666 0.6037037037037037 0.30833333333333335 0.5648148148148148 0.30572916666666666 0.5574074074074075 0.3026041666666667 0.5564814814814815 0.29791666666666666 0.5666666666666667 0.3 0.6018518518518519 0.30572916666666666 0.6037037037037037
5 0.271875 0.6185185185185185 0.278125 0.5861111111111111 0.27395833333333336 0.575925925925926 0.2713541666666667 0.5768518518518518 0.26875 0.587037037037037 0.2677083333333333 0.6148148148148148 0.271875 0.6185185185185185
0 0.8635416666666667 0.6981481481481482 0.871875 0.6962962962962963 0.8703125 0.6916666666666667 0.8640625 0.6888888888888889 0.8625 0.6916666666666667 0.8635416666666667 0.6981481481481482
4 0.32708333333333334 0.700925925925926 0.3265625 0.7138888888888889 0.32864583333333336 0.7203703703703703 0.3338541666666667 0.7222222222222222 0.3359375 0.7185185185185186 0.33697916666666666 0.6768518518518518 0.3296875 0.6527777777777778 0.3229166666666667 0.662962962962963 0.3229166666666667 0.6935185185185185 0.32708333333333334 0.700925925925926
5 0.21302083333333333 0.8777777777777778 0.21458333333333332 0.9120370370370371 0.2203125 0.9148148148148149 0.2203125 0.9 0.2234375 0.8805555555555555 0.22916666666666666 0.8722222222222222 0.2203125 0.825 0.21666666666666667 0.8231481481481482 0.21458333333333332 0.825925925925926 0.2078125 0.85 0.20572916666666666 0.8694444444444445 0.21302083333333333 0.8777777777777778
5 0.22447916666666667 0.6638888888888889 0.22864583333333333 0.6657407407407407 0.23125 0.6620370370370371 0.23125 0.6101851851851852 0.22708333333333333 0.6083333333333333 0.221875 0.6212962962962963 0.22239583333333332 0.6583333333333333 0.22447916666666667 0.6638888888888889
4 0.2359375 0.6722222222222223 0.23229166666666667 0.6731481481481482 0.24322916666666666 0.6925925925925925 0.2515625 0.6925925925925925 0.24375 0.6342592592592593 0.24010416666666667 0.6342592592592593 0.23645833333333333 0.6462962962962963 0.2375 0.6638888888888889 0.2359375 0.6722222222222223
5 0.3265625 0.6972222222222222 0.328125 0.6953703703703704 0.3302083333333333 0.6620370370370371 0.3296875 0.6453703703703704 0.3265625 0.6333333333333333 0.3223958333333333 0.637962962962963 0.31927083333333334 0.65 0.321875 0.6925925925925925 0.3265625 0.6972222222222222
4 0.4739583333333333 0.6194444444444445 0.4744791666666667 0.6425925925925926 0.4875 0.6425925925925926 0.4796875 0.5944444444444444 0.4765625 0.5935185185185186 0.47239583333333335 0.6055555555555555 0.4713541666666667 0.6111111111111112 0.4739583333333333 0.6194444444444445
4 0.3333333333333333 0.6814814814814815 0.33697916666666666 0.6907407407407408 0.3453125 0.6916666666666667 0.346875 0.6888888888888889 0.34479166666666666 0.6685185185185185 0.3463541666666667 0.6537037037037037 0.34322916666666664 0.6342592592592593 0.3411458333333333 0.6324074074074074 0.33645833333333336 0.6444444444444445 0.3328125 0.6657407407407407 0.3333333333333333 0.6814814814814815
5 0.3640625 0.6592592592592592 0.36822916666666666 0.662962962962963 0.3729166666666667 0.6620370370370371 0.37083333333333335 0.6111111111111112 0.36614583333333334 0.6101851851851852 0.3651041666666667 0.6175925925925926 0.365625 0.65 0.3640625 0.6592592592592592
4 0.22604166666666667 0.65 0.22864583333333333 0.6509259259259259 0.23229166666666667 0.6425925925925926 0.23229166666666667 0.6083333333333333 0.22708333333333333 0.6083333333333333 0.2234375 0.6203703703703703 0.2234375 0.6425925925925926 0.22604166666666667 0.65
4 0.9505208333333334 0.4027777777777778 0.001734374999999962 0.033953703703703667