4 0.11875 0.8351851851851851 0.11822916666666666 0.8601851851851852 0.12291666666666666 0.8638888888888889 0.13020833333333334 0.8231481481481482 0.13541666666666666 0.812037037037037 0.13333333333333333 0.7944444444444444 0.12708333333333333 0.7712962962962963 0.12291666666666666 0.7722222222222223 0.11510416666666666 0.7981481481481482 0.11354166666666667 0.8185185185185185 0.11875 0.8351851851851851
4 0.7869791666666667 0.8333333333333334 0.7828125 0.8564814814814815 0.7875 0.8592592592592593 0.7979166666666667 0.8555555555555555 0.7989583333333333 0.850925925925926 0.7963541666666667 0.8296296296296296 0.7994791666666666 0.8175925925925925 0.8010416666666667 0.7907407407407407 0.7973958333333333 0.774074074074074 0.7932291666666667 0.7712962962962963 0.7864583333333334 0.7833333333333333 0.784375 0.7944444444444444 0.7838541666666666 0.8138888888888889 0.7869791666666667 0.8333333333333334
3 0.9010416666666666 0.9796296296296296 0.8958333333333334 0.987037037037037 0.8953125 0.9990740740740741 0.8994791666666667 0.9990740740740741 0.9052083333333333 0.9907407407407407 0.9098958333333333 0.9990740740740741 0.9145833333333333 0.9990740740740741 0.9166666666666666 0.9833333333333333 0.9208333333333333 0.9814814814814815 0.9234375 0.9879629629629629 0.9239583333333333 0.9990740740740741 0.9286458333333333 0.9990740740740741 0.9276041666666667 0.9314814814814815 0.9229166666666667 0.925 0.9182291666666667 0.9111111111111111 0.915625 0.9111111111111111 0.9088541666666666 0.9314814814814815 0.9067708333333333 0.962037037037037 0.9010416666666666 0.9796296296296296
1 0.06458333333333334 0.6388888888888888 0.06927083333333334 0.6342592592592593 0.06979166666666667 0.5879629629629629 0.06822916666666666 0.5842592592592593 0.0640625 0.5842592592592593 0.06041666666666667 0.5935185185185186 0.059895833333333336 0.637962962962963 0.06458333333333334 0.6388888888888888
5 0.884375 0.7814814814814814 0.8859375 0.7787037037037037 0.8875 0.737037037037037 0.8817708333333333 0.7166666666666667 0.878125 0.7185185185185186 0.8729166666666667 0.7361111111111112 0.8734375 0.7824074074074074 0.884375 0.7814814814814814
4 0.6151041666666667 0.7472222222222222 0.6197916666666666 0.7333333333333333 0.6244791666666667 0.7333333333333333 0.6270833333333333 0.7462962962962963 0.6322916666666667 0.7444444444444445 0.628125 0.7240740740740741 0.628125 0.6888888888888889 0.6265625 0.6833333333333333 0.6234375 0.6851851851851852 0.6208333333333333 0.6925925925925925 0.6177083333333333 0.7166666666666667 0.6119791666666666 0.7388888888888889 0.6114583333333333 0.7435185185185185 0.6151041666666667 0.7472222222222222
5 0.6505208333333333 0.7231481481481481 0.6578125 0.7185185185185186 0.6625 0.7240740740740741 0.6640625 0.7194444444444444 0.659375 0.7055555555555556 0.6619791666666667 0.6861111111111111 0.6609375 0.6759259259259259 0.6572916666666667 0.6638888888888889 0.6536458333333334 0.6638888888888889 0.6520833333333333 0.6694444444444444 0.6473958333333333 0.7212962962962963 0.6505208333333333 0.7231481481481481
4 0.346875 0.6888888888888889 0.3484375 0.6824074074074075 0.353125 0.6851851851851852 0.3567708333333333 0.6777777777777778 0.3572916666666667 0.6546296296296297 0.353125 0.6333333333333333 0.3484375 0.6342592592592593 0.3416666666666667 0.6564814814814814 0.3416666666666667 0.6888888888888889 0.346875 0.6888888888888889
5 0.35572916666666665 0.7333333333333333 0.3541666666666667 0.7435185185185185 0.3614583333333333 0.7472222222222222 0.36354166666666665 0.7435185185185185 0.3614583333333333 0.7314814814814815 0.36354166666666665 0.7175925925925926 0.36614583333333334 0.7138888888888889 0.36614583333333334 0.7037037037037037 0.36041666666666666 0.6824074074074075 0.35625 0.6787037037037037 0.3536458333333333 0.6851851851851852 0.3515625 0.7083333333333334 0.35572916666666665 0.7333333333333333
5 0.20833333333333334 0.6657407407407407 0.20572916666666666 0.6814814814814815 0.20677083333333332 0.687962962962963 0.21614583333333334 0.6888888888888889 0.21770833333333334 0.6796296296296296 0.215625 0.6694444444444444 0.22083333333333333 0.6574074074074074 0.21979166666666666 0.6462962962962963 0.21302083333333333 0.6277777777777778 0.20625 0.6425925925925926 0.20364583333333333 0.6546296296296297 0.20833333333333334 0.6657407407407407
4 0.23229166666666667 0.6083333333333333 0.234375 0.5953703703703703 0.2328125 0.5916666666666667 0.23541666666666666 0.5805555555555556 0.23489583333333333 0.5675925925925925 0.23177083333333334 0.5648148148148148 0.22447916666666667 0.5787037037037037 0.21979166666666666 0.6055555555555555 0.23229166666666667 0.6083333333333333
5 0.453125 0.6138888888888889 0.4515625 0.6268518518518519 0.4588541666666667 0.6277777777777778 0.4625 0.6055555555555555 0.4625 0.5935185185185186 0.45989583333333334 0.5833333333333334 0.4552083333333333 0.5842592592592593 0.4505208333333333 0.6 0.4505208333333333 0.6074074074074074 0.453125 0.6138888888888889
4 0.5385416666666667 0.6148148148148148 0.5416666666666666 0.6157407407407407 0.5447916666666667 0.6111111111111112 0.546875 0.5824074074074074 0.5416666666666666 0.5694444444444444 0.5369791666666667 0.575925925925926 0.5375 0.6101851851851852 0.5385416666666667 0.6148148148148148
5 0.2989583333333333 0.6583333333333333 0.3015625 0.6407407407407407 0.2994791666666667 0.6064814814814815 0.2947916666666667 0.6046296296296296 0.2921875 0.6129629629629629 0.29322916666666665 0.6546296296296297 0.2989583333333333 0.6583333333333333
5 0.8380208333333333 0.6888888888888889 0.8411458333333334 0.6972222222222222 0.8484375 0.6981481481481482 0.8494791666666667 0.6620370370370371 0.8416666666666667 0.6222222222222222 0.8369791666666667 0.6305555555555555 0.8348958333333333 0.6416666666666667 0.8338541666666667 0.6574074074074074 0.8380208333333333 0.6888888888888889
3 0.8067708333333333 0.6157407407407407 0.8078125 0.5805555555555556 0.803125 0.5712962962962963 0.8 0.5722222222222222 0.7979166666666667 0.5777777777777777 0.7973958333333333 0.6148148148148148 0.8067708333333333 0.6157407407407407
4 0.621875 0.6638888888888889 0.6265625 0.6638888888888889 0.6307291666666667 0.6231481481481481 0.6270833333333333 0.612037037037037 0.6223958333333334 0.612037037037037 0.6171875 0.6203703703703703 0.6182291666666667 0.6546296296296297 0.621875 0.6638888888888889
0 0.04114583333333333 0.07407407407407407 0.04739583333333333 0.07592592592592592 0.05 0.07314814814814814 0.049479166666666664 0.06759259259259259 0.04479166666666667 0.06111111111111111 0.040625 0.06388888888888888 0.03958333333333333 0.0712962962962963 0.04114583333333333 0.07407407407407407
3 0.2484375 0.5944444444444444 0.2515625 0.5916666666666667 0.2526041666666667 0.562962962962963 0.2484375 0.5546296296296296 0.24375 0.5601851851851852 0.24322916666666666 0.587037037037037 0.2484375 0.5944444444444444
5 0.6098958333333333 0.6611111111111111 0.61875 0.6620370370370371 0.6213541666666667 0.6185185185185185 0.6182291666666667 0.6092592592592593 0.6145833333333334 0.6083333333333333 0.6109375 0.6305555555555555 0.6125 0.6435185185185185 0.6098958333333333 0.6611111111111111
0 0.24427083333333333 0.6111111111111112 0.24635416666666668 0.6074074074074074 0.24375 0.6018518518518519 0.24010416666666667 0.6037037037037037 0.24010416666666667 0.6111111111111112 0.24427083333333333 0.6111111111111112
3 0.603125 0.6611111111111111 0.6057291666666667 0.6185185185185185 0.5994791666666667 0.6037037037037037 0.5947916666666667 0.6055555555555555 0.5958333333333333 0.6231481481481481 0.59375 0.6398148148148148 0.59375 0.6592592592592592 0.603125 0.6611111111111111
4 0.8226041666666667 0.6078703703703704 0.012901041666666658 0.04917592592592583
5 0.832359375 0.6215833333333333 0.00933333333333337 0.04529629629629636