4 0.5098958333333333 0.9 0.5088541666666667 0.9046296296296297 0.5125 0.9083333333333333 0.5192708333333333 0.9083333333333333 0.5208333333333334 0.9027777777777778 0.5171875 0.8759259259259259 0.5208333333333334 0.8425925925925926 0.5135416666666667 0.812962962962963 0.5088541666666667 0.8148148148148148 0.5046875 0.8518518518518519 0.5036458333333333 0.8777777777777778 0.5098958333333333 0.9
4 0.4171875 0.8768518518518519 0.4192708333333333 0.9037037037037037 0.42604166666666665 0.9175925925925926 0.4265625 0.9259259259259259 0.4354166666666667 0.9268518518518518 0.43802083333333336 0.9185185185185185 0.42864583333333334 0.8907407407407407 0.4317708333333333 0.8564814814814815 0.4161458333333333 0.8388888888888889 0.4109375 0.8416666666666667 0.409375 0.8712962962962963 0.4171875 0.8768518518518519
4 0.3020833333333333 0.8351851851851851 0.29791666666666666 0.8657407407407407 0.30416666666666664 0.8666666666666667 0.31197916666666664 0.8518518518518519 0.315625 0.8638888888888889 0.3223958333333333 0.862037037037037 0.3151041666666667 0.8425925925925926 0.31354166666666666 0.8277777777777777 0.3151041666666667 0.8185185185185185 0.321875 0.8203703703703704 0.3229166666666667 0.8175925925925925 0.3151041666666667 0.8083333333333333 0.31145833333333334 0.7814814814814814 0.30572916666666666 0.7833333333333333 0.3 0.8138888888888889 0.3020833333333333 0.8203703703703704 0.3020833333333333 0.8351851851851851
5 0.7557291666666667 0.7453703703703703 0.7588541666666667 0.7314814814814815 0.76875 0.7398148148148148 0.7692708333333333 0.7305555555555555 0.7630208333333334 0.725925925925926 0.7604166666666666 0.7138888888888889 0.7604166666666666 0.7 0.7567708333333333 0.6814814814814815 0.7536458333333333 0.6796296296296296 0.7510416666666667 0.6851851851851852 0.75 0.7435185185185185 0.7557291666666667 0.7453703703703703
4 0.7005208333333334 0.8425925925925926 0.6979166666666666 0.8490740740740741 0.7046875 0.8518518518518519 0.7125 0.8361111111111111 0.7203125 0.8444444444444444 0.7239583333333334 0.8435185185185186 0.7223958333333333 0.8333333333333334 0.7130208333333333 0.825 0.7125 0.7870370370370371 0.7057291666666666 0.7712962962962963 0.7015625 0.7768518518518519 0.7015625 0.8268518518518518 0.7005208333333334 0.8425925925925926
5 0.4390625 0.8574074074074074 0.4421875 0.8564814814814815 0.4479166666666667 0.8444444444444444 0.4552083333333333 0.8574074074074074 0.45729166666666665 0.8453703703703703 0.45208333333333334 0.8416666666666667 0.4484375 0.8287037037037037 0.4484375 0.8222222222222222 0.453125 0.8111111111111111 0.4557291666666667 0.8101851851851852 0.4552083333333333 0.8064814814814815 0.4515625 0.8018518518518518 0.4427083333333333 0.7759259259259259 0.43854166666666666 0.775 0.43697916666666664 0.7805555555555556 0.43645833333333334 0.8537037037037037 0.4390625 0.8574074074074074
4 0.013541666666666667 0.7611111111111111 0.015625 0.7555555555555555 0.030208333333333334 0.7601851851851852 0.030208333333333334 0.7509259259259259 0.023958333333333335 0.7240740740740741 0.022916666666666665 0.7027777777777777 0.019270833333333334 0.6916666666666667 0.015625 0.6925925925925925 0.0109375 0.7166666666666667 0.008854166666666666 0.7620370370370371 0.013541666666666667 0.7611111111111111
5 0.3609375 0.7129629629629629 0.3625 0.7046296296296296 0.359375 0.6981481481481482 0.3619791666666667 0.687962962962963 0.36041666666666666 0.6703703703703704 0.3536458333333333 0.6537037037037037 0.35052083333333334 0.6583333333333333 0.3494791666666667 0.6666666666666666 0.35 0.712037037037037 0.3609375 0.7129629629629629
4 0.3776041666666667 0.7462962962962963 0.37864583333333335 0.7537037037037037 0.3848958333333333 0.7722222222222223 0.39114583333333336 0.7731481481481481 0.3921875 0.7666666666666667 0.3880208333333333 0.7490740740740741 0.3885416666666667 0.7185185185185186 0.3854166666666667 0.7064814814814815 0.38125 0.700925925925926 0.378125 0.7203703703703703 0.3796875 0.7351851851851852 0.3776041666666667 0.7462962962962963
4 0.8098958333333334 0.7805555555555556 0.8083333333333333 0.7944444444444444 0.8104166666666667 0.7972222222222223 0.821875 0.7944444444444444 0.8223958333333333 0.7861111111111111 0.8203125 0.7694444444444445 0.8208333333333333 0.7305555555555555 0.8182291666666667 0.7157407407407408 0.8130208333333333 0.7166666666666667 0.8083333333333333 0.7546296296296297 0.8098958333333334 0.7805555555555556
5 0.584375 0.8768518518518519 0.584375 0.8916666666666667 0.5901041666666667 0.9148148148148149 0.5901041666666667 0.924074074074074 0.5927083333333333 0.9268518518518518 0.5958333333333333 0.9231481481481482 0.59375 0.9055555555555556 0.5989583333333334 0.8601851851851852 0.5911458333333334 0.8351851851851851 0.5864583333333333 0.837037037037037 0.5828125 0.8527777777777777 0.5807291666666666 0.8648148148148148 0.584375 0.8768518518518519
5 0.58125 0.75 0.5796875 0.762962962962963 0.5848958333333333 0.7638888888888888 0.5911458333333334 0.7555555555555555 0.5864583333333333 0.7361111111111112 0.5880208333333333 0.7046296296296296 0.584375 0.6898148148148148 0.58125 0.6898148148148148 0.5796875 0.6944444444444444 0.5791666666666667 0.7398148148148148 0.58125 0.75
5 0.825 0.8398148148148148 0.8302083333333333 0.8407407407407408 0.8328125 0.8324074074074074 0.8291666666666667 0.8157407407407408 0.8328125 0.8027777777777778 0.8338541666666667 0.7851851851851852 0.83125 0.7583333333333333 0.8265625 0.7611111111111111 0.821875 0.7851851851851852 0.8208333333333333 0.8175925925925925 0.825 0.8398148148148148
4 0.5755208333333334 0.6620370370370371 0.58125 0.6620370370370371 0.584375 0.6574074074074074 0.5817708333333333 0.6435185185185185 0.5822916666666667 0.6175925925925926 0.5765625 0.6092592592592593 0.5744791666666667 0.6111111111111112 0.575 0.6592592592592592 0.5755208333333334 0.6620370370370371
5 0.4671875 0.8888888888888888 0.4734375 0.9111111111111111 0.4734375 0.9185185185185185 0.4786458333333333 0.9194444444444444 0.48125 0.9157407407407407 0.4791666666666667 0.8888888888888888 0.4828125 0.8796296296296297 0.48072916666666665 0.8555555555555555 0.4713541666666667 0.837037037037037 0.46822916666666664 0.8379629629629629 0.4635416666666667 0.8537037037037037 0.4625 0.8870370370370371 0.4671875 0.8888888888888888
0 0.4479166666666667 0.9611111111111111 0.4510416666666667 0.950925925925926 0.44947916666666665 0.9435185185185185 0.44479166666666664 0.9416666666666667 0.44166666666666665 0.9462962962962963 0.4432291666666667 0.9601851851851851 0.4479166666666667 0.9611111111111111
3 0.1546875 0.6046296296296296 0.15833333333333333 0.6055555555555555 0.16197916666666667 0.5685185185185185 0.1578125 0.5574074074074075 0.15260416666666668 0.562037037037037 0.15364583333333334 0.600925925925926 0.1546875 0.6046296296296296
3 0.33958333333333335 0.7888888888888889 0.3416666666666667 0.775 0.34427083333333336 0.7722222222222223 0.3494791666666667 0.7759259259259259 0.3541666666666667 0.7870370370370371 0.3567708333333333 0.7787037037037037 0.34791666666666665 0.7574074074074074 0.3484375 0.7203703703703703 0.35 0.7157407407407408 0.3421875 0.7101851851851851 0.3380208333333333 0.7148148148148148 0.33541666666666664 0.7870370370370371 0.33958333333333335 0.7888888888888889
5 0.33125 0.6537037037037037 0.3338541666666667 0.6555555555555556 0.33697916666666666 0.6444444444444445 0.3375 0.6064814814814815 0.3338541666666667 0.600925925925926 0.3296875 0.6064814814814815 0.32864583333333336 0.6351851851851852 0.33125 0.6537037037037037
4 0.016666666666666666 0.6111111111111112 0.029166666666666667 0.6111111111111112 0.027083333333333334 0.5981481481481481 0.028125 0.5824074074074074 0.025 0.5675925925925925 0.021354166666666667 0.5638888888888889 0.018229166666666668 0.5703703703703704 0.016145833333333335 0.575925925925926 0.016666666666666666 0.6111111111111112
4 0.07708333333333334 0.675 0.07552083333333333 0.6888888888888889 0.08489583333333334 0.6962962962962963 0.08489583333333334 0.7046296296296296 0.08802083333333334 0.7074074074074074 0.090625 0.6981481481481482 0.0875 0.6759259259259259 0.08958333333333333 0.6657407407407407 0.0953125 0.6611111111111111 0.08072916666666667 0.6462962962962963 0.07447916666666667 0.6583333333333333 0.07447916666666667 0.6675925925925926 0.07708333333333334 0.675
5 0.0796875 0.7166666666666667 0.08177083333333333 0.7138888888888889 0.0796875 0.6944444444444444 0.084375 0.6675925925925926 0.084375 0.6574074074074074 0.08020833333333334 0.6472222222222223 0.07291666666666667 0.6592592592592592 0.07083333333333333 0.6675925925925926 0.06979166666666667 0.7157407407407408 0.0796875 0.7166666666666667