5 0.10729166666666666 0.8972222222222223 0.1109375 0.9222222222222223 0.1140625 0.925 0.11822916666666666 0.9231481481481482 0.11927083333333334 0.9194444444444444 0.1140625 0.9083333333333333 0.11354166666666667 0.8953703703703704 0.109375 0.8777777777777778 0.11041666666666666 0.8703703703703703 0.11614583333333334 0.8657407407407407 0.11145833333333334 0.8564814814814815 0.1125 0.8425925925925926 0.1109375 0.8361111111111111 0.10572916666666667 0.8379629629629629 0.10416666666666667 0.8481481481481481 0.09895833333333333 0.8601851851851852 0.09895833333333333 0.8796296296296297 0.096875 0.8888888888888888 0.08072916666666667 0.9 0.08020833333333334 0.9083333333333333 0.08385416666666666 0.912962962962963 0.09010416666666667 0.9027777777777778 0.10729166666666666 0.8972222222222223
3 0.8494791666666667 0.9990740740740741 0.85 0.9703703703703703 0.8552083333333333 0.9601851851851851 0.8567708333333334 0.962037037037037 0.8572916666666667 0.9546296296296296 0.853125 0.925 0.8473958333333333 0.912962962962963 0.8479166666666667 0.9074074074074074 0.8458333333333333 0.9037037037037037 0.8411458333333334 0.9046296296296297 0.8395833333333333 0.9138888888888889 0.834375 0.924074074074074 0.8291666666666667 0.9685185185185186 0.8260416666666667 0.9703703703703703 0.821875 0.9824074074074074 0.821875 0.9925925925925926 0.828125 0.9898148148148148 0.8338541666666667 0.9990740740740741 0.8494791666666667 0.9990740740740741
5 0.525 0.8629629629629629 0.5244791666666667 0.8472222222222222 0.5276041666666667 0.8425925925925926 0.5302083333333333 0.8425925925925926 0.5328125 0.8490740740740741 0.540625 0.8518518518518519 0.5447916666666667 0.8592592592592593 0.5484375 0.8592592592592593 0.5484375 0.85 0.5385416666666667 0.8425925925925926 0.5369791666666667 0.8296296296296296 0.5296875 0.8055555555555556 0.5223958333333333 0.7981481481481482 0.5171875 0.8009259259259259 0.5161458333333333 0.8027777777777778 0.5203125 0.8074074074074075 0.5182291666666666 0.8648148148148148 0.525 0.8629629629629629
3 0.509375 0.7435185185185185 0.5135416666666667 0.7425925925925926 0.5151041666666667 0.7194444444444444 0.5208333333333334 0.6851851851851852 0.5161458333333333 0.6722222222222223 0.5130208333333334 0.6703703703703704 0.5057291666666667 0.687037037037037 0.5052083333333334 0.7 0.5088541666666667 0.7148148148148148 0.5067708333333333 0.7324074074074074 0.509375 0.7435185185185185
5 0.4432291666666667 0.6587962962962963 0.446875 0.637962962962963 0.4401041666666667 0.625 0.43697916666666664 0.6259259259259259 0.43385416666666665 0.6361111111111111 0.43385416666666665 0.6731481481481482 0.44114583333333335 0.6777777777777778 0.4432291666666667 0.674074074074074 0.4432291666666667 0.6587962962962963
4 0.4661458333333333 0.8453703703703703 0.465625 0.8574074074074074 0.4708333333333333 0.8592592592592593 0.47291666666666665 0.8518518518518519 0.46927083333333336 0.8333333333333334 0.4713541666666667 0.8194444444444444 0.47760416666666666 0.8027777777777778 0.47708333333333336 0.7944444444444444 0.4703125 0.7759259259259259 0.4666666666666667 0.775 0.4625 0.7898148148148149 0.4630208333333333 0.8018518518518518 0.4583333333333333 0.825 0.4625 0.8305555555555556 0.4661458333333333 0.8453703703703703
4 0.42239583333333336 0.6148148148148148 0.4197916666666667 0.5925925925925926 0.4140625 0.5925925925925926 0.4109375 0.6092592592592593 0.41041666666666665 0.6351851851851852 0.4161458333333333 0.6407407407407407 0.41875 0.637962962962963 0.42239583333333336 0.6148148148148148
4 0.3458333333333333 0.637962962962963 0.3416666666666667 0.6287037037037037 0.3375 0.6296296296296297 0.334375 0.6370370370370371 0.33697916666666666 0.6777777777777778 0.3416666666666667 0.6833333333333333 0.34427083333333336 0.6787037037037037 0.3458333333333333 0.637962962962963
4 0.2078125 0.8490740740740741 0.21614583333333334 0.8453703703703703 0.21822916666666667 0.8527777777777777 0.22447916666666667 0.8527777777777777 0.21979166666666666 0.825925925925926 0.2125 0.8138888888888889 0.209375 0.8027777777777778 0.20885416666666667 0.7842592592592592 0.20416666666666666 0.7824074074074074 0.20052083333333334 0.7953703703703704 0.20052083333333334 0.8194444444444444 0.20677083333333332 0.8379629629629629 0.2046875 0.8453703703703703 0.2078125 0.8490740740740741
5 0.7677083333333333 0.7944444444444444 0.771875 0.7361111111111112 0.7651041666666667 0.7175925925925926 0.7614583333333333 0.7175925925925926 0.7598958333333333 0.7231481481481481 0.7588541666666667 0.7481481481481481 0.7614583333333333 0.7907407407407407 0.7630208333333334 0.7944444444444444 0.7677083333333333 0.7944444444444444
4 0.709375 0.7166666666666667 0.7151041666666667 0.6851851851851852 0.715625 0.6648148148148149 0.7119791666666667 0.6537037037037037 0.7078125 0.6518518518518519 0.7005208333333334 0.6657407407407407 0.7 0.675 0.7046875 0.6962962962962963 0.7046875 0.7148148148148148 0.709375 0.7166666666666667
5 0.7494791666666667 0.7157407407407408 0.7463541666666667 0.7 0.7479166666666667 0.675 0.74375 0.6583333333333333 0.7395833333333334 0.6583333333333333 0.7375 0.6842592592592592 0.740625 0.7203703703703703 0.7442708333333333 0.7231481481481481 0.7494791666666667 0.7157407407407408
4 0.6817708333333333 0.6398148148148148 0.684375 0.6018518518518519 0.68125 0.587037037037037 0.6776041666666667 0.587037037037037 0.6765625 0.5907407407407408 0.6744791666666666 0.6055555555555555 0.6765625 0.6351851851851852 0.6776041666666667 0.6388888888888888 0.6817708333333333 0.6398148148148148
3 0.17916666666666667 0.5601851851851852 0.17447916666666666 0.5611111111111111 0.16927083333333334 0.5861111111111111 0.16979166666666667 0.6 0.17552083333333332 0.6018518518518519 0.18125 0.575925925925926 0.17916666666666667 0.5601851851851852
5 0.23802083333333332 0.7888888888888889 0.23854166666666668 0.799074074074074 0.24375 0.8018518518518518 0.24114583333333334 0.7398148148148148 0.23697916666666666 0.7240740740740741 0.2328125 0.7277777777777777 0.22760416666666666 0.7472222222222222 0.22916666666666666 0.7527777777777778 0.22708333333333333 0.7675925925925926 0.228125 0.7925925925925926 0.23802083333333332 0.7888888888888889
4 0.21666666666666667 0.8064814814814815 0.22604166666666667 0.8018518518518518 0.22864583333333333 0.8083333333333333 0.23229166666666667 0.8074074074074075 0.2328125 0.8018518518518518 0.22864583333333333 0.7870370370370371 0.2296875 0.775 0.2234375 0.7435185185185185 0.22135416666666666 0.7407407407407407 0.2171875 0.7435185185185185 0.20833333333333334 0.7592592592592593 0.20885416666666667 0.775 0.2140625 0.7842592592592592 0.21666666666666667 0.8064814814814815
4 0.09583333333333334 0.6796296296296296 0.09791666666666667 0.6675925925925926 0.09895833333333333 0.6342592592592593 0.09583333333333334 0.6231481481481481 0.09010416666666667 0.6324074074074074 0.08854166666666667 0.637962962962963 0.08854166666666667 0.6805555555555556 0.09322916666666667 0.6824074074074075 0.09583333333333334 0.6796296296296296
4 0.5098958333333333 0.7944444444444444 0.5192708333333333 0.7555555555555555 0.5125 0.7425925925925926 0.509375 0.7444444444444445 0.503125 0.7592592592592593 0.49895833333333334 0.7712962962962963 0.503125 0.7805555555555556 0.5046875 0.7944444444444444 0.5098958333333333 0.7944444444444444
5 0.40520833333333334 0.7240740740740741 0.4078125 0.725 0.4140625 0.674074074074074 0.4119791666666667 0.6638888888888889 0.4088541666666667 0.6601851851851852 0.40208333333333335 0.674074074074074 0.4015625 0.6842592592592592 0.4041666666666667 0.6972222222222222 0.403125 0.7175925925925926 0.40520833333333334 0.7240740740740741
0 0.46770833333333334 0.8194444444444444 0.4625 0.8111111111111111 0.4583333333333333 0.8166666666666667 0.45729166666666665 0.825 0.46197916666666666 0.8333333333333334 0.46822916666666664 0.8296296296296296 0.46770833333333334 0.8194444444444444