4 0.8375 0.8148148148148148 0.8416666666666667 0.8148148148148148 0.846875 0.8018518518518518 0.8567708333333334 0.7546296296296297 0.8567708333333334 0.7435185185185185 0.8526041666666667 0.7277777777777777 0.8473958333333333 0.7240740740740741 0.8375 0.7453703703703703 0.8354166666666667 0.8101851851851852 0.8375 0.8148148148148148
4 0.23385416666666667 0.774074074074074 0.23802083333333332 0.7787037037037037 0.24010416666666667 0.7944444444444444 0.23958333333333334 0.8185185185185185 0.2515625 0.8175925925925925 0.25677083333333334 0.7722222222222223 0.25625 0.7481481481481481 0.25104166666666666 0.7287037037037037 0.2484375 0.725925925925926 0.23958333333333334 0.7435185185185185 0.23385416666666667 0.7694444444444445 0.23385416666666667 0.774074074074074
5 0.3 0.6388888888888888 0.3015625 0.6425925925925926 0.30625 0.6425925925925926 0.3072916666666667 0.6259259259259259 0.31197916666666664 0.6138888888888889 0.31197916666666664 0.6027777777777777 0.30625 0.5814814814814815 0.3026041666666667 0.5842592592592593 0.30052083333333335 0.5925925925925926 0.29791666666666666 0.6074074074074074 0.3 0.6388888888888888
5 0.8453125 0.675 0.8479166666666667 0.6703703703703704 0.8494791666666667 0.6296296296296297 0.8432291666666667 0.612037037037037 0.840625 0.6101851851851852 0.8380208333333333 0.6138888888888889 0.8395833333333333 0.674074074074074 0.8453125 0.675
4 0.7244791666666667 0.6564814814814814 0.7276041666666667 0.6842592592592592 0.7322916666666667 0.6851851851851852 0.7369791666666666 0.6537037037037037 0.7369791666666666 0.6333333333333333 0.7322916666666667 0.6194444444444445 0.7276041666666667 0.6185185185185185 0.7260416666666667 0.6222222222222222 0.721875 0.6509259259259259 0.7244791666666667 0.6564814814814814
3 0.6557291666666667 0.6185185185185185 0.6609375 0.6212962962962963 0.6625 0.6194444444444445 0.6645833333333333 0.5694444444444444 0.6619791666666667 0.5592592592592592 0.6578125 0.5574074074074075 0.6541666666666667 0.5712962962962963 0.6536458333333334 0.6055555555555555 0.6557291666666667 0.6185185185185185
5 0.4875 0.7351851851851852 0.4859375 0.7435185185185185 0.49375 0.7444444444444445 0.4979166666666667 0.7398148148148148 0.4979166666666667 0.7314814814814815 0.49375 0.7185185185185186 0.49635416666666665 0.700925925925926 0.4953125 0.6759259259259259 0.49322916666666666 0.6620370370370371 0.4895833333333333 0.6601851851851852 0.48802083333333335 0.6638888888888889 0.4859375 0.6990740740740741 0.4875 0.7351851851851852
4 0.253125 0.5972222222222222 0.2552083333333333 0.6018518518518519 0.2604166666666667 0.6018518518518519 0.2640625 0.5990740740740741 0.2640625 0.5666666666666667 0.26145833333333335 0.5435185185185185 0.259375 0.5425925925925926 0.25677083333333334 0.5472222222222223 0.25416666666666665 0.5638888888888889 0.2546875 0.5898148148148148 0.253125 0.5972222222222222
4 0.4390625 0.5824074074074074 0.44166666666666665 0.575925925925926 0.4421875 0.5657407407407408 0.44114583333333335 0.5370370370370371 0.43802083333333336 0.5351851851851852 0.4328125 0.5481481481481482 0.43072916666666666 0.5694444444444444 0.4390625 0.5824074074074074
4 0.834375 0.5601851851851852 0.8364583333333333 0.5555555555555556 0.8359375 0.5370370370370371 0.8380208333333333 0.5231481481481481 0.8338541666666667 0.5101851851851852 0.8296875 0.5101851851851852 0.8270833333333333 0.5175925925925926 0.8276041666666667 0.5564814814814815 0.834375 0.5601851851851852
5 0.5807291666666666 0.6472222222222223 0.5828125 0.6657407407407407 0.5875 0.6666666666666666 0.590625 0.6620370370370371 0.590625 0.6231481481481481 0.5994791666666667 0.6111111111111112 0.5875 0.6018518518518519 0.5838541666666667 0.600925925925926 0.5822916666666667 0.6055555555555555 0.5833333333333334 0.6305555555555555 0.5807291666666666 0.6472222222222223
5 0.4588541666666667 0.6037037037037037 0.459375 0.6185185185185185 0.4630208333333333 0.6203703703703703 0.4666666666666667 0.6157407407407407 0.46875 0.5768518518518518 0.4635416666666667 0.562037037037037 0.4609375 0.5601851851851852 0.4588541666666667 0.5611111111111111 0.4588541666666667 0.6037037037037037
4 0.5994791666666667 0.5537037037037037 0.603125 0.5546296296296296 0.6067708333333334 0.5175925925925926 0.6036458333333333 0.5074074074074074 0.6010416666666667 0.5064814814814815 0.5963541666666666 0.5148148148148148 0.5963541666666666 0.5407407407407407 0.5994791666666667 0.5537037037037037
3 0.30625 0.5324074074074074 0.31302083333333336 0.49907407407407406 0.3067708333333333 0.4898148148148148 0.3020833333333333 0.49722222222222223 0.3020833333333333 0.5287037037037037 0.30625 0.5324074074074074
4 0.04479166666666667 0.6574074074074074 0.043229166666666666 0.6814814814814815 0.0484375 0.6842592592592592 0.05416666666666667 0.675 0.05364583333333333 0.6555555555555556 0.057291666666666664 0.6453703703703704 0.0546875 0.6148148148148148 0.051041666666666666 0.612037037037037 0.042708333333333334 0.6296296296296297 0.0421875 0.6462962962962963 0.04479166666666667 0.6574074074074074
3 0.759375 0.5481481481481482 0.7619791666666667 0.5444444444444444 0.7666666666666667 0.5092592592592593 0.7630208333333334 0.49722222222222223 0.759375 0.4981481481481482 0.7557291666666667 0.5101851851851852 0.7552083333333334 0.5444444444444444 0.759375 0.5481481481481482
5 0.4203125 0.5925925925925926 0.425 0.5861111111111111 0.4270833333333333 0.55 0.4239583333333333 0.5361111111111111 0.4197916666666667 0.5388888888888889 0.41822916666666665 0.5472222222222223 0.41822916666666665 0.5898148148148148 0.4203125 0.5925925925925926
4 0.9 0.7435185185185185 0.9135416666666667 0.7444444444444445 0.9166666666666666 0.6851851851851852 0.9119791666666667 0.6722222222222223 0.9078125 0.6731481481481482 0.9067708333333333 0.6787037037037037 0.8989583333333333 0.7398148148148148 0.9 0.7435185185185185
5 0.571875 0.5796296296296296 0.5791666666666667 0.5416666666666666 0.571875 0.5305555555555556 0.5682291666666667 0.5388888888888889 0.56875 0.5740740740740741 0.571875 0.5796296296296296
0 0.271875 0.6027777777777777 0.2734375 0.5990740740740741 0.271875 0.5935185185185186 0.26666666666666666 0.5953703703703703 0.2677083333333333 0.6027777777777777 0.271875 0.6027777777777777
4 0.44895833333333335 0.6314814814814815 0.45208333333333334 0.6333333333333333 0.4552083333333333 0.6305555555555555 0.45416666666666666 0.5833333333333334 0.4505208333333333 0.575 0.446875 0.575 0.4453125 0.5824074074074074 0.44479166666666664 0.6037037037037037 0.44895833333333335 0.6314814814814815