1 0.11979166666666667 0.6398148148148148 0.11927083333333334 0.5879629629629629 0.11197916666666667 0.5944444444444444 0.109375 0.6101851851851852 0.10833333333333334 0.6277777777777778 0.10989583333333333 0.6388888888888888 0.11145833333333334 0.6416666666666667 0.11979166666666667 0.6398148148148148
4 0.7536458333333333 0.7731481481481481 0.7505208333333333 0.7953703703703704 0.7625 0.8018518518518518 0.7640625 0.7972222222222223 0.7609375 0.7731481481481481 0.765625 0.7444444444444445 0.7609375 0.7240740740740741 0.7552083333333334 0.7240740740740741 0.7546875 0.7333333333333333 0.7479166666666667 0.7555555555555555 0.7520833333333333 0.7592592592592593 0.7536458333333333 0.7731481481481481
4 0.1671875 0.6851851851851852 0.16197916666666667 0.6685185185185185 0.15416666666666667 0.6796296296296296 0.153125 0.6907407407407408 0.15625 0.7287037037037037 0.1609375 0.7314814814814815 0.1671875 0.6851851851851852
0 0.13177083333333334 0.6324074074074074 0.13333333333333333 0.6370370370370371 0.13854166666666667 0.6342592592592593 0.1359375 0.6287037037037037 0.13177083333333334 0.6324074074074074
4 0.534375 0.6481481481481481 0.5291666666666667 0.6333333333333333 0.525 0.6370370370370371 0.5244791666666667 0.6824074074074075 0.5260416666666666 0.6861111111111111 0.5328125 0.687037037037037 0.534375 0.6481481481481481
5 0.4942708333333333 0.5907407407407408 0.4895833333333333 0.600925925925926 0.4890625 0.6416666666666667 0.4984375 0.6425925925925926 0.49895833333333334 0.6037037037037037 0.4942708333333333 0.5907407407407408
5 0.8572916666666667 0.6768518518518518 0.853125 0.6259259259259259 0.8479166666666667 0.6231481481481481 0.84375 0.637962962962963 0.84375 0.674074074074074 0.8463541666666666 0.6768518518518518 0.8520833333333333 0.6722222222222223 0.8572916666666667 0.6768518518518518
5 0.8651041666666667 0.7666666666666667 0.8729166666666667 0.7694444444444445 0.8739583333333333 0.7638888888888888 0.8692708333333333 0.7425925925925926 0.8703125 0.7194444444444444 0.8682291666666667 0.7074074074074074 0.8645833333333334 0.7055555555555556 0.8630208333333333 0.7083333333333334 0.8598958333333333 0.7342592592592593 0.8604166666666667 0.7481481481481481 0.8578125 0.7675925925925926 0.8604166666666667 0.7712962962962963 0.8651041666666667 0.7666666666666667
4 0.4354166666666667 0.6935185185185185 0.4390625 0.6694444444444444 0.4395833333333333 0.6462962962962963 0.4354166666666667 0.6351851851851852 0.43125 0.6361111111111111 0.4296875 0.6444444444444445 0.43072916666666666 0.6768518518518518 0.42916666666666664 0.6861111111111111 0.43125 0.6916666666666667 0.4354166666666667 0.6935185185185185
5 0.29791666666666666 0.6722222222222223 0.29791666666666666 0.6305555555555555 0.2947916666666667 0.625 0.290625 0.625 0.28802083333333334 0.637962962962963 0.2875 0.6574074074074074 0.29010416666666666 0.6851851851851852 0.29583333333333334 0.687962962962963 0.29791666666666666 0.6722222222222223
5 0.2671875 0.7129629629629629 0.2833333333333333 0.7157407407407408 0.28489583333333335 0.712037037037037 0.28125 0.7046296296296296 0.28125 0.6814814814814815 0.278125 0.6731481481481482 0.278125 0.6611111111111111 0.2760416666666667 0.6564814814814814 0.2734375 0.6574074074074074 0.2703125 0.6777777777777778 0.2671875 0.6851851851851852 0.26979166666666665 0.6944444444444444 0.2671875 0.7129629629629629
3 0.928125 0.987037037037037 0.9333333333333333 0.9824074074074074 0.9369791666666667 0.9990740740740741 0.9421875 0.9990740740740741 0.9401041666666666 0.962037037037037 0.9411458333333333 0.9351851851851852 0.934375 0.9231481481481482 0.9317708333333333 0.9120370370370371 0.9270833333333334 0.9148148148148149 0.9265625 0.924074074074074 0.9197916666666667 0.9407407407407408 0.9171875 0.9675925925925926 0.9208333333333333 0.9990740740740741 0.9255208333333333 0.9990740740740741 0.928125 0.987037037037037
4 0.10989583333333333 0.674074074074074 0.10989583333333333 0.6268518518518519 0.10364583333333334 0.6231481481481481 0.1 0.6342592592592593 0.10052083333333334 0.6657407407407407 0.09479166666666666 0.6814814814814815 0.10729166666666666 0.6814814814814815 0.10989583333333333 0.674074074074074
3 0.8213541666666667 0.6185185185185185 0.81875 0.6074074074074074 0.8203125 0.5851851851851851 0.8182291666666667 0.575925925925926 0.8140625 0.575 0.8125 0.587037037037037 0.8135416666666667 0.6185185185185185 0.8192708333333333 0.6203703703703703 0.8213541666666667 0.6185185185185185
4 0.22239583333333332 0.5879629629629629 0.22083333333333333 0.562962962962963 0.21666666666666667 0.5675925925925925 0.2125 0.5888888888888889 0.2109375 0.6148148148148148 0.21302083333333333 0.6185185185185185 0.22083333333333333 0.6203703703703703 0.22239583333333332 0.5879629629629629
5 0.6682291666666667 0.6259259259259259 0.6713541666666667 0.6277777777777778 0.6744791666666666 0.6361111111111111 0.6760416666666667 0.6342592592592593 0.6755208333333333 0.5953703703703703 0.6734375 0.5925925925925926 0.6697916666666667 0.5953703703703703 0.665625 0.6166666666666667 0.6588541666666666 0.6287037037037037 0.6619791666666667 0.6314814814814815 0.6682291666666667 0.6259259259259259
3 0.43072916666666666 0.5907407407407408 0.42864583333333334 0.5879629629629629 0.4234375 0.5981481481481481 0.421875 0.6240740740740741 0.4192708333333333 0.6314814814814815 0.4197916666666667 0.6407407407407407 0.4317708333333333 0.6388888888888888 0.43333333333333335 0.6351851851851852 0.43072916666666666 0.5907407407407408
3 0.2453125 0.5796296296296296 0.24375 0.5546296296296296 0.24010416666666667 0.5509259259259259 0.23697916666666666 0.5601851851851852 0.2359375 0.5833333333333334 0.24114583333333334 0.5907407407407408 0.24427083333333333 0.5879629629629629 0.2453125 0.5796296296296296
4 0.378125 0.600925925925926 0.37447916666666664 0.6018518518518519 0.371875 0.6101851851851852 0.37135416666666665 0.65 0.375 0.6527777777777778 0.3796875 0.637962962962963 0.378125 0.600925925925926
5 0.6041666666666666 0.6546296296296297 0.5994791666666667 0.6388888888888888 0.5958333333333333 0.6388888888888888 0.5932291666666667 0.649074074074074 0.5942708333333333 0.6935185185185185 0.5994791666666667 0.6962962962962963 0.6041666666666666 0.6703703703703704 0.6041666666666666 0.6546296296296297
5 0.39166666666666666 0.5916666666666667 0.3854166666666667 0.5787037037037037 0.38177083333333334 0.587037037037037 0.38229166666666664 0.6129629629629629 0.384375 0.6203703703703703 0.3885416666666667 0.6194444444444445 0.39166666666666666 0.5916666666666667
4 0.684375 0.5953703703703703 0.6822916666666666 0.5833333333333334 0.678125 0.5842592592592593 0.6755208333333333 0.5944444444444444 0.6734375 0.6314814814814815 0.6776041666666667 0.6333333333333333 0.6838541666666667 0.6277777777777778 0.684375 0.5953703703703703
5 0.8744791666666667 0.7018518518518518 0.8770833333333333 0.6962962962962963 0.8786458333333333 0.6518518518518519 0.875 0.6416666666666667 0.8723958333333334 0.6407407407407407 0.8708333333333333 0.6453703703703704 0.86875 0.6592592592592592 0.8713541666666667 0.6842592592592592 0.8708333333333333 0.7 0.8744791666666667 0.7018518518518518
5 0.39947916666666666 0.6527777777777778 0.4015625 0.6481481481481481 0.40208333333333335 0.612037037037037 0.396875 0.5962962962962963 0.39427083333333335 0.5972222222222222 0.3932291666666667 0.6064814814814815 0.3927083333333333 0.6222222222222222 0.3953125 0.6388888888888888 0.39375 0.65 0.39947916666666666 0.6527777777777778