5 0.7421875 0.65 0.7489583333333333 0.6537037037037037 0.753125 0.6444444444444445 0.7598958333333333 0.6537037037037037 0.7583333333333333 0.6148148148148148 0.7552083333333334 0.6046296296296296 0.7510416666666667 0.6027777777777777 0.75 0.6064814814814815 0.75 0.6240740740740741 0.7421875 0.65
4 0.5708333333333333 0.6694444444444444 0.5734375 0.7092592592592593 0.5796875 0.712037037037037 0.58125 0.6805555555555556 0.5828125 0.6731481481481482 0.5875 0.674074074074074 0.5875 0.6694444444444444 0.5755208333333334 0.6462962962962963 0.5723958333333333 0.6472222222222223 0.5661458333333333 0.6611111111111111 0.5708333333333333 0.6694444444444444
4 0.5510416666666667 0.7870370370370371 0.5505208333333333 0.8064814814814815 0.5572916666666666 0.8074074074074075 0.5609375 0.8018518518518518 0.5583333333333333 0.7796296296296297 0.5614583333333333 0.7703703703703704 0.5614583333333333 0.7435185185185185 0.553125 0.725 0.5505208333333333 0.7277777777777777 0.546875 0.7435185185185185 0.5463541666666667 0.7638888888888888 0.5510416666666667 0.7870370370370371
5 0.12552083333333333 0.8907407407407407 0.12864583333333332 0.9046296296296297 0.1296875 0.9268518518518518 0.1359375 0.9314814814814815 0.13802083333333334 0.9277777777777778 0.13854166666666667 0.8981481481481481 0.1421875 0.8703703703703703 0.140625 0.8537037037037037 0.134375 0.8351851851851851 0.1296875 0.8379629629629629 0.12239583333333333 0.8768518518518519 0.121875 0.887962962962963 0.12552083333333333 0.8907407407407407
2 0.8364583333333333 0.6842592592592592 0.8338541666666667 0.6888888888888889 0.8338541666666667 0.6935185185185185 0.8375 0.6972222222222222 0.85 0.6935185185185185 0.8473958333333333 0.6351851851851852 0.8442708333333333 0.6324074074074074 0.8416666666666667 0.6361111111111111 0.840625 0.6583333333333333 0.8364583333333333 0.6842592592592592
5 0.7828125 0.8564814814814815 0.7869791666666667 0.8092592592592592 0.7869791666666667 0.7944444444444444 0.7828125 0.7759259259259259 0.7786458333333334 0.7777777777777778 0.7744791666666667 0.812962962962963 0.775 0.8537037037037037 0.7828125 0.8564814814814815
5 0.4786458333333333 0.6546296296296297 0.4786458333333333 0.6583333333333333 0.4817708333333333 0.6611111111111111 0.49114583333333334 0.6574074074074074 0.49166666666666664 0.6074074074074074 0.4890625 0.6064814814814815 0.48385416666666664 0.6212962962962963 0.48333333333333334 0.637962962962963 0.4786458333333333 0.6546296296296297
4 0.13020833333333334 0.8046296296296296 0.13229166666666667 0.8018518518518518 0.13385416666666666 0.7833333333333333 0.13072916666666667 0.725925925925926 0.12708333333333333 0.725925925925926 0.121875 0.7388888888888889 0.12239583333333333 0.8037037037037037 0.13020833333333334 0.8046296296296296
4 0.13958333333333334 0.687962962962963 0.14427083333333332 0.6851851851851852 0.14635416666666667 0.6759259259259259 0.14739583333333334 0.6527777777777778 0.14479166666666668 0.6342592592592593 0.140625 0.6324074074074074 0.13541666666666666 0.6462962962962963 0.13489583333333333 0.6814814814814815 0.13958333333333334 0.687962962962963
3 0.3177083333333333 0.7685185185185185 0.321875 0.7685185185185185 0.33177083333333335 0.7074074074074074 0.3265625 0.6925925925925925 0.3223958333333333 0.6907407407407408 0.315625 0.7083333333333334 0.315625 0.7648148148148148 0.3177083333333333 0.7685185185185185
5 0.9291666666666667 0.7787037037037037 0.9328125 0.7833333333333333 0.9375 0.7833333333333333 0.9390625 0.7796296296296297 0.9375 0.7601851851851852 0.9385416666666667 0.7222222222222222 0.9354166666666667 0.7083333333333334 0.9307291666666667 0.7111111111111111 0.9270833333333334 0.7611111111111111 0.9291666666666667 0.7787037037037037
4 0.40260416666666665 0.6398148148148148 0.40625 0.6425925925925926 0.4083333333333333 0.6416666666666667 0.4140625 0.6222222222222222 0.41302083333333334 0.5953703703703703 0.41041666666666665 0.5944444444444444 0.4036458333333333 0.6083333333333333 0.40572916666666664 0.6268518518518519 0.40260416666666665 0.6398148148148148
4 0.4505208333333333 0.712037037037037 0.45625 0.712037037037037 0.459375 0.7083333333333334 0.45729166666666665 0.6981481481481482 0.4588541666666667 0.6675925925925926 0.45677083333333335 0.6537037037037037 0.45364583333333336 0.6527777777777778 0.44895833333333335 0.6657407407407407 0.44895833333333335 0.7083333333333334 0.4505208333333333 0.712037037037037
4 0.3 0.7092592592592593 0.3026041666666667 0.7138888888888889 0.3072916666666667 0.7148148148148148 0.3098958333333333 0.7092592592592593 0.31302083333333336 0.6675925925925926 0.309375 0.6537037037037037 0.30416666666666664 0.6537037037037037 0.3 0.6657407407407407 0.3 0.7092592592592593
4 0.1578125 0.7231481481481481 0.16197916666666667 0.7231481481481481 0.16510416666666666 0.7027777777777777 0.16614583333333333 0.6694444444444444 0.16197916666666667 0.6564814814814814 0.159375 0.6564814814814814 0.15416666666666667 0.6712962962962963 0.15260416666666668 0.7166666666666667 0.1578125 0.7231481481481481
5 0.2609375 0.6037037037037037 0.26614583333333336 0.5833333333333334 0.26614583333333336 0.575925925925926 0.2640625 0.5694444444444444 0.26145833333333335 0.5694444444444444 0.25677083333333334 0.5796296296296296 0.2552083333333333 0.6111111111111112 0.2609375 0.6037037037037037
5 0.475 0.7166666666666667 0.47604166666666664 0.6722222222222223 0.4739583333333333 0.6592592592592592 0.46822916666666664 0.6564814814814814 0.465625 0.6703703703703704 0.465625 0.7129629629629629 0.475 0.7166666666666667
5 0.16927083333333334 0.7166666666666667 0.1734375 0.7194444444444444 0.17604166666666668 0.7157407407407408 0.17447916666666666 0.6953703703703704 0.178125 0.6685185185185185 0.175 0.6537037037037037 0.16927083333333334 0.6416666666666667 0.16510416666666666 0.6731481481481482 0.16927083333333334 0.7166666666666667
0 0.74375 0.6555555555555556 0.7510416666666667 0.6546296296296297 0.753125 0.637962962962963 0.7505208333333333 0.6370370370370371 0.7432291666666667 0.6453703703703704 0.7416666666666667 0.65 0.74375 0.6555555555555556
5 0.16145833333333334 0.6564814814814814 0.16354166666666667 0.6527777777777778 0.1734375 0.6537037037037037 0.171875 0.6111111111111112 0.1703125 0.6083333333333333 0.1671875 0.6092592592592593 0.16041666666666668 0.6472222222222223 0.15833333333333333 0.65 0.1578125 0.6537037037037037 0.16145833333333334 0.6564814814814814
5 0.34791666666666665 0.7055555555555556 0.34375 0.6462962962962963 0.3416666666666667 0.6416666666666667 0.3338541666666667 0.6453703703703704 0.3338541666666667 0.7027777777777777 0.34791666666666665 0.7055555555555556
3 0.15364583333333334 0.6027777777777777 0.1578125 0.5833333333333334 0.15833333333333333 0.575925925925926 0.15416666666666667 0.562037037037037 0.14895833333333333 0.5666666666666667 0.14635416666666667 0.5814814814814815 0.146875 0.6074074074074074 0.15364583333333334 0.6027777777777777
3 0.296875 0.6027777777777777 0.3 0.6046296296296296 0.3026041666666667 0.6027777777777777 0.3046875 0.5666666666666667 0.2989583333333333 0.5574074074074075 0.29270833333333335 0.5592592592592592 0.29375 0.5842592592592593 0.296875 0.6027777777777777
4 0.19583333333333333 0.6425925925925926 0.20208333333333334 0.6425925925925926 0.2046875 0.6074074074074074 0.20104166666666667 0.5888888888888889 0.19739583333333333 0.5916666666666667 0.19427083333333334 0.6101851851851852 0.19322916666666667 0.637962962962963 0.19583333333333333 0.6425925925925926
4 0.3338541666666667 0.675 0.3416666666666667 0.6657407407407407 0.34427083333333336 0.6546296296296297 0.34427083333333336 0.6361111111111111 0.3411458333333333 0.6240740740740741 0.33229166666666665 0.6268518518518519 0.32864583333333336 0.6111111111111112 0.3296875 0.6583333333333333 0.3338541666666667 0.675