4 0.7984375 0.8111111111111111 0.8036458333333333 0.8379629629629629 0.8015625 0.8527777777777777 0.8072916666666666 0.8574074074074074 0.8104166666666667 0.8564814814814815 0.8130208333333333 0.8490740740740741 0.8104166666666667 0.8240740740740741 0.8135416666666667 0.8111111111111111 0.8140625 0.7833333333333333 0.8088541666666667 0.7675925925925926 0.8057291666666667 0.7666666666666667 0.8036458333333333 0.7712962962962963 0.8026041666666667 0.7972222222222223 0.7984375 0.8111111111111111
4 0.16145833333333334 0.8138888888888889 0.159375 0.8407407407407408 0.16302083333333334 0.8453703703703703 0.16979166666666667 0.8444444444444444 0.17447916666666666 0.8 0.17395833333333333 0.775 0.16979166666666667 0.7574074074074074 0.16510416666666666 0.7592592592592593 0.1578125 0.7824074074074074 0.15572916666666667 0.799074074074074 0.16145833333333334 0.8138888888888889
3 0.9244791666666666 0.9768518518518519 0.9197916666666667 0.9796296296296296 0.9177083333333333 0.987037037037037 0.9197916666666667 0.9907407407407407 0.9302083333333333 0.9944444444444445 0.93125 0.9990740740740741 0.94375 0.9990740740740741 0.9494791666666667 0.9592592592592593 0.9494791666666667 0.9342592592592592 0.9442708333333333 0.925 0.9432291666666667 0.9138888888888889 0.9385416666666667 0.912962962962963 0.9302083333333333 0.9351851851851852 0.9270833333333334 0.9703703703703703 0.9244791666666666 0.9768518518518519
5 0.3697916666666667 0.7416666666666667 0.371875 0.737037037037037 0.3703125 0.7138888888888889 0.3723958333333333 0.6925925925925925 0.36875 0.6777777777777778 0.3651041666666667 0.6768518518518518 0.36354166666666665 0.6805555555555556 0.3614583333333333 0.7055555555555556 0.3609375 0.7398148148148148 0.3697916666666667 0.7416666666666667
4 0.3541666666666667 0.687962962962963 0.3567708333333333 0.6851851851851852 0.3567708333333333 0.6731481481481482 0.3614583333333333 0.6592592592592592 0.35989583333333336 0.6435185185185185 0.3536458333333333 0.6287037037037037 0.34791666666666665 0.6398148148148148 0.3494791666666667 0.6824074074074075 0.3541666666666667 0.687962962962963
4 0.5484375 0.6175925925925926 0.559375 0.6185185185185185 0.5567708333333333 0.5814814814814815 0.5526041666666667 0.5740740740740741 0.55 0.5768518518518518 0.5479166666666667 0.5842592592592593 0.5484375 0.6175925925925926
5 0.3078125 0.6583333333333333 0.309375 0.6555555555555556 0.3098958333333333 0.6148148148148148 0.30625 0.6037037037037037 0.3020833333333333 0.6074074074074074 0.30104166666666665 0.6564814814814814 0.3078125 0.6583333333333333
1 0.13072916666666667 0.6361111111111111 0.1328125 0.6268518518518519 0.1296875 0.587037037037037 0.1265625 0.5824074074074074 0.12239583333333333 0.5888888888888889 0.125 0.6351851851851852 0.13072916666666667 0.6361111111111111
4 0.22864583333333333 0.6138888888888889 0.2328125 0.5861111111111111 0.23229166666666667 0.5712962962962963 0.228125 0.5638888888888889 0.22291666666666668 0.5787037037037037 0.22239583333333332 0.6111111111111112 0.22864583333333333 0.6138888888888889
4 0.6052083333333333 0.7398148148148148 0.6083333333333333 0.7407407407407407 0.6114583333333333 0.7351851851851852 0.6135416666666667 0.6898148148148148 0.6083333333333333 0.6759259259259259 0.60625 0.6768518518518518 0.6046875 0.687962962962963 0.6026041666666667 0.7185185185185186 0.6052083333333333 0.7398148148148148
5 0.45677083333333335 0.6333333333333333 0.4588541666666667 0.6305555555555555 0.459375 0.600925925925926 0.4552083333333333 0.5861111111111111 0.4515625 0.587037037037037 0.45260416666666664 0.6305555555555555 0.45677083333333335 0.6333333333333333
3 0.28802083333333334 0.5925925925925926 0.29010416666666666 0.5879629629629629 0.2916666666666667 0.562037037037037 0.2869791666666667 0.5537037037037037 0.28177083333333336 0.562037037037037 0.28125 0.587037037037037 0.28802083333333334 0.5925925925925926
5 0.20260416666666667 0.6925925925925925 0.21614583333333334 0.6916666666666667 0.2140625 0.6555555555555556 0.21666666666666667 0.6425925925925926 0.22239583333333332 0.6416666666666667 0.21666666666666667 0.6398148148148148 0.20833333333333334 0.6287037037037037 0.20104166666666667 0.6527777777777778 0.2046875 0.6731481481481482 0.20260416666666667 0.6925925925925925
5 0.6067708333333334 0.6666666666666666 0.6151041666666667 0.6657407407407407 0.6166666666666667 0.6620370370370371 0.6171875 0.6287037037037037 0.6140625 0.6111111111111112 0.6098958333333333 0.6101851851851852 0.6036458333333333 0.6287037037037037 0.6041666666666666 0.662962962962963 0.6067708333333334 0.6666666666666666
3 0.6 0.6620370370370371 0.6020833333333333 0.6611111111111111 0.6052083333333333 0.6138888888888889 0.5989583333333334 0.6027777777777777 0.5947916666666667 0.6055555555555555 0.59375 0.6583333333333333 0.6 0.6620370370370371
3 0.8166666666666667 0.6194444444444445 0.8182291666666667 0.6185185185185185 0.8213541666666667 0.5851851851851851 0.8182291666666667 0.5731481481481482 0.8140625 0.575 0.8114583333333333 0.5833333333333334 0.8135416666666667 0.6185185185185185 0.8166666666666667 0.6194444444444445
0 0.16510416666666666 0.6277777777777778 0.16770833333333332 0.6231481481481481 0.165625 0.6185185185185185 0.16145833333333334 0.6185185185185185 0.1609375 0.6277777777777778 0.16510416666666666 0.6277777777777778
5 0.8614583333333333 0.7018518518518518 0.8645833333333334 0.6805555555555556 0.8645833333333334 0.6425925925925926 0.8614583333333333 0.6287037037037037 0.8572916666666667 0.6268518518518519 0.8520833333333333 0.6444444444444445 0.8536458333333333 0.6898148148148148 0.8614583333333333 0.7018518518518518
5 0.6510416666666666 0.7055555555555556 0.653125 0.7231481481481481 0.6552083333333333 0.725 0.6583333333333333 0.7231481481481481 0.6635416666666667 0.6842592592592592 0.6588541666666666 0.6638888888888889 0.653125 0.6620370370370371 0.65 0.6694444444444444 0.6510416666666666 0.7055555555555556
5 0.8963541666666667 0.7898148148148149 0.9088541666666666 0.7898148148148149 0.9078125 0.7675925925925926 0.9098958333333333 0.7472222222222222 0.9041666666666667 0.7222222222222222 0.8994791666666667 0.7240740740740741 0.896875 0.7509259259259259 0.8984375 0.7638888888888888 0.8963541666666667 0.7898148148148149