4 0.8171875 0.8388888888888889 0.8177083333333334 0.8342592592592593 0.8125 0.8157407407407408 0.8125 0.7759259259259259 0.809375 0.7675925925925926 0.809375 0.7592592592592593 0.8046875 0.7583333333333333 0.7979166666666667 0.7787037037037037 0.7973958333333333 0.8416666666666667 0.8171875 0.8388888888888889
4 0.39166666666666666 0.6648148148148149 0.39166666666666666 0.6694444444444444 0.403125 0.674074074074074 0.40260416666666665 0.6574074074074074 0.40572916666666664 0.6333333333333333 0.40208333333333335 0.6222222222222222 0.39895833333333336 0.6212962962962963 0.3932291666666667 0.637962962962963 0.3963541666666667 0.6564814814814814 0.39166666666666666 0.6648148148148149
4 0.5078125 0.6361111111111111 0.5145833333333333 0.65 0.5177083333333333 0.6509259259259259 0.5192708333333333 0.6453703703703704 0.515625 0.6302472222222223 0.5151041666666667 0.6157407407407407 0.5098958333333333 0.6046296296296296 0.5052083333333334 0.6037037037037037 0.5041666666666667 0.6185185185185185 0.5078125 0.6361111111111111
4 0.2864583333333333 0.6148148148148148 0.29791666666666666 0.6157407407407407 0.2984375 0.5907407407407408 0.2953125 0.5703703703703704 0.2921875 0.5703703703703704 0.28958333333333336 0.5787037037037037 0.28541666666666665 0.6111111111111112 0.2864583333333333 0.6148148148148148
5 0.22604166666666667 0.6583333333333333 0.22760416666666666 0.6787037037037037 0.23125 0.6833333333333333 0.23645833333333333 0.6814814814814815 0.23854166666666668 0.6768518518518518 0.23489583333333333 0.6666666666666666 0.23489583333333333 0.6388888888888888 0.23229166666666667 0.6277777777777778 0.228125 0.6268518518518519 0.22395833333333334 0.6361111111111111 0.22239583333333332 0.6435185185185185 0.22604166666666667 0.6583333333333333
5 0.3484375 0.7175925925925926 0.346875 0.737037037037037 0.3489583333333333 0.7407407407407407 0.353125 0.7407407407407407 0.3578125 0.7083333333333334 0.35520833333333335 0.6777777777777778 0.353125 0.675 0.35052083333333334 0.6768518518518518 0.3458333333333333 0.6898148148148148 0.34479166666666666 0.7046296296296296 0.3484375 0.7175925925925926
5 0.8541666666666666 0.7675925925925926 0.8567708333333334 0.7703703703703704 0.8671875 0.7685185185185185 0.86875 0.7648148148148148 0.865625 0.7203703703703703 0.8619791666666666 0.7046296296296296 0.8567708333333334 0.7064814814814815 0.8572916666666667 0.7527777777777778 0.8541666666666666 0.7675925925925926
5 0.3223958333333333 0.6518518518518519 0.3229166666666667 0.6018518518518519 0.3177083333333333 0.6064814814814815 0.3140625 0.6305555555555555 0.309375 0.6462962962962963 0.3098958333333333 0.6537037037037037 0.3223958333333333 0.6518518518518519
3 0.9619791666666667 0.9990740740740741 0.9583333333333334 0.9601851851851851 0.9583333333333334 0.937962962962963 0.9505208333333334 0.9166666666666666 0.946875 0.9157407407407407 0.9395833333333333 0.9351851851851852 0.9333333333333333 0.9694444444444444 0.9203125 0.9787037037037037 0.9197916666666667 0.9990740740740741 0.9619791666666667 0.9990740740740741
3 0.5807291666666666 0.6657407407407407 0.5838541666666667 0.6694444444444444 0.5875 0.6648148148148149 0.5880208333333333 0.6509259259259259 0.590625 0.6462962962962963 0.5932291666666667 0.6435185185185185 0.5989583333333334 0.6462962962962963 0.5994791666666667 0.6425925925925926 0.5927083333333333 0.6342592592592593 0.5869791666666667 0.6111111111111112 0.5802083333333333 0.6037037037037037 0.5786458333333333 0.6055555555555555 0.5791666666666667 0.6537037037037037 0.5807291666666666 0.6657407407407407
5 0.4822916666666667 0.6240740740740741 0.48489583333333336 0.6027777777777777 0.484375 0.5861111111111111 0.4796875 0.5796296296296296 0.4744791666666667 0.5824074074074074 0.47760416666666666 0.6231481481481481 0.4822916666666667 0.6240740740740741
5 0.80625 0.6601851851851852 0.8145833333333333 0.6638888888888889 0.815625 0.6259259259259259 0.8104166666666667 0.612037037037037 0.80625 0.612037037037037 0.8057291666666667 0.6148148148148148 0.8036458333333333 0.6509259259259259 0.80625 0.6601851851851852
4 0.6239583333333333 0.7398148148148148 0.6307291666666667 0.7240740740740741 0.634375 0.7388888888888889 0.6385416666666667 0.7398148148148148 0.634375 0.687037037037037 0.6296875 0.6777777777777778 0.6265625 0.6805555555555556 0.6223958333333334 0.6925925925925925 0.621875 0.7388888888888889 0.6239583333333333 0.7398148148148148
4 0.7833333333333333 0.6805555555555556 0.7963541666666667 0.687037037037037 0.7984375 0.637962962962963 0.790625 0.6240740740740741 0.7859375 0.6388888888888888 0.7864583333333334 0.6555555555555556 0.7833333333333333 0.6805555555555556
0 0.3015625 0.6194444444444445 0.3067708333333333 0.6148148148148148 0.30572916666666666 0.6083333333333333 0.2989583333333333 0.6111111111111112 0.2984375 0.6166666666666667 0.3015625 0.6194444444444445
4 0.7557291666666667 0.6231481481481481 0.7583333333333333 0.6194444444444445 0.7598958333333333 0.5851851851851851 0.7557291666666667 0.5712962962962963 0.7494791666666667 0.5888888888888889 0.7520833333333333 0.6194444444444445 0.7557291666666667 0.6231481481481481
4 0.12864583333333332 0.85 0.13072916666666667 0.8527777777777777 0.14270833333333333 0.8518518518518519 0.14427083333333332 0.85 0.14479166666666668 0.8212962962962963 0.1421875 0.8074074074074075 0.140625 0.7675925925925926 0.13854166666666667 0.7648148148148148 0.13541666666666666 0.7666666666666667 0.13072916666666667 0.7814814814814814 0.13072916666666667 0.825 0.12864583333333332 0.85
5 0.6447916666666667 0.6731481481481482 0.6432291666666666 0.7 0.6458333333333334 0.7175925925925926 0.6505208333333333 0.7185185185185186 0.6520833333333333 0.7157407407407408 0.653125 0.6694444444444444 0.65 0.6583333333333333 0.6463541666666667 0.6564814814814814 0.6442708333333333 0.6601851851851852 0.6421875 0.6657407407407407 0.6447916666666667 0.6731481481481482