4 0.2203125 0.875 0.22291666666666668 0.8787037037037037 0.2328125 0.8768518518518519 0.24166666666666667 0.85 0.24166666666666667 0.837037037037037 0.23854166666666668 0.8222222222222222 0.246875 0.8148148148148148 0.24427083333333333 0.812962962962963 0.24166666666666667 0.8027777777777778 0.2421875 0.7861111111111111 0.24010416666666667 0.7787037037037037 0.2359375 0.7787037037037037 0.22604166666666667 0.8092592592592592 0.22760416666666666 0.8472222222222222 0.2203125 0.875
3 0.7635416666666667 0.6805555555555556 0.7713541666666667 0.6833333333333333 0.7796875 0.6259259259259259 0.7765625 0.6148148148148148 0.7734375 0.612037037037037 0.7640625 0.6277777777777778 0.7677083333333333 0.6564814814814814 0.7635416666666667 0.6805555555555556
5 0.9666666666666667 0.700925925925926 0.96875 0.6861111111111111 0.9729166666666667 0.6861111111111111 0.9796875 0.7046296296296296 0.9838541666666667 0.7046296296296296 0.9760416666666667 0.6703703703703704 0.9776041666666667 0.6611111111111111 0.9739583333333334 0.6407407407407407 0.9703125 0.6361111111111111 0.9630208333333333 0.6648148148148149 0.9619791666666667 0.687037037037037 0.9625 0.7046296296296296 0.9666666666666667 0.700925925925926
5 0.2791666666666667 0.7546296296296297 0.28072916666666664 0.7481481481481481 0.290625 0.7546296296296297 0.296875 0.7518518518518519 0.29270833333333335 0.7385805555555556 0.29322916666666665 0.6824074074074075 0.290625 0.6777777777777778 0.2875 0.6805555555555556 0.2838541666666667 0.6962962962962963 0.28020833333333334 0.7314814814814815 0.27447916666666666 0.7435185185185185 0.2755208333333333 0.7546296296296297 0.2791666666666667 0.7546296296296297
4 0.17239583333333333 0.7027777777777777 0.16770833333333332 0.7212962962962963 0.1703125 0.725925925925926 0.175 0.7268518518518519 0.17760416666666667 0.7222222222222222 0.1859375 0.6796296296296296 0.18125 0.6546296296296297 0.17864583333333334 0.6518518518518519 0.17552083333333332 0.6537037037037037 0.16875 0.6712962962962963 0.16770833333333332 0.6842592592592592 0.17239583333333333 0.7027777777777777
4 0.9026041666666667 0.7055555555555556 0.915625 0.7046296296296296 0.915625 0.6453703703703704 0.9119791666666667 0.6305555555555555 0.909375 0.6314814814814815 0.9041666666666667 0.6425925925925926 0.9015625 0.6638888888888889 0.9005208333333333 0.7018518518518518 0.9026041666666667 0.7055555555555556
4 0.8796875 0.65 0.8828125 0.6537037037037037 0.8890625 0.6537037037037037 0.8942708333333333 0.6148148148148148 0.89375 0.6074074074074074 0.8895833333333333 0.5972222222222222 0.8828125 0.6046296296296296 0.8807291666666667 0.6175925925925926 0.8817708333333333 0.6351851851851852 0.8796875 0.65
4 0.5328125 0.6833333333333333 0.5411458333333333 0.687962962962963 0.5458333333333333 0.6342592592592593 0.5411458333333333 0.6203703703703703 0.5380208333333333 0.6212962962962963 0.5333333333333333 0.6305555555555555 0.5317708333333333 0.6361111111111111 0.5328125 0.6833333333333333
0 0.78125 0.875 0.7807291666666667 0.8638888888888889 0.7755208333333333 0.8601851851851852 0.771875 0.862037037037037 0.7723958333333333 0.8759259259259259 0.78125 0.875
4 0.20364583333333333 0.6342592592592593 0.2015625 0.6435185185185185 0.2046875 0.6453703703703704 0.20729166666666668 0.6398148148148148 0.21666666666666667 0.6324074074074074 0.21979166666666666 0.65 0.22447916666666667 0.6518518518518519 0.22604166666666667 0.6472222222222223 0.221875 0.6277777777777778 0.21979166666666666 0.5907407407407408 0.21614583333333334 0.587037037037037 0.21354166666666666 0.5944444444444444 0.21041666666666667 0.6212962962962963 0.20364583333333333 0.6342592592592593
5 0.6734375 0.6342592592592593 0.6713541666666667 0.6537037037037037 0.6776041666666667 0.6601851851851852 0.6802083333333333 0.6574074074074074 0.6796875 0.6435185185185185 0.6838541666666667 0.6148148148148148 0.6833333333333333 0.6064814814814815 0.68125 0.5981481481481481 0.6770833333333334 0.5944444444444444 0.6713541666666667 0.6101851851851852 0.6703125 0.6222222222222222 0.6734375 0.6342592592592593
4 0.7630208333333334 0.8074074074074075 0.7583333333333333 0.8212962962962963 0.7572916666666667 0.8425925925925926 0.746875 0.850925925925926 0.7453125 0.8583333333333333 0.753125 0.8648148148148148 0.7557291666666667 0.8731481481481481 0.7604166666666666 0.875 0.7625 0.8648148148148148 0.7703125 0.8527777777777777 0.7692708333333333 0.8296296296296296 0.7802083333333333 0.825925925925926 0.7796875 0.8111111111111111 0.7828125 0.7981481481481482 0.7786458333333334 0.7925925925925926 0.7536458333333333 0.799074074074074 0.7541666666666667 0.8027777777777778 0.7630208333333334 0.8074074074074075
4 0.478125 0.5740740740740741 0.48333333333333334 0.5509259259259259 0.48385416666666664 0.5370370370370371 0.4786458333333333 0.525 0.4739583333333333 0.5314814814814814 0.4744791666666667 0.5722222222222222 0.478125 0.5740740740740741
5 0.7916666666666666 0.8222222222222222 0.7869791666666667 0.8592592592592593 0.7916666666666666 0.8601851851851852 0.8015625 0.8537037037037037 0.8036458333333333 0.8648148148148148 0.8078125 0.8648148148148148 0.8088541666666667 0.8601851851851852 0.8052083333333333 0.8490740740740741 0.8046875 0.8388888888888889 0.8067708333333333 0.825925925925926 0.8140625 0.8212962962962963 0.8145833333333333 0.8175925925925925 0.7953125 0.799074074074074 0.7911458333333333 0.8 0.7859375 0.8138888888888889 0.7854166666666667 0.8185185185185185 0.7916666666666666 0.8222222222222222
4 0.7947916666666667 0.5657407407407408 0.796875 0.5555555555555556 0.7963541666666667 0.5324074074074074 0.7927083333333333 0.5194444444444445 0.790625 0.5175925925925926 0.7875 0.5222222222222223 0.7869791666666667 0.5638888888888889 0.7947916666666667 0.5657407407407408
3 0.31354166666666666 0.5296296296296297 0.3182291666666667 0.537962962962963 0.321875 0.5324074074074074 0.325 0.5166666666666667 0.3255208333333333 0.4925925925925926 0.32135416666666666 0.4824074074074074 0.315625 0.49537037037037035 0.31666666666666665 0.5083333333333333 0.31354166666666666 0.5296296296296297
5 0.5994791666666667 0.6333333333333333 0.6052083333333333 0.6203703703703703 0.60625 0.5888888888888889 0.6026041666666667 0.5777777777777777 0.6 0.5787037037037037 0.5958333333333333 0.5898148148148148 0.5963541666666666 0.6277777777777778 0.5994791666666667 0.6333333333333333
4 0.5526041666666667 0.8379629629629629 0.5609375 0.8185185185185185 0.5651041666666666 0.8222222222222222 0.5651041666666666 0.8296296296296296 0.571875 0.8324074074074074 0.5734375 0.8296296296296296 0.571875 0.775 0.5682291666666667 0.7694444444444445 0.5640625 0.7435185185185185 0.5604166666666667 0.7435185185185185 0.5598958333333334 0.7555555555555555 0.5526041666666667 0.7703703703703704 0.5510416666666667 0.7824074074074074 0.5494791666666666 0.8342592592592593 0.5526041666666667 0.8379629629629629
5 0.9213541666666667 0.6435185185185185 0.925 0.6509259259259259 0.9276041666666667 0.649074074074074 0.9296875 0.6055555555555555 0.9239583333333333 0.5935185185185186 0.9192708333333334 0.6018518518518519 0.9182291666666667 0.6148148148148148 0.9213541666666667 0.6435185185185185
5 0.6932291666666667 0.6944444444444444 0.6916666666666667 0.7138888888888889 0.6984375 0.7185185185185186 0.7010416666666667 0.7166666666666667 0.7 0.7018518518518518 0.703125 0.6851851851851852 0.70625 0.6796296296296296 0.7057291666666666 0.6657407407407407 0.7010416666666667 0.65 0.696875 0.6481481481481481 0.6895833333333333 0.6666666666666666 0.6890625 0.6833333333333333 0.6932291666666667 0.6944444444444444
5 0.6302083333333334 0.8203703703703704 0.6359375 0.8305555555555556 0.634375 0.8435185185185186 0.6427083333333333 0.8462962962962963 0.6416666666666667 0.8324074074074074 0.6442708333333333 0.8092592592592592 0.6421875 0.799074074074074 0.6505208333333333 0.7712962962962963 0.65 0.7638888888888888 0.6453125 0.762962962962963 0.6322916666666667 0.7842592592592592 0.6260416666666667 0.8083333333333333 0.6182291666666667 0.8064814814814815 0.6145833333333334 0.8101851851851852 0.6140625 0.8212962962962963 0.6302083333333334 0.8203703703703704