4 0.4005208333333333 0.7342592592592593 0.40625 0.6925925925925925 0.4125 0.6888888888888889 0.4041666666666667 0.6703703703703704 0.3953125 0.6814814814814815 0.3963541666666667 0.7287037037037037 0.4005208333333333 0.7342592592592593
4 0.5755208333333334 0.8490740740740741 0.5713541666666667 0.8611111111111112 0.5713541666666667 0.8722222222222222 0.5838541666666667 0.8805555555555555 0.5833333333333334 0.8601851851851852 0.5869791666666667 0.8101851851851852 0.5802083333333333 0.7898148148148149 0.5770833333333333 0.7907407407407407 0.5703125 0.8074074074074075 0.5692708333333333 0.8203703703703704 0.5755208333333334 0.8490740740740741
4 0.2046875 0.6972222222222222 0.20885416666666667 0.7027777777777777 0.21510416666666668 0.700925925925926 0.2171875 0.6972222222222222 0.215625 0.6731481481481482 0.21822916666666667 0.6620370370370371 0.215625 0.6425925925925926 0.2125 0.6388888888888888 0.20572916666666666 0.6564814814814814 0.2078125 0.6824074074074075 0.2046875 0.6972222222222222
4 0.16041666666666668 0.7398148148148148 0.16302083333333334 0.7398148148148148 0.16614583333333333 0.7462962962962963 0.16875 0.7435185185185185 0.16927083333333334 0.7342592592592593 0.16979166666666667 0.7074074074074074 0.16770833333333332 0.6814814814814815 0.165625 0.6777777777777778 0.16197916666666667 0.6805555555555556 0.1578125 0.6916666666666667 0.1578125 0.7462962962962963 0.16041666666666668 0.7398148148148148
5 0.09739583333333333 0.8805555555555555 0.103125 0.8851851851851852 0.1046875 0.8796296296296297 0.1125 0.8796296296296297 0.1140625 0.8851851851851852 0.11979166666666667 0.8851851851851852 0.12083333333333333 0.8805555555555555 0.11510416666666666 0.8305555555555556 0.115625 0.8203703703703704 0.11197916666666667 0.8009259259259259 0.10572916666666667 0.8018518518518518 0.10260416666666666 0.8212962962962963 0.1015625 0.8527777777777777 0.09739583333333333 0.8805555555555555
5 0.8713541666666667 0.8759259259259259 0.8807291666666667 0.8805555555555555 0.8817708333333333 0.8203703703703704 0.8755208333333333 0.8 0.8713541666666667 0.8018518518518518 0.8697916666666666 0.812037037037037 0.8692708333333333 0.85 0.8713541666666667 0.8759259259259259
5 0.45416666666666666 0.7685185185185185 0.459375 0.7731481481481481 0.4625 0.7703703703703704 0.46458333333333335 0.7194444444444444 0.46041666666666664 0.7055555555555556 0.45677083333333335 0.7027777777777777 0.4510416666666667 0.7203703703703703 0.4505208333333333 0.7398148148148148 0.45416666666666666 0.7685185185185185
4 0.26145833333333335 0.6759259259259259 0.2671875 0.6759259259259259 0.2703125 0.6361111111111111 0.26875 0.6231481481481481 0.2671875 0.6203703703703703 0.2635416666666667 0.6222222222222222 0.259375 0.6342592592592593 0.25885416666666666 0.6703703703703704 0.26145833333333335 0.6759259259259259
4 0.5333333333333333 0.7157407407407408 0.5359375 0.7083333333333334 0.5369791666666667 0.6601851851851852 0.5291666666666667 0.6694444444444444 0.5260416666666666 0.6824074074074075 0.525 0.7138888888888889 0.5333333333333333 0.7157407407407408
5 0.759375 0.6814814814814815 0.7614583333333333 0.6462962962962963 0.7557291666666667 0.6287037037037037 0.7515625 0.6324074074074074 0.7494791666666667 0.6592592592592592 0.7489583333333333 0.6768518518518518 0.759375 0.6814814814814815
4 0.5921875 0.7546296296296297 0.5989583333333334 0.7981481481481482 0.603125 0.8 0.6067708333333334 0.7861111111111111 0.6078125 0.7453703703703703 0.6005208333333333 0.7296296296296296 0.5958333333333333 0.7314814814814815 0.5921875 0.7444444444444445 0.5921875 0.7546296296296297
5 0.8427083333333333 0.7546296296296297 0.8526041666666667 0.7398148148148148 0.8567708333333334 0.7555555555555555 0.859375 0.7546296296296297 0.8640625 0.7166666666666667 0.8614583333333333 0.6916666666666667 0.8567708333333334 0.6916666666666667 0.85625 0.7027777777777777 0.846875 0.7351851851851852 0.8401041666666667 0.7472222222222222 0.8401041666666667 0.7527777777777778 0.8427083333333333 0.7546296296296297
5 0.18854166666666666 0.7138888888888889 0.18802083333333333 0.7379629629629629 0.19427083333333334 0.7416666666666667 0.196875 0.7398148148148148 0.19583333333333333 0.7203703703703703 0.19947916666666668 0.7083333333333334 0.1984375 0.6851851851851852 0.19635416666666666 0.6722222222222223 0.19322916666666667 0.6694444444444444 0.18802083333333333 0.6814814814814815 0.1859375 0.6907407407407408 0.18854166666666666 0.7138888888888889
3 0.3489583333333333 0.6064814814814815 0.3489583333333333 0.575 0.34375 0.5685185185185185 0.3385416666666667 0.5768518518518518 0.340625 0.6055555555555555 0.3489583333333333 0.6064814814814815
3 0.6333333333333333 0.6092592592592593 0.634375 0.6157407407407407 0.6385416666666667 0.6166666666666667 0.6432291666666666 0.5981481481481481 0.6442708333333333 0.5796296296296296 0.6432291666666666 0.5685185185185185 0.6385416666666667 0.562037037037037 0.634375 0.5685185185185185 0.6317708333333333 0.5796296296296296 0.6333333333333333 0.6092592592592593
4 0.09270833333333334 0.8527777777777777 0.09479166666666666 0.8574074074074074 0.103125 0.8574074074074074 0.10520833333333333 0.8018518518518518 0.10208333333333333 0.7712962962962963 0.1 0.7685185185185185 0.09635416666666667 0.7703703703703704 0.09010416666666667 0.7861111111111111 0.0890625 0.7972222222222223 0.09270833333333334 0.8527777777777777
3 0.46770833333333334 0.7722222222222223 0.4703125 0.7842592592592592 0.4739583333333333 0.7851851851851852 0.4786458333333333 0.737037037037037 0.47708333333333336 0.7083333333333334 0.4744791666666667 0.7055555555555556 0.4635416666666667 0.7203703703703703 0.4625 0.7314814814814815 0.46770833333333334 0.7722222222222223
5 0.47239583333333335 0.7027777777777777 0.4708333333333333 0.7129629629629629 0.478125 0.712037037037037 0.48072916666666665 0.7018518518518518 0.4791666666666667 0.6583333333333333 0.4744791666666667 0.6574074074074074 0.4713541666666667 0.6685185185185185 0.4703125 0.6888888888888889 0.47239583333333335 0.7027777777777777
5 0.4625 0.612037037037037 0.4708333333333333 0.6185185185185185 0.471875 0.6111111111111112 0.46770833333333334 0.5981481481481481 0.46822916666666664 0.5833333333333334 0.4625 0.5814814814814815 0.46041666666666664 0.587037037037037 0.4583333333333333 0.6185185185185185 0.4625 0.612037037037037
4 0.6453125 0.762962962962963 0.6489583333333333 0.7685185185185185 0.6536458333333334 0.7685185185185185 0.65625 0.7518518518518519 0.6526041666666667 0.7018518518518518 0.6494791666666667 0.7 0.6427083333333333 0.7175925925925926 0.6421875 0.7361111111111112 0.6453125 0.762962962962963
5 0.6364583333333333 0.7638888888888888 0.6395833333333333 0.787962962962963 0.6463541666666667 0.8 0.6479166666666667 0.7907407407407407 0.6442708333333333 0.7398148148148148 0.6385416666666667 0.725 0.634375 0.7240740740740741 0.6333333333333333 0.7277777777777777 0.6317708333333333 0.7481481481481481 0.6364583333333333 0.7638888888888888
5 0.28125 0.6657407407407407 0.28125 0.6851851851851852 0.2838541666666667 0.687962962962963 0.2859375 0.6861111111111111 0.28958333333333336 0.6611111111111111 0.28802083333333334 0.6324074074074074 0.28489583333333335 0.6314814814814815 0.28020833333333334 0.6435185185185185 0.2791666666666667 0.6555555555555556 0.28125 0.6657407407407407
0 0.8453125 0.7555555555555555 0.85 0.7398148148148148 0.8427083333333333 0.7407407407407407 0.8401041666666667 0.7462962962962963 0.8401041666666667 0.7546296296296297 0.8453125 0.7555555555555555
4 0.39739583333333334 0.6527777777777778 0.4005208333333333 0.6564814814814814 0.4046875 0.6453703703703704 0.40729166666666666 0.6148148148148148 0.4046875 0.6074074074074074 0.3984375 0.6101851851851852 0.3963541666666667 0.6175925925925926 0.39739583333333334 0.6527777777777778