4 0.0828125 0.7175925925925926 0.0875 0.7351851851851852 0.09270833333333334 0.7361111111111112 0.09114583333333333 0.6916666666666667 0.08854166666666667 0.6851851851851852 0.0875 0.6574074074074074 0.08333333333333333 0.6574074074074074 0.078125 0.6731481481481482 0.07760416666666667 0.6916666666666667 0.06979166666666667 0.7314814814814815 0.07291666666666667 0.7342592592592593 0.0828125 0.7175925925925926
4 0.16302083333333334 0.6333333333333333 0.165625 0.6305555555555555 0.16822916666666668 0.5990740740740741 0.1671875 0.5814814814814815 0.1609375 0.5685185185185185 0.15416666666666667 0.5814814814814815 0.15260416666666668 0.5898148148148148 0.15208333333333332 0.5990740740740741 0.15520833333333334 0.6046296296296296 0.1578125 0.6305555555555555 0.16302083333333334 0.6333333333333333
4 0.8197916666666667 0.7675925925925926 0.8302083333333333 0.7833333333333333 0.8369791666666667 0.7833333333333333 0.8411458333333334 0.7712962962962963 0.8307291666666666 0.7583333333333333 0.8286458333333333 0.7444444444444445 0.8286458333333333 0.7314814814814815 0.8354166666666667 0.7240740740740741 0.8265625 0.7231481481481481 0.8177083333333334 0.7101851851851851 0.8130208333333333 0.712037037037037 0.8119791666666667 0.7240740740740741 0.8057291666666667 0.7361111111111112 0.815625 0.7435185185185185 0.8197916666666667 0.7675925925925926
5 0.8760416666666667 0.7787037037037037 0.8796875 0.7731481481481481 0.8932291666666666 0.7824074074074074 0.8942708333333333 0.7787037037037037 0.8869791666666667 0.7694444444444445 0.8828125 0.7388888888888889 0.8776041666666666 0.7203703703703703 0.8729166666666667 0.7185185185185186 0.8713541666666667 0.7222222222222222 0.8692708333333333 0.7666666666666667 0.8708333333333333 0.7861111111111111 0.8765625 0.7888888888888889 0.8760416666666667 0.7787037037037037
0 0.10729166666666666 0.7305555555555555 0.10208333333333333 0.7268518518518519 0.09947916666666666 0.7361111111111112 0.103125 0.7398148148148148 0.10729166666666666 0.737037037037037 0.10729166666666666 0.7305555555555555
4 0.7380208333333333 0.6777777777777778 0.7411458333333333 0.6351851851851852 0.7364583333333333 0.6203703703703703 0.7328125 0.6203703703703703 0.7291666666666666 0.6259259259259259 0.728125 0.6435185185185185 0.7296875 0.6592592592592592 0.7338541666666667 0.675 0.7380208333333333 0.6777777777777778
3 0.6322916666666667 0.6268518518518519 0.6385416666666667 0.6129629629629629 0.6390625 0.5796296296296296 0.6369791666666667 0.5675925925925925 0.6338541666666667 0.5666666666666667 0.6265625 0.5833333333333334 0.6276041666666666 0.6018518518518519 0.625 0.6240740740740741 0.6265625 0.6277777777777778 0.6322916666666667 0.6268518518518519
5 0.3494791666666667 0.7083333333333334 0.3546875 0.6546296296296297 0.3484375 0.6388888888888888 0.34375 0.6407407407407407 0.3416666666666667 0.6657407407407407 0.34479166666666666 0.7027777777777777 0.3463541666666667 0.7083333333333334 0.3494791666666667 0.7083333333333334
5 0.6541666666666667 0.6916666666666667 0.6567708333333333 0.6888888888888889 0.6557291666666667 0.6712962962962963 0.659375 0.6462962962962963 0.6536458333333334 0.6277777777777778 0.65 0.6277777777777778 0.6484375 0.6342592592592593 0.6494791666666667 0.6509259259259259 0.6473958333333333 0.6759259259259259 0.65 0.6907407407407408 0.6541666666666667 0.6916666666666667
5 0.90625 0.6824074074074075 0.9119791666666667 0.6962962962962963 0.9140625 0.6944444444444444 0.9114583333333334 0.6712962962962963 0.9161458333333333 0.6537037037037037 0.9135416666666667 0.6416666666666667 0.9072916666666667 0.6296296296296297 0.8989583333333333 0.6481481481481481 0.9015625 0.6648148148148149 0.8942708333333333 0.6851851851851852 0.896875 0.687037037037037 0.90625 0.6824074074074075
5 0.4765625 0.6342592592592593 0.4739583333333333 0.5898148148148148 0.4703125 0.5768518518518518 0.4661458333333333 0.5777777777777777 0.4635416666666667 0.5972222222222222 0.46979166666666666 0.6342592592592593 0.475 0.6361111111111111 0.4765625 0.6342592592592593
5 0.590625 0.5638888888888889 0.5890625 0.5509259259259259 0.5848958333333333 0.5398148148148149 0.58125 0.5416666666666666 0.5770833333333333 0.5564814814814815 0.5760416666666667 0.587037037037037 0.5786458333333333 0.5907407407407408 0.5880208333333333 0.5907407407407408 0.590625 0.5638888888888889
4 0.5171875 0.6407407407407407 0.5208333333333334 0.6314814814814815 0.5234375 0.5907407407407408 0.5203125 0.587037037037037 0.5151041666666667 0.5953703703703703 0.5088541666666667 0.6268518518518519 0.5130208333333334 0.6287037037037037 0.5140625 0.637962962962963 0.5171875 0.6407407407407407
3 0.31302083333333336 0.5305555555555556 0.3177083333333333 0.5314814814814814 0.321875 0.49722222222222223 0.3145833333333333 0.48333333333333334 0.30885416666666665 0.49074074074074076 0.3067708333333333 0.49907407407407406 0.31197916666666664 0.512962962962963 0.3098958333333333 0.525 0.31302083333333336 0.5305555555555556
4 0.8302083333333333 0.5444444444444444 0.8317708333333333 0.5324074074074074 0.8265625 0.5120370370370371 0.8213541666666667 0.5120370370370371 0.8182291666666667 0.5194444444444445 0.8177083333333334 0.5305555555555556 0.8213541666666667 0.5564814814814815 0.8234375 0.5574074074074075 0.8302083333333333 0.5444444444444444
4 0.8692708333333333 0.6277777777777778 0.8734375 0.637962962962963 0.8770833333333333 0.6342592592592593 0.878125 0.600925925925926 0.878125 0.5851851851851851 0.8739583333333333 0.5703703703703704 0.8697916666666666 0.575925925925926 0.8661458333333333 0.5898148148148148 0.8661458333333333 0.6166666666666667 0.8640625 0.6296296296296297 0.865625 0.6324074074074074 0.8692708333333333 0.6277777777777778
5 0.55 0.6407407407407407 0.553125 0.6333333333333333 0.5583333333333333 0.6370370370370371 0.5604166666666667 0.6435185185185185 0.5635416666666667 0.6425925925925926 0.5614583333333333 0.6166666666666667 0.565625 0.5925925925925926 0.5625 0.5796296296296296 0.5583333333333333 0.5796296296296296 0.553125 0.5944444444444444 0.5541666666666667 0.6157407407407407 0.5473958333333333 0.6324074074074074 0.5473958333333333 0.637962962962963 0.55 0.6407407407407407
5 0.8729166666666667 0.5472222222222223 0.8697916666666666 0.5666666666666667 0.8692708333333333 0.5796296296296296 0.8765625 0.5805555555555556 0.8770833333333333 0.5601851851851852 0.8729166666666667 0.5472222222222223
5 0.4166666666666667 0.7925925925925926 0.4125 0.7731481481481481 0.415625 0.7268518518518519 0.409375 0.7074074074074074 0.40572916666666664 0.7083333333333334 0.4041666666666667 0.7157407407407408 0.403125 0.7916666666666666 0.4005208333333333 0.7981481481481482 0.415625 0.799074074074074 0.4166666666666667 0.7925925925925926
4 0.19895833333333332 0.8537037037037037 0.20572916666666666 0.85 0.20989583333333334 0.8611111111111112 0.21041666666666667 0.8842592592592593 0.21666666666666667 0.8851851851851852 0.21458333333333332 0.85 0.21666666666666667 0.8203703703703704 0.20833333333333334 0.7861111111111111 0.2046875 0.7842592592592592 0.203125 0.7870370370370371 0.20208333333333334 0.7944444444444444 0.19479166666666667 0.8074074074074075 0.19322916666666667 0.8185185185185185 0.19479166666666667 0.8425925925925926 0.1890625 0.8861111111111111 0.19322916666666667 0.8861111111111111 0.19895833333333332 0.8537037037037037
4 0.5015625 0.6203703703703703 0.5057291666666667 0.5851851851851851 0.5015625 0.5694444444444444 0.4984375 0.5712962962962963 0.4953125 0.5805555555555556 0.4947916666666667 0.6129629629629629 0.49583333333333335 0.6222222222222222 0.49895833333333334 0.625 0.5015625 0.6203703703703703
3 0.7213541666666666 0.5092592592592593 0.7166666666666667 0.49722222222222223 0.7130208333333333 0.4981481481481482 0.7114583333333333 0.5064814814814815 0.7125 0.5333333333333333 0.7135416666666666 0.5407407407407407 0.7166666666666667 0.5435185185185185 0.7213541666666666 0.5092592592592593
4 0.5046875 0.5212962962962963 0.5015625 0.5138888888888888 0.496875 0.5175925925925926 0.496875 0.5481481481481482 0.5020833333333333 0.55 0.5046875 0.5444444444444444 0.5046875 0.5212962962962963
5 0.9083333333333333 0.637962962962963 0.9119791666666667 0.6074074074074074 0.909375 0.5879629629629629 0.9067708333333333 0.587037037037037 0.8994791666666667 0.6018518518518519 0.9 0.6148148148148148 0.8963541666666667 0.6268518518518519 0.8963541666666667 0.6351851851851852 0.9083333333333333 0.637962962962963