4 0.14270833333333333 0.6990740740740741 0.14739583333333334 0.7175925925925926 0.1515625 0.7194444444444444 0.15364583333333334 0.7166666666666667 0.15208333333333332 0.6472222222222223 0.1484375 0.6462962962962963 0.14375 0.6583333333333333 0.140625 0.6861111111111111 0.13333333333333333 0.6972222222222222 0.13385416666666666 0.700925925925926 0.14270833333333333 0.6990740740740741
5 0.7286458333333333 0.6222222222222222 0.7322916666666667 0.6222222222222222 0.7307291666666667 0.6129629629629629 0.7223958333333333 0.5962962962962963 0.7208333333333333 0.5777777777777777 0.7161458333333334 0.5703703703703704 0.7114583333333333 0.5712962962962963 0.7125 0.6064814814814815 0.7161458333333334 0.6185185185185185 0.7244791666666667 0.6129629629629629 0.7286458333333333 0.6222222222222222
4 0.3828125 0.5796296296296296 0.378125 0.5731481481481482 0.3729166666666667 0.5435185185185185 0.36875 0.5435185185185185 0.3651041666666667 0.5601851851851852 0.36822916666666666 0.5916666666666667 0.3729166666666667 0.5925925925925926 0.3828125 0.5796296296296296
4 0.7859375 0.6574074074074074 0.7927083333333333 0.6555555555555556 0.7942708333333334 0.6620370370370371 0.7989583333333333 0.6620370370370371 0.7994791666666666 0.6574074074074074 0.7958333333333333 0.6453703703703704 0.7932291666666667 0.6046296296296296 0.7895833333333333 0.600925925925926 0.7869791666666667 0.6055555555555555 0.7854166666666667 0.6342592592592593 0.7786458333333334 0.6574074074074074 0.784375 0.6620370370370371 0.7859375 0.6574074074074074
4 0.20572916666666666 0.6435185185185185 0.2078125 0.6171296296296296 0.2125 0.6046296296296296 0.20729166666666668 0.5814814814814815 0.20416666666666666 0.5805555555555556 0.2 0.5907407407407408 0.1984375 0.6083333333333333 0.19947916666666668 0.6351851851851852 0.2015625 0.6425925925925926 0.20572916666666666 0.6435185185185185
5 0.6677083333333333 0.637962962962963 0.6703125 0.6388888888888888 0.671875 0.6333333333333333 0.6666666666666666 0.6194444444444445 0.6630208333333333 0.5833333333333334 0.6583333333333333 0.5833333333333334 0.65625 0.5935185185185186 0.6552083333333333 0.6361111111111111 0.659375 0.637962962962963 0.6661458333333333 0.6324074074074074 0.6677083333333333 0.637962962962963
5 0.8963541666666667 0.6962962962962963 0.9 0.6953703703703704 0.903125 0.6888888888888889 0.9015625 0.6824074074074075 0.903125 0.6611111111111111 0.8916666666666667 0.6462962962962963 0.8869791666666667 0.6472222222222223 0.8869791666666667 0.6546296296296297 0.89375 0.6703703703703704 0.8932291666666666 0.6925925925925925 0.8963541666666667 0.6962962962962963
5 0.5848958333333333 0.7 0.5916666666666667 0.6962962962962963 0.5916666666666667 0.6527777777777778 0.5875 0.6287037037037037 0.5838541666666667 0.6259259259259259 0.5822916666666667 0.6296296296296297 0.5796875 0.6657407407407407 0.5822916666666667 0.6796296296296296 0.5822916666666667 0.6972222222222222 0.5848958333333333 0.7
4 0.5588541666666667 0.6101851851851852 0.5609375 0.5981481481481481 0.5578125 0.5722222222222222 0.5541666666666667 0.562962962962963 0.5510416666666667 0.562962962962963 0.5510416666666667 0.5962962962962963 0.553125 0.6111111111111112 0.55625 0.6129629629629629 0.5588541666666667 0.6101851851851852
4 0.6276041666666666 0.512962962962963 0.625 0.5148148148148148 0.6234375 0.5268518518518519 0.6223958333333334 0.5564814814814815 0.634375 0.5518518518518518 0.6302083333333334 0.5194444444444445 0.6276041666666666 0.512962962962963
5 0.5213541666666667 0.5462962962962963 0.51875 0.5370370370370371 0.5151041666666667 0.5425925925925926 0.5161458333333333 0.5842592592592593 0.5213541666666667 0.5861111111111111 0.5244791666666667 0.5814814814814815 0.5213541666666667 0.5462962962962963
4 0.8182291666666667 0.525 0.8166666666666667 0.5185185185185185 0.8135416666666667 0.5166666666666667 0.8088541666666667 0.5268518518518519 0.8088541666666667 0.5564814814814815 0.8104166666666667 0.5601851851851852 0.8145833333333333 0.5601851851851852 0.8182291666666667 0.525
5 0.8463541666666666 0.5907407407407408 0.8411458333333334 0.5879629629629629 0.8359375 0.600925925925926 0.8375 0.6194444444444445 0.8338541666666667 0.65 0.8458333333333333 0.65 0.8463541666666666 0.5907407407407408
4 0.3296875 0.5527777777777778 0.3328125 0.5407407407407407 0.32760416666666664 0.5212962962962963 0.3255208333333333 0.5203703703703704 0.321875 0.5287037037037037 0.31979166666666664 0.5425925925925926 0.3182291666666667 0.5611111111111111 0.3307291666666667 0.5666666666666667 0.33229166666666665 0.5638888888888889 0.3296875 0.5527777777777778
5 0.33177083333333335 0.6481481481481481 0.3302083333333333 0.637962962962963 0.33177083333333335 0.6083333333333333 0.32708333333333334 0.5953703703703703 0.32135416666666666 0.6064814814814815 0.32083333333333336 0.6240740740740741 0.32395833333333335 0.65 0.32864583333333336 0.6518518518518519 0.33177083333333335 0.6481481481481481
3 0.3145833333333333 0.49722222222222223 0.3098958333333333 0.49444444444444446 0.3067708333333333 0.5037037037037037 0.30625 0.5231481481481481 0.31145833333333334 0.5277777777777778 0.3140625 0.5212962962962963 0.3145833333333333 0.49722222222222223
1 0.017708333333333333 0.6074074074074074 0.01875 0.5888888888888889 0.017708333333333333 0.5509259259259259 0.014583333333333334 0.5407407407407407 0.010416666666666666 0.5574074074074075 0.011458333333333333 0.5861111111111111 0.009375 0.6037037037037037 0.0140625 0.6129629629629629 0.017708333333333333 0.6074074074074074
4 0.85 0.5648148148148148 0.8453125 0.5518518518518518 0.8380208333333333 0.5648148148148148 0.8375 0.6027777777777777 0.8453125 0.6083333333333333 0.8484375 0.5990740740740741 0.85 0.5648148148148148
5 0.8651041666666667 0.575 0.8609375 0.562037037037037 0.8567708333333334 0.562962962962963 0.8552083333333333 0.5731481481481482 0.8567708333333334 0.6111111111111112 0.8619791666666666 0.6148148148148148 0.8651041666666667 0.575
3 0.7166666666666667 0.5055555555555555 0.7135416666666666 0.4981481481481482 0.7072916666666667 0.4981481481481482 0.7072916666666667 0.5333333333333333 0.7088541666666667 0.537962962962963 0.7161458333333334 0.537962962962963 0.7166666666666667 0.5055555555555555
3 0.65 0.549074074074074 0.6442708333333333 0.562962962962963 0.6453125 0.6046296296296296 0.6510416666666666 0.6083333333333333 0.6578125 0.5555555555555556 0.65 0.549074074074074
0 0.3260416666666667 0.5564814814814815 0.32708333333333334 0.5666666666666667 0.3328125 0.5648148148148148 0.3307291666666667 0.5574074074074075 0.3260416666666667 0.5564814814814815
5 0.8338541666666667 0.575925925925926 0.8369791666666667 0.5518518518518518 0.8302083333333333 0.5287037037037037 0.828125 0.5296296296296297 0.8260416666666667 0.5324074074074074 0.828125 0.5657407407407408 0.8296875 0.5722222222222222 0.8338541666666667 0.575925925925926
4 0.8796875 0.7055555555555556 0.8776041666666666 0.6861111111111111 0.88125 0.6555555555555556 0.8744791666666667 0.637962962962963 0.8703125 0.6388888888888888 0.8645833333333334 0.6546296296296297 0.8692708333333333 0.7083333333333334 0.8744791666666667 0.7101851851851851 0.8796875 0.7055555555555556
4 0.6541666666666667 0.5287037037037037 0.6505208333333333 0.5194444444444445 0.6484375 0.5203703703703704 0.6479166666666667 0.5259259259259259 0.646875 0.5564814814814815 0.6583333333333333 0.5611111111111111 0.6598958333333333 0.5527777777777778 0.6541666666666667 0.5287037037037037