5 0.2942708333333333 0.6666666666666666 0.2916666666666667 0.6805555555555556 0.3026041666666667 0.6824074074074075 0.3015625 0.6564814814814814 0.30364583333333334 0.6444444444444445 0.2989583333333333 0.6231481481481481 0.2942708333333333 0.6259259259259259 0.290625 0.6453703703703704 0.2942708333333333 0.6666666666666666
5 0.4921875 0.6185185185185185 0.4942708333333333 0.6212962962962963 0.5026041666666666 0.6148148148148148 0.5057291666666667 0.6231481481481481 0.509375 0.6222222222222222 0.5067708333333333 0.5805555555555556 0.5026041666666666 0.5796296296296296 0.5 0.5851851851851851 0.4973958333333333 0.6083333333333333 0.4921875 0.6185185185185185
4 0.5171875 0.674074074074074 0.5229166666666667 0.6444444444444445 0.5229166666666667 0.6305555555555555 0.5166666666666667 0.6212962962962963 0.5109375 0.6361111111111111 0.5130208333333334 0.6703703703703704 0.5171875 0.674074074074074
5 0.803125 0.6666666666666666 0.8078125 0.6222222222222222 0.8020833333333334 0.6138888888888889 0.7973958333333333 0.625 0.7973958333333333 0.662962962962963 0.803125 0.6666666666666666
1 0.059895833333333336 0.6416666666666667 0.059895833333333336 0.649074074074074 0.06458333333333334 0.6509259259259259 0.0703125 0.6453703703703704 0.06927083333333334 0.625 0.071875 0.6037037037037037 0.06822916666666666 0.5925925925925926 0.06197916666666667 0.6027777777777777 0.06302083333333333 0.6324074074074074 0.059895833333333336 0.6416666666666667
5 0.6041666666666666 0.6833333333333333 0.6072916666666667 0.6888888888888889 0.609375 0.6851851851851852 0.6114583333333333 0.6657407407407407 0.6140625 0.6611111111111111 0.6140625 0.6509259259259259 0.6083333333333333 0.6324074074074074 0.6046875 0.6333333333333333 0.603125 0.637962962962963 0.6010416666666667 0.6546296296296297 0.6041666666666666 0.6833333333333333
4 0.14270833333333333 0.712037037037037 0.15052083333333333 0.7083333333333334 0.1515625 0.6601851851851852 0.14583333333333334 0.6462962962962963 0.14166666666666666 0.6527777777777778 0.14010416666666667 0.6620370370370371 0.1390625 0.7046296296296296 0.14270833333333333 0.712037037037037
5 0.41354166666666664 0.65 0.4161458333333333 0.6472222222222223 0.41875 0.6111111111111112 0.4125 0.5972222222222222 0.41041666666666665 0.5981481481481481 0.4088541666666667 0.6074074074074074 0.4078125 0.65 0.41354166666666664 0.65
4 0.1625 0.6787037037037037 0.16614583333333333 0.6731481481481482 0.16875 0.6342592592592593 0.16197916666666667 0.6185185185185185 0.15833333333333333 0.6203703703703703 0.15416666666666667 0.6342592592592593 0.15364583333333334 0.6398148148148148 0.1625 0.6787037037037037
4 0.18333333333333332 0.6037037037037037 0.18645833333333334 0.5833333333333334 0.18489583333333334 0.5722222222222222 0.18020833333333333 0.5712962962962963 0.17552083333333332 0.5861111111111111 0.17447916666666666 0.6037037037037037 0.18333333333333332 0.6037037037037037
4 0.19322916666666667 0.6185185185185185 0.1953125 0.6138888888888889 0.19791666666666666 0.5777777777777777 0.19322916666666667 0.5666666666666667 0.18854166666666666 0.5740740740740741 0.18854166666666666 0.6148148148148148 0.19322916666666667 0.6185185185185185