4 0.5578125 0.7814814814814814 0.5515625 0.7907407407407407 0.5520833333333334 0.8 0.5583333333333333 0.8018518518518518 0.5604166666666667 0.7898148148148149 0.5682291666666667 0.7814814814814814 0.5708333333333333 0.7898148148148149 0.5713541666666667 0.8027777777777778 0.5770833333333333 0.8055555555555556 0.5802083333333333 0.8018518518518518 0.5755208333333334 0.7777777777777778 0.5744791666666667 0.7564814814814815 0.5760416666666667 0.7509259259259259 0.5729166666666666 0.725925925925926 0.5682291666666667 0.7240740740740741 0.5619791666666667 0.7435185185185185 0.5625 0.7583333333333333 0.5578125 0.7814814814814814
5 0.4588541666666667 0.7194444444444444 0.4640625 0.7231481481481481 0.4703125 0.7101851851851851 0.47552083333333334 0.7157407407407408 0.4765625 0.7222222222222222 0.4817708333333333 0.7212962962962963 0.47760416666666666 0.6981481481481482 0.478125 0.6694444444444444 0.4739583333333333 0.6657407407407407 0.46770833333333334 0.6814814814814815 0.46822916666666664 0.6907407407407408 0.4588541666666667 0.7194444444444444
4 0.6953125 0.7203703703703703 0.6984375 0.7277777777777777 0.709375 0.7212962962962963 0.715625 0.7064814814814815 0.7125 0.6648148148148149 0.7088541666666667 0.6620370370370371 0.7052083333333333 0.6694444444444444 0.7005208333333334 0.7023148148148148 0.6953125 0.7203703703703703
4 0.3609375 0.7148148148148148 0.3609375 0.7203703703703703 0.36302083333333335 0.7222222222222222 0.37083333333333335 0.7203703703703703 0.3765625 0.7064814814814815 0.378125 0.6824074074074075 0.3765625 0.6620370370370371 0.371875 0.6620370370370371 0.36614583333333334 0.6768518518518518 0.36666666666666664 0.6953703703703704 0.3609375 0.7148148148148148
4 0.2947916666666667 0.6851851851851852 0.29739583333333336 0.6898148148148148 0.3072916666666667 0.6925925925925925 0.30885416666666665 0.6907407407407408 0.309375 0.6351851851851852 0.30520833333333336 0.6333333333333333 0.2994791666666667 0.6462962962962963 0.2984375 0.6712962962962963 0.2947916666666667 0.6851851851851852
4 0.05416666666666667 0.737037037037037 0.057291666666666664 0.7398148148148148 0.06614583333333333 0.7342592592592593 0.07239583333333334 0.7481481481481481 0.07552083333333333 0.7444444444444445 0.07239583333333334 0.7092592592592593 0.0734375 0.6842592592592592 0.071875 0.6777777777777778 0.06770833333333333 0.6777777777777778 0.0640625 0.6851851851851852 0.0609375 0.7185185185185186 0.05416666666666667 0.737037037037037
5 0.7697916666666667 0.8231481481481482 0.7770833333333333 0.825925925925926 0.7786458333333334 0.8416666666666667 0.7869791666666667 0.8407407407407408 0.7848958333333333 0.8314814814814815 0.7854166666666667 0.8046296296296296 0.7880208333333333 0.7925925925925926 0.7848958333333333 0.7685185185185185 0.7822916666666667 0.7666666666666667 0.7791666666666667 0.7703703703703704 0.7739583333333333 0.7888888888888889 0.7744791666666667 0.8037037037037037 0.7692708333333333 0.8138888888888889 0.7635416666666667 0.8185185185185185 0.7635416666666667 0.825925925925926 0.7697916666666667 0.8231481481481482
5 0.08958333333333333 0.8564814814814815 0.090625 0.8777777777777778 0.09895833333333333 0.8842592592592593 0.103125 0.8833333333333333 0.103125 0.8777777777777778 0.09947916666666666 0.8722222222222222 0.09947916666666666 0.8481481481481481 0.103125 0.8333333333333334 0.0953125 0.8101851851851852 0.09166666666666666 0.8074074074074075 0.08854166666666667 0.8101851851851852 0.08385416666666666 0.8277777777777777 0.08333333333333333 0.8379629629629629 0.08958333333333333 0.8564814814814815
3 0.17760416666666667 0.7490740740740741 0.18020833333333333 0.7555555555555555 0.1828125 0.7555555555555555 0.18541666666666667 0.7518518518518519 0.18541666666666667 0.7444444444444445 0.19166666666666668 0.7361111111111112 0.19270833333333334 0.687962962962963 0.1890625 0.6842592592592592 0.18697916666666667 0.6861111111111111 0.18072916666666666 0.7 0.18020833333333333 0.7361111111111112 0.17760416666666667 0.7490740740740741
5 0.7390625 0.7018518518518518 0.7375 0.7083333333333334 0.7484375 0.7148148148148148 0.7510416666666667 0.712037037037037 0.7463541666666667 0.6620370370370371 0.7442708333333333 0.6564814814814814 0.7416666666666667 0.6564814814814814 0.7375 0.662962962962963 0.7354166666666667 0.674074074074074 0.7390625 0.7018518518518518
2 0.9661458333333334 0.7037037037037037 0.9598958333333333 0.712037037037037 0.9614583333333333 0.7166666666666667 0.9760416666666667 0.7194444444444444 0.984375 0.7166666666666667 0.9838541666666667 0.6981481481481482 0.9911458333333333 0.6851851851851852 0.9869791666666666 0.6638888888888889 0.9916666666666667 0.6537037037037037 0.9807291666666667 0.65 0.9776041666666667 0.6564814814814814 0.9739583333333334 0.6833333333333333 0.9661458333333334 0.7037037037037037
0 0.9661458333333334 0.7185185185185186 0.9708333333333333 0.7166666666666667 0.9729166666666667 0.712037037037037 0.9666666666666667 0.7055555555555556 0.9604166666666667 0.7111111111111111 0.9614583333333333 0.7166666666666667 0.9661458333333334 0.7185185185185186
4 0.22604166666666667 0.6342592592592593 0.23072916666666668 0.6212962962962963 0.23177083333333334 0.6111111111111112 0.23125 0.5907407407407408 0.22916666666666666 0.5842592592592593 0.22395833333333334 0.5879629629629629 0.221875 0.6064814814814815 0.22135416666666666 0.6314814814814815 0.22604166666666667 0.6342592592592593
4 0.10572916666666667 0.6657407407407407 0.10729166666666666 0.6731481481481482 0.10260416666666666 0.6953703703703704 0.1078125 0.6981481481481482 0.11041666666666666 0.6907407407407408 0.1125 0.6907407407407408 0.11458333333333333 0.6972222222222222 0.1203125 0.6990740740740741 0.12135416666666667 0.6574074074074074 0.11875 0.6518518518518519 0.11875 0.6425925925925926 0.11458333333333333 0.6370370370370371 0.10989583333333333 0.637962962962963 0.10729166666666666 0.65 0.10833333333333334 0.6546296296296297 0.10572916666666667 0.6657407407407407
5 0.24010416666666667 0.6722222222222223 0.24322916666666666 0.6768518518518518 0.2484375 0.6768518518518518 0.25 0.674074074074074 0.253125 0.6222222222222222 0.24895833333333334 0.6203703703703703 0.24322916666666666 0.6296296296296297 0.24322916666666666 0.6546296296296297 0.24010416666666667 0.6722222222222223
5 0.0953125 0.6611111111111111 0.10729166666666666 0.6657407407407407 0.11510416666666666 0.6509259259259259 0.11510416666666666 0.6388888888888888 0.10989583333333333 0.6175925925925926 0.10572916666666667 0.6157407407407407 0.10364583333333334 0.6185185185185185 0.1015625 0.637962962962963 0.0953125 0.6611111111111111