5 0.6572916666666667 0.6305555555555555 0.6635416666666667 0.6287037037037037 0.6640625 0.6342592592592593 0.6677083333333333 0.6361111111111111 0.6677083333333333 0.6240740740740741 0.6619791666666667 0.5861111111111111 0.6572916666666667 0.5814814814814815 0.6552083333333333 0.5888888888888889 0.6546875 0.6185185185185185 0.65 0.6342592592592593 0.6541666666666667 0.6361111111111111 0.6572916666666667 0.6305555555555555
4 0.140625 0.6583333333333333 0.13854166666666667 0.6407407407407407 0.13489583333333333 0.6425925925925926 0.13072916666666667 0.6546296296296297 0.12708333333333333 0.6851851851851852 0.12239583333333333 0.7 0.12291666666666666 0.712037037037037 0.12708333333333333 0.7083333333333334 0.1390625 0.712037037037037 0.140625 0.6583333333333333
4 0.325 0.5601851851851852 0.3229166666666667 0.5546296296296296 0.325 0.5398148148148149 0.32083333333333336 0.5212962962962963 0.3171875 0.5203703703703704 0.31302083333333336 0.5388888888888889 0.3125 0.5592592592592592 0.3151041666666667 0.562962962962963 0.3234375 0.5638888888888889 0.325 0.5601851851851852
5 0.51875 0.5787037037037037 0.5286458333333334 0.5824074074074074 0.5291666666666667 0.575 0.5229166666666667 0.5638888888888889 0.5208333333333334 0.5370370370370371 0.5171875 0.5351851851851852 0.5161458333333333 0.537962962962963 0.5145833333333333 0.5657407407407408 0.5109375 0.5833333333333334 0.5145833333333333 0.5851851851851851 0.51875 0.5787037037037037
4 0.7927083333333333 0.6074074074074074 0.7869791666666667 0.5981481481481481 0.7822916666666667 0.6324074074074074 0.7817708333333333 0.6583333333333333 0.7921875 0.6611111111111111 0.79375 0.6583333333333333 0.7927083333333333 0.6074074074074074
5 0.7291666666666666 0.6064814814814815 0.7260416666666667 0.6027777777777777 0.7203125 0.5768518518518518 0.7166666666666667 0.5694444444444444 0.7135416666666666 0.5722222222222222 0.7182291666666667 0.6083333333333333 0.7244791666666667 0.6212962962962963 0.728125 0.6203703703703703 0.7291666666666666 0.6064814814814815
4 0.3729166666666667 0.5777777777777777 0.37552083333333336 0.575925925925926 0.3854166666666667 0.5851851851851851 0.3859375 0.5787037037037037 0.378125 0.5592592592592592 0.37552083333333336 0.5435185185185185 0.371875 0.5388888888888889 0.3697916666666667 0.5444444444444444 0.3697916666666667 0.5592592592592592 0.3651041666666667 0.5898148148148148 0.36875 0.5907407407407408 0.3729166666666667 0.5777777777777777
3 0.6463541666666667 0.6074074074074074 0.6515625 0.5481481481481482 0.6489583333333333 0.5444444444444444 0.6401041666666667 0.5555555555555556 0.6385416666666667 0.5601851851851852 0.6395833333333333 0.6027777777777777 0.6421875 0.6074074074074074 0.6463541666666667 0.6074074074074074
5 0.3255208333333333 0.6240740740740741 0.32708333333333334 0.6083333333333333 0.3223958333333333 0.5953703703703703 0.31875 0.5953703703703703 0.315625 0.6101851851851852 0.3177083333333333 0.6481481481481481 0.3260416666666667 0.6509259259259259 0.32760416666666664 0.6472222222222223 0.3255208333333333 0.6240740740740741
4 0.8130208333333333 0.5425925925925926 0.8161458333333333 0.525 0.8098958333333334 0.5148148148148148 0.8067708333333333 0.5259259259259259 0.8052083333333333 0.5555555555555556 0.8130208333333333 0.5574074074074075 0.8151041666666666 0.5527777777777778 0.8130208333333333 0.5425925925925926
4 0.871875 0.7027777777777777 0.8776041666666666 0.7046296296296296 0.8786458333333333 0.6962962962962963 0.875 0.674074074074074 0.8770833333333333 0.6638888888888889 0.8760416666666667 0.6527777777777778 0.86875 0.6388888888888888 0.8661458333333333 0.6416666666666667 0.8625 0.6574074074074074 0.8619791666666666 0.6898148148148148 0.8640625 0.7074074074074074 0.8697916666666666 0.7083333333333334 0.871875 0.7027777777777777
4 0.5682291666666667 0.600925925925926 0.5682291666666667 0.5944444444444444 0.5625 0.5879629629629629 0.5619791666666667 0.5740740740740741 0.5572916666666666 0.5601851851851852 0.5526041666666667 0.5601851851851852 0.5510416666666667 0.6074074074074074 0.5557291666666667 0.6064814814814815 0.5583333333333333 0.5981481481481481 0.5682291666666667 0.600925925925926
5 0.6567708333333333 0.5527777777777778 0.6505208333333333 0.5194444444444445 0.6463541666666667 0.5166666666666667 0.6453125 0.5194444444444445 0.6447916666666667 0.5537037037037037 0.65 0.562037037037037 0.6552083333333333 0.5601851851851852 0.6567708333333333 0.5527777777777778
4 0.20260416666666667 0.6138888888888889 0.20572916666666666 0.6064814814814815 0.203125 0.5796296296296296 0.2 0.5787037037037037 0.19375 0.5916666666666667 0.19375 0.6342592592592593 0.1984375 0.6416666666666667 0.2015625 0.637962962962963 0.20260416666666667 0.6138888888888889
4 0.6302083333333334 0.5537037037037037 0.6286458333333333 0.5231481481481481 0.6265625 0.5148148148148148 0.6223958333333334 0.5138888888888888 0.6213541666666667 0.5453703703703704 0.6234375 0.5555555555555556 0.628125 0.5574074074074075 0.6302083333333334 0.5537037037037037
4 0.8447916666666667 0.5638888888888889 0.8390625 0.5527777777777778 0.8328125 0.5583333333333333 0.8333333333333334 0.5972222222222222 0.8380208333333333 0.6018518518518519 0.8411458333333334 0.5962962962962963 0.8447916666666667 0.5638888888888889
3 0.7088541666666667 0.4981481481481482 0.7015625 0.4962962962962963 0.7015625 0.5324074074074074 0.7088541666666667 0.5370370370370371 0.7109375 0.5055555555555555 0.7088541666666667 0.4981481481481482
1 0.0171875 0.6055555555555555 0.0125 0.5407407407407407 0.008854166666666666 0.5407407407407407 0.00625 0.5583333333333333 0.0067708333333333336 0.5814814814814815 0.0046875 0.6037037037037037 0.008333333333333333 0.6083333333333333 0.0171875 0.6055555555555555
5 0.8385416666666666 0.649074074074074 0.8411458333333334 0.6462962962962963 0.840625 0.5953703703703703 0.8375 0.5888888888888889 0.8338541666666667 0.5907407407407408 0.83125 0.5990740740740741 0.8322916666666667 0.6240740740740741 0.8302083333333333 0.6462962962962963 0.8328125 0.65 0.8385416666666666 0.649074074074074
5 0.8322916666666667 0.5453703703703704 0.8260416666666667 0.525 0.8223958333333333 0.5277777777777778 0.8255208333333334 0.5731481481481482 0.8302083333333333 0.575 0.8333333333333334 0.5685185185185185 0.8322916666666667 0.5453703703703704
5 0.859375 0.5740740740740741 0.8567708333333334 0.562962962962963 0.853125 0.5583333333333333 0.8494791666666667 0.5722222222222222 0.8494791666666667 0.6111111111111112 0.8546875 0.6138888888888889 0.8567708333333334 0.6111111111111112 0.859375 0.5740740740740741
0 0.3203125 0.5574074074074075 0.31927083333333334 0.5638888888888889 0.3255208333333333 0.5638888888888889 0.3255208333333333 0.5592592592592592 0.3203125 0.5574074074074075
5 0.8973958333333333 0.6916666666666667 0.8979166666666667 0.6601851851851852 0.8927083333333333 0.6509259259259259 0.8859375 0.6453703703703704 0.8822916666666667 0.6462962962962963 0.8817708333333333 0.6537037037037037 0.8880208333333334 0.6759259259259259 0.8880208333333334 0.6935185185185185 0.8973958333333333 0.6916666666666667
5 0.590625 0.687962962962963 0.5864583333333333 0.6759259259259259 0.5880208333333333 0.6620370370370371 0.5869791666666667 0.6361111111111111 0.5838541666666667 0.625 0.5791666666666667 0.6268518518518519 0.5796875 0.6935185185185185 0.5875 0.6962962962962963 0.590625 0.6935185185185185 0.590625 0.687962962962963