5 0.71875 0.6546296296296297 0.7255208333333333 0.6546296296296297 0.728125 0.6601851851851852 0.7296875 0.6537037037037037 0.7239583333333334 0.6388888888888888 0.721875 0.6129629629629629 0.7208333333333333 0.6092592592592593 0.7166666666666667 0.6129629629629629 0.7161458333333334 0.6444444444444445 0.7119791666666667 0.6583333333333333 0.7166666666666667 0.6601851851851852 0.71875 0.6546296296296297
4 0.25677083333333334 0.6388888888888888 0.2546875 0.6268518518518519 0.2578125 0.6046296296296296 0.2552083333333333 0.5953703703703703 0.25104166666666666 0.5953703703703703 0.24635416666666668 0.6212962962962963 0.24427083333333333 0.6425925925925926 0.24791666666666667 0.6472222222222223 0.2557291666666667 0.6453703703703704 0.25677083333333334 0.6388888888888888
4 0.7010416666666667 0.7657407407407407 0.7109375 0.7722222222222223 0.7125 0.7787037037037037 0.7166666666666667 0.7787037037037037 0.7166666666666667 0.7703703703703704 0.7078125 0.7555555555555555 0.7072916666666667 0.7435185185185185 0.7104166666666667 0.7305555555555555 0.7098958333333333 0.7240740740740741 0.7010416666666667 0.7055555555555556 0.6979166666666666 0.7083333333333334 0.6947916666666667 0.7240740740740741 0.696875 0.7462962962962963 0.6921875 0.7787037037037037 0.6984375 0.7796296296296297 0.7010416666666667 0.7657407407407407
3 0.29583333333333334 0.6277777777777778 0.2921875 0.6148148148148148 0.28958333333333336 0.6138888888888889 0.2828125 0.6305555555555555 0.28177083333333336 0.6657407407407407 0.2833333333333333 0.6712962962962963 0.29010416666666666 0.6620370370370371 0.29583333333333334 0.6277777777777778
5 0.40989583333333335 0.6175925925925926 0.4114583333333333 0.6018518518518519 0.4078125 0.5907407407407408 0.4046875 0.5907407407407408 0.40260416666666665 0.5981481481481481 0.403125 0.637962962962963 0.4078125 0.6416666666666667 0.4109375 0.637962962962963 0.40989583333333335 0.6175925925925926
5 0.20364583333333333 0.6611111111111111 0.20729166666666668 0.6462962962962963 0.2046875 0.6268518518518519 0.19947916666666668 0.6259259259259259 0.19479166666666667 0.6435185185185185 0.196875 0.6888888888888889 0.2015625 0.6898148148148148 0.2046875 0.6851851851851852 0.20364583333333333 0.6611111111111111
4 0.19166666666666668 0.6268518518518519 0.19270833333333334 0.5972222222222222 0.1890625 0.5833333333333334 0.18541666666666667 0.5814814814814815 0.18385416666666668 0.5879629629629629 0.18125 0.6064814814814815 0.184375 0.6231481481481481 0.1890625 0.6296296296296297 0.19166666666666668 0.6268518518518519
5 0.6578125 0.6833333333333333 0.6609375 0.6648148148148149 0.6552083333333333 0.649074074074074 0.6510416666666666 0.6537037037037037 0.65 0.7064814814814815 0.6588541666666666 0.7092592592592593 0.6609375 0.7046296296296296 0.6578125 0.6833333333333333
4 0.4734375 0.6805555555555556 0.4703125 0.6759259259259259 0.46927083333333336 0.662962962962963 0.4708333333333333 0.6564814814814814 0.4661458333333333 0.6425925925925926 0.4625 0.6398148148148148 0.459375 0.65 0.4609375 0.6925925925925925 0.4635416666666667 0.6962962962962963 0.4734375 0.6851851851851852 0.4734375 0.6805555555555556
5 0.10833333333333334 0.5990740740740741 0.10729166666666666 0.5740740740740741 0.10260416666666666 0.5740740740740741 0.0984375 0.5796296296296296 0.09375 0.6027777777777777 0.09322916666666667 0.6064814814814815 0.09583333333333334 0.6092592592592593 0.10104166666666667 0.6018518518518519 0.10833333333333334 0.5990740740740741
0 0.16354166666666667 0.612037037037037 0.16197916666666667 0.6185185185185185 0.16770833333333332 0.6185185185185185 0.16614583333333333 0.6111111111111112 0.16354166666666667 0.612037037037037
4 0.0515625 0.6731481481481482 0.0578125 0.6537037037037037 0.0484375 0.6370370370370371 0.043229166666666666 0.65 0.044270833333333336 0.700925925925926 0.04583333333333333 0.7018518518518518 0.051041666666666666 0.6962962962962963 0.0515625 0.6731481481481482
5 0.7885416666666667 0.7824074074074074 0.784375 0.7620370370370371 0.7869791666666667 0.737037037037037 0.7822916666666667 0.7203703703703703 0.7786458333333334 0.7203703703703703 0.7755208333333333 0.7398148148148148 0.7755208333333333 0.7638888888888888 0.7713541666666667 0.7851851851851852 0.7869791666666667 0.7861111111111111 0.7885416666666667 0.7824074074074074
5 0.36770833333333336 0.6203703703703703 0.3645833333333333 0.6046296296296296 0.3609375 0.6046296296296296 0.3572916666666667 0.6129629629629629 0.3578125 0.6546296296296297 0.3614583333333333 0.6601851851851852 0.3640625 0.6574074074074074 0.36770833333333336 0.6203703703703703
3 0.8380208333333333 0.6231481481481481 0.8395833333333333 0.6212962962962963 0.8401041666666667 0.587037037037037 0.8375 0.5731481481481482 0.8328125 0.575925925925926 0.83125 0.5898148148148148 0.8322916666666667 0.6185185185185185 0.8333333333333334 0.6231481481481481 0.8380208333333333 0.6231481481481481
5 0.0953125 0.6537037037037037 0.09114583333333333 0.6407407407407407 0.08802083333333334 0.6416666666666667 0.08333333333333333 0.6527777777777778 0.08489583333333334 0.6953703703703704 0.08802083333333334 0.7 0.09010416666666667 0.6962962962962963 0.0953125 0.6537037037037037
4 0.078125 0.6203703703703703 0.075 0.6194444444444445 0.07239583333333334 0.6240740740740741 0.06875 0.6462962962962963 0.06822916666666666 0.674074074074074 0.07239583333333334 0.6759259259259259 0.078125 0.6574074074074074 0.078125 0.6203703703703703
4 0.13645833333333332 0.6018518518518519 0.13541666666666666 0.575 0.13072916666666667 0.5638888888888889 0.12395833333333334 0.5888888888888889 0.12447916666666667 0.6101851851851852 0.12708333333333333 0.6138888888888889 0.13385416666666666 0.6148148148148148 0.13645833333333332 0.6018518518518519
3 0.9411458333333333 0.9990740740740741 0.9401041666666666 0.9648148148148148 0.9427083333333334 0.950925925925926 0.9427083333333334 0.9361111111111111 0.9354166666666667 0.9138888888888889 0.9302083333333333 0.9166666666666666 0.9223958333333333 0.9398148148148148 0.925 0.9814814814814815 0.9307291666666667 0.9833333333333333 0.93125 0.9990740740740741 0.9411458333333333 0.9990740740740741
4 0.5973958333333333 0.6564814814814814 0.5916666666666667 0.6240740740740741 0.5875 0.6175925925925926 0.5859375 0.6222222222222222 0.5875 0.6666666666666666 0.5911458333333334 0.6694444444444444 0.5973958333333333 0.6611111111111111 0.5973958333333333 0.6564814814814814
5 0.8026041666666667 0.7074074074074074 0.8078125 0.700925925925926 0.8125 0.6666666666666666 0.80625 0.6462962962962963 0.8020833333333334 0.6472222222222223 0.7979166666666667 0.6666666666666666 0.7973958333333333 0.6768518518518518 0.8 0.6888888888888889 0.7984375 0.7046296296296296 0.8026041666666667 0.7074074074074074
5 0.240625 0.6203703703703703 0.23541666666666666 0.6074074074074074 0.23333333333333334 0.5935185185185186 0.22916666666666666 0.5898148148148148 0.22552083333333334 0.5925925925925926 0.22447916666666667 0.6111111111111112 0.22708333333333333 0.6212962962962963 0.23958333333333334 0.6240740740740741 0.240625 0.6203703703703703