4 0.43072916666666666 0.799074074074074 0.44114583333333335 0.7981481481481482 0.4427083333333333 0.8018518518518518 0.4473958333333333 0.8018518518518518 0.44895833333333335 0.7953703703703704 0.44427083333333334 0.774074074074074 0.44427083333333334 0.7453703703703703 0.4375 0.725 0.4359375 0.7222222222222222 0.43333333333333335 0.7240740740740741 0.4317708333333333 0.7435185185185185 0.43333333333333335 0.7777777777777778 0.4265625 0.7944444444444444 0.43072916666666666 0.799074074074074
4 0.090625 0.7870370370370371 0.09479166666666666 0.7870370370370371 0.1 0.7787037037037037 0.10052083333333334 0.725925925925926 0.0953125 0.7111111111111111 0.09166666666666666 0.7092592592592593 0.0859375 0.7268518518518519 0.08541666666666667 0.7444444444444445 0.08958333333333333 0.7675925925925926 0.08958333333333333 0.7833333333333333 0.090625 0.7870370370370371
5 0.7109375 0.837037037037037 0.7140625 0.8416666666666667 0.7234375 0.8425925925925926 0.7223958333333333 0.8157407407407408 0.7244791666666667 0.7870370370370371 0.71875 0.7666666666666667 0.715625 0.7657407407407407 0.7140625 0.7703703703703704 0.7098958333333333 0.799074074074074 0.7130208333333333 0.8027777777777778 0.7130208333333333 0.8296296296296296 0.7109375 0.837037037037037
5 0.08541666666666667 0.8944444444444445 0.09114583333333333 0.9 0.09895833333333333 0.9009259259259259 0.09635416666666667 0.8685185185185185 0.09947916666666666 0.8583333333333333 0.10364583333333334 0.8574074074074074 0.10364583333333334 0.8518518518518519 0.09947916666666666 0.8277777777777777 0.09322916666666667 0.8111111111111111 0.08854166666666667 0.8138888888888889 0.08333333333333333 0.8342592592592593 0.08229166666666667 0.85 0.08697916666666666 0.8574074074074074 0.08854166666666667 0.8694444444444445 0.08541666666666667 0.8944444444444445
4 0.16979166666666667 0.6712962962962963 0.17604166666666668 0.6611111111111111 0.16614583333333333 0.6435185185185185 0.16197916666666667 0.6435185185185185 0.15729166666666666 0.6574074074074074 0.16041666666666668 0.7046296296296296 0.16875 0.7055555555555556 0.17135416666666667 0.6935185185185185 0.16979166666666667 0.6712962962962963
4 0.20260416666666667 0.6481481481481481 0.20833333333333334 0.6148148148148148 0.20364583333333333 0.6018518518518519 0.20104166666666667 0.6027777777777777 0.19583333333333333 0.6157407407407407 0.19739583333333333 0.6361111111111111 0.19375 0.6509259259259259 0.196875 0.6546296296296297 0.20260416666666667 0.6481481481481481
5 0.8817708333333333 0.762962962962963 0.878125 0.7472222222222222 0.8807291666666667 0.7203703703703703 0.8739583333333333 0.7 0.86875 0.700925925925926 0.8651041666666667 0.7324074074074074 0.871875 0.7666666666666667 0.8770833333333333 0.7685185185185185 0.8817708333333333 0.762962962962963
3 0.42239583333333336 0.6842592592592592 0.41822916666666665 0.6814814814814815 0.41041666666666665 0.7 0.41770833333333335 0.7407407407407407 0.4234375 0.7490740740740741 0.4270833333333333 0.6962962962962963 0.42239583333333336 0.6842592592592592
5 0.37135416666666665 0.6361111111111111 0.3651041666666667 0.6194444444444445 0.36041666666666666 0.6305555555555555 0.3619791666666667 0.6731481481481482 0.3645833333333333 0.6787037037037037 0.3692708333333333 0.6787037037037037 0.37135416666666665 0.6361111111111111
5 0.4166666666666667 0.6064814814814815 0.415625 0.5805555555555556 0.4125 0.5731481481481482 0.4078125 0.5805555555555556 0.40989583333333335 0.6101851851851852 0.4119791666666667 0.6138888888888889 0.41510416666666666 0.6129629629629629 0.4166666666666667 0.6064814814814815
2 0.9276041666666667 0.700925925925926 0.93125 0.6972222222222222 0.9307291666666667 0.6759259259259259 0.9338541666666667 0.6537037037037037 0.9276041666666667 0.6240740740740741 0.9229166666666667 0.6259259259259259 0.9244791666666666 0.6527777777777778 0.9213541666666667 0.6648148148148149 0.9229166666666667 0.6962962962962963 0.9276041666666667 0.700925925925926
4 0.5135416666666667 0.6398148148148148 0.5151041666666667 0.6342592592592593 0.5114583333333333 0.6064814814814815 0.5057291666666667 0.5907407407407408 0.5026041666666666 0.5944444444444444 0.5020833333333333 0.6148148148148148 0.5052083333333334 0.6351851851851852 0.509375 0.6416666666666667 0.5135416666666667 0.6398148148148148
5 0.15208333333333332 0.6648148148148149 0.14895833333333333 0.6388888888888888 0.14479166666666668 0.6370370370370371 0.13854166666666667 0.6564814814814814 0.13958333333333334 0.6962962962962963 0.1421875 0.700925925925926 0.14583333333333334 0.700925925925926 0.15208333333333332 0.6648148148148149
4 0.44479166666666664 0.7092592592592593 0.4453125 0.6657407407407407 0.44375 0.6601851851851852 0.43802083333333336 0.6518518518518519 0.43020833333333336 0.6648148148148149 0.4322916666666667 0.6787037037037037 0.4296875 0.6935185185185185 0.434375 0.712037037037037 0.44479166666666664 0.7092592592592593
5 0.5213541666666667 0.6444444444444445 0.5260416666666666 0.6444444444444445 0.528125 0.6333333333333333 0.5229166666666667 0.6138888888888889 0.5135416666666667 0.6037037037037037 0.5125 0.6111111111111112 0.5151041666666667 0.6222222222222222 0.5145833333333333 0.6305555555555555 0.5213541666666667 0.6444444444444445
5 0.7625 0.65 0.7609375 0.6111111111111112 0.7578125 0.5990740740740741 0.7536458333333333 0.6 0.7546875 0.6361111111111111 0.7567708333333333 0.65 0.7604166666666666 0.6518518518518519 0.7625 0.65
5 0.23333333333333334 0.6064814814814815 0.22760416666666666 0.6046296296296296 0.221875 0.6185185185185185 0.22447916666666667 0.6537037037037037 0.23020833333333332 0.6453703703703704 0.23333333333333334 0.6268518518518519 0.23333333333333334 0.6064814814814815
0 0.4296875 0.612037037037037 0.43072916666666666 0.6194444444444445 0.4348958333333333 0.6185185185185185 0.43385416666666665 0.6111111111111112 0.4296875 0.612037037037037