0 0.2234375 0.6166666666666667 0.22447916666666667 0.6194444444444445 0.22760416666666666 0.6194444444444445 0.22766354166666666 0.6189851851851852 0.22841354166666666 0.6166990740740741 0.22830625000000002 0.6155564814814816 0.22787760416666666 0.6126990740740741 0.22712812500000001 0.6117462962962963 0.22447916666666667 0.6111111111111112 0.2234375 0.6148148148148148 0.2234375 0.6166666666666667
4 0.525 0.6574074074074074 0.525 0.662962962962963 0.5354166666666667 0.6601851851851852 0.5364583333333334 0.6657407407407407 0.540625 0.6657407407407407 0.5375 0.6138888888888889 0.5338541666666666 0.6148148148148148 0.5317708333333333 0.6222222222222222 0.5291666666666667 0.65 0.525 0.6574074074074074
4 0.42291666666666666 0.6851851851851852 0.4244791666666667 0.6888888888888889 0.4354166666666667 0.6888888888888889 0.43645833333333334 0.6796296296296296 0.43385416666666665 0.6703703703703704 0.4322916666666667 0.6388888888888888 0.42864583333333334 0.6314814814814815 0.42604166666666665 0.6324074074074074 0.425 0.637962962962963 0.42239583333333336 0.6583333333333333 0.42291666666666666 0.6851851851851852
4 0.5963541666666666 0.7157407407407408 0.5989583333333334 0.7111111111111111 0.5979166666666667 0.6694444444444444 0.5953125 0.6611111111111111 0.5916666666666667 0.6583333333333333 0.5890625 0.6611111111111111 0.5859375 0.712037037037037 0.5963541666666666 0.7157407407407408
5 0.9083333333333333 0.775 0.9203125 0.7777777777777778 0.921875 0.7759259259259259 0.9234375 0.7314814814814815 0.9197916666666667 0.7111111111111111 0.915625 0.7111111111111111 0.9135416666666667 0.7194444444444444 0.9119791666666667 0.7611111111111111 0.9083333333333333 0.775
1 0.1390625 0.6333333333333333 0.14635416666666667 0.6277777777777778 0.1453125 0.6083333333333333 0.14947916666666666 0.6027777777777777 0.14270833333333333 0.5787037037037037 0.13802083333333334 0.5851851851851851 0.13697916666666668 0.5925925925925926 0.134375 0.6296296296296297 0.1390625 0.6333333333333333
3 0.5604166666666667 0.6555555555555556 0.5645833333333333 0.65 0.5651041666666666 0.6064814814814815 0.5630208333333333 0.5990740740740741 0.5588541666666667 0.600925925925926 0.5567708333333333 0.6185185185185185 0.55625 0.6370370370370371 0.5604166666666667 0.6555555555555556
5 0.20885416666666667 0.6944444444444444 0.21666666666666667 0.6888888888888889 0.21822916666666667 0.6555555555555556 0.21510416666666668 0.6314814814814815 0.21197916666666666 0.6287037037037037 0.20833333333333334 0.6370370370370371 0.20677083333333332 0.6574074074074074 0.20885416666666667 0.6944444444444444
4 0.23489583333333333 0.6194444444444445 0.2375 0.5796296296296296 0.23229166666666667 0.5666666666666667 0.22604166666666667 0.5953703703703703 0.22395833333333334 0.6175925925925926 0.23489583333333333 0.6194444444444445
5 0.6536458333333334 0.7129629629629629 0.6526041666666667 0.6620370370370371 0.6484375 0.6527777777777778 0.6458333333333334 0.6518518518518519 0.64375 0.6555555555555556 0.6411458333333333 0.7101851851851851 0.6536458333333334 0.7129629629629629
4 0.9114583333333334 0.6796296296296296 0.9109375 0.6935185185185185 0.915625 0.6962962962962963 0.91875 0.6925925925925925 0.9197916666666667 0.6462962962962963 0.9166666666666666 0.6333333333333333 0.9125 0.637962962962963 0.909375 0.6675925925925926 0.9114583333333334 0.6796296296296296
5 0.8802083333333334 0.7037037037037037 0.8869791666666667 0.6972222222222222 0.8890625 0.6620370370370371 0.884375 0.6370370370370371 0.878125 0.637962962962963 0.8760416666666667 0.6462962962962963 0.8755208333333333 0.700925925925926 0.8802083333333334 0.7037037037037037
3 0.8427083333333333 0.6203703703703703 0.8453125 0.5935185185185186 0.8442708333333333 0.575925925925926 0.840625 0.5712962962962963 0.8364583333333333 0.5824074074074074 0.8359375 0.6185185185185185 0.8427083333333333 0.6203703703703703
3 0.9677083333333333 0.9990740740740741 0.965625 0.9824074074074074 0.9661458333333334 0.9435185185185185 0.9583333333333334 0.9194444444444444 0.9526041666666667 0.9194444444444444 0.9463541666666667 0.9388888888888889 0.9411458333333333 0.975925925925926 0.9322916666666666 0.9935185185185185 0.9317708333333333 0.9990740740740741 0.9677083333333333 0.9990740740740741
5 0.446875 0.6287037037037037 0.4453125 0.5935185185185186 0.4427083333333333 0.5833333333333334 0.4395833333333333 0.5805555555555556 0.43802083333333336 0.5833333333333334 0.43697916666666664 0.6259259259259259 0.446875 0.6287037037037037
5 0.5869791666666667 0.6620370370370371 0.5880208333333333 0.6296296296296297 0.5854166666666667 0.6074074074074074 0.5807291666666666 0.6083333333333333 0.5786458333333333 0.6240740740740741 0.578125 0.6611111111111111 0.5869791666666667 0.6620370370370371
4 0.8744791666666667 0.6462962962962963 0.8796875 0.6342592592592593 0.8807291666666667 0.6092592592592593 0.8729166666666667 0.5944444444444444 0.8692708333333333 0.6 0.86875 0.6425925925925926 0.8744791666666667 0.6462962962962963
4 0.4703125 0.6148148148148148 0.47291666666666665 0.5712962962962963 0.4666666666666667 0.5675925925925925 0.4635416666666667 0.5824074074074074 0.4609375 0.6111111111111112 0.4703125 0.6148148148148148
4 0.03697916666666667 0.6953703703703704 0.042708333333333334 0.6898148148148148 0.042708333333333334 0.6314814814814815 0.03854166666666667 0.6314814814814815 0.034375 0.6453703703703704 0.034375 0.6898148148148148 0.03697916666666667 0.6953703703703704
4 0.85 0.8361111111111111 0.8515625 0.8333333333333334 0.8536458333333333 0.7851851851851852 0.853125 0.7657407407407407 0.8484375 0.7509259259259259 0.8447916666666667 0.7509259259259259 0.8411458333333334 0.7638888888888888 0.8395833333333333 0.7925925925925926 0.8390625 0.8333333333333334 0.85 0.8361111111111111
4 0.23385416666666667 0.8064814814814815 0.24010416666666667 0.812037037037037 0.24375 0.8083333333333333 0.24479166666666666 0.8018518518518518 0.24427083333333333 0.7824074074074074 0.24791666666666667 0.762962962962963 0.24739583333333334 0.75 0.24010416666666667 0.7277777777777777 0.23645833333333333 0.7314814814814815 0.23229166666666667 0.7444444444444445 0.23020833333333332 0.7722222222222223 0.23385416666666667 0.8064814814814815
3 0.2984375 0.5925925925925926 0.3020833333333333 0.5925925925925926 0.3046875 0.5842592592592593 0.3046875 0.5638888888888889 0.3026041666666667 0.5537037037037037 0.2984375 0.5537037037037037 0.29583333333333334 0.5611111111111111 0.2953125 0.587037037037037 0.2984375 0.5925925925925926
5 0.3723958333333333 0.7314814814814815 0.3770833333333333 0.712037037037037 0.3765625 0.6703703703703704 0.3723958333333333 0.6694444444444444 0.3692708333333333 0.6824074074074075 0.36666666666666664 0.7277777777777777 0.3723958333333333 0.7314814814814815
5 0.384375 0.6509259259259259 0.39375 0.6546296296296297 0.3953125 0.6518518518518519 0.39479166666666665 0.6194444444444445 0.3921875 0.6064814814814815 0.3890625 0.6018518518518519 0.3859375 0.6074074074074074 0.3854166666666667 0.6203703703703703 0.38645833333333335 0.6365740740740741 0.384375 0.6509259259259259