5 0.7635416666666667 0.6546296296296297 0.765625 0.6157407407407407 0.7619791666666667 0.6046296296296296 0.7588541666666667 0.6037037037037037 0.7546875 0.625 0.7526041666666666 0.6537037037037037 0.7635416666666667 0.6546296296296297
3 0.3734375 0.7712962962962963 0.3765625 0.7092592592592593 0.36875 0.6944444444444444 0.36302083333333335 0.7111111111111111 0.3645833333333333 0.7685185185185185 0.3734375 0.7712962962962963
4 0.18177083333333333 0.7916666666666666 0.18541666666666667 0.8037037037037037 0.1890625 0.8037037037037037 0.1921875 0.7648148148148148 0.19010416666666666 0.7407407407407407 0.18541666666666667 0.7268518518518519 0.18125 0.7277777777777777 0.1796875 0.737037037037037 0.17708333333333334 0.7398148148148148 0.17552083333333332 0.7555555555555555 0.18177083333333333 0.7916666666666666
4 0.603125 0.8083333333333333 0.6088541666666667 0.8027777777777778 0.6166666666666667 0.8064814814814815 0.61875 0.8009259259259259 0.6140625 0.7824074074074074 0.6125 0.7462962962962963 0.6083333333333333 0.7277777777777777 0.6041666666666666 0.7268518518518519 0.5994791666666667 0.7398148148148148 0.6 0.8055555555555556 0.603125 0.8083333333333333
5 0.19895833333333332 0.887962962962963 0.19947916666666668 0.9212962962962963 0.20364583333333333 0.9222222222222223 0.2046875 0.9074074074074074 0.2109375 0.9009259259259259 0.21354166666666666 0.9194444444444444 0.21927083333333333 0.9194444444444444 0.2140625 0.8898148148148148 0.21510416666666668 0.8712962962962963 0.2046875 0.8333333333333334 0.19947916666666668 0.8351851851851851 0.19427083333333334 0.8601851851851852 0.1953125 0.8805555555555555 0.19895833333333332 0.887962962962963
4 0.6026041666666667 0.7222222222222222 0.6067708333333334 0.7222222222222222 0.6098958333333333 0.6814814814814815 0.6078125 0.6574074074074074 0.603125 0.6546296296296297 0.5979166666666667 0.6685185185185185 0.6005208333333333 0.7166666666666667 0.6026041666666667 0.7222222222222222
5 0.78125 0.8648148148148148 0.7838541666666666 0.8666666666666667 0.7901041666666667 0.8611111111111112 0.7963541666666667 0.8648148148148148 0.7984375 0.8611111111111112 0.7947916666666667 0.8481481481481481 0.7942708333333334 0.8222222222222222 0.7989583333333333 0.8101851851851852 0.790625 0.7851851851851852 0.7864583333333334 0.787962962962963 0.7817708333333333 0.8046296296296296 0.784375 0.8435185185185186 0.78125 0.8648148148148148
5 0.37395833333333334 0.6574074074074074 0.3770833333333333 0.6611111111111111 0.3807291666666667 0.6583333333333333 0.3828125 0.6453703703703704 0.38125 0.6083333333333333 0.3765625 0.6083333333333333 0.37447916666666664 0.6185185185185185 0.37552083333333336 0.6416666666666667 0.37395833333333334 0.6574074074074074
2 0.865625 0.6962962962962963 0.8796875 0.6981481481481482 0.8770833333333333 0.6462962962962963 0.8729166666666667 0.6361111111111111 0.8692708333333333 0.637962962962963 0.86875 0.6425925925925926 0.8697916666666666 0.6611111111111111 0.865625 0.6962962962962963
4 0.45364583333333336 0.6425925925925926 0.46822916666666664 0.6425925925925926 0.4630208333333333 0.6046296296296296 0.4588541666666667 0.5944444444444444 0.4552083333333333 0.6092592592592593 0.45729166666666665 0.6305555555555555 0.45364583333333336 0.6425925925925926
5 0.2713541666666667 0.6157407407407407 0.27447916666666666 0.6074074074074074 0.2734375 0.5981481481481481 0.2765625 0.5879629629629629 0.2755208333333333 0.5768518518518518 0.2703125 0.5731481481481482 0.26614583333333336 0.5814814814814815 0.2671875 0.6111111111111112 0.2713541666666667 0.6157407407407407
4 0.3302083333333333 0.7055555555555556 0.3307291666666667 0.7148148148148148 0.33489583333333334 0.7194444444444444 0.3375 0.7157407407407408 0.3390625 0.7055555555555556 0.3375 0.6611111111111111 0.3338541666666667 0.649074074074074 0.3255208333333333 0.6564814814814814 0.3265625 0.6953703703703704 0.3302083333333333 0.7055555555555556
4 0.21666666666666667 0.6398148148148148 0.22135416666666666 0.6425925925925926 0.22552083333333334 0.637962962962963 0.22604166666666667 0.6175925925925926 0.221875 0.6037037037037037 0.21666666666666667 0.6074074074074074 0.21458333333333332 0.6277777777777778 0.21666666666666667 0.6398148148148148
5 0.9901041666666667 0.7574074074074074 0.9901041666666667 0.7787037037037037 0.9947916666666666 0.7824074074074074 0.9994791666666667 0.7796296296296297 0.9994791666666667 0.7287037037037037 0.99375 0.7074074074074074 0.9901041666666667 0.7064814814814815 0.9880208333333333 0.712037037037037 0.9875 0.7462962962962963 0.9901041666666667 0.7574074074074074
4 0.21875 0.7287037037037037 0.2203125 0.7314814814814815 0.2234375 0.7240740740740741 0.23229166666666667 0.7314814814814815 0.23072916666666668 0.6962962962962963 0.2359375 0.6925925925925925 0.23385416666666667 0.6907407407407408 0.22916666666666666 0.6666666666666666 0.2234375 0.6657407407407407 0.21614583333333334 0.6888888888888889 0.21302083333333333 0.7129629629629629 0.21875 0.7287037037037037
5 0.49947916666666664 0.7111111111111111 0.5026041666666666 0.712037037037037 0.50625 0.7083333333333334 0.5046875 0.6611111111111111 0.503125 0.6537037037037037 0.5 0.6518518518518519 0.4953125 0.6620370370370371 0.4973958333333333 0.7055555555555556 0.49947916666666664 0.7111111111111111
3 0.2994791666666667 0.6027777777777777 0.3026041666666667 0.6055555555555555 0.3067708333333333 0.5657407407407408 0.3026041666666667 0.5564814814814815 0.29791666666666666 0.5592592592592592 0.29739583333333336 0.5833333333333334 0.2994791666666667 0.6027777777777777
3 0.203125 0.5953703703703703 0.20416666666666666 0.6064814814814815 0.2078125 0.6064814814814815 0.21197916666666666 0.600925925925926 0.21666666666666667 0.6064814814814815 0.21770833333333334 0.5638888888888889 0.215625 0.562962962962963 0.20520833333333333 0.575925925925926 0.2046875 0.5935185185185186 0.203125 0.5953703703703703
4 0.4817708333333333 0.7092592592592593 0.4859375 0.7083333333333334 0.4869791666666667 0.6611111111111111 0.48541666666666666 0.6518518518518519 0.4822916666666667 0.6481481481481481 0.4786458333333333 0.6611111111111111 0.4791666666666667 0.7055555555555556 0.4817708333333333 0.7092592592592593
0 0.8505208333333333 0.6935185185185185 0.8489583333333334 0.687962962962963 0.84375 0.687962962962963 0.8447916666666667 0.6962962962962963 0.8505208333333333 0.6935185185185185
4 0.22447916666666667 0.6731481481481482 0.23177083333333334 0.6722222222222223 0.2328125 0.6574074074074074 0.2296875 0.6361111111111111 0.228125 0.6333333333333333 0.225 0.6351851851851852 0.22239583333333332 0.6462962962962963 0.221875 0.6583333333333333 0.22447916666666667 0.6731481481481482
5 0.225 0.6416666666666667 0.22864583333333333 0.6361111111111111 0.22760416666666666 0.6240740740740741 0.22916666666666666 0.6185185185185185 0.2265625 0.6074074074074074 0.221875 0.6055555555555555 0.21770833333333334 0.612037037037037 0.21927083333333333 0.6407407407407407 0.225 0.6416666666666667
4 0.3307291666666667 0.6509259259259259 0.3338541666666667 0.6546296296296297 0.3375 0.6527777777777778 0.3390625 0.6481481481481481 0.33645833333333336 0.6333333333333333 0.3338541666666667 0.6296296296296297 0.3307291666666667 0.6333333333333333 0.32916666666666666 0.6398148148148148 0.3307291666666667 0.6509259259259259
5 0.3223958333333333 0.6694444444444444 0.3260416666666667 0.6972222222222222 0.3296875 0.7 0.3328125 0.6583333333333333 0.33229166666666665 0.6370370370370371 0.32864583333333336 0.6351851851851852 0.3255208333333333 0.637962962962963 0.321875 0.6527777777777778 0.3223958333333333 0.6694444444444444
5 0.21666666666666667 0.700925925925926 0.22083333333333333 0.6601851851851852 0.21666666666666667 0.6518518518518519 0.21197916666666666 0.6518518518518519 0.20989583333333334 0.6574074074074074 0.20989583333333334 0.6833333333333333 0.21666666666666667 0.700925925925926