4 0.2557291666666667 0.812962962962963 0.25833333333333336 0.8101851851851852 0.259375 0.7916666666666666 0.265625 0.7657407407407407 0.2682291666666667 0.762962962962963 0.2671875 0.7425925925925926 0.259375 0.7185185185185186 0.2552083333333333 0.7212962962962963 0.24791666666666667 0.7444444444444445 0.246875 0.7638888888888888 0.25104166666666666 0.7768518518518519 0.25052083333333336 0.8046296296296296 0.2557291666666667 0.812962962962963
5 0.9104166666666667 0.7398148148148148 0.909375 0.7194444444444444 0.9125 0.6898148148148148 0.909375 0.6722222222222223 0.9078125 0.6694444444444444 0.9036458333333334 0.674074074074074 0.9020833333333333 0.7064814814814815 0.8963541666666667 0.7379629629629629 0.9078125 0.7416666666666667 0.9104166666666667 0.7398148148148148
5 0.49947916666666664 0.737037037037037 0.5020833333333333 0.7416666666666667 0.5078125 0.7379629629629629 0.5098958333333333 0.6759259259259259 0.5057291666666667 0.6583333333333333 0.5010416666666667 0.6574074074074074 0.5 0.662962962962963 0.49947916666666664 0.6805555555555556 0.49583333333333335 0.6981481481481482 0.5005208333333333 0.7333333333333333 0.49947916666666664 0.737037037037037
4 0.8375 0.8037037037037037 0.8401041666666667 0.7722222222222223 0.8463541666666666 0.737037037037037 0.8432291666666667 0.7157407407407408 0.8380208333333333 0.7138888888888889 0.8291666666666667 0.7287037037037037 0.8276041666666667 0.7361111111111112 0.8286458333333333 0.7712962962962963 0.8244791666666667 0.7944444444444444 0.8286458333333333 0.8027777777777778 0.8375 0.8037037037037037
4 0.7479166666666667 0.6805555555555556 0.7505208333333333 0.675 0.7526041666666666 0.6546296296296297 0.753125 0.6268518518518519 0.7484375 0.6138888888888889 0.7453125 0.6148148148148148 0.7401041666666667 0.6416666666666667 0.7401041666666667 0.6620370370370371 0.7442708333333333 0.6777777777777778 0.7479166666666667 0.6805555555555556
5 0.309375 0.6175925925925926 0.3140625 0.600925925925926 0.31197916666666664 0.5833333333333334 0.3104166666666667 0.5805555555555556 0.3072916666666667 0.5824074074074074 0.3015625 0.5990740740740741 0.30104166666666665 0.637962962962963 0.3072916666666667 0.6388888888888888 0.309375 0.6342592592592593 0.309375 0.6175925925925926
3 0.6760416666666667 0.6166666666666667 0.6807291666666667 0.6185185185185185 0.6828125 0.5712962962962963 0.6776041666666667 0.5564814814814815 0.6739583333333333 0.5592592592592592 0.6723958333333333 0.575925925925926 0.6744791666666666 0.587037037037037 0.6739583333333333 0.6037037037037037 0.6760416666666667 0.6166666666666667
4 0.084375 0.6611111111111111 0.0875 0.674074074074074 0.09114583333333333 0.6666666666666666 0.08697916666666666 0.65 0.0859375 0.6064814814814815 0.08125 0.6074074074074074 0.07604166666666666 0.6212962962962963 0.06822916666666666 0.6731481481481482 0.07291666666666667 0.674074074074074 0.07916666666666666 0.6564814814814814 0.084375 0.6611111111111111
4 0.2677083333333333 0.6 0.26927083333333335 0.5953703703703703 0.2630208333333333 0.5444444444444444 0.259375 0.5425925925925926 0.2557291666666667 0.5546296296296296 0.25364583333333335 0.5972222222222222 0.25677083333333334 0.6 0.2609375 0.5953703703703703 0.2677083333333333 0.6
4 0.6067708333333334 0.5055555555555555 0.6 0.5185185185185185 0.5994791666666667 0.5537037037037037 0.6109375 0.5527777777777778 0.6114583333333333 0.5138888888888888 0.6067708333333334 0.5055555555555555
5 0.5859375 0.5398148148148149 0.5796875 0.5296296296296297 0.5755208333333334 0.5287037037037037 0.575 0.5712962962962963 0.5796875 0.575 0.5817708333333333 0.5712962962962963 0.5859375 0.5398148148148149
5 0.5984375 0.6148148148148148 0.5958333333333333 0.6018518518518519 0.5921875 0.6037037037037037 0.590625 0.6092592592592593 0.590625 0.6620370370370371 0.5953125 0.6648148148148149 0.5984375 0.637962962962963 0.5984375 0.6148148148148148
4 0.8473958333333333 0.55 0.8463541666666666 0.5361111111111111 0.8489583333333334 0.525 0.8421875 0.512962962962963 0.8380208333333333 0.5212962962962963 0.8390625 0.5546296296296296 0.8416666666666667 0.5601851851851852 0.8458333333333333 0.5601851851851852 0.8473958333333333 0.55
4 0.45364583333333336 0.5796296296296296 0.4505208333333333 0.5675925925925925 0.446875 0.5666666666666667 0.4453125 0.5703703703703704 0.4453125 0.6240740740740741 0.45 0.6268518518518519 0.45364583333333336 0.6231481481481481 0.45364583333333336 0.5796296296296296
5 0.4703125 0.6157407407407407 0.47239583333333335 0.575 0.4666666666666667 0.5601851851851852 0.4630208333333333 0.562037037037037 0.4640625 0.5824074074074074 0.4609375 0.6185185185185185 0.4666666666666667 0.6203703703703703 0.4703125 0.6157407407407407
5 0.42291666666666666 0.5712962962962963 0.4244791666666667 0.5546296296296296 0.4270833333333333 0.5481481481481482 0.4265625 0.5398148148148149 0.4234375 0.5324074074074074 0.4166666666666667 0.5398148148148149 0.41510416666666666 0.5712962962962963 0.41458333333333336 0.5879629629629629 0.41822916666666665 0.5916666666666667 0.4234375 0.5898148148148148 0.42291666666666666 0.5712962962962963
0 0.2791666666666667 0.5916666666666667 0.2755208333333333 0.5935185185185186 0.27447916666666666 0.5972222222222222 0.2765625 0.600925925925926 0.28125 0.5972222222222222 0.2791666666666667 0.5916666666666667
5 0.8822916666666667 0.5574074074074075 0.8817708333333333 0.5361111111111111 0.8739583333333333 0.5342592592592592 0.8734375 0.5574074074074075 0.8770833333333333 0.562962962962963 0.8807291666666667 0.562962962962963 0.8822916666666667 0.5574074074074075
3 0.7713541666666667 0.5324074074074074 0.775 0.5212962962962963 0.7755208333333333 0.5083333333333333 0.7713541666666667 0.49722222222222223 0.7645833333333333 0.5083333333333333 0.7661458333333333 0.5444444444444444 0.7682291666666666 0.5462962962962963 0.7713541666666667 0.5444444444444444 0.7713541666666667 0.5324074074074074
5 0.8869791666666667 0.6185185185185185 0.8838541666666667 0.6037037037037037 0.8848958333333333 0.5703703703703704 0.8807291666666667 0.5574074074074075 0.8744791666666667 0.5611111111111111 0.8739583333333333 0.6185185185185185 0.8765625 0.6231481481481481 0.8854166666666666 0.6231481481481481 0.8869791666666667 0.6185185185185185
5 0.846875 0.6342592592592593 0.8447916666666667 0.6240740740740741 0.8380208333333333 0.6101851851851852 0.8348958333333333 0.6185185185185185 0.8333333333333334 0.6537037037037037 0.8333333333333334 0.6768518518518518 0.8458333333333333 0.6722222222222223 0.8442708333333333 0.6518518518518519 0.846875 0.6342592592592593
3 0.33489583333333334 0.49537037037037035 0.33125 0.4824074074074074 0.3265625 0.4787037037037037 0.32395833333333335 0.48148148148148145 0.321875 0.4935185185185185 0.32447916666666665 0.5277777777777778 0.3296875 0.5305555555555556 0.33489583333333334 0.5055555555555555 0.33489583333333334 0.49537037037037035