4 0.1453125 0.850925925925926 0.15208333333333332 0.8583333333333333 0.1484375 0.8777777777777778 0.15364583333333334 0.8814814814814815 0.15625 0.8796296296296297 0.15572916666666667 0.8685185185185185 0.159375 0.8574074074074074 0.1609375 0.8407407407407408 0.15572916666666667 0.8194444444444444 0.1578125 0.8037037037037037 0.15677083333333333 0.7898148148148149 0.15260416666666668 0.7898148148148149 0.14635416666666667 0.8055555555555556 0.13802083333333334 0.8435185185185186 0.1265625 0.8768518518518519 0.1265625 0.8824074074074074 0.13072916666666667 0.8833333333333333 0.1375 0.8629629629629629 0.1453125 0.850925925925926
3 0.7036458333333333 0.6537037037037037 0.7114583333333333 0.6537037037037037 0.7125 0.6657407407407407 0.7161458333333334 0.6657407407407407 0.7151041666666667 0.6537037037037037 0.7171875 0.6351851851851852 0.7223958333333333 0.6148148148148148 0.7192708333333333 0.6 0.7166666666666667 0.5962962962962963 0.7145833333333333 0.5981481481481481 0.7088541666666667 0.6083333333333333 0.7072916666666667 0.6175925925925926 0.7104166666666667 0.6305555555555555 0.7083333333333334 0.6435185185185185 0.7041666666666667 0.6472222222222223 0.7036458333333333 0.6537037037037037
4 0.7239583333333334 0.8 0.7234375 0.8490740740740741 0.725 0.8527777777777777 0.7302083333333333 0.8537037037037037 0.7322916666666667 0.8527777777777777 0.7328125 0.8185185185185185 0.7401041666666667 0.8018518518518518 0.7484375 0.8064814814814815 0.7484375 0.8009259259259259 0.7447916666666666 0.7962962962962963 0.7401041666666667 0.7805555555555556 0.73125 0.7666666666666667 0.7296875 0.7592592592592593 0.7229166666666667 0.7620370370370371 0.7234375 0.7712962962962963 0.7208333333333333 0.7842592592592592 0.7130208333333333 0.799074074074074 0.7239583333333334 0.8
5 0.91875 0.6712962962962963 0.9234375 0.674074074074074 0.9270833333333334 0.6898148148148148 0.9307291666666667 0.6888888888888889 0.9276041666666667 0.6648148148148149 0.9286458333333333 0.637962962962963 0.9260416666666667 0.6259259259259259 0.9234375 0.6222222222222222 0.9208333333333333 0.625 0.9145833333333333 0.6416666666666667 0.9151041666666667 0.6546296296296297 0.9109375 0.6898148148148148 0.9140625 0.6888888888888889 0.91875 0.6712962962962963
5 0.9375 0.7166666666666667 0.946875 0.7268518518518519 0.953125 0.6814814814814815 0.9515625 0.6685185185185185 0.946875 0.6564814814814814 0.9427083333333334 0.6574074074074074 0.9369791666666667 0.6768518518518518 0.9375 0.6944444444444444 0.9307291666666667 0.7203703703703703 0.9348958333333334 0.7222222222222222 0.9375 0.7166666666666667
4 0.8734375 0.6907407407407408 0.884375 0.6907407407407408 0.8822916666666667 0.6657407407407407 0.8880208333333334 0.6574074074074074 0.8869791666666667 0.6342592592592593 0.8796875 0.6194444444444445 0.8765625 0.6212962962962963 0.871875 0.6398148148148148 0.8697916666666666 0.6537037037037037 0.8734375 0.6666666666666666 0.8708333333333333 0.687037037037037 0.8734375 0.6907407407407408
5 0.46770833333333334 0.8379629629629629 0.4744791666666667 0.8138888888888889 0.48072916666666665 0.8037037037037037 0.4864583333333333 0.8101851851851852 0.4859375 0.8342592592592593 0.48854166666666665 0.8379629629629629 0.49375 0.837037037037037 0.49114583333333334 0.8222222222222222 0.49270833333333336 0.7925925925925926 0.4890625 0.7712962962962963 0.47760416666666666 0.7537037037037037 0.47552083333333334 0.7555555555555555 0.4703125 0.7796296296296297 0.4703125 0.8083333333333333 0.4625 0.8324074074074074 0.4625 0.8379629629629629 0.46770833333333334 0.8379629629629629
4 0.8453125 0.5861111111111111 0.8380208333333333 0.5990740740740741 0.8369791666666667 0.6222222222222222 0.8338541666666667 0.6277777777777778 0.8338541666666667 0.637962962962963 0.8458333333333333 0.6416666666666667 0.8484375 0.5972222222222222 0.8453125 0.5861111111111111
5 0.22760416666666666 0.7546296296296297 0.2328125 0.7518518518518519 0.23020833333333332 0.7416666666666667 0.23385416666666667 0.7083333333333334 0.23229166666666667 0.6777777777777778 0.22760416666666666 0.6777777777777778 0.22083333333333333 0.700925925925926 0.22135416666666666 0.7166666666666667 0.215625 0.7342592592592593 0.2125 0.737037037037037 0.21145833333333333 0.7453703703703703 0.21302083333333333 0.75 0.21770833333333334 0.7472222222222222 0.22760416666666666 0.7546296296296297
5 0.8822916666666667 0.6203703703703703 0.8859375 0.5907407407407408 0.8807291666666667 0.5796296296296296 0.8744791666666667 0.5907407407407408 0.875 0.6194444444444445 0.8765625 0.6240740740740741 0.8802083333333334 0.6240740740740741 0.8822916666666667 0.6203703703703703
4 0.11875 0.7138888888888889 0.12083333333333333 0.6768518518518518 0.121875 0.6722222222222223 0.1265625 0.6694444444444444 0.125 0.6435185185185185 0.11875 0.6398148148148148 0.10833333333333334 0.6564814814814814 0.1109375 0.6814814814814815 0.10833333333333334 0.7046296296296296 0.11145833333333334 0.712037037037037 0.11875 0.7138888888888889
4 0.1234375 0.6416666666666667 0.13125 0.6453703703703704 0.13333333333333333 0.6435185185185185 0.13541666666666666 0.6240740740740741 0.13489583333333333 0.5851851851851851 0.13072916666666667 0.5851851851851851 0.12552083333333333 0.6 0.125 0.6203703703703703 0.11875 0.6268518518518519 0.11822916666666666 0.6342592592592593 0.1234375 0.6416666666666667
4 0.5541666666666667 0.662962962962963 0.5567708333333333 0.6240740740740741 0.5526041666666667 0.612037037037037 0.5484375 0.6101851851851852 0.5427083333333333 0.6268518518518519 0.5427083333333333 0.6675925925925926 0.5447916666666667 0.675 0.5520833333333334 0.6694444444444444 0.5541666666666667 0.662962962962963
4 0.7864583333333334 0.5592592592592592 0.7911458333333333 0.524074074074074 0.7875 0.5120370370370371 0.78125 0.5175925925925926 0.7791666666666667 0.525 0.7791666666666667 0.537962962962963 0.7828125 0.5592592592592592 0.7864583333333334 0.5592592592592592
5 0.6734375 0.5944444444444444 0.6697916666666667 0.5842592592592593 0.6625 0.5972222222222222 0.6619791666666667 0.6416666666666667 0.6713541666666667 0.6370370370370371 0.6744791666666666 0.6074074074074074 0.6734375 0.5944444444444444
5 0.8630208333333333 0.8324074074074074 0.8640625 0.8231481481481482 0.8572916666666667 0.812962962962963 0.8541666666666666 0.7898148148148149 0.8494791666666667 0.775 0.8421875 0.7592592592592593 0.8375 0.7601851851851852 0.8390625 0.7907407407407407 0.8453125 0.812962962962963 0.85625 0.8305555555555556 0.8630208333333333 0.8324074074074074
0 0.4203125 0.7805555555555556 0.4140625 0.7796296296296297 0.41302083333333334 0.7870370370370371 0.415625 0.7935185185185185 0.421875 0.7907407407407407 0.4203125 0.7805555555555556
4 0.4864583333333333 0.5277777777777778 0.4822916666666667 0.5157407407407407 0.47760416666666666 0.524074074074074 0.478125 0.5638888888888889 0.4828125 0.5657407407407408 0.4869791666666667 0.5416666666666666 0.4864583333333333 0.5277777777777778
3 0.6885416666666667 0.5074074074074074 0.6848958333333334 0.49907407407407406 0.6817708333333333 0.5 0.6786458333333333 0.5074074074074074 0.6796875 0.5407407407407407 0.68125 0.5444444444444444 0.6859375 0.5453703703703704 0.6885416666666667 0.5074074074074074
5 0.6739583333333333 0.687962962962963 0.6765625 0.7046296296296296 0.68125 0.7055555555555556 0.6776041666666667 0.6481481481481481 0.6697916666666667 0.6324074074074074 0.6640625 0.6388888888888888 0.6635416666666667 0.700925925925926 0.6666666666666666 0.7018518518518518 0.6692708333333334 0.687962962962963 0.6739583333333333 0.687962962962963
4 0.40989583333333335 0.7824074074074074 0.4114583333333333 0.7361111111111112 0.4078125 0.7074074074074074 0.4036458333333333 0.7074074074074074 0.3963541666666667 0.7212962962962963 0.39479166666666665 0.7490740740740741 0.3921875 0.7592592592592593 0.3921875 0.7805555555555556 0.4010416666666667 0.7768518518518519 0.4078125 0.7842592592592592 0.40989583333333335 0.7824074074074074
3 0.28802083333333334 0.49722222222222223 0.28541666666666665 0.49166666666666664 0.28125 0.49074074074074076 0.27447916666666666 0.5009259259259259 0.275 0.5333333333333333 0.2796875 0.5342592592592592 0.2828125 0.5296296296296297 0.28802083333333334 0.49722222222222223
5 0.5807291666666666 0.6 0.5822916666666667 0.575925925925926 0.5796875 0.5657407407407408 0.5755208333333334 0.5638888888888889 0.5703125 0.5796296296296296 0.5692708333333333 0.6148148148148148 0.5713541666666667 0.6194444444444445 0.5755208333333334 0.6194444444444445 0.5807291666666666 0.6