4 0.6130208333333333 0.7935185185185185 0.6072916666666667 0.7638888888888888 0.603125 0.7648148148148148 0.5979166666666667 0.7814814814814814 0.6010416666666667 0.8518518518518519 0.6135416666666667 0.8518518518518519 0.6151041666666667 0.8453703703703703 0.6130208333333333 0.7935185185185185
5 0.12604166666666666 0.8851851851851852 0.14010416666666667 0.887962962962963 0.13854166666666667 0.8490740740740741 0.14479166666666668 0.837037037037037 0.13802083333333334 0.8018518518518518 0.13333333333333333 0.8018518518518518 0.12291666666666666 0.8398148148148148 0.12291666666666666 0.8481481481481481 0.125 0.8462962962962963 0.12864583333333332 0.8574074074074074 0.12604166666666666 0.8851851851851852
3 0.95625 0.9990740740740741 0.9630208333333333 0.9814814814814815 0.9682291666666667 0.9814814814814815 0.9734375 0.9990740740740741 0.9786458333333333 0.9990740740740741 0.975 0.9740740740740741 0.975 0.937962962962963 0.965625 0.9157407407407407 0.9604166666666667 0.9157407407407407 0.9541666666666667 0.9388888888888889 0.9510416666666667 0.9703703703703703 0.9411458333333333 0.9861111111111112 0.940625 0.9935185185185185 0.9427083333333334 0.9990740740740741 0.946875 0.9935185185185185 0.95625 0.9990740740740741
4 0.0953125 0.8333333333333334 0.09791666666666667 0.8175925925925925 0.09791666666666667 0.7898148148148149 0.10208333333333333 0.7712962962962963 0.09583333333333334 0.75 0.09322916666666667 0.7481481481481481 0.08958333333333333 0.7509259259259259 0.08489583333333334 0.7638888888888888 0.08385416666666666 0.7759259259259259 0.0890625 0.8268518518518518 0.09166666666666666 0.8333333333333334 0.0953125 0.8333333333333334
4 0.4166666666666667 0.6787037037037037 0.4197916666666667 0.6694444444444444 0.4161458333333333 0.6564814814814814 0.41354166666666664 0.6555555555555556 0.40572916666666664 0.6712962962962963 0.40520833333333334 0.7129629629629629 0.4119791666666667 0.7166666666666667 0.41510416666666666 0.7101851851851851 0.4166666666666667 0.6787037037037037
5 0.8536458333333333 0.85 0.8557291666666667 0.8453703703703703 0.8552083333333333 0.8212962962962963 0.8588541666666667 0.7916666666666666 0.8526041666666667 0.7722222222222223 0.8484375 0.7722222222222223 0.84375 0.7861111111111111 0.8432291666666667 0.7972222222222223 0.8458333333333333 0.8064814814814815 0.8494791666666667 0.8472222222222222 0.8536458333333333 0.85
4 0.6807291666666667 0.6907407407407408 0.6770833333333334 0.6787037037037037 0.6729166666666667 0.6759259259259259 0.6666666666666666 0.6916666666666667 0.6729166666666667 0.7435185185185185 0.6776041666666667 0.7490740740740741 0.6791666666666667 0.7453703703703703 0.6807291666666667 0.6907407407407408
4 0.5671875 0.7620370370370371 0.5651041666666666 0.7296296296296296 0.5661458333333333 0.7185185185185186 0.5604166666666667 0.7027777777777777 0.5552083333333333 0.7037037037037037 0.5520833333333334 0.7166666666666667 0.5536458333333333 0.7472222222222222 0.5651041666666666 0.7694444444444445 0.5671875 0.7620370370370371
4 0.23802083333333332 0.6416666666666667 0.2359375 0.6268518518518519 0.23229166666666667 0.6268518518518519 0.228125 0.6537037037037037 0.22708333333333333 0.6851851851851852 0.23697916666666666 0.687962962962963 0.23854166666666668 0.6861111111111111 0.23802083333333332 0.6416666666666667
5 0.740625 0.6268518518518519 0.7359375 0.612037037037037 0.7317708333333334 0.6175925925925926 0.7291666666666666 0.6620370370370371 0.7364583333333333 0.6657407407407407 0.7395833333333334 0.6611111111111111 0.740625 0.6268518518518519
4 0.54375 0.6537037037037037 0.5416666666666666 0.649074074074074 0.534375 0.6574074074074074 0.5322916666666667 0.6685185185185185 0.5302083333333333 0.6916666666666667 0.534375 0.6972222222222222 0.5421875 0.6851851851851852 0.54375 0.6537037037037037
5 0.465625 0.7064814814814815 0.4703125 0.7046296296296296 0.47291666666666665 0.6675925925925926 0.47239583333333335 0.6453703703703704 0.46927083333333336 0.6435185185185185 0.4666666666666667 0.6462962962962963 0.4630208333333333 0.6592592592592592 0.46458333333333335 0.6805555555555556 0.4630208333333333 0.7046296296296296 0.465625 0.7064814814814815
3 0.4552083333333333 0.7361111111111112 0.4578125 0.700925925925926 0.4515625 0.687037037037037 0.44895833333333335 0.687037037037037 0.4421875 0.7046296296296296 0.44114583333333335 0.7175925925925926 0.44583333333333336 0.7574074074074074 0.4583333333333333 0.7601851851851852 0.4552083333333333 0.7361111111111112
4 0.4197916666666667 0.5953703703703703 0.415625 0.6064814814814815 0.4125 0.6398148148148148 0.4239583333333333 0.6453703703703704 0.4239583333333333 0.5981481481481481 0.4197916666666667 0.5953703703703703
4 0.2890625 0.6129629629629629 0.2859375 0.6111111111111112 0.28125 0.6240740740740741 0.27708333333333335 0.6546296296296297 0.28541666666666665 0.6620370370370371 0.28958333333333336 0.6509259259259259 0.2890625 0.6129629629629629
3 0.6380208333333334 0.5712962962962963 0.6348958333333333 0.5592592592592592 0.6291666666666667 0.562037037037037 0.6276041666666666 0.6101851851851852 0.63125 0.6138888888888889 0.6369791666666667 0.5907407407407408 0.6380208333333334 0.5712962962962963
5 0.5854166666666667 0.7481481481481481 0.5875 0.7453703703703703 0.5927083333333333 0.7472222222222222 0.5942708333333333 0.7435185185185185 0.5895833333333333 0.7287037037037037 0.5875 0.7037037037037037 0.5838541666666667 0.6935185185185185 0.5791666666666667 0.6962962962962963 0.5786458333333333 0.7583333333333333 0.5796875 0.7620370370370371 0.5838541666666667 0.7620370370370371 0.5854166666666667 0.7481481481481481
5 0.8567708333333334 0.712037037037037 0.85625 0.6925925925925925 0.853125 0.6796296296296296 0.8416666666666667 0.6962962962962963 0.8411458333333334 0.7111111111111111 0.840625 0.7398148148148148 0.8453125 0.7407407407407407 0.8505208333333333 0.7175925925925926 0.8567708333333334 0.712037037037037
4 0.17604166666666668 0.725 0.17916666666666667 0.712037037037037 0.18020833333333333 0.687037037037037 0.17760416666666667 0.6620370370370371 0.1734375 0.6620370370370371 0.1671875 0.6768518518518518 0.16666666666666666 0.6851851851851852 0.171875 0.7212962962962963 0.1734375 0.725925925925926 0.17604166666666668 0.725
5 0.2 0.725 0.203125 0.6935185185185185 0.20208333333333334 0.6722222222222223 0.1984375 0.6601851851851852 0.19479166666666667 0.6620370370370371 0.18958333333333333 0.6805555555555556 0.19166666666666668 0.7027777777777777 0.19114583333333332 0.7277777777777777 0.19739583333333333 0.7305555555555555 0.2 0.725
0 0.8359375 0.7166666666666667 0.8338541666666667 0.7129629629629629 0.8276041666666667 0.712037037037037 0.8270833333333333 0.7222222222222222 0.8296875 0.7268518518518519 0.8333333333333334 0.725925925925926 0.8359375 0.7166666666666667
5 0.2989583333333333 0.6768518518518518 0.30364583333333334 0.6787037037037037 0.30625 0.6768518518518518 0.30833333333333335 0.6481481481481481 0.3072916666666667 0.6259259259259259 0.3026041666666667 0.625 0.296875 0.6361111111111111 0.29635416666666664 0.6444444444444445 0.2994791666666667 0.6592592592592592 0.29739583333333336 0.6712962962962963 0.2989583333333333 0.6768518518518518
3 0.3463541666666667 0.5657407407407408 0.3416666666666667 0.5722222222222222 0.3411458333333333 0.6027777777777777 0.3494791666666667 0.6037037037037037 0.35104166666666664 0.575 0.3463541666666667 0.5657407407407408