4 0.8411458333333334 0.812962962962963 0.8401041666666667 0.8379629629629629 0.8494791666666667 0.8388888888888889 0.8515625 0.8342592592592593 0.8526041666666667 0.7870370370370371 0.8520833333333333 0.7703703703703704 0.8473958333333333 0.7555555555555555 0.8432291666666667 0.7592592592592593 0.8390625 0.7907407407407407 0.8385416666666666 0.8018518518518518 0.8411458333333334 0.812962962962963
4 0.5989583333333334 0.7222222222222222 0.6010416666666667 0.6907407407407408 0.5984375 0.6611111111111111 0.5942708333333333 0.6592592592592592 0.5927083333333333 0.6620370370370371 0.5911458333333334 0.6768518518518518 0.5890625 0.7185185185185186 0.5989583333333334 0.7222222222222222
1 0.13072916666666667 0.6342592592592593 0.134375 0.6296296296296297 0.13645833333333332 0.6175925925925926 0.1359375 0.5814814814814815 0.134375 0.5787037037037037 0.13125 0.5805555555555556 0.12864583333333332 0.5898148148148148 0.12760416666666666 0.6296296296296297 0.13072916666666667 0.6342592592592593
4 0.5473958333333333 0.6638888888888889 0.5489583333333333 0.6657407407407407 0.5520833333333334 0.6620370370370371 0.5609375 0.6675925925925926 0.5614583333333333 0.637962962962963 0.5588541666666667 0.6166666666666667 0.55625 0.6148148148148148 0.5526041666666667 0.6240740740740741 0.5520833333333334 0.6438268518518518 0.5473958333333333 0.6638888888888889
5 0.37604166666666666 0.7287037037037037 0.3770833333333333 0.7314814814814815 0.3875 0.7324074074074074 0.3880208333333333 0.7064814814814815 0.3921875 0.6990740740740741 0.38645833333333335 0.6712962962962963 0.3828125 0.6703703703703704 0.3765625 0.687962962962963 0.378125 0.7055555555555556 0.37604166666666666 0.7287037037037037
4 0.225 0.799074074074074 0.22552083333333334 0.8138888888888889 0.228125 0.8194444444444444 0.23177083333333334 0.8194444444444444 0.23385416666666667 0.8148148148148148 0.23385416666666667 0.7851851851851852 0.23802083333333332 0.7722222222222223 0.23802083333333332 0.7620370370370371 0.23020833333333332 0.7361111111111112 0.22708333333333333 0.7361111111111112 0.221875 0.75 0.21927083333333333 0.7685185185185185 0.21875 0.7768518518518519 0.225 0.799074074074074
4 0.49166666666666664 0.5907407407407408 0.4890625 0.6129629629629629 0.49322916666666666 0.6111111111111112 0.5010416666666667 0.6148148148148148 0.49947916666666664 0.5787037037037037 0.496875 0.5694444444444444 0.49270833333333336 0.5675925925925925 0.4890625 0.5768518518518518 0.48854166666666665 0.5833333333333334 0.49166666666666664 0.5907407407407408
5 0.59375 0.6574074074074074 0.5963541666666666 0.6601851851851852 0.5984375 0.6574074074074074 0.6026041666666667 0.6296296296296297 0.5979166666666667 0.6101851851851852 0.5953125 0.6074074074074074 0.5932291666666667 0.6101851851851852 0.5916666666666667 0.6305555555555555 0.59375 0.6574074074074074
5 0.8640625 0.6611111111111111 0.86875 0.6638888888888889 0.8697916666666666 0.6694444444444444 0.8677083333333333 0.6953703703703704 0.86875 0.7046296296296296 0.8802083333333334 0.6972222222222222 0.8807291666666667 0.6416666666666667 0.8765625 0.6361111111111111 0.8713541666666667 0.6453703703703704 0.8692708333333333 0.6546296296296297 0.8640625 0.6611111111111111
5 0.4473958333333333 0.6305555555555555 0.45 0.6268518518518519 0.45 0.5990740740740741 0.446875 0.5833333333333334 0.4427083333333333 0.5824074074074074 0.4432291666666667 0.6259259259259259 0.4473958333333333 0.6305555555555555
4 0.028125 0.6944444444444444 0.03125 0.6944444444444444 0.034895833333333334 0.6907407407407408 0.034895833333333334 0.6324074074074074 0.030729166666666665 0.6324074074074074 0.027604166666666666 0.6435185185185185 0.027083333333333334 0.6907407407407408 0.028125 0.6944444444444444
5 0.2078125 0.6657407407407407 0.20572916666666666 0.6861111111111111 0.20833333333333334 0.6925925925925925 0.2125 0.6916666666666667 0.21510416666666668 0.6851851851851852 0.2140625 0.6722222222222223 0.21822916666666667 0.6388888888888888 0.225 0.6333333333333333 0.21666666666666667 0.6342592592592593 0.21302083333333333 0.6277777777777778 0.20885416666666667 0.6287037037037037 0.2046875 0.6481481481481481 0.20416666666666666 0.6546296296296297 0.2078125 0.6657407407407407
3 0.828125 0.6175925925925926 0.8338541666666667 0.6203703703703703 0.8364583333333333 0.5833333333333334 0.8348958333333333 0.575 0.8296875 0.5694444444444444 0.8270833333333333 0.5796296296296296 0.8260416666666667 0.5962962962962963 0.828125 0.6175925925925926
3 0.9447916666666667 0.9962962962962963 0.9484375 0.9990740740740741 0.95 0.9888888888888889 0.9528645833333333 0.9888888888888889 0.9588541666666667 0.9990740740740741 0.9640625 0.9990740740740741 0.9666666666666667 0.9444444444444444 0.9583333333333334 0.9157407407407407 0.9541666666666667 0.9148148148148149 0.9510416666666667 0.9268518518518518 0.9463541666666667 0.9342592592592592 0.940625 0.9638888888888889 0.940625 0.9740740740740741 0.9333333333333333 0.9907407407407407 0.9322916666666666 0.9990740740740741 0.9447916666666667 0.9962962962962963
4 0.8817708333333333 0.6370370370370371 0.8890625 0.6194444444444445 0.8880208333333334 0.5953703703703703 0.8833333333333333 0.5935185185185186 0.878125 0.6074074074074074 0.8776041666666666 0.6305555555555555 0.8817708333333333 0.6370370370370371
4 0.22604166666666667 0.6185185185185185 0.22916666666666666 0.5861111111111111 0.228125 0.5740740740740741 0.22395833333333334 0.5722222222222222 0.21770833333333334 0.6027777777777777 0.21666666666666667 0.6157407407407407 0.22604166666666667 0.6185185185185185
5 0.3572916666666667 0.65 0.37135416666666665 0.6527777777777778 0.3671875 0.6046296296296296 0.36354166666666665 0.600925925925926 0.3609375 0.6055555555555555 0.359375 0.6407407407407407 0.3572916666666667 0.65
5 0.6505208333333333 0.7166666666666667 0.6536458333333334 0.7111111111111111 0.653125 0.6944444444444444 0.65625 0.6694444444444444 0.6505208333333333 0.6537037037037037 0.6473958333333333 0.6555555555555556 0.6463541666666667 0.6620370370370371 0.6458333333333334 0.7129629629629629 0.6505208333333333 0.7166666666666667
5 0.8765625 0.6444444444444445 0.88125 0.6435185185185185 0.8854166666666666 0.6259259259259259 0.8854166666666666 0.6064814814814815 0.8807291666666667 0.600925925925926 0.8765625 0.6111111111111112 0.8755208333333333 0.6416666666666667 0.8765625 0.6444444444444445
5 0.9083333333333333 0.7796296296296297 0.9125 0.7805555555555556 0.9145833333333333 0.7787037037037037 0.9161458333333333 0.75 0.9140625 0.7166666666666667 0.9119791666666667 0.7129629629629629 0.9088541666666666 0.7138888888888889 0.9072916666666667 0.725 0.90625 0.775 0.9083333333333333 0.7796296296296297
3 0.5640625 0.6564814814814814 0.5765625 0.6537037037037037 0.5744791666666667 0.6388888888888888 0.575 0.6083333333333333 0.571875 0.5990740740740741 0.5677083333333334 0.6018518518518519 0.5625 0.6416666666666667 0.5619791666666667 0.65 0.5640625 0.6564814814814814
4 0.884375 0.6888888888888889 0.8958333333333334 0.6944444444444444 0.8984375 0.6898148148148148 0.8984375 0.649074074074074 0.8953125 0.6333333333333333 0.8921875 0.6314814814814815 0.8895833333333333 0.6342592592592593 0.8885416666666667 0.6694444444444444 0.884375 0.6888888888888889
4 0.4119791666666667 0.6861111111111111 0.4083333333333333 0.6425925925925926 0.4041666666666667 0.6296296296296297 0.4005208333333333 0.6342592592592593 0.3984375 0.6620370370370371 0.3984375 0.6842592592592592 0.4119791666666667 0.6861111111111111
3 0.29635416666666664 0.5916666666666667 0.3026041666666667 0.5953703703703703 0.3046875 0.5916666666666667 0.30520833333333336 0.562962962962963 0.30052083333333335 0.55 0.3020833333333333 0.5435185185185185 0.29791666666666666 0.5444444444444444 0.2984375 0.5509259259259259 0.2947916666666667 0.5638888888888889 0.2947916666666667 0.587037037037037 0.29635416666666664 0.5916666666666667
0 0.20677083333333332 0.6203703703703703 0.20520833333333333 0.6138888888888889 0.20104166666666667 0.6148148148148148 0.20104166666666667 0.6222222222222222 0.20677083333333332 0.6203703703703703