4 0.2630208333333333 0.8527777777777777 0.2671875 0.8277777777777777 0.26458333333333334 0.8194444444444444 0.26614583333333336 0.7944444444444444 0.2635416666666667 0.7861111111111111 0.25885416666666666 0.787962962962963 0.25416666666666665 0.8046296296296296 0.25 0.8296296296296296 0.2515625 0.8453703703703703 0.24583333333333332 0.8629629629629629 0.24583333333333332 0.8759259259259259 0.2520833333333333 0.8796296296296297 0.25885416666666666 0.8583333333333333 0.2630208333333333 0.8527777777777777
5 0.29322916666666665 0.7555555555555555 0.30833333333333335 0.7555555555555555 0.3098958333333333 0.7509259259259259 0.3067708333333333 0.7435185185185185 0.30520833333333336 0.7203703703703703 0.30885416666666665 0.7046296296296296 0.30572916666666666 0.6814814814814815 0.3020833333333333 0.6796296296296296 0.30052083333333335 0.6824074074074075 0.2947916666666667 0.7037037037037037 0.29635416666666664 0.7240740740740741 0.290625 0.7444444444444445 0.290625 0.7527777777777778 0.29322916666666665 0.7555555555555555
4 0.1890625 0.7287037037037037 0.19322916666666667 0.7333333333333333 0.19739583333333333 0.7092592592592593 0.19791666666666666 0.687962962962963 0.19583333333333333 0.6722222222222223 0.19322916666666667 0.6611111111111111 0.1890625 0.6583333333333333 0.18385416666666668 0.6731481481481482 0.1828125 0.687962962962963 0.18645833333333334 0.7074074074074074 0.1859375 0.7148148148148148 0.1890625 0.7287037037037037
3 0.7911458333333333 0.6712962962962963 0.790625 0.6222222222222222 0.7869791666666667 0.6185185185185185 0.7802083333333333 0.637962962962963 0.7786458333333334 0.687037037037037 0.7828125 0.6888888888888889 0.784375 0.6805555555555556 0.7911458333333333 0.6712962962962963
4 0.5390625 0.6925925925925925 0.5421875 0.6861111111111111 0.5432291666666667 0.6694444444444444 0.546875 0.6555555555555556 0.546875 0.6370370370370371 0.5432291666666667 0.625 0.5395833333333333 0.6222222222222222 0.5328125 0.6388888888888888 0.5322916666666667 0.6583333333333333 0.5354166666666667 0.6685185185185185 0.5354166666666667 0.6898148148148148 0.5390625 0.6925925925925925
4 0.228125 0.6509259259259259 0.23072916666666668 0.6416666666666667 0.23333333333333334 0.6407407407407407 0.2359375 0.6537037037037037 0.24010416666666667 0.6546296296296297 0.23802083333333332 0.6175925925925926 0.240625 0.6064814814814815 0.23645833333333333 0.5888888888888889 0.23229166666666667 0.5898148148148148 0.22708333333333333 0.6037037037037037 0.2296875 0.6212962962962963 0.22395833333333334 0.6416666666666667 0.22395833333333334 0.649074074074074 0.228125 0.6509259259259259
4 0.590625 0.8361111111111111 0.5890625 0.8472222222222222 0.5947916666666667 0.8490740740740741 0.596875 0.8435185185185186 0.6010416666666667 0.8416666666666667 0.6 0.8314814814814815 0.6041666666666666 0.8194444444444444 0.6036458333333333 0.8032407407407407 0.6057291666666667 0.7953703703703704 0.6125 0.7972222222222223 0.6135416666666667 0.7944444444444444 0.6046875 0.775 0.603125 0.7648148148148148 0.596875 0.7601851851851852 0.5953125 0.7546296296296297 0.5916666666666667 0.7546296296296297 0.5890625 0.7712962962962963 0.5890625 0.8074074074074075 0.5833333333333334 0.825925925925926 0.5890625 0.8296296296296296 0.590625 0.8361111111111111
4 0.9026041666666667 0.6388888888888888 0.9026041666666667 0.6138888888888889 0.896875 0.6 0.8911458333333333 0.6111111111111112 0.8901041666666667 0.6222222222222222 0.8932291666666666 0.6518518518518519 0.896875 0.6592592592592592 0.9026041666666667 0.6388888888888888
5 0.9927083333333333 0.6555555555555556 0.9859375 0.6361111111111111 0.9817708333333334 0.637962962962963 0.9796875 0.6509259259259259 0.978125 0.7046296296296296 0.9822916666666667 0.7101851851851851 0.9859375 0.7064814814814815 0.9927083333333333 0.6555555555555556
5 0.7052083333333333 0.7148148148148148 0.7098958333333333 0.7055555555555556 0.7125 0.6777777777777778 0.7088541666666667 0.6546296296296297 0.7052083333333333 0.6509259259259259 0.6973958333333333 0.6694444444444444 0.6989583333333333 0.7194444444444444 0.7020833333333333 0.7240740740740741 0.7057291666666666 0.7203703703703703 0.7052083333333333 0.7148148148148148
4 0.4822916666666667 0.5296296296296297 0.4786458333333333 0.5296296296296297 0.475 0.5388888888888889 0.4744791666666667 0.575 0.484375 0.575925925925926 0.48489583333333336 0.5370370370370371 0.4822916666666667 0.5296296296296297
5 0.6125 0.6287037037037037 0.6140625 0.6 0.6119791666666666 0.5833333333333334 0.6072916666666667 0.5824074074074074 0.6026041666666667 0.5962962962962963 0.6036458333333333 0.6194444444444445 0.6010416666666667 0.6305555555555555 0.6104166666666667 0.6351851851851852 0.6125 0.6287037037037037
5 0.6875 0.6101851851851852 0.6848958333333334 0.5981481481481481 0.68125 0.5972222222222222 0.6776041666666667 0.6064814814814815 0.6765625 0.6175925925925926 0.6760416666666667 0.6611111111111111 0.6859375 0.6620370370370371 0.6880208333333333 0.6416666666666667 0.6875 0.6101851851851852
5 0.9354166666666667 0.6564814814814814 0.9375 0.6481481481481481 0.9390625 0.6157407407407407 0.9354166666666667 0.5981481481481481 0.93125 0.5981481481481481 0.9270833333333334 0.6129629629629629 0.9260416666666667 0.6453703703703704 0.9276041666666667 0.649074074074074 0.9317708333333333 0.6462962962962963 0.9354166666666667 0.6564814814814814
4 0.8005208333333333 0.5648148148148148 0.7994791666666666 0.5268518518518519 0.7947916666666667 0.5185185185185185 0.7890625 0.5324074074074074 0.790625 0.5398148148148149 0.7885416666666667 0.5638888888888889 0.7989583333333333 0.5694444444444444 0.8005208333333333 0.5648148148148148
3 0.33645833333333336 0.5351851851851852 0.3375 0.5064814814814815 0.3338541666666667 0.5018518518518519 0.32864583333333336 0.5064814814814815 0.32708333333333334 0.5092592592592593 0.32760416666666664 0.5305555555555556 0.334375 0.5407407407407407 0.33645833333333336 0.5351851851851852
0 0.7994791666666666 0.875 0.7953125 0.8601851851851852 0.7890625 0.8629629629629629 0.7869791666666667 0.8666666666666667 0.7885416666666667 0.887962962962963 0.7979166666666667 0.8916666666666667 0.7994791666666666 0.875
5 0.8052083333333333 0.8712962962962963 0.8098958333333334 0.8768518518518519 0.8145833333333333 0.8768518518518519 0.8229166666666666 0.8342592592592593 0.8229166666666666 0.8194444444444444 0.8203125 0.8074074074074075 0.8166666666666667 0.8046296296296296 0.8057291666666667 0.8222222222222222 0.8041666666666667 0.8351851851851851 0.809375 0.8490740740740741 0.8046875 0.8611111111111112 0.8052083333333333 0.8712962962962963
5 0.6848958333333334 0.8333333333333334 0.6817708333333333 0.8490740740740741 0.6895833333333333 0.8527777777777777 0.6953125 0.812037037037037 0.6984375 0.8092592592592592 0.7010416666666667 0.7842592592592592 0.7005208333333334 0.7685185185185185 0.6979166666666666 0.7657407407407407 0.69375 0.7685185185185185 0.6838541666666667 0.7935185185185185 0.6807291666666667 0.812037037037037 0.6729166666666667 0.8111111111111111 0.6682291666666667 0.8175925925925925 0.6671875 0.8222222222222222 0.6692708333333334 0.825 0.68125 0.825925925925926 0.6848958333333334 0.8333333333333334
4 0.9109375 0.7 0.9166666666666666 0.7 0.91875 0.7092592592592593 0.9234375 0.7092592592592593 0.925 0.6898148148148148 0.9234375 0.637962962962963 0.9197916666666667 0.6342592592592593 0.9125 0.6509259259259259 0.9119791666666667 0.6805555555555556 0.9057291666666667 0.700925925925926 0.9083333333333333 0.7064814814814815 0.9109375 0.7
4 0.7807291666666667 0.8703703703703703 0.7822916666666667 0.8805555555555555 0.790625 0.8888888888888888 0.7973958333333333 0.887962962962963 0.7989583333333333 0.8740740740740741 0.796875 0.8685185185185185 0.796875 0.8518518518518519 0.7989583333333333 0.8379629629629629 0.8020833333333334 0.8351851851851851 0.8041666666666667 0.8268518518518518 0.803125 0.8046296296296296 0.7984375 0.8046296296296296 0.7958333333333333 0.8092592592592592 0.7760416666666666 0.8222222222222222 0.7744791666666667 0.825925925925926 0.7802083333333333 0.8287037037037037 0.7854166666666667 0.8527777777777777 0.7807291666666667 0.8703703703703703