4 0.384375 0.8842592592592593 0.4 0.8805555555555555 0.4010416666666667 0.8851851851851852 0.4046875 0.8870370370370371 0.40677083333333336 0.8796296296296297 0.39791666666666664 0.8407407407407408 0.4005208333333333 0.825925925925926 0.3885416666666667 0.8 0.384375 0.7981481481481482 0.3828125 0.8027777777777778 0.3807291666666667 0.8314814814814815 0.37552083333333336 0.8407407407407408 0.3807291666666667 0.8546296296296296 0.384375 0.8842592592592593
4 0.12135416666666667 0.8027777777777778 0.1328125 0.8157407407407408 0.1359375 0.825925925925926 0.14114583333333333 0.825 0.1421875 0.8175925925925925 0.13489583333333333 0.8 0.13333333333333333 0.7722222222222223 0.11979166666666667 0.7574074074074074 0.115625 0.7620370370370371 0.1171875 0.7824074074074074 0.11510416666666666 0.7888888888888889 0.11979166666666667 0.7944444444444444 0.12135416666666667 0.8027777777777778
4 0.39739583333333334 0.7722222222222223 0.4 0.7805555555555556 0.4041666666666667 0.7814814814814814 0.40625 0.7759259259259259 0.4015625 0.7574074074074074 0.4015625 0.7435185185185185 0.3921875 0.7212962962962963 0.3880208333333333 0.7212962962962963 0.3880208333333333 0.7407407407407407 0.3927083333333333 0.7537037037037037 0.3921875 0.7666666666666667 0.39739583333333334 0.7722222222222223
5 0.24947916666666667 0.8648148148148148 0.25052083333333336 0.8611111111111112 0.2484375 0.8546296296296296 0.24322916666666666 0.8490740740740741 0.240625 0.8194444444444444 0.23229166666666667 0.8018518518518518 0.22760416666666666 0.8027777777777778 0.22552083333333334 0.8166666666666667 0.22604166666666667 0.8296296296296296 0.23489583333333333 0.8518518518518519 0.24427083333333333 0.8648148148148148 0.24947916666666667 0.8648148148148148
5 0.4328125 0.6888888888888889 0.4276041666666667 0.6657407407407407 0.42552083333333335 0.6398148148148148 0.4234375 0.6370370370370371 0.41770833333333335 0.6416666666666667 0.41770833333333335 0.6777777777777778 0.4244791666666667 0.6888888888888889 0.43125 0.6916666666666667 0.4328125 0.6888888888888889
3 0.5328125 0.7638888888888888 0.5260416666666666 0.7407407407407407 0.5244791666666667 0.7138888888888889 0.5177083333333333 0.6990740740740741 0.5130208333333334 0.700925925925926 0.5119791666666667 0.7314814814814815 0.5140625 0.7509259259259259 0.5286458333333334 0.7657407407407407 0.5328125 0.7638888888888888
5 0.4197916666666667 0.7537037037037037 0.42083333333333334 0.7462962962962963 0.4166666666666667 0.7388888888888889 0.41510416666666666 0.7296296296296296 0.41510416666666666 0.7111111111111111 0.4088541666666667 0.6925925925925925 0.4041666666666667 0.6916666666666667 0.4036458333333333 0.7194444444444444 0.40677083333333336 0.7398148148148148 0.4161458333333333 0.7583333333333333 0.4197916666666667 0.7537037037037037
3 0.8239583333333333 0.9777777777777777 0.8338541666666667 0.9805555555555555 0.8411458333333334 0.9990740740740741 0.8458333333333333 0.9990740740740741 0.8421875 0.9824074074074074 0.8380208333333333 0.937962962962963 0.8296875 0.9092592592592592 0.8255208333333334 0.9092592592592592 0.8182291666666667 0.9305555555555556 0.8135416666666667 0.9592592592592593 0.8135416666666667 0.9898148148148148 0.8197916666666667 0.9990740740740741 0.8223958333333333 0.9990740740740741 0.8239583333333333 0.9777777777777777
4 0.7067708333333333 0.7203703703703703 0.7072916666666667 0.6731481481481482 0.7026041666666667 0.65 0.7010416666666667 0.6481481481481481 0.6984375 0.6555555555555556 0.6947916666666667 0.6694444444444444 0.696875 0.7212962962962963 0.7046875 0.7240740740740741 0.7067708333333333 0.7203703703703703
4 0.6786458333333333 0.6055555555555555 0.6739583333333333 0.5944444444444444 0.6677083333333333 0.6037037037037037 0.66875 0.6416666666666667 0.6770833333333334 0.6444444444444445 0.6791666666666667 0.637962962962963 0.6786458333333333 0.6055555555555555
3 0.21302083333333333 0.5685185185185185 0.20833333333333334 0.5675925925925925 0.20416666666666666 0.575925925925926 0.20416666666666666 0.6 0.21510416666666668 0.6027777777777777 0.21510416666666668 0.5777777777777777 0.21302083333333333 0.5685185185185185
4 0.425 0.6064814814814815 0.4192708333333333 0.5990740740740741 0.41458333333333336 0.6092592592592593 0.41510416666666666 0.6416666666666667 0.425 0.6416666666666667 0.4265625 0.6370370370370371 0.425 0.6064814814814815
4 0.09583333333333334 0.7018518518518518 0.09791666666666667 0.6935185185185185 0.09479166666666666 0.6805555555555556 0.09635416666666667 0.6694444444444444 0.09270833333333334 0.6537037037037037 0.08697916666666666 0.6453703703703704 0.08020833333333334 0.6611111111111111 0.0796875 0.6657407407407407 0.08854166666666667 0.6861111111111111 0.09114583333333333 0.7018518518518518 0.09583333333333334 0.7018518518518518
4 0.16666666666666666 0.8055555555555556 0.16875 0.8018518518518518 0.16770833333333332 0.774074074074074 0.15989583333333332 0.7435185185185185 0.15416666666666667 0.7435185185185185 0.15416666666666667 0.762962962962963 0.15 0.7703703703703704 0.14947916666666666 0.775 0.15625 0.7824074074074074 0.16197916666666667 0.8037037037037037 0.16666666666666666 0.8055555555555556
5 0.184375 0.8138888888888889 0.17864583333333334 0.7935185185185185 0.18125 0.7870370370370371 0.1796875 0.7703703703703704 0.1734375 0.7537037037037037 0.16979166666666667 0.7518518518518519 0.165625 0.7611111111111111 0.1703125 0.8009259259259259 0.178125 0.8203703703703704 0.18177083333333333 0.8222222222222222 0.184375 0.8138888888888889
5 0 0.7981481481481482 0.00625 0.7981481481481482 0.011979166666666667 0.8111111111111111 0.014583333333333334 0.812037037037037 0.0171875 0.8101851851851852 0.014583333333333334 0.7824074074074074 0.016666666666666666 0.7722222222222223 0.0203125 0.7712962962962963 0.0203125 0.7675925925925926 0.0125 0.7398148148148148 0.008333333333333333 0.7388888888888889 0 0.7583333333333333 0 0.7703703703703704 0.0026041666666666665 0.774074074074074 0.0026041666666666665 0.787962962962963 0 0.7898148148148149 0 0.7981481481481482
0 0.05260416666666667 0.8083333333333333 0.04895833333333333 0.8055555555555556 0.04479166666666667 0.8101851851851852 0.044270833333333336 0.8166666666666667 0.04739583333333333 0.8222222222222222 0.05625 0.8175925925925925 0.05260416666666667 0.8083333333333333
5 0.4510416666666667 0.8648148148148148 0.4510416666666667 0.8722222222222222 0.45677083333333335 0.8685185185185185 0.4666666666666667 0.8722222222222222 0.46822916666666664 0.8675925925925926 0.4609375 0.8490740740740741 0.4546875 0.812962962962963 0.4484375 0.799074074074074 0.44375 0.8009259259259259 0.4432291666666667 0.8101851851851852 0.4484375 0.8361111111111111 0.4453125 0.8490740740740741 0.4510416666666667 0.8648148148148148
5 0.7375 0.7231481481481481 0.7385416666666667 0.7277777777777777 0.7416666666666667 0.7277777777777777 0.7432291666666667 0.7240740740740741 0.7364583333333333 0.6694444444444444 0.73125 0.6685185185185185 0.7296875 0.700925925925926 0.725 0.7240740740740741 0.7286458333333333 0.7277777777777777 0.7375 0.7231481481481481
5 0.775 0.7796296296296297 0.7807291666666667 0.7796296296296297 0.7828125 0.7712962962962963 0.7864583333333334 0.774074074074074 0.7895833333333333 0.7833333333333333 0.79375 0.7824074074074074 0.79375 0.7759259259259259 0.7859375 0.7620370370370371 0.7760416666666666 0.7175925925925926 0.7713541666666667 0.7157407407407408 0.7697916666666667 0.7222222222222222 0.7703125 0.7351851851851852 0.7671875 0.7462962962962963 0.7692708333333333 0.7481481481481481 0.775 0.7796296296296297
4 0.29739583333333336 0.6648148148148149 0.29270833333333335 0.6527777777777778 0.2869791666666667 0.649074074074074 0.28854166666666664 0.687962962962963 0.2989583333333333 0.7046296296296296 0.3015625 0.6981481481481482 0.29739583333333336 0.6648148148148149
5 0.4895833333333333 0.7962962962962963 0.49270833333333336 0.7944444444444444 0.49375 0.7907407407407407 0.4859375 0.7657407407407407 0.48854166666666665 0.7407407407407407 0.48125 0.7231481481481481 0.4765625 0.7240740740740741 0.475 0.7509259259259259 0.47708333333333336 0.7648148148148148 0.4739583333333333 0.7916666666666666 0.48802083333333335 0.7907407407407407 0.4895833333333333 0.7962962962962963