5 0.1234375 0.5509259259259259 0.12864583333333332 0.562962962962963 0.13020833333333334 0.6111111111111112 0.1453125 0.6074074074074074 0.14322916666666666 0.5898148148148148 0.14583333333333334 0.5509259259259259 0.14270833333333333 0.5203703703703704 0.13854166666666667 0.5027777777777778 0.13229166666666667 0.5055555555555555 0.13020833333333334 0.5166666666666667 0.125 0.524074074074074 0.11875 0.5444444444444444 0.11875 0.5546296296296296 0.1234375 0.5509259259259259
3 0.08645833333333333 0.6361111111111111 0.07864583333333333 0.6592592592592592 0.08645833333333333 0.6685185185185185 0.0859375 0.6731481481481482 0.09270833333333334 0.674074074074074 0.10208333333333333 0.5685185185185185 0.10208333333333333 0.5555555555555556 0.1 0.5518518518518518 0.0953125 0.5527777777777778 0.0921875 0.5648148148148148 0.0859375 0.5722222222222222 0.07916666666666666 0.6018518518518519 0.0796875 0.6138888888888889 0.08645833333333333 0.6361111111111111
4 0.50625 0.6055555555555555 0.5135416666666667 0.612037037037037 0.5098958333333333 0.6259259259259259 0.5130208333333334 0.6416666666666667 0.5114583333333333 0.65 0.5130208333333334 0.6537037037037037 0.51875 0.65 0.5177083333333333 0.6259259259259259 0.5260416666666666 0.6175925925925926 0.53125 0.6231481481481481 0.5427083333333333 0.6537037037037037 0.5489583333333333 0.6564814814814814 0.5479166666666667 0.6425925925925926 0.5380208333333333 0.6240740740740741 0.534375 0.6092592592592593 0.5317708333333333 0.5805555555555556 0.5322916666666667 0.5740740740740741 0.5447916666666667 0.5666666666666667 0.5458333333333333 0.5601851851851852 0.5295572916666667 0.562037037037037 0.5213541666666667 0.549074074074074 0.5171875 0.5481481481481482 0.5151041666666667 0.5527777777777778 0.5010416666666667 0.6074074074074074 0.50625 0.6055555555555555
4 0.8291666666666667 0.6898148148148148 0.828125 0.7083333333333334 0.8322916666666667 0.7240740740740741 0.83125 0.7351851851851852 0.8338541666666667 0.7388888888888889 0.8375 0.737037037037037 0.8390625 0.7296296296296296 0.8484375 0.737037037037037 0.8515625 0.75 0.8546875 0.7518518518518519 0.8510416666666667 0.674074074074074 0.8557291666666667 0.649074074074074 0.8421875 0.6388888888888888 0.8390625 0.6305555555555555 0.8364583333333333 0.6296296296296297 0.8333333333333334 0.6333333333333333 0.83125 0.6444444444444445 0.8229166666666666 0.6537037037037037 0.8197916666666667 0.6648148148148149 0.8171875 0.6851851851851852 0.8291666666666667 0.6898148148148148
5 0.48072916666666665 0.6138888888888889 0.48125 0.5879629629629629 0.4864583333333333 0.5787037037037037 0.490625 0.5851851851851851 0.4984375 0.6148148148148148 0.5 0.5953703703703703 0.49583333333333335 0.5842592592592593 0.4942708333333333 0.5444444444444444 0.49114583333333334 0.5324074074074074 0.484375 0.5203703703703704 0.48385416666666664 0.5111111111111111 0.4786458333333333 0.5111111111111111 0.4765625 0.5194444444444445 0.4765625 0.6129629629629629 0.48072916666666665 0.6138888888888889
5 0.7598958333333333 0.6425925925925926 0.7609375 0.6537037037037037 0.7671875 0.6675925925925926 0.7708333333333334 0.6833333333333333 0.775 0.6824074074074075 0.7770833333333333 0.6777777777777778 0.7859375 0.6814814814814815 0.7864583333333334 0.6925925925925925 0.7932291666666667 0.6935185185185185 0.7947916666666667 0.687037037037037 0.7848958333333333 0.6620370370370371 0.7875 0.6518518518518519 0.7880208333333333 0.6351851851851852 0.784375 0.6175925925925926 0.775 0.5879629629629629 0.7713541666666667 0.5861111111111111 0.7671875 0.5944444444444444 0.7666666666666667 0.6157407407407407 0.7598958333333333 0.6425925925925926
4 0.246875 0.4787037037037037 0.24947916666666667 0.49722222222222223 0.2546875 0.5055555555555555 0.2552083333333333 0.5166666666666667 0.259375 0.5175925925925926 0.2625 0.4824074074074074 0.26197916666666665 0.4546296296296296 0.2557291666666667 0.44074074074074077 0.25364583333333335 0.44166666666666665 0.25 0.4462962962962963 0.24375 0.4666666666666667 0.24322916666666666 0.475 0.246875 0.4787037037037037
4 0.5651041666666666 0.6833333333333333 0.5630208333333333 0.7083333333333334 0.559375 0.7203703703703703 0.56875 0.7166666666666667 0.5729166666666666 0.6925925925925925 0.5791666666666667 0.6925925925925925 0.5828125 0.6972222222222222 0.5869791666666667 0.7166666666666667 0.5869791666666667 0.7361111111111112 0.5901041666666667 0.7379629629629629 0.5927083333333333 0.7305555555555555 0.590625 0.6407407407407407 0.5828125 0.6148148148148148 0.578125 0.6138888888888889 0.5755208333333334 0.6194444444444445 0.5723958333333333 0.6611111111111111 0.5651041666666666 0.6833333333333333
0 0.23645833333333333 0.5268518518518519 0.2375 0.5185185185185185 0.2359375 0.5138888888888888 0.23177083333333334 0.5120370370370371 0.22916666666666666 0.5157407407407407 0.22916666666666666 0.525 0.23645833333333333 0.5268518518518519
5 0.38645833333333335 0.5509259259259259 0.3848958333333333 0.5611111111111111 0.39375 0.562962962962963 0.4 0.5592592592592592 0.4015625 0.55 0.39947916666666666 0.48518518518518516 0.3953125 0.4777777777777778 0.39427083333333335 0.46574074074074073 0.39010416666666664 0.4638888888888889 0.38697916666666665 0.4685185185185185 0.384375 0.4824074074074074 0.38645833333333335 0.5509259259259259
4 0.7416666666666667 0.6287037037037037 0.7333333333333333 0.6648148148148149 0.7348958333333333 0.6935185185185185 0.7411458333333333 0.6925925925925925 0.7401041666666667 0.674074074074074 0.7432291666666667 0.6620370370370371 0.7489583333333333 0.6592592592592592 0.753125 0.662962962962963 0.7567708333333333 0.674074074074074 0.759375 0.6990740740740741 0.7682291666666666 0.700925925925926 0.7583333333333333 0.6444444444444445 0.7598958333333333 0.6398148148148148 0.7583333333333333 0.6092592592592593 0.7510416666666667 0.5962962962962963 0.7484375 0.5805555555555556 0.7458333333333333 0.5824074074074074 0.7302083333333333 0.6222222222222222 0.7416666666666667 0.6287037037037037
5 0.5447916666666667 0.549074074074074 0.5489583333333333 0.5731481481481482 0.5458333333333333 0.6074074074074074 0.5505208333333333 0.6277777777777778 0.5510416666666667 0.6444444444444445 0.5604166666666667 0.6472222222222223 0.5630208333333333 0.6425925925925926 0.5630208333333333 0.6351851851851852 0.5583333333333333 0.6027777777777777 0.5619791666666667 0.5907407407407408 0.5645833333333333 0.5564814814814815 0.5526041666666667 0.5203703703703704 0.5479166666666667 0.5203703703703704 0.5458333333333333 0.524074074074074 0.5473958333333333 0.5416666666666666 0.5447916666666667 0.549074074074074
4 0.6078125 0.5574074074074075 0.603125 0.5712962962962963 0.603125 0.575 0.6067708333333334 0.5777777777777777 0.6098958333333333 0.575925925925926 0.6104166666666667 0.5685185185185185 0.6145833333333334 0.5648148148148148 0.6234375 0.5722222222222222 0.6276041666666666 0.5509259259259259 0.6276041666666666 0.5407407407407407 0.621875 0.5259259259259259 0.6213541666666667 0.5185185185185185 0.6145833333333334 0.512962962962963 0.6109375 0.5194444444444445 0.6114583333333333 0.5314814814814814 0.6078125 0.5574074074074075
5 0.39895833333333336 0.5592592592592592 0.4083333333333333 0.562037037037037 0.41041666666666665 0.5601851851851852 0.4125 0.525 0.4125 0.48148148148148145 0.40677083333333336 0.4675925925925926 0.40677083333333336 0.45740740740740743 0.4036458333333333 0.4537037037037037 0.4 0.45925925925925926 0.39791666666666664 0.48518518518518516 0.39895833333333336 0.5592592592592592
5 0.8505208333333333 0.6657407407407407 0.853125 0.6824074074074075 0.8625 0.6712962962962963 0.8692708333333333 0.6759259259259259 0.8708333333333333 0.6861111111111111 0.8682291666666667 0.6962962962962963 0.86875 0.7166666666666667 0.8807291666666667 0.7305555555555555 0.884375 0.7472222222222222 0.890625 0.7481481481481481 0.89375 0.7398148148148148 0.8932291666666666 0.7351851851851852 0.884375 0.7222222222222222 0.8807291666666667 0.7064814814814815 0.8828125 0.700925925925926 0.8822916666666667 0.6685185185185185 0.8625 0.6268518518518519 0.8567708333333334 0.6259259259259259 0.8552083333333333 0.6305555555555555 0.8557291666666667 0.649074074074074 0.8505208333333333 0.6657407407407407
5 0.6317708333333333 0.5675925925925925 0.6296875 0.587037037037037 0.63125 0.5962962962962963 0.6348958333333333 0.600925925925926 0.6369791666666667 0.5972222222222222 0.6463541666666667 0.5953703703703703 0.6473958333333333 0.55 0.6453125 0.5407407407407407 0.640625 0.5351851851851852 0.6385416666666667 0.524074074074074 0.6333333333333333 0.525 0.6276041666666666 0.549074074074074 0.6270833333333333 0.5564814814814815 0.6317708333333333 0.5675925925925925
4 0.6083333333333333 0.65 0.6072916666666667 0.6722222222222223 0.6088541666666667 0.6907407407407408 0.6104166666666667 0.6935185185185185 0.61875 0.6916666666666667 0.6213541666666667 0.687037037037037 0.6239583333333333 0.6657407407407407 0.6239583333333333 0.6425925925925926 0.6291666666666667 0.6314814814814815 0.6317708333333333 0.6305555555555555 0.6286458333333333 0.5935185185185186 0.6234375 0.5777777777777777 0.6229166666666667 0.5638888888888889 0.6125 0.5638888888888889 0.6057291666666667 0.5916666666666667 0.6036458333333333 0.6305555555555555 0.6083333333333333 0.65
5 0.659375 0.5842592592592593 0.6651041666666667 0.6388888888888888 0.6755208333333333 0.6851851851851852 0.678125 0.6888888888888889 0.6822916666666666 0.6842592592592592 0.6822916666666666 0.6777777777777778 0.6760416666666667 0.649074074074074 0.675 0.6064814814814815 0.6651041666666667 0.5675925925925925 0.6619791666666667 0.562962962962963 0.6567708333333333 0.5666666666666667 0.65625 0.5768518518518518 0.659375 0.5842592592592593
5 0.759375 0.6074074074074074 0.7645833333333333 0.5898148148148148 0.7671875 0.5546296296296296 0.75625 0.5222222222222223 0.7494791666666667 0.525 0.7510416666666667 0.5953703703703703 0.759375 0.6074074074074074