5 0.075 0.8916666666666667 0.08020833333333334 0.8935185185185185 0.08177083333333333 0.8916666666666667 0.08020833333333334 0.8814814814814815 0.0875 0.8194444444444444 0.0921875 0.8111111111111111 0.09166666666666666 0.7981481481481482 0.08958333333333333 0.799074074074074 0.08854166666666667 0.8074074074074075 0.08177083333333333 0.8083333333333333 0.08020833333333334 0.8018518518518518 0.07552083333333333 0.8018518518518518 0.06770833333333333 0.8277777777777777 0.06614583333333333 0.8462962962962963 0.06979166666666667 0.85 0.07395833333333333 0.8666666666666667 0.075 0.8916666666666667
0 0.4583333333333333 0.6111111111111112 0.4583333333333333 0.6185185185185185 0.4625 0.6222222222222222 0.4640625 0.6129629629629629 0.4583333333333333 0.6111111111111112
5 0.8526041666666667 0.7342592592592593 0.859375 0.7083333333333334 0.853125 0.6851851851851852 0.8489583333333334 0.6861111111111111 0.8442708333333333 0.7046296296296296 0.8458333333333333 0.7509259259259259 0.8494791666666667 0.7574074074074074 0.853125 0.7518518518518519 0.8526041666666667 0.7342592592592593
4 0.49635416666666665 0.6074074074074074 0.4895833333333333 0.5953703703703703 0.4822916666666667 0.6092592592592593 0.4765625 0.6342592592592593 0.478125 0.6361111111111111 0.48489583333333336 0.6342592592592593 0.49635416666666665 0.6074074074074074
4 0.40520833333333334 0.799074074074074 0.40729166666666666 0.7953703703703704 0.4046875 0.7787037037037037 0.4078125 0.7564814814814815 0.40729166666666666 0.7324074074074074 0.4010416666666667 0.7185185185185186 0.39739583333333334 0.7203703703703703 0.3963541666666667 0.7314814814814815 0.3953125 0.762962962962963 0.39791666666666664 0.7953703703703704 0.39947916666666666 0.799074074074074 0.40520833333333334 0.799074074074074
5 0.3703125 0.6157407407407407 0.36875 0.6148148148148148 0.3640625 0.625 0.3625 0.6342592592592593 0.3609375 0.6666666666666666 0.3651041666666667 0.6666666666666666 0.37395833333333334 0.637962962962963 0.3703125 0.6157407407407407
5 0.6979166666666666 0.837037037037037 0.7020833333333333 0.8296296296296296 0.7005208333333334 0.8111111111111111 0.7041666666666667 0.7814814814814814 0.6973958333333333 0.7592592592592593 0.6942708333333333 0.7620370370370371 0.690625 0.7907407407407407 0.6901041666666666 0.8037037037037037 0.6927083333333334 0.8194444444444444 0.6916666666666667 0.8342592592592593 0.6979166666666666 0.837037037037037
4 0.5447916666666667 0.6620370370370371 0.553125 0.6314814814814815 0.5526041666666667 0.6231481481481481 0.5484375 0.6129629629629629 0.5447916666666667 0.6148148148148148 0.5416666666666666 0.6231481481481481 0.5369791666666667 0.6574074074074074 0.5369791666666667 0.6611111111111111 0.540625 0.6638888888888889 0.5447916666666667 0.6620370370370371
2 0.9473958333333333 0.6990740740740741 0.9505208333333334 0.7027777777777777 0.9578125 0.700925925925926 0.9604166666666667 0.6694444444444444 0.9588541666666667 0.6388888888888888 0.9546875 0.6361111111111111 0.9526041666666667 0.6435185185185185 0.9411458333333333 0.6537037037037037 0.940625 0.6574074074074074 0.9479166666666666 0.6638888888888889 0.95 0.6722222222222223 0.9473958333333333 0.6990740740740741
3 0.4140625 0.7231481481481481 0.41770833333333335 0.7231481481481481 0.4197916666666667 0.7287037037037037 0.42083333333333334 0.7046296296296296 0.41875 0.6888888888888889 0.4203125 0.6768518518518518 0.415625 0.662962962962963 0.4078125 0.6638888888888889 0.40572916666666664 0.6851851851851852 0.4083333333333333 0.7203703703703703 0.4109375 0.7287037037037037 0.4140625 0.7231481481481481
5 0.4432291666666667 0.6425925925925926 0.4484375 0.6314814814814815 0.45260416666666664 0.6305555555555555 0.45260416666666664 0.6268518518518519 0.4479166666666667 0.6203703703703703 0.44895833333333335 0.5925925925925926 0.44166666666666665 0.5935185185185186 0.43854166666666666 0.6037037037037037 0.43854166666666666 0.6370370370370371 0.4401041666666667 0.6425925925925926 0.4432291666666667 0.6425925925925926
4 0.4479166666666667 0.6620370370370371 0.4427083333333333 0.6509259259259259 0.4395833333333333 0.6509259259259259 0.4348958333333333 0.6675925925925926 0.43385416666666665 0.7046296296296296 0.4390625 0.7083333333333334 0.4473958333333333 0.6777777777777778 0.4479166666666667 0.6620370370370371
5 0.1578125 0.6620370370370371 0.15572916666666667 0.6342592592592593 0.15104166666666666 0.6342592592592593 0.14635416666666667 0.649074074074074 0.146875 0.6675925925925926 0.1421875 0.6935185185185185 0.15416666666666667 0.6935185185185185 0.1578125 0.6620370370370371
4 0.08958333333333333 0.7638888888888888 0.09583333333333334 0.7694444444444445 0.096875 0.7768518518518519 0.09947916666666666 0.7787037037037037 0.10104166666666667 0.7759259259259259 0.10052083333333334 0.725 0.0984375 0.7129629629629629 0.09375 0.7111111111111111 0.0859375 0.7314814814814815 0.08697916666666666 0.7444444444444445 0.08229166666666667 0.7796296296296297 0.0859375 0.7787037037037037 0.08958333333333333 0.7638888888888888
4 0.23645833333333333 0.6444444444444445 0.2390625 0.6416666666666667 0.23958333333333334 0.6046296296296296 0.23229166666666667 0.5861111111111111 0.22760416666666666 0.5888888888888889 0.22708333333333333 0.600925925925926 0.23072916666666668 0.6194444444444445 0.22864583333333333 0.6342592592592593 0.23645833333333333 0.6444444444444445
5 0.2515625 0.6407407407407407 0.25364583333333335 0.6287037037037037 0.25104166666666666 0.5962962962962963 0.24739583333333334 0.5925925925925926 0.24114583333333334 0.6046296296296296 0.240625 0.6101851851851852 0.24583333333333332 0.6259259259259259 0.246875 0.6398148148148148 0.2515625 0.6407407407407407
3 0.309375 0.5675925925925925 0.30625 0.5555555555555556 0.30104166666666665 0.562037037037037 0.3 0.5814814814814815 0.3026041666666667 0.6046296296296296 0.30520833333333336 0.6027777777777777 0.309375 0.5675925925925925
4 0.16927083333333334 0.6888888888888889 0.1703125 0.6814814814814815 0.1703125 0.6574074074074074 0.1671875 0.6388888888888888 0.15989583333333332 0.649074074074074 0.15729166666666666 0.6657407407407407 0.15885416666666666 0.6842592592592592 0.15677083333333333 0.6962962962962963 0.16197916666666667 0.6990740740740741 0.16927083333333334 0.6888888888888889
4 0.30625 0.6416666666666667 0.2984375 0.6314814814814815 0.2921875 0.6435185185185185 0.29322916666666665 0.6888888888888889 0.3015625 0.6888888888888889 0.30833333333333335 0.649074074074074 0.30625 0.6416666666666667
3 0.15833333333333333 0.575925925925926 0.15416666666666667 0.5638888888888889 0.14947916666666666 0.5694444444444444 0.146875 0.5787037037037037 0.14635416666666667 0.6064814814814815 0.15677083333333333 0.6037037037037037 0.15625 0.5888888888888889 0.15833333333333333 0.575925925925926
5 0.7713541666666667 0.6138888888888889 0.7677083333333333 0.5990740740740741 0.7630208333333334 0.6046296296296296 0.759375 0.6462962962962963 0.765625 0.6481481481481481 0.7703125 0.6453703703703704 0.7713541666666667 0.6138888888888889
4 0.421875 0.5879629629629629 0.41875 0.5796296296296296 0.415625 0.5777777777777777 0.41302083333333334 0.5824074074074074 0.4083333333333333 0.6046296296296296 0.40260416666666665 0.612037037037037 0.403125 0.6185185185185185 0.4114583333333333 0.612037037037037 0.4197916666666667 0.6157407407407407 0.421875 0.5879629629629629
5 0.4114583333333333 0.712037037037037 0.41822916666666665 0.7175925925925926 0.4197916666666667 0.7287037037037037 0.4244791666666667 0.7083333333333334 0.4270833333333333 0.6685185185185185 0.4197916666666667 0.6518518518518519 0.4125 0.6657407407407407 0.4166666666666667 0.6787037037037037 0.415625 0.687962962962963 0.4109375 0.6962962962962963 0.4114583333333333 0.712037037037037