1 0.13020833333333334 0.6361111111111111 0.1421875 0.6324074074074074 0.1421875 0.6268518518518519 0.1359375 0.6203703703703703 0.134375 0.5851851851851851 0.13072916666666667 0.5824074074074074 0.12708333333333333 0.5907407407407408 0.12864583333333332 0.6175925925925926 0.12604166666666666 0.6259259259259259 0.1265625 0.6324074074074074 0.13020833333333334 0.6361111111111111
4 0.8197916666666667 0.8527777777777777 0.8260416666666667 0.8555555555555555 0.8276041666666667 0.8527777777777777 0.8255208333333334 0.825925925925926 0.8260416666666667 0.7861111111111111 0.821875 0.7712962962962963 0.81875 0.7675925925925926 0.815625 0.7712962962962963 0.8145833333333333 0.7962962962962963 0.8104166666666667 0.8101851851851852 0.8119791666666667 0.8351851851851851 0.8072916666666666 0.8537037037037037 0.8098958333333334 0.8564814814814815 0.8197916666666667 0.8527777777777777
4 0.1703125 0.8379629629629629 0.1765625 0.8425925925925926 0.1796875 0.8379629629629629 0.18177083333333333 0.7824074074074074 0.18333333333333332 0.7787037037037037 0.19375 0.7787037037037037 0.19479166666666667 0.775 0.18177083333333333 0.7675925925925926 0.17760416666666667 0.7555555555555555 0.17552083333333332 0.7555555555555555 0.17239583333333333 0.7592592592592593 0.165625 0.7842592592592592 0.16510416666666666 0.7981481481481482 0.16979166666666667 0.8027777777777778 0.17291666666666666 0.8138888888888889 0.1703125 0.8379629629629629
5 0.9098958333333333 0.7870370370370371 0.9135416666666667 0.7425925925925926 0.9078125 0.7231481481481481 0.9036458333333334 0.7222222222222222 0.9015625 0.7314814814814815 0.8989583333333333 0.7509259259259259 0.9015625 0.787962962962963 0.9078125 0.7907407407407407 0.9098958333333333 0.7870370370370371
4 0.6130208333333333 0.6851851851851852 0.6109375 0.6777777777777778 0.6072916666666667 0.675 0.6026041666666667 0.712037037037037 0.6026041666666667 0.7379629629629629 0.6125 0.7379629629629629 0.6140625 0.7351851851851852 0.6130208333333333 0.6851851851851852
4 0.23125 0.612037037037037 0.23177083333333334 0.575 0.228125 0.5657407407407408 0.22395833333333334 0.5675925925925925 0.221875 0.575 0.22239583333333332 0.6111111111111112 0.22864583333333333 0.6157407407407407 0.23125 0.612037037037037
5 0.665625 0.6907407407407408 0.6640625 0.674074074074074 0.659375 0.6611111111111111 0.6510416666666666 0.6694444444444444 0.6536458333333334 0.6916666666666667 0.6505208333333333 0.7203703703703703 0.6614583333333334 0.7240740740740741 0.665625 0.6907407407407408
5 0.46145833333333336 0.6046296296296296 0.4552083333333333 0.5851851851851851 0.45208333333333334 0.5888888888888889 0.453125 0.6305555555555555 0.459375 0.6342592592592593 0.46197916666666666 0.6314814814814815 0.46145833333333336 0.6046296296296296
4 0.86875 0.6777777777777778 0.8713541666666667 0.6518518518518519 0.8661458333333333 0.625 0.8630208333333333 0.6259259259259259 0.8578125 0.649074074074074 0.8572916666666667 0.6675925925925926 0.8614583333333333 0.6833333333333333 0.8640625 0.6787037037037037 0.86875 0.6777777777777778
5 0.61875 0.6620370370370371 0.61875 0.625 0.6161458333333333 0.6101851851851852 0.6104166666666667 0.6111111111111112 0.6083333333333333 0.6611111111111111 0.6104166666666667 0.6657407407407407 0.6171875 0.6657407407407407 0.61875 0.6620370370370371
3 0.60625 0.6620370370370371 0.6036458333333333 0.6509259259259259 0.60625 0.625 0.5994791666666667 0.6027777777777777 0.5947916666666667 0.6046296296296296 0.5927083333333333 0.6425925925925926 0.5984375 0.6648148148148149 0.603125 0.6666666666666666 0.60625 0.6620370370370371
5 0.8671875 0.7055555555555556 0.86875 0.7037037037037037 0.8703125 0.6787037037037037 0.8708333333333333 0.6453703703703704 0.8651041666666667 0.6324074074074074 0.8609375 0.637962962962963 0.8588541666666667 0.6472222222222223 0.8572916666666667 0.6574074074074074 0.8588541666666667 0.6888888888888889 0.8640625 0.7046296296296296 0.8671875 0.7055555555555556
3 0.2947916666666667 0.5907407407407408 0.2947916666666667 0.562962962962963 0.28958333333333336 0.5546296296296296 0.28489583333333335 0.5638888888888889 0.284375 0.5833333333333334 0.28802083333333334 0.5916666666666667 0.29322916666666665 0.5935185185185186 0.2947916666666667 0.5907407407407408
5 0.3723958333333333 0.7148148148148148 0.37447916666666664 0.6944444444444444 0.3729166666666667 0.6805555555555556 0.3692708333333333 0.6759259259259259 0.36666666666666664 0.6814814814814815 0.365625 0.7148148148148148 0.3651041666666667 0.7398148148148148 0.3723958333333333 0.7398148148148148 0.37447916666666664 0.7361111111111112 0.3723958333333333 0.7148148148148148
0 0.1421875 0.6240740740740741 0.13802083333333334 0.6203703703703703 0.13541666666666666 0.6222222222222222 0.13645833333333332 0.6342592592592593 0.14270833333333333 0.6342592592592593 0.1421875 0.6240740740740741
5 0.3171875 0.6175925925925926 0.31354166666666666 0.6046296296296296 0.3104166666666667 0.6037037037037037 0.30885416666666665 0.6074074074074074 0.3078125 0.6333333333333333 0.3098958333333333 0.6555555555555556 0.3140625 0.6574074074074074 0.3171875 0.6175925925925926
3 0.9484375 0.9990740740740741 0.9489583333333333 0.9907407407407407 0.9546875 0.975 0.9552083333333333 0.937962962962963 0.946875 0.9138888888888889 0.9421875 0.9148148148148149 0.9390625 0.9277777777777778 0.9348958333333334 0.9333333333333333 0.9302083333333333 0.975925925925926 0.9192708333333334 0.9861111111111112 0.9197916666666667 0.9935185185185185 0.9333333333333333 0.9907407407407407 0.9369791666666667 0.9990740740740741 0.9484375 0.9990740740740741
5 0.21302083333333333 0.6944444444444444 0.215625 0.6814814814814815 0.21510416666666668 0.65 0.22291666666666668 0.6416666666666667 0.21666666666666667 0.6388888888888888 0.2125 0.6305555555555555 0.20885416666666667 0.6296296296296297 0.20364583333333333 0.65 0.203125 0.6583333333333333 0.20833333333333334 0.6768518518518518 0.20729166666666668 0.6925925925925925 0.21302083333333333 0.6944444444444444
4 0.36041666666666666 0.6814814814814815 0.3619791666666667 0.6425925925925926 0.3572916666666667 0.6296296296296297 0.353125 0.6314814814814815 0.35052083333333334 0.6425925925925926 0.3484375 0.6574074074074074 0.3494791666666667 0.6833333333333333 0.3572916666666667 0.687037037037037 0.36041666666666666 0.6814814814814815