4 0.33697916666666666 0.7416666666666667 0.34322916666666664 0.6925925925925925 0.34322916666666664 0.6814814814814815 0.3385416666666667 0.6675925925925926 0.33541666666666664 0.6685185185185185 0.3296875 0.6805555555555556 0.32760416666666664 0.7027777777777777 0.32708333333333334 0.7425925925925926 0.33697916666666666 0.7416666666666667
5 0.5427083333333333 0.6296296296296297 0.5447916666666667 0.6324074074074074 0.5484375 0.6287037037037037 0.5536458333333333 0.6305555555555555 0.5546875 0.6268518518518519 0.5473958333333333 0.5833333333333334 0.5447916666666667 0.5796296296296296 0.540625 0.5879629629629629 0.5395833333333333 0.5972222222222222 0.5427083333333333 0.6296296296296297
4 0.22708333333333333 0.8101851851851852 0.22864583333333333 0.8166666666666667 0.23958333333333334 0.8101851851851852 0.2453125 0.7944444444444444 0.2484375 0.7685185185185185 0.253125 0.762962962962963 0.25364583333333335 0.7416666666666667 0.2520833333333333 0.7361111111111112 0.246875 0.737037037037037 0.2359375 0.7722222222222223 0.23541666666666666 0.787962962962963 0.22708333333333333 0.8101851851851852
4 0.2734375 0.8601851851851852 0.2760416666666667 0.8444444444444444 0.2833333333333333 0.8351851851851851 0.28802083333333334 0.8407407407407408 0.2984375 0.8657407407407407 0.30104166666666665 0.8648148148148148 0.3 0.8527777777777777 0.29322916666666665 0.8333333333333334 0.2890625 0.8101851851851852 0.2911458333333333 0.8018518518518518 0.2984375 0.7953703703703704 0.2984375 0.7925925925925926 0.29322916666666665 0.7944444444444444 0.290625 0.7833333333333333 0.290625 0.7703703703703704 0.2869791666666667 0.7685185185185185 0.27708333333333335 0.7787037037037037 0.271875 0.7981481481481482 0.26927083333333335 0.8296296296296296 0.26927083333333335 0.8611111111111112 0.2734375 0.8601851851851852
5 0.9296875 0.7648148148148148 0.9286458333333333 0.775 0.9333333333333333 0.7768518518518519 0.9385416666666667 0.775 0.9390625 0.7712962962962963 0.9380208333333333 0.7388888888888889 0.9395833333333333 0.7231481481481481 0.9348958333333334 0.6990740740740741 0.9307291666666667 0.6953703703703704 0.928125 0.700925925925926 0.9265625 0.7388888888888889 0.9296875 0.7648148148148148
5 0.41510416666666666 0.8138888888888889 0.415625 0.8185185185185185 0.42083333333333334 0.8203703703703704 0.425 0.8138888888888889 0.43802083333333336 0.812037037037037 0.4395833333333333 0.8175925925925925 0.44375 0.8185185185185185 0.44479166666666664 0.8138888888888889 0.4401041666666667 0.7777777777777778 0.44375 0.7592592592592593 0.4354166666666667 0.7425925925925926 0.4317708333333333 0.7425925925925926 0.4276041666666667 0.7555555555555555 0.4244791666666667 0.7842592592592592 0.41510416666666666 0.8138888888888889
4 0.5177083333333333 0.6333333333333333 0.5203125 0.6277777777777778 0.5291666666666667 0.6351851851851852 0.5302083333333333 0.6175925925925926 0.5270833333333333 0.5805555555555556 0.5239583333333333 0.5777777777777777 0.5197916666666667 0.5898148148148148 0.5151041666666667 0.6305555555555555 0.5177083333333333 0.6333333333333333
3 0.39010416666666664 0.7222222222222222 0.39010416666666664 0.7453703703703703 0.4 0.7481481481481481 0.40208333333333335 0.6805555555555556 0.3953125 0.6657407407407407 0.3921875 0.6666666666666666 0.3875 0.6842592592592592 0.38645833333333335 0.7064814814814815 0.39010416666666664 0.7222222222222222
5 0.21458333333333332 0.6972222222222222 0.225 0.6972222222222222 0.22864583333333333 0.6546296296296297 0.22447916666666667 0.6342592592592593 0.2203125 0.6305555555555555 0.21354166666666666 0.6518518518518519 0.21302083333333333 0.6935185185185185 0.21458333333333332 0.6972222222222222
4 0.6473958333333333 0.7925925925925926 0.6541666666666667 0.8018518518518518 0.6578125 0.812037037037037 0.6604166666666667 0.812037037037037 0.6625 0.8018518518518518 0.6578125 0.7898148148148149 0.6583333333333333 0.7703703703703704 0.6552083333333333 0.7509259259259259 0.65 0.737037037037037 0.6458333333333334 0.7351851851851852 0.64375 0.7425925925925926 0.6473958333333333 0.7925925925925926
5 0.478125 0.725 0.4828125 0.7240740740740741 0.4859375 0.7092592592592593 0.490625 0.712037037037037 0.49322916666666666 0.725925925925926 0.49583333333333335 0.725 0.4942708333333333 0.7046296296296296 0.49635416666666665 0.6925925925925925 0.49583333333333335 0.6796296296296296 0.4901041666666667 0.6592592592592592 0.48541666666666666 0.6611111111111111 0.48072916666666665 0.6814814814814815 0.48125 0.7 0.478125 0.725
4 0.203125 0.6851851851851852 0.20364583333333333 0.649074074074074 0.19895833333333332 0.6194444444444445 0.1953125 0.6212962962962963 0.19010416666666666 0.6425925925925926 0.18958333333333333 0.6851851851851852 0.203125 0.6851851851851852
4 0.34270833333333334 0.8546296296296296 0.34479166666666666 0.8768518518518519 0.3494791666666667 0.8796296296296297 0.353125 0.8740740740740741 0.3572916666666667 0.8444444444444444 0.36302083333333335 0.8333333333333334 0.3651041666666667 0.8027777777777778 0.3609375 0.7787037037037037 0.3567708333333333 0.7768518518518519 0.34427083333333336 0.8074074074074075 0.3458333333333333 0.8157407407407408 0.34270833333333334 0.8546296296296296
3 0.5677083333333334 0.5564814814814815 0.5734375 0.5583333333333333 0.575 0.5564814814814815 0.5760416666666667 0.5212962962962963 0.5723958333333333 0.5101851851851852 0.5671875 0.5157407407407407 0.565625 0.5287037037037037 0.5677083333333334 0.5564814814814815
5 0.9734375 0.8287037037037037 0.9729166666666667 0.8379629629629629 0.978125 0.8388888888888889 0.9817708333333334 0.8333333333333334 0.9890625 0.8305555555555556 0.9859375 0.7953703703703704 0.9869791666666666 0.7564814814814815 0.9828125 0.7361111111111112 0.978125 0.7361111111111112 0.9770833333333333 0.7398148148148148 0.9734375 0.7564814814814815 0.9729166666666667 0.7796296296296297 0.9708333333333333 0.7861111111111111 0.9703125 0.8101851851851852 0.9734375 0.8287037037037037
0 0.415625 0.8203703703703704 0.421875 0.8222222222222222 0.425 0.8185185185185185 0.42552083333333335 0.8138888888888889 0.42291666666666666 0.8074074074074075 0.4161458333333333 0.8101851851851852 0.41458333333333336 0.812962962962963 0.415625 0.8203703703703704
5 0.30520833333333336 0.9 0.3104166666666667 0.9018518518518519 0.31302083333333336 0.899074074074074 0.31197916666666664 0.8907407407407407 0.3177083333333333 0.875 0.3223958333333333 0.8796296296296297 0.3260416666666667 0.8953703703703704 0.3296875 0.9018518518518519 0.3333333333333333 0.9018518518518519 0.3307291666666667 0.8870370370370371 0.3307291666666667 0.8601851851851852 0.3223958333333333 0.8296296296296296 0.3125 0.8231481481481482 0.30833333333333335 0.825925925925926 0.30885416666666665 0.8555555555555555 0.30520833333333336 0.9
3 0.31979166666666664 0.5527777777777778 0.3296875 0.5527777777777778 0.3302083333333333 0.525 0.328125 0.5138888888888888 0.325 0.5120370370370371 0.32083333333333336 0.5157407407407407 0.3182291666666667 0.524074074074074 0.31979166666666664 0.5527777777777778
5 0.6614583333333334 0.8212962962962963 0.6770833333333334 0.8222222222222222 0.6791666666666667 0.8138888888888889 0.6723958333333333 0.7935185185185185 0.6734375 0.7537037037037037 0.66875 0.7324074074074074 0.665625 0.7296296296296296 0.6625 0.7333333333333333 0.6635416666666667 0.7611111111111111 0.6614583333333334 0.8212962962962963
5 0.32447916666666665 0.8055555555555556 0.32864583333333336 0.7953703703703704 0.33177083333333335 0.7712962962962963 0.3296875 0.7601851851851852 0.3260416666666667 0.7583333333333333 0.32395833333333335 0.7620370370370371 0.3182291666666667 0.7907407407407407 0.3177083333333333 0.8074074074074075 0.32447916666666665 0.8055555555555556
4 0.09114583333333333 0.7425925925925926 0.0953125 0.7435185185185185 0.10208333333333333 0.700925925925926 0.09635416666666667 0.6620370370370371 0.09427083333333333 0.662962962962963 0.0875 0.6833333333333333 0.08958333333333333 0.7324074074074074 0.09114583333333333 0.7425925925925926
5 0.3234375 0.8296296296296296 0.3234375 0.8407407407407408 0.3265625 0.85 0.325 0.8611111111111112 0.3260416666666667 0.8935185185185185 0.33229166666666665 0.9037037037037037 0.334375 0.9037037037037037 0.334375 0.8981481481481481 0.3453125 0.887962962962963 0.34739583333333335 0.8962962962962963 0.3536458333333333 0.8962962962962963 0.3453125 0.8694444444444445 0.34270833333333334 0.8490740740740741 0.34375 0.8416666666666667 0.3411458333333333 0.8388888888888889 0.34322916666666664 0.825925925925926 0.3385416666666667 0.812037037037037 0.3296875 0.7962962962962963 0.3255208333333333 0.7981481481481482 0.32083333333333336 0.8101851851851852 0.3182291666666667 0.8231481481481482 0.3234375 0.8296296296296296