5 0.6369791666666667 0.6268518518518519 0.640625 0.6268518518518519 0.6463541666666667 0.6185185185185185 0.6432291666666666 0.5916666666666667 0.640625 0.5842592592592593 0.6380208333333334 0.5842592592592593 0.634375 0.5944444444444444 0.6338541666666667 0.6222222222222222 0.6369791666666667 0.6268518518518519
5 0.4510416666666667 0.6314814814814815 0.4552083333333333 0.6342592592592593 0.45677083333333335 0.6231481481481481 0.4546875 0.5861111111111111 0.4510416666666667 0.5851851851851851 0.446875 0.5953703703703703 0.4484375 0.6222222222222222 0.4510416666666667 0.6314814814814815
3 0.5385416666666667 0.674074074074074 0.5401041666666667 0.6787037037037037 0.5463541666666667 0.6768518518518518 0.5489583333333333 0.6796296296296296 0.5494791666666666 0.6361111111111111 0.5447916666666667 0.6240740740740741 0.540625 0.6231481481481481 0.5390625 0.6268518518518519 0.5375 0.6333333333333333 0.5385416666666667 0.674074074074074
5 0.3489583333333333 0.6648148148148149 0.3619791666666667 0.6574074074074074 0.36302083333333335 0.6638888888888889 0.36614583333333334 0.6657407407407407 0.3640625 0.6222222222222222 0.3609375 0.6185185185185185 0.35520833333333335 0.6314814814814815 0.353125 0.6509259259259259 0.3489583333333333 0.6648148148148149
5 0.2994791666666667 0.712037037037037 0.3015625 0.7092592592592593 0.30416666666666664 0.6888888888888889 0.3026041666666667 0.6759259259259259 0.303125 0.6620370370370371 0.30572916666666666 0.6537037037037037 0.3046875 0.65 0.3020833333333333 0.6481481481481481 0.29583333333333334 0.6574074074074074 0.29375 0.6759259259259259 0.2953125 0.7046296296296296 0.2994791666666667 0.712037037037037
5 0.4901041666666667 0.6101851851851852 0.4942708333333333 0.6129629629629629 0.4947916666666667 0.6074074074074074 0.49114583333333334 0.5935185185185186 0.4921875 0.575925925925926 0.4859375 0.5740740740740741 0.4822916666666667 0.5833333333333334 0.4817708333333333 0.612037037037037 0.4901041666666667 0.6101851851851852
2 0.0890625 0.6537037037037037 0.09010416666666667 0.6564814814814814 0.09635416666666667 0.6564814814814814 0.0984375 0.6537037037037037 0.09635416666666667 0.6435185185185185 0.09791666666666667 0.6231481481481481 0.0953125 0.600925925925926 0.09010416666666667 0.600925925925926 0.0875 0.6111111111111112 0.08645833333333333 0.6277777777777778 0.0890625 0.6537037037037037
4 0.3140625 0.6907407407407408 0.3140625 0.7074074074074074 0.31927083333333334 0.7129629629629629 0.3223958333333333 0.7101851851851851 0.32395833333333335 0.7018518518518518 0.3260416666666667 0.6731481481481482 0.3234375 0.6537037037037037 0.3182291666666667 0.6509259259259259 0.31197916666666664 0.6657407407407407 0.31145833333333334 0.6824074074074075 0.3140625 0.6907407407407408
5 0.7317708333333334 0.6851851851851852 0.7359375 0.6851851851851852 0.7375 0.6787037037037037 0.7484375 0.6731481481481482 0.74375 0.6685185185185185 0.7375 0.6370370370370371 0.7348958333333333 0.6333333333333333 0.73125 0.6370370370370371 0.7307291666666667 0.6805555555555556 0.7317708333333334 0.6851851851851852
4 0.4 0.6638888888888889 0.4 0.6703703703703704 0.4041666666666667 0.6712962962962963 0.40729166666666666 0.6620370370370371 0.41302083333333334 0.6712962962962963 0.4166666666666667 0.6722222222222223 0.4192708333333333 0.6694444444444444 0.4171875 0.6398148148148148 0.41354166666666664 0.6185185185185185 0.4109375 0.6157407407407407 0.4088541666666667 0.6194444444444445 0.40572916666666664 0.6518518518518519 0.4 0.6638888888888889
4 0.5135416666666667 0.6027777777777777 0.5130208333333334 0.5898148148148148 0.5151041666666667 0.5833333333333334 0.5140625 0.5564814814814815 0.5088541666666667 0.5564814814814815 0.5052083333333334 0.5638888888888889 0.5036458333333333 0.6018518518518519 0.5135416666666667 0.6027777777777777
5 0.43020833333333336 0.6481481481481481 0.43645833333333334 0.6462962962962963 0.4375 0.6351851851851852 0.434375 0.625 0.43385416666666665 0.6046296296296296 0.4276041666666667 0.6092592592592593 0.4239583333333333 0.6175925925925926 0.4276041666666667 0.6444444444444445 0.43020833333333336 0.6481481481481481
4 0.6708333333333333 0.6037037037037037 0.675 0.6074074074074074 0.6770833333333334 0.5787037037037037 0.6697916666666667 0.5648148148148148 0.6651041666666667 0.575 0.6651041666666667 0.6055555555555555 0.6708333333333333 0.6037037037037037
4 0.9734375 0.6574074074074074 0.975 0.65 0.971875 0.6185185185185185 0.9666666666666667 0.6083333333333333 0.9635416666666666 0.6138888888888889 0.9645833333333333 0.6583333333333333 0.9734375 0.6574074074074074
4 0.7088541666666667 0.649074074074074 0.7130208333333333 0.6472222222222223 0.715625 0.65 0.7171875 0.6888888888888889 0.7302083333333333 0.6888888888888889 0.7265625 0.663425925925926 0.7270833333333333 0.6537037037037037 0.7208333333333333 0.6342592592592593 0.7130208333333333 0.6342592592592593 0.7072916666666667 0.6416666666666667 0.7067708333333333 0.6462962962962963 0.7088541666666667 0.649074074074074
4 0.9635416666666666 0.7212962962962963 0.9635416666666666 0.7351851851851852 0.9671875 0.737037037037037 0.9713541666666666 0.7324074074074074 0.9723958333333333 0.6851851851851852 0.9677083333333333 0.6703703703703704 0.9635416666666666 0.6694444444444444 0.9588541666666667 0.700925925925926 0.9635416666666666 0.7212962962962963
3 0.49322916666666666 0.5833333333333334 0.5005208333333333 0.5814814814814815 0.49947916666666664 0.5731481481481482 0.5020833333333333 0.5592592592592592 0.49375 0.5527777777777778 0.4890625 0.5638888888888889 0.4901041666666667 0.5805555555555556 0.49322916666666666 0.5833333333333334
3 0.9036458333333334 0.6074074074074074 0.9088541666666666 0.6083333333333333 0.9135416666666667 0.575925925925926 0.9104166666666667 0.5648148148148148 0.9036458333333334 0.5574074074074075 0.9 0.5592592592592592 0.8994791666666667 0.5879629629629629 0.9036458333333334 0.6074074074074074
4 0.434375 0.6425925925925926 0.4427083333333333 0.6435185185185185 0.44375 0.6398148148148148 0.4395833333333333 0.6287037037037037 0.4395833333333333 0.6212962962962963 0.4421875 0.6148148148148148 0.4354166666666667 0.6 0.4322916666666667 0.6037037037037037 0.43125 0.6231481481481481 0.434375 0.6425925925925926
4 0.41354166666666664 0.8009259259259259 0.41302083333333334 0.8222222222222222 0.4203125 0.825925925925926 0.4234375 0.8194444444444444 0.421875 0.7972222222222223 0.42604166666666665 0.7814814814814814 0.42552083333333335 0.762962962962963 0.4192708333333333 0.7453703703703703 0.415625 0.7425925925925926 0.41041666666666665 0.7648148148148148 0.4088541666666667 0.7842592592592592 0.41354166666666664 0.8009259259259259
4 0.70625 0.6425925925925926 0.7088541666666667 0.649074074074074 0.7208333333333333 0.637962962962963 0.71875 0.6305555555555555 0.7213541666666666 0.6092592592592593 0.7166666666666667 0.6 0.7135416666666666 0.6037037037037037 0.7135416666666666 0.6148148148148148 0.70625 0.6425925925925926
5 0.6427083333333333 0.6601851851851852 0.6484375 0.6537037037037037 0.6515625 0.6425925925925926 0.6510416666666666 0.6222222222222222 0.6463541666666667 0.6175925925925926 0.6427083333333333 0.6194444444444445 0.6385416666666667 0.6342592592592593 0.6380208333333334 0.6583333333333333 0.6427083333333333 0.6601851851851852
0 0.7119791666666667 0.649074074074074 0.7114583333333333 0.6398148148148148 0.7057291666666666 0.6416666666666667 0.70625 0.6481481481481481 0.7119791666666667 0.649074074074074
5 0.378125 0.7222222222222222 0.3828125 0.7268518518518519 0.38645833333333335 0.7212962962962963 0.3859375 0.6953703703703704 0.3921875 0.6888888888888889 0.39010416666666664 0.687962962962963 0.38697916666666665 0.6763888888888889 0.38645833333333335 0.6620370370370371 0.38229166666666664 0.6620370370370371 0.37864583333333335 0.6731481481481482 0.3765625 0.6814814814814815 0.378125 0.7222222222222222