4 0.32760416666666664 0.6287037037037037 0.32395833333333335 0.6157407407407407 0.32135416666666666 0.6157407407407407 0.3151041666666667 0.6259259259259259 0.31614583333333335 0.6583333333333333 0.3182291666666667 0.6657407407407407 0.3234375 0.6574074074074074 0.32760416666666664 0.6287037037037037
4 0.6286458333333333 0.6259259259259259 0.625 0.5907407407407408 0.6223958333333334 0.587037037037037 0.6161458333333333 0.5953703703703703 0.6145833333333334 0.5990740740740741 0.61875 0.6287037037037037 0.6223958333333334 0.6231481481481481 0.6286458333333333 0.6259259259259259
4 0.2109375 0.725 0.20989583333333334 0.6833333333333333 0.20833333333333334 0.6638888888888889 0.20625 0.6601851851851852 0.20260416666666667 0.662962962962963 0.2 0.6768518518518518 0.2 0.7074074074074074 0.19739583333333333 0.7175925925925926 0.2015625 0.7240740740740741 0.2109375 0.725
3 0.3880208333333333 0.7351851851851852 0.3927083333333333 0.7388888888888889 0.39791666666666664 0.6962962962962963 0.39427083333333335 0.6777777777777778 0.38958333333333334 0.6759259259259259 0.38125 0.6888888888888889 0.38125 0.6972222222222222 0.3859375 0.7046296296296296 0.3880208333333333 0.7351851851851852
4 0.35625 0.8490740740740741 0.3489583333333333 0.837037037037037 0.3453125 0.837037037037037 0.33958333333333335 0.8490740740740741 0.3411458333333333 0.9 0.35260416666666666 0.9027777777777778 0.35572916666666665 0.8870370370370371 0.35625 0.8490740740740741
5 0.2994791666666667 0.625 0.29375 0.625 0.2911458333333333 0.6342592592592593 0.290625 0.662962962962963 0.2953125 0.6638888888888889 0.2989583333333333 0.6564814814814814 0.2994791666666667 0.625
5 0.459375 0.7824074074074074 0.46145833333333336 0.7787037037037037 0.4609375 0.7638888888888888 0.46458333333333335 0.7462962962962963 0.4640625 0.7305555555555555 0.4588541666666667 0.7175925925925926 0.44947916666666665 0.7351851851851852 0.4484375 0.7407407407407407 0.45260416666666664 0.7537037037037037 0.4505208333333333 0.774074074074074 0.459375 0.7824074074074074
4 0.5328125 0.6907407407407408 0.5364583333333334 0.65 0.5328125 0.6425925925925926 0.525 0.6462962962962963 0.5260416666666666 0.6592592592592592 0.5171875 0.6851851851851852 0.5171875 0.6898148148148148 0.5244791666666667 0.6851851851851852 0.5291666666666667 0.6925925925925925 0.5328125 0.6907407407407408
5 0.35885416666666664 0.6907407407407408 0.35885416666666664 0.6472222222222223 0.3546875 0.6462962962962963 0.35 0.6574074074074074 0.34427083333333336 0.687962962962963 0.3453125 0.6962962962962963 0.3572916666666667 0.6944444444444444 0.35885416666666664 0.6907407407407408
4 0.8104166666666667 0.7018518518518518 0.8088541666666667 0.6768518518518518 0.8057291666666667 0.6620370370370371 0.8020833333333334 0.6546296296296297 0.7973958333333333 0.6564814814814814 0.7942708333333334 0.700925925925926 0.7984375 0.7027777777777777 0.8010416666666667 0.6981481481481482 0.8104166666666667 0.7018518518518518
5 0.5338541666666666 0.6222222222222222 0.5286458333333334 0.6222222222222222 0.5244791666666667 0.6287037037037037 0.5260416666666666 0.6509259259259259 0.5291666666666667 0.6518518518518519 0.5354166666666667 0.6462962962962963 0.5338541666666666 0.6222222222222222
5 0.7807291666666667 0.7203703703703703 0.78125 0.7101851851851851 0.7786458333333334 0.7005555555555556 0.7770833333333333 0.675 0.7708333333333334 0.6657407407407407 0.7666666666666667 0.6787037037037037 0.7671875 0.6935185185185185 0.7713541666666667 0.7129629629629629 0.7786458333333334 0.7212962962962963 0.7807291666666667 0.7203703703703703
5 0.2520833333333333 0.6564814814814814 0.25 0.6425925925925926 0.246875 0.6407407407407407 0.2421875 0.6555555555555556 0.24166666666666667 0.6925925925925925 0.24322916666666666 0.6953703703703704 0.2520833333333333 0.6935185185185185 0.2520833333333333 0.6564814814814814
5 0.17760416666666667 0.700925925925926 0.1734375 0.700925925925926 0.16979166666666667 0.7157407407407408 0.17135416666666667 0.762962962962963 0.1765625 0.7666666666666667 0.1796875 0.7472222222222222 0.17760416666666667 0.700925925925926
4 0.5604166666666667 0.7527777777777778 0.5661458333333333 0.712037037037037 0.5604166666666667 0.6972222222222222 0.5526041666666667 0.6990740740740741 0.5541666666666667 0.7518518518518519 0.5557291666666667 0.7574074074074074 0.5578125 0.7574074074074074 0.5604166666666667 0.7527777777777778
3 0.32916666666666666 0.6064814814814815 0.3375 0.6064814814814815 0.340625 0.5879629629629629 0.33958333333333335 0.5777777777777777 0.3338541666666667 0.5731481481481482 0.3255208333333333 0.5740740740740741 0.3255208333333333 0.5851851851851851 0.32864583333333336 0.5972222222222222 0.32708333333333334 0.6027777777777777 0.32916666666666666 0.6064814814814815
0 0.7979166666666667 0.6851851851851852 0.79375 0.6944444444444444 0.79375 0.7018518518518518 0.7984375 0.7046296296296296 0.8010416666666667 0.6888888888888889 0.7979166666666667 0.6851851851851852
5 0.384375 0.687962962962963 0.378125 0.6685185185185185 0.37447916666666664 0.6712962962962963 0.37135416666666665 0.6814814814814815 0.3734375 0.7277777777777777 0.3770833333333333 0.7314814814814815 0.3802083333333333 0.7240740740740741 0.384375 0.687962962962963
4 0.12604166666666666 0.8694444444444445 0.13072916666666667 0.8731481481481481 0.1328125 0.8666666666666667 0.1296875 0.8111111111111111 0.140625 0.7842592592592592 0.1375 0.7814814814814814 0.1328125 0.7925925925925926 0.12083333333333333 0.787962962962963 0.11927083333333334 0.7833333333333333 0.1171875 0.7861111111111111 0.12239583333333333 0.8490740740740741 0.11458333333333333 0.8703703703703703 0.11875 0.8759259259259259 0.12604166666666666 0.8694444444444445
5 0.5557291666666667 0.6972222222222222 0.5541666666666667 0.6620370370370371 0.5526041666666667 0.6574074074074074 0.5484375 0.6564814814814814 0.5442708333333334 0.6675925925925926 0.5473958333333333 0.6972222222222222 0.5489583333333333 0.7018518518518518 0.5526041666666667 0.7027777777777777 0.5557291666666667 0.6972222222222222
4 0.3104166666666667 0.6620370370370371 0.30625 0.6583333333333333 0.30104166666666665 0.6685185185185185 0.30104166666666665 0.7129629629629629 0.3067708333333333 0.7148148148148148 0.3109375 0.6888888888888889 0.3104166666666667 0.6620370370370371
3 0.975 0.950925925925926 0.990625 0.9398148148148148 0.990625 0.925 0.99375 0.912962962962963 0.9911458333333333 0.9 0.9828125 0.8833333333333333 0.9791666666666666 0.8870370370370371 0.9744791666666667 0.9 0.975 0.9268518518518518 0.9666666666666667 0.962037037037037 0.9697916666666667 0.9657407407407408 0.975 0.950925925925926
3 0.6098958333333333 0.5972222222222222 0.6098958333333333 0.575 0.6067708333333334 0.5694444444444444 0.6026041666666667 0.5722222222222222 0.6 0.5796296296296296 0.5994791666666667 0.612037037037037 0.6041666666666666 0.6129629629629629 0.6078125 0.6074074074074074 0.6098958333333333 0.5972222222222222
4 0.8416666666666667 0.8166666666666667 0.8453125 0.8157407407407408 0.846875 0.8018518518518518 0.8458333333333333 0.7814814814814814 0.8505208333333333 0.7712962962962963 0.8421875 0.7435185185185185 0.8375 0.7472222222222222 0.8333333333333334 0.7620370370370371 0.8338541666666667 0.783950925925926 0.828125 0.799074074074074 0.828125 0.8055555555555556 0.8416666666666667 0.8166666666666667