5 0.5625 0.6768518518518518 0.5708333333333333 0.6537037037037037 0.5703125 0.637962962962963 0.5671875 0.6361111111111111 0.5635416666666667 0.6407407407407407 0.5520833333333334 0.6703703703703704 0.553125 0.6759259259259259 0.5625 0.6768518518518518
4 0.403125 0.6296296296296297 0.4161458333333333 0.6305555555555555 0.4192708333333333 0.5962962962962963 0.41510416666666666 0.5944444444444444 0.4119791666666667 0.5981481481481481 0.40260416666666665 0.6222222222222222 0.4015625 0.6268518518518519 0.403125 0.6296296296296297
5 0.6015625 0.6296296296296297 0.6114583333333333 0.6342592592592593 0.6125 0.6305555555555555 0.6052083333333333 0.5981481481481481 0.6 0.5972222222222222 0.5989583333333334 0.6037037037037037 0.6015625 0.6296296296296297
5 0.3338541666666667 0.6416666666666667 0.3338541666666667 0.6453703703703704 0.3385416666666667 0.65 0.33489583333333334 0.6685185185185185 0.33489583333333334 0.6731481481481482 0.3375 0.6759259259259259 0.34427083333333336 0.6731481481481482 0.3463541666666667 0.6574074074074074 0.35052083333333334 0.6462962962962963 0.3484375 0.6305555555555555 0.34322916666666664 0.6287037037037037 0.33645833333333336 0.6435185185185185 0.3338541666666667 0.6416666666666667
5 0.18125 0.6601851851851852 0.18541666666666667 0.662962962962963 0.19479166666666667 0.6574074074074074 0.19375 0.65 0.196875 0.6194444444444445 0.19270833333333334 0.6129629629629629 0.18854166666666666 0.6222222222222222 0.1796875 0.65 0.18125 0.6601851851851852
2 0.020833333333333332 0.6611111111111111 0.029166666666666667 0.6592592592592592 0.030729166666666665 0.6574074074074074 0.030208333333333334 0.6401231481481481 0.0328125 0.6296296296296297 0.03697916666666667 0.6268518518518519 0.030729166666666665 0.6240740740740741 0.029166666666666667 0.6055555555555555 0.0171875 0.6074074074074074 0.016145833333333335 0.6537037037037037 0.020833333333333332 0.6611111111111111
4 0.30572916666666666 0.7546296296296297 0.3177083333333333 0.7527777777777778 0.3151041666666667 0.7 0.309375 0.687962962962963 0.3026041666666667 0.7018518518518518 0.303125 0.7518518518518519 0.30572916666666666 0.7546296296296297
4 0.6885416666666667 0.6388888888888888 0.6932291666666667 0.6398148148148148 0.6963541666666667 0.6064814814814815 0.69375 0.5972222222222222 0.6890625 0.5990740740740741 0.6859375 0.6259259259259259 0.6885416666666667 0.6388888888888888
4 0.13177083333333334 0.6777777777777778 0.134375 0.6888888888888889 0.13854166666666667 0.6898148148148148 0.14375 0.6731481481481482 0.14427083333333332 0.6388888888888888 0.140625 0.6370370370370371 0.1328125 0.6509259259259259 0.13072916666666667 0.6574074074074074 0.13177083333333334 0.6777777777777778
4 0.8442708333333333 0.7166666666666667 0.8489583333333334 0.7166666666666667 0.853125 0.7092592592592593 0.8552083333333333 0.6907407407407408 0.8541666666666666 0.6694444444444444 0.8489583333333334 0.6592592592592592 0.8453125 0.6583333333333333 0.840625 0.6759259259259259 0.8421875 0.7129629629629629 0.8442708333333333 0.7166666666666667
4 0.209375 0.6824074074074075 0.21354166666666666 0.6675925925925926 0.22395833333333334 0.6537037037037037 0.21927083333333333 0.637962962962963 0.21614583333333334 0.6370370370370371 0.20989583333333334 0.6462962962962963 0.203125 0.6703703703703704 0.203125 0.6787037037037037 0.209375 0.6824074074074075
0 0.4588541666666667 0.6185185185185185 0.4557291666666667 0.612037037037037 0.45260416666666664 0.6157407407407407 0.45416666666666666 0.6222222222222222 0.4588541666666667 0.6185185185185185
5 0.23697916666666666 0.6351851851851852 0.24375 0.6472222222222223 0.2484375 0.6175925925925926 0.24791666666666667 0.5990740740740741 0.24375 0.5981481481481481 0.24114583333333334 0.6074074074074074 0.24010416666666667 0.6240740740740741 0.23697916666666666 0.6351851851851852
4 0.5015625 0.6712962962962963 0.5057291666666667 0.6731481481481482 0.5192708333333333 0.6407407407407407 0.5171875 0.6314814814814815 0.5130208333333334 0.6305555555555555 0.503125 0.6453703703703704 0.5057291666666667 0.6583333333333333 0.5015625 0.6712962962962963
3 0.871875 0.9685185185185186 0.884375 0.9675925925925926 0.8885416666666667 0.9722222222222222 0.8921875 0.9027777777777778 0.8848958333333333 0.8796296296296297 0.8807291666666667 0.8777777777777778 0.8770833333333333 0.8898148148148148 0.8739583333333333 0.8925925925925926 0.8708333333333333 0.9185185185185185 0.8692708333333333 0.9481481481481482 0.871875 0.9685185185185186
5 0.12291666666666666 0.6851851851851852 0.12708333333333333 0.6768518518518518 0.13020833333333334 0.6796296296296296 0.13385416666666666 0.6777777777777778 0.13645833333333332 0.6527777777777778 0.14010416666666667 0.6462962962962963 0.14270833333333333 0.6472222222222223 0.14270833333333333 0.637962962962963 0.13802083333333334 0.6425925925925926 0.13489583333333333 0.6342592592592593 0.13072916666666667 0.6342592592592593 0.1203125 0.6731481481481482 0.11979166666666667 0.6777777777777778 0.12291666666666666 0.6851851851851852
5 0.32395833333333335 0.6074074074074074 0.3260416666666667 0.6027777777777777 0.3260416666666667 0.5953703703703703 0.3223958333333333 0.5842592592592593 0.3171875 0.5833333333333334 0.3151041666666667 0.5898148148148148 0.3140625 0.6138888888888889 0.32395833333333335 0.6074074074074074
3 0.32083333333333336 0.5907407407407408 0.3234375 0.5787037037037037 0.31666666666666665 0.5638888888888889 0.31354166666666666 0.562962962962963 0.309375 0.5712962962962963 0.3104166666666667 0.5935185185185186 0.32083333333333336 0.5907407407407408
5 0.30625 0.6453703703703704 0.3104166666666667 0.6351851851851852 0.31354166666666666 0.6148148148148148 0.31197916666666664 0.6027777777777777 0.3078125 0.6027777777777777 0.30364583333333334 0.6166666666666667 0.3015625 0.6462962962962963 0.30625 0.6453703703703704
4 0.21614583333333334 0.6509259259259259 0.21927083333333333 0.6564814814814814 0.22447916666666667 0.6555555555555556 0.2265625 0.6509259259259259 0.228125 0.6305555555555555 0.2265625 0.6064814814814815 0.22239583333333332 0.6083333333333333 0.21770833333333334 0.625 0.21510416666666668 0.6407407407407407 0.21614583333333334 0.6509259259259259
5 0.33645833333333336 0.6259259259259259 0.34479166666666666 0.6203703703703703 0.3494791666666667 0.6046296296296296 0.3489583333333333 0.5935185185185186 0.340625 0.5907407407407408 0.33489583333333334 0.612037037037037 0.3338541666666667 0.6222222222222222 0.33645833333333336 0.6259259259259259
5 0.2625 0.6231481481481481 0.265625 0.6194444444444445 0.26666666666666666 0.5907407407407408 0.2630208333333333 0.5787037037037037 0.2598958333333333 0.5805555555555556 0.25625 0.5907407407407408 0.2557291666666667 0.6212962962962963 0.2625 0.6231481481481481
3 0.33541666666666664 0.6435185185185185 0.34010416666666665 0.637962962962963 0.3411458333333333 0.6287037037037037 0.3453125 0.6203703703703703 0.3489583333333333 0.5953703703703703 0.3458333333333333 0.5907407407407408 0.3411458333333333 0.5916666666666667 0.334375 0.6129629629629629 0.3333333333333333 0.6425925925925926 0.33541666666666664 0.6435185185185185
3 0.7786458333333334 0.6111111111111112 0.7807291666666667 0.612037037037037 0.7828125 0.6111111111111112 0.7854166666666667 0.5824074074074074 0.7838541666666666 0.5731481481481482 0.7786458333333334 0.5694444444444444 0.7770833333333333 0.5879629629629629 0.7786458333333334 0.6111111111111112