4 0.2635416666666667 0.6712962962962963 0.2630208333333333 0.6787037037037037 0.2682291666666667 0.6805555555555556 0.2760416666666667 0.6925925925925925 0.2796875 0.6888888888888889 0.2791666666666667 0.649074074074074 0.2760416666666667 0.6342592592592593 0.2713541666666667 0.637962962962963 0.26979166666666665 0.6601851851851852 0.2635416666666667 0.6712962962962963
1 0.9057291666666667 0.6388888888888888 0.9234375 0.6444444444444445 0.9239583333333333 0.6148148148148148 0.9213541666666667 0.6046296296296296 0.9161458333333333 0.5972222222222222 0.9109375 0.5972222222222222 0.909375 0.600925925925926 0.9104166666666667 0.6203703703703703 0.9057291666666667 0.6388888888888888
4 0.20052083333333334 0.6111111111111112 0.20364583333333333 0.6148148148148148 0.21354166666666666 0.6157407407407407 0.215625 0.6083333333333333 0.2140625 0.5685185185185185 0.20885416666666667 0.5657407407407408 0.2046875 0.575 0.20416666666666666 0.5935185185185186 0.20052083333333334 0.6111111111111112
4 0.5713541666666667 0.6027777777777777 0.5755208333333334 0.6027777777777777 0.5791666666666667 0.5685185185185185 0.5760416666666667 0.5601851851851852 0.5723958333333333 0.5611111111111111 0.56875 0.5675925925925925 0.5666666666666667 0.5796296296296296 0.565625 0.5953703703703703 0.5713541666666667 0.6027777777777777
3 0.4510416666666667 0.6259259259259259 0.4552083333333333 0.6240740740740741 0.4625 0.612037037037037 0.46145833333333336 0.600925925925926 0.4630208333333333 0.5907407407407408 0.46041666666666664 0.5768518518518518 0.4552083333333333 0.575925925925926 0.45364583333333336 0.5787037037037037 0.45 0.6175925925925926 0.4510416666666667 0.6259259259259259
4 0.12916666666666668 0.6305555555555555 0.13489583333333333 0.6444444444444445 0.13854166666666667 0.6444444444444445 0.14270833333333333 0.6342592592592593 0.14270833333333333 0.5990740740740741 0.14010416666666667 0.5935185185185186 0.13645833333333332 0.5925925925925926 0.13333333333333333 0.6037037037037037 0.13177083333333334 0.6240740740740741 0.12916666666666668 0.6305555555555555
5 0.15104166666666666 0.6851851851851852 0.15416666666666667 0.6888888888888889 0.15677083333333333 0.6842592592592592 0.16510416666666666 0.6833333333333333 0.16822916666666668 0.6907407407407408 0.17291666666666666 0.6898148148148148 0.16875 0.6620370370370371 0.16875 0.637962962962963 0.16614583333333333 0.6333333333333333 0.16302083333333334 0.6342592592592593 0.15833333333333333 0.6462962962962963 0.159375 0.6592592592592592 0.15104166666666666 0.6851851851851852
5 0.5208333333333334 0.6648148148148149 0.5213541666666667 0.6712962962962963 0.5239583333333333 0.6722222222222223 0.5276041666666667 0.6685185185185185 0.5328125 0.6694444444444444 0.5390625 0.6546296296296297 0.5380208333333333 0.6416666666666667 0.5395833333333333 0.637962962962963 0.5348958333333333 0.6175925925925926 0.5322916666666667 0.6148148148148148 0.5270833333333333 0.6268518518518519 0.5270833333333333 0.6518518518518519 0.5208333333333334 0.6648148148148149
4 0.05260416666666667 0.7787037037037037 0.05677083333333333 0.7842592592592592 0.06875 0.7842592592592592 0.07291666666666667 0.7555555555555555 0.07291666666666667 0.7361111111111112 0.06927083333333334 0.7083333333333334 0.06510416666666667 0.7092592592592593 0.06041666666666667 0.7268518518518519 0.059895833333333336 0.7509259259259259 0.05260416666666667 0.7787037037037037
4 0.7604166666666666 0.6574074074074074 0.7635416666666667 0.6583333333333333 0.7671875 0.6342592592592593 0.7661458333333333 0.6194444444444445 0.7619791666666667 0.6074074074074074 0.7546875 0.6064814814814815 0.7541666666666667 0.6453703703703704 0.7604166666666666 0.6574074074074074
4 0.3 0.5953703703703703 0.30052083333333335 0.5981481481481481 0.30885416666666665 0.6018518518518519 0.3125 0.6055555555555555 0.3151041666666667 0.6148148148148148 0.3182291666666667 0.6157407407407407 0.3203125 0.6111111111111112 0.31666666666666665 0.5953703703703703 0.31614583333333335 0.5740740740740741 0.3140625 0.5675925925925925 0.3104166666666667 0.5675925925925925 0.30885416666666665 0.5712962962962963 0.3078125 0.5814814814814815 0.3 0.5953703703703703
5 0.39791666666666664 0.6416666666666667 0.3984375 0.6462962962962963 0.4161458333333333 0.649074074074074 0.4171875 0.6462962962962963 0.41354166666666664 0.6351851851851852 0.4140625 0.6129629629629629 0.4119791666666667 0.5990740740740741 0.4078125 0.5981481481481481 0.4041666666666667 0.6101851851851852 0.4041666666666667 0.6296296296296297 0.39791666666666664 0.6416666666666667
5 0.013541666666666667 0.6472222222222223 0.0203125 0.6342592592592593 0.020833333333333332 0.6259259259259259 0.016666666666666666 0.5962962962962963 0.0125 0.5944444444444444 0.0109375 0.5981481481481481 0.007291666666666667 0.6425925925925926 0.013541666666666667 0.6472222222222223
5 0.1515625 0.6324074074074074 0.15729166666666666 0.6333333333333333 0.1609375 0.6185185185185185 0.16197916666666667 0.5990740740740741 0.16041666666666668 0.5833333333333334 0.15677083333333333 0.5814814814814815 0.153125 0.5935185185185186 0.14947916666666666 0.6231481481481481 0.1515625 0.6324074074074074
5 0.5192708333333333 0.5962962962962963 0.525 0.5981481481481481 0.5265625 0.5953703703703703 0.5260416666666666 0.5685185185185185 0.5203125 0.5564814814814815 0.5166666666666667 0.5564814814814815 0.515625 0.5601851851851852 0.5145833333333333 0.5685185185185185 0.5192708333333333 0.5962962962962963
4 0.4947916666666667 0.6342592592592593 0.5135416666666667 0.6407407407407407 0.5083333333333333 0.6185185185185185 0.5088541666666667 0.6064814814814815 0.5057291666666667 0.587037037037037 0.5015625 0.5898148148148148 0.49270833333333336 0.6305555555555555 0.4947916666666667 0.6342592592592593
5 0.6833333333333333 0.712037037037037 0.6854166666666667 0.7148148148148148 0.6901041666666666 0.7148148148148148 0.6989583333333333 0.6990740740740741 0.7026041666666667 0.6814814814814815 0.7010416666666667 0.662962962962963 0.696875 0.6611111111111111 0.690625 0.6777777777777778 0.6890625 0.6944444444444444 0.6833333333333333 0.712037037037037
5 0.7557291666666667 0.6435185185185185 0.7609375 0.6074074074074074 0.7552083333333334 0.5990740740740741 0.75 0.6111111111111112 0.7489583333333333 0.6425925925925926 0.7557291666666667 0.6435185185185185
4 0.7244791666666667 0.6425925925925926 0.728125 0.6388888888888888 0.7317708333333334 0.6259259259259259 0.7307291666666667 0.612037037037037 0.7322916666666667 0.6027777777777777 0.7244791666666667 0.587037037037037 0.7208333333333333 0.5907407407407408 0.7203125 0.637962962962963 0.7244791666666667 0.6425925925925926