5 0.2682291666666667 0.5425925925925926 0.26875 0.5370370370370371 0.2635416666666667 0.5166666666666667 0.2604166666666667 0.5203703703703704 0.259375 0.5287037037037037 0.2578125 0.5675925925925925 0.271875 0.5675925925925925 0.27291666666666664 0.5638888888888889 0.2682291666666667 0.5425925925925926
5 0.41354166666666664 0.6185185185185185 0.409375 0.562962962962963 0.40677083333333336 0.5638888888888889 0.4036458333333333 0.575 0.4036458333333333 0.5907407407407408 0.3984375 0.6064814814814815 0.4 0.6157407407407407 0.40520833333333334 0.6083333333333333 0.4114583333333333 0.6194444444444445 0.41354166666666664 0.6185185185185185
5 0.4427083333333333 0.5611111111111111 0.4453125 0.5444444444444444 0.44375 0.5166666666666667 0.4390625 0.5166666666666667 0.4354166666666667 0.5277777777777778 0.4359375 0.5481481481481482 0.43385416666666665 0.5564814814814815 0.4375 0.562037037037037 0.4427083333333333 0.5611111111111111
4 0.6927083333333334 0.5351851851851852 0.6895833333333333 0.5064814814814815 0.6859375 0.5 0.6828125 0.5046296296296297 0.6791666666666667 0.5407407407407407 0.68125 0.5444444444444444 0.6911458333333333 0.5444444444444444 0.6927083333333334 0.5351851851851852
5 0.3963541666666667 0.5055555555555555 0.3921875 0.5074074074074074 0.39010416666666664 0.5296296296296297 0.38958333333333334 0.5555555555555556 0.3984375 0.5564814814814815 0.3984375 0.5212962962962963 0.3963541666666667 0.5055555555555555
5 0.3078125 0.5166666666666667 0.3072916666666667 0.5046296296296297 0.3026041666666667 0.5018518518518519 0.30052083333333335 0.512962962962963 0.2994791666666667 0.5472222222222223 0.309375 0.5472222222222223 0.3104166666666667 0.524074074074074 0.3078125 0.5166666666666667
4 0.728125 0.5675925925925925 0.7354166666666667 0.5666666666666667 0.7369791666666666 0.5564814814814815 0.7359375 0.5305555555555556 0.73125 0.5212962962962963 0.725 0.5231481481481481 0.7244791666666667 0.5370370370370371 0.7286458333333333 0.5546296296296296 0.7260416666666667 0.5638888888888889 0.728125 0.5675925925925925
3 0.5171875 0.5222222222222223 0.5171875 0.49907407407407406 0.5161458333333333 0.49074074074074076 0.5135416666666667 0.48703703703703705 0.5104166666666666 0.4935185185185185 0.5104166666666666 0.5333333333333333 0.5140625 0.5361111111111111 0.5161458333333333 0.5333333333333333 0.5171875 0.5222222222222223
4 0.05260416666666667 0.6259259259259259 0.05677083333333333 0.6268518518518519 0.05625 0.5731481481481482 0.0515625 0.5657407407407408 0.04791666666666667 0.575 0.04479166666666667 0.6055555555555555 0.03697916666666667 0.6148148148148148 0.049479166666666664 0.6148148148148148 0.05260416666666667 0.6259259259259259
5 0.2890625 0.5361111111111111 0.2869791666666667 0.5333333333333333 0.28020833333333334 0.55 0.2786458333333333 0.5851851851851851 0.290625 0.5814814814814815 0.2916666666666667 0.5527777777777778 0.2890625 0.5361111111111111
4 0.6208333333333333 0.47685185185185186 0.61875 0.47129629629629627 0.615625 0.47314814814814815 0.6140625 0.47962962962962963 0.6140625 0.4962962962962963 0.6109375 0.512962962962963 0.6229166666666667 0.5138888888888888 0.6208333333333333 0.47685185185185186
4 0.2557291666666667 0.46111111111111114 0.2515625 0.46296296296296297 0.2453125 0.4898148148148148 0.246875 0.4962962962962963 0.2557291666666667 0.49722222222222223 0.25729166666666664 0.49444444444444446 0.2557291666666667 0.46111111111111114
5 0.7338541666666667 0.5638888888888889 0.7333333333333333 0.5481481481481482 0.7354166666666667 0.5333333333333333 0.7286458333333333 0.5194444444444445 0.7244791666666667 0.5194444444444445 0.7203125 0.5333333333333333 0.7192708333333333 0.5555555555555556 0.7208333333333333 0.5675925925925925 0.7276041666666667 0.5712962962962963 0.7338541666666667 0.5638888888888889
4 0.5526041666666667 0.4981481481481482 0.5484375 0.49722222222222223 0.5447916666666667 0.5064814814814815 0.54375 0.5370370370370371 0.5536458333333333 0.5435185185185185 0.5557291666666667 0.5398148148148149 0.5526041666666667 0.4981481481481482
3 0.23229166666666667 0.45555555555555555 0.228125 0.462037037037037 0.22760416666666666 0.48703703703703705 0.23229166666666667 0.49074074074074076 0.2375 0.4777777777777778 0.23229166666666667 0.45555555555555555
5 0.5817708333333333 0.5018518518518519 0.5760416666666667 0.4925925925925926 0.5729166666666666 0.5009259259259259 0.5708333333333333 0.5148148148148148 0.5765625 0.5324074074074074 0.5807291666666666 0.5324074074074074 0.5817708333333333 0.5018518518518519
5 0.27291666666666664 0.512962962962963 0.27239583333333334 0.5027777777777778 0.26875 0.47685185185185186 0.2671875 0.4759259259259259 0.26458333333333334 0.48333333333333334 0.2609375 0.5138888888888888 0.2630208333333333 0.5166666666666667 0.2713541666666667 0.5157407407407407 0.27291666666666664 0.512962962962963
4 0.015625 0.5138888888888888 0.013020833333333334 0.5111111111111111 0.009375 0.5203703703703704 0.008854166666666666 0.562037037037037 0.014583333333333334 0.5648148148148148 0.0171875 0.5537037037037037 0.015625 0.5138888888888888
4 0.6755208333333333 0.487962962962963 0.6723958333333333 0.4787037037037037 0.6677083333333333 0.4787037037037037 0.6671875 0.5175925925925926 0.6739583333333333 0.5203703703703704 0.6755208333333333 0.5175925925925926 0.6755208333333333 0.487962962962963
0 0.55625 0.5398148148148149 0.5526041666666667 0.5287037037037037 0.5489583333333333 0.5351851851851852 0.5484375 0.5398148148148149 0.5526041666666667 0.5462962962962963 0.5557291666666667 0.5444444444444444 0.55625 0.5398148148148149
4 0.5796875 0.5194444444444445 0.5744791666666667 0.5092592592592593 0.5697916666666667 0.5148148148148148 0.5682291666666667 0.5212962962962963 0.5682291666666667 0.5361111111111111 0.5651041666666666 0.5444444444444444 0.5760416666666667 0.5564814814814815 0.5796875 0.5194444444444445
5 0.6041666666666666 0.49722222222222223 0.6052083333333333 0.47962962962962963 0.603125 0.46944444444444444 0.5994791666666667 0.46944444444444444 0.596875 0.4787037037037037 0.596875 0.5092592592592593 0.6036458333333333 0.5092592592592593 0.6057291666666667 0.5046296296296297 0.6041666666666666 0.49722222222222223
4 0.30625 0.6148148148148148 0.3078125 0.6111111111111112 0.3026041666666667 0.5574074074074075 0.2989583333333333 0.5592592592592592 0.29583333333333334 0.5675925925925925 0.2864583333333333 0.6064814814814815 0.29739583333333336 0.6027777777777777 0.3026041666666667 0.6138888888888889 0.30625 0.6148148148148148