1 0.22239583333333332 0.5481481481481482 0.22395833333333334 0.5370370370370371 0.22239583333333332 0.5287037037037037 0.21666666666666667 0.5185185185185185 0.21302083333333333 0.5287037037037037 0.21458333333333332 0.575925925925926 0.21666666666666667 0.5777777777777777 0.22760416666666666 0.5675925925925925 0.22239583333333332 0.5481481481481482
5 0.5583333333333333 0.6305555555555555 0.5578125 0.5861111111111111 0.5526041666666667 0.5712962962962963 0.5479166666666667 0.5712962962962963 0.5447916666666667 0.5805555555555556 0.5473958333333333 0.6259259259259259 0.5520833333333334 0.6342592592592593 0.5567708333333333 0.6342592592592593 0.5583333333333333 0.6305555555555555
3 0.8885416666666667 0.6277777777777778 0.8932291666666666 0.5833333333333334 0.8880208333333334 0.5703703703703704 0.884375 0.5694444444444444 0.8786458333333333 0.5842592592592593 0.8807291666666667 0.6064814814814815 0.8786458333333333 0.6259259259259259 0.884375 0.6324074074074074 0.8885416666666667 0.6277777777777778
4 0.753125 0.6638888888888889 0.7557291666666667 0.6666666666666666 0.7567708333333333 0.6574074074074074 0.7520833333333333 0.6416666666666667 0.7541666666666667 0.6185185185185185 0.7494791666666667 0.6064814814814815 0.7442708333333333 0.6037037037037037 0.7401041666666667 0.6111111111111112 0.7442708333333333 0.6518518518518519 0.7432291666666667 0.6666666666666666 0.753125 0.6638888888888889
5 0.7359375 0.5842592592592593 0.7364583333333333 0.5574074074074075 0.7291666666666666 0.5425925925925926 0.725 0.5518518518518518 0.7244791666666667 0.562037037037037 0.728125 0.5888888888888889 0.7328125 0.5953703703703703 0.7359375 0.5842592592592593
5 0.9177083333333333 0.575 0.9104166666666667 0.5638888888888889 0.9057291666666667 0.5777777777777777 0.9067708333333333 0.6185185185185185 0.915625 0.6185185185185185 0.91875 0.587037037037037 0.9177083333333333 0.575
4 0.7203125 0.6083333333333333 0.7239583333333334 0.6083333333333333 0.7171875 0.5694444444444444 0.7135416666666666 0.5592592592592592 0.7083333333333334 0.5592592592592592 0.7083333333333334 0.6111111111111112 0.7130208333333333 0.612037037037037 0.71875 0.6037037037037037 0.7203125 0.6083333333333333
4 0.3927083333333333 0.5101851851851852 0.39010416666666664 0.5111111111111111 0.38697916666666665 0.5203703703703704 0.3848958333333333 0.549074074074074 0.384375 0.5601851851851852 0.3880208333333333 0.5648148148148148 0.39947916666666666 0.5601851851851852 0.3927083333333333 0.5101851851851852
4 0.29791666666666666 0.8194444444444444 0.3015625 0.8194444444444444 0.3104166666666667 0.7592592592592593 0.3104166666666667 0.7472222222222222 0.3026041666666667 0.7231481481481481 0.2984375 0.7268518518518519 0.29739583333333336 0.7342592592592593 0.2916666666666667 0.7462962962962963 0.290625 0.7824074074074074 0.28541666666666665 0.8138888888888889 0.29583333333333334 0.8138888888888889 0.29791666666666666 0.8194444444444444
5 0.8739583333333333 0.6768518518518518 0.8713541666666667 0.6851851851851852 0.8828125 0.6851851851851852 0.884375 0.6777777777777778 0.8822916666666667 0.6685185185185185 0.8875 0.6555555555555556 0.8848958333333333 0.6305555555555555 0.8744791666666667 0.6231481481481481 0.8651041666666667 0.6416666666666667 0.8651041666666667 0.65 0.8713541666666667 0.6462962962962963 0.8739583333333333 0.6509259259259259 0.8739583333333333 0.6768518518518518
3 0.5328125 0.47962962962962963 0.5291666666666667 0.46944444444444444 0.5244791666666667 0.48518518518518516 0.5239583333333333 0.5064814814814815 0.5328125 0.5120370370370371 0.534375 0.5092592592592593 0.5328125 0.47962962962962963
4 0.18125 0.5740740740740741 0.17760416666666667 0.5703703703703704 0.17552083333333332 0.5722222222222222 0.17083333333333334 0.5888888888888889 0.1734375 0.6287037037037037 0.1828125 0.6240740740740741 0.18385416666666668 0.6055555555555555 0.18125 0.5740740740740741
4 0.8755208333333333 0.5472222222222223 0.878125 0.5120370370370371 0.8729166666666667 0.5018518518518519 0.8666666666666667 0.5101851851851852 0.8666666666666667 0.5361111111111111 0.8692708333333333 0.5518518518518518 0.8734375 0.5537037037037037 0.8755208333333333 0.5472222222222223
0 0.18958333333333333 0.6259259259259259 0.184375 0.6240740740740741 0.18333333333333332 0.6314814814814815 0.18489583333333334 0.6342592592592593 0.19010416666666666 0.6305555555555555 0.18958333333333333 0.6259259259259259
5 0.3546875 0.575925925925926 0.3572916666666667 0.5657407407407408 0.35520833333333335 0.5444444444444444 0.3536458333333333 0.5416666666666666 0.3494791666666667 0.5435185185185185 0.3453125 0.5592592592592592 0.34270833333333334 0.5925925925925926 0.34791666666666665 0.5953703703703703 0.3515625 0.5787037037037037 0.3546875 0.575925925925926
5 0.5510416666666667 0.7027777777777777 0.5536458333333333 0.6861111111111111 0.5526041666666667 0.6759259259259259 0.5473958333333333 0.6537037037037037 0.5427083333333333 0.6537037037037037 0.5453125 0.7212962962962963 0.5515625 0.7240740740740741 0.5546875 0.7166666666666667 0.5510416666666667 0.7027777777777777