5 0.3890625 0.762962962962963 0.3885416666666667 0.7583333333333333 0.3953125 0.737037037037037 0.39166666666666666 0.700925925925926 0.38385416666666666 0.700925925925926 0.3802083333333333 0.7129629629629629 0.37864583333333335 0.7342592592592593 0.3807291666666667 0.7638888888888888 0.3859375 0.7657407407407407 0.3890625 0.762962962962963
5 0.48020833333333335 0.7796296296296297 0.48020833333333335 0.7694444444444445 0.4859375 0.7564814814814815 0.4875 0.7435185185185185 0.4859375 0.737037037037037 0.4822916666666667 0.737037037037037 0.47604166666666664 0.7222222222222222 0.4713541666666667 0.7240740740740741 0.46979166666666666 0.7324074074074074 0.4713541666666667 0.7833333333333333 0.47552083333333334 0.7870370370370371 0.48020833333333335 0.7796296296296297
4 0.7234375 0.8425925925925926 0.7244791666666667 0.8037037037037037 0.7208333333333333 0.7898148148148149 0.7161458333333334 0.787962962962963 0.7145833333333333 0.7907407407407407 0.7109375 0.8648148148148148 0.7239583333333334 0.8694444444444445 0.7255208333333333 0.8648148148148148 0.7234375 0.8425925925925926
5 0.5567708333333333 0.8203703703703704 0.5588541666666667 0.8175925925925925 0.5572916666666666 0.7981481481481482 0.559375 0.7814814814814814 0.55625 0.7509259259259259 0.5510416666666667 0.7509259259259259 0.5458333333333333 0.775 0.5473958333333333 0.8018518518518518 0.5447916666666667 0.8138888888888889 0.5489583333333333 0.8194444444444444 0.5567708333333333 0.8203703703703704
5 0.20520833333333333 0.7592592592592593 0.20885416666666667 0.762962962962963 0.2109375 0.7601851851851852 0.2078125 0.7407407407407407 0.20885416666666667 0.7166666666666667 0.20729166666666668 0.7064814814814815 0.2015625 0.6925925925925925 0.1953125 0.7129629629629629 0.19635416666666666 0.7407407407407407 0.19427083333333334 0.7592592592592593 0.19583333333333333 0.7620370370370371 0.20520833333333333 0.7592592592592593
4 0.503125 0.7527777777777778 0.5015625 0.7453703703703703 0.5015625 0.7027777777777777 0.496875 0.6944444444444444 0.49166666666666664 0.700925925925926 0.490625 0.7064814814814815 0.49114583333333334 0.7555555555555555 0.49375 0.762962962962963 0.5015625 0.762962962962963 0.503125 0.7527777777777778
4 0.50625 0.7888888888888889 0.503125 0.7731481481481481 0.503125 0.7509259259259259 0.4973958333333333 0.7351851851851852 0.49114583333333334 0.7379629629629629 0.4895833333333333 0.7425925925925926 0.49114583333333334 0.7620370370370371 0.4984375 0.7935185185185185 0.5026041666666666 0.7981481481481482 0.50625 0.7888888888888889
3 0.4546875 0.7537037037037037 0.4510416666666667 0.7425925925925926 0.446875 0.7388888888888889 0.440625 0.7564814814814815 0.440625 0.7814814814814814 0.4453125 0.8175925925925925 0.4546875 0.8166666666666667 0.4546875 0.7537037037037037
3 0.5041666666666667 0.6638888888888889 0.5088541666666667 0.6574074074074074 0.5072916666666667 0.6518518518518519 0.509375 0.6370370370370371 0.5057291666666667 0.625 0.5057291666666667 0.6166666666666667 0.4979166666666667 0.6240740740740741 0.4973958333333333 0.6453703703703704 0.49947916666666664 0.6601851851851852 0.5015625 0.6648148148148149 0.5041666666666667 0.6638888888888889
4 0.7942708333333334 0.8111111111111111 0.7953125 0.7611111111111111 0.7927083333333333 0.7435185185185185 0.790625 0.7407407407407407 0.7869791666666667 0.7425925925925926 0.7817708333333333 0.7583333333333333 0.7848958333333333 0.7925925925925926 0.78125 0.8064814814814815 0.7828125 0.8101851851851852 0.7942708333333334 0.8111111111111111
5 0.4901041666666667 0.7611111111111111 0.490625 0.6972222222222222 0.4859375 0.6962962962962963 0.48125 0.712037037037037 0.4796875 0.7527777777777778 0.48020833333333335 0.7638888888888888 0.48333333333333334 0.7666666666666667 0.4901041666666667 0.7611111111111111
5 0.26927083333333335 0.7675925925925926 0.27291666666666664 0.762962962962963 0.2765625 0.7351851851851852 0.27708333333333335 0.700925925925926 0.2713541666666667 0.6962962962962963 0.2635416666666667 0.6962962962962963 0.2609375 0.7 0.2598958333333333 0.7481481481481481 0.2635416666666667 0.7518518518518519 0.26614583333333336 0.7666666666666667 0.26927083333333335 0.7675925925925926
2 0.2734375 0.7444444444444445 0.2755208333333333 0.725 0.27447916666666666 0.7027777777777777 0.26614583333333336 0.687037037037037 0.2609375 0.6935185185185185 0.259375 0.7037037037037037 0.259375 0.7490740740740741 0.2682291666666667 0.7574074074074074 0.2713541666666667 0.7537037037037037 0.2734375 0.7444444444444445
4 0.4119791666666667 0.7907407407407407 0.41770833333333335 0.7870370370370371 0.42083333333333334 0.7712962962962963 0.428125 0.762962962962963 0.4270833333333333 0.712037037037037 0.42239583333333336 0.6990740740740741 0.4192708333333333 0.6981481481481482 0.4114583333333333 0.7046296296296296 0.4078125 0.7157407407407408 0.40729166666666666 0.7296296296296296 0.40677083333333336 0.7555555555555555 0.409375 0.7712962962962963 0.4078125 0.7870370370370371 0.4119791666666667 0.7907407407407407
5 0.40729166666666666 0.7648148148148148 0.40677083333333336 0.7416666666666667 0.40989583333333335 0.712037037037037 0.4 0.6916666666666667 0.39739583333333334 0.6925925925925925 0.3963541666666667 0.700925925925926 0.39479166666666665 0.725925925925926 0.39791666666666664 0.7675925925925926 0.4015625 0.7694444444444445 0.40729166666666666 0.7648148148148148