4 0.049479166666666664 0.625 0.05677083333333333 0.6055555555555555 0.0578125 0.587037037037037 0.05625 0.5768518518518518 0.05 0.5657407407407408 0.04791666666666667 0.5648148148148148 0.0421875 0.5722222222222222 0.040625 0.5805555555555556 0.04479166666666667 0.6101851851851852 0.044270833333333336 0.6222222222222222 0.049479166666666664 0.625
4 0.8994791666666667 0.5351851851851852 0.8958333333333334 0.525 0.890625 0.5277777777777778 0.8901041666666667 0.575925925925926 0.8963541666666667 0.5796296296296296 0.8984375 0.5768518518518518 0.8994791666666667 0.5351851851851852
5 0.6796875 0.5657407407407408 0.68125 0.5407407407407407 0.6807291666666667 0.5212962962962963 0.678125 0.5166666666666667 0.6734375 0.5222222222222223 0.6708333333333333 0.5351851851851852 0.6703125 0.5638888888888889 0.6734375 0.5722222222222222 0.6765625 0.5712962962962963 0.6796875 0.5657407407407408
5 0.5848958333333333 0.587037037037037 0.5875 0.5453703703703704 0.5833333333333334 0.5351851851851852 0.5786458333333333 0.5351851851851852 0.5734375 0.5444444444444444 0.5770833333333333 0.587037037037037 0.5802083333333333 0.5916666666666667 0.5848958333333333 0.587037037037037
4 0.6098958333333333 0.5037037037037037 0.6072916666666667 0.49074074074074076 0.6010416666666667 0.4935185185185185 0.6015625 0.5407407407407407 0.6072916666666667 0.5444444444444444 0.6098958333333333 0.5370370370370371 0.6098958333333333 0.5037037037037037
4 0.7776041666666667 0.4981481481481482 0.775 0.487962962962963 0.7713541666666667 0.4861111111111111 0.76875 0.4962962962962963 0.7671875 0.5333333333333333 0.7760416666666666 0.5361111111111111 0.7786458333333334 0.5324074074074074 0.7776041666666667 0.4981481481481482
5 0.4703125 0.4981481481481482 0.4671875 0.48333333333333334 0.46197916666666666 0.4898148148148148 0.46041666666666664 0.49907407407407406 0.45989583333333334 0.5287037037037037 0.465625 0.5314814814814814 0.46875 0.5287037037037037 0.4703125 0.4981481481481482
2 0.4890625 0.5101851851851852 0.49375 0.5055555555555555 0.49375 0.4935185185185185 0.4895833333333333 0.475 0.4859375 0.47314814814814815 0.4828125 0.4824074074074074 0.4828125 0.5185185185185185 0.4864583333333333 0.5222222222222223 0.4890625 0.5175925925925926 0.4890625 0.5101851851851852
5 0.7078125 0.4898148148148148 0.7041666666666667 0.48703703703703705 0.6994791666666667 0.49722222222222223 0.6989583333333333 0.5287037037037037 0.7010416666666667 0.5342592592592592 0.7072916666666667 0.5287037037037037 0.7078125 0.4898148148148148
5 0.6020833333333333 0.49444444444444446 0.5973958333333333 0.4935185185185185 0.5942708333333333 0.5018518518518519 0.59375 0.5416666666666666 0.596875 0.5453703703703704 0.6020833333333333 0.5361111111111111 0.6020833333333333 0.49444444444444446
4 0.4822916666666667 0.4898148148148148 0.4796875 0.48333333333333334 0.47552083333333334 0.48333333333333334 0.471875 0.4898148148148148 0.47291666666666665 0.5296296296296297 0.478125 0.5324074074074074 0.4822916666666667 0.5268518518518519 0.4822916666666667 0.4898148148148148
3 0.6473958333333333 0.5796296296296296 0.6494791666666667 0.5768518518518518 0.6479166666666667 0.5592592592592592 0.6515625 0.5351851851851852 0.6432291666666666 0.5222222222222223 0.640625 0.525 0.6395833333333333 0.5333333333333333 0.6390625 0.5509259259259259 0.6411458333333333 0.5648148148148148 0.6432291666666666 0.575925925925926 0.6473958333333333 0.5796296296296296
4 0.5755208333333334 0.5388888888888889 0.5786458333333333 0.5009259259259259 0.5744791666666667 0.4925925925925926 0.5677083333333334 0.5037037037037037 0.5677083333333334 0.5370370370370371 0.56875 0.5416666666666666 0.5734375 0.5444444444444444 0.5755208333333334 0.5388888888888889
4 0.7083333333333334 0.575925925925926 0.7109375 0.5435185185185185 0.70625 0.5268518518518519 0.7010416666666667 0.5277777777777778 0.6994791666666667 0.575925925925926 0.7010416666666667 0.5814814814814815 0.7052083333333333 0.5814814814814815 0.7083333333333334 0.575925925925926
5 0.4453125 0.49444444444444446 0.43854166666666666 0.48518518518518516 0.4359375 0.49537037037037035 0.4359375 0.5361111111111111 0.44427083333333334 0.5361111111111111 0.44635416666666666 0.512962962962963 0.4453125 0.49444444444444446
4 0.7671875 0.5824074074074074 0.7640625 0.5712962962962963 0.759375 0.5722222222222222 0.7557291666666667 0.5935185185185186 0.7541666666666667 0.6305555555555555 0.7583333333333333 0.6333333333333333 0.7671875 0.6314814814814815 0.7671875 0.5824074074074074
0 0.08229166666666667 0.6231481481481481 0.07916666666666666 0.6203703703703703 0.07447916666666667 0.6259259259259259 0.07395833333333333 0.6305555555555555 0.07604166666666666 0.6333333333333333 0.0796875 0.6324074074074074 0.08229166666666667 0.6231481481481481
5 0.659375 0.537962962962963 0.659375 0.5175925925925926 0.6661458333333333 0.5046296296296297 0.6578125 0.49537037037037035 0.6541666666666667 0.5018518518518519 0.6520833333333333 0.5157407407407407 0.6515625 0.5351851851851852 0.653125 0.5407407407407407 0.6578125 0.5416666666666666 0.659375 0.537962962962963
5 0.49635416666666665 0.5120370370370371 0.4942708333333333 0.4898148148148148 0.4895833333333333 0.48703703703703705 0.48541666666666666 0.5064814814814815 0.4864583333333333 0.5361111111111111 0.490625 0.5416666666666666 0.49375 0.5361111111111111 0.49635416666666665 0.5120370370370371
5 0.5671875 0.5064814814814815 0.5640625 0.4935185185185185 0.5609375 0.4935185185185185 0.5583333333333333 0.5 0.5578125 0.5398148148148149 0.5609375 0.5435185185185185 0.5666666666666667 0.537962962962963 0.5671875 0.5064814814814815
4 0.68125 0.4981481481481482 0.6776041666666667 0.4935185185185185 0.675 0.5018518518518519 0.6723958333333333 0.5287037037037037 0.6734375 0.5462962962962963 0.68125 0.5398148148148149 0.68125 0.4981481481481482
3 0.6776041666666667 0.4388888888888889 0.6697916666666667 0.4324074074074074 0.6661458333333333 0.4361111111111111 0.6640625 0.4398148148148148 0.6640625 0.46296296296296297 0.6755208333333333 0.4666666666666667 0.6776041666666667 0.4388888888888889
0 0.066875 0.60925 0.007906250000000004 0.013212962962962945