3 0.46041666666666664 0.65 0.4625 0.6537037037037037 0.4666666666666667 0.6537037037037037 0.4739583333333333 0.6148148148148148 0.46875 0.5962962962962963 0.4666666666666667 0.5953703703703703 0.46145833333333336 0.6074074074074074 0.4635416666666667 0.6259259259259259 0.46041666666666664 0.65
4 0.40572916666666664 0.662962962962963 0.40520833333333334 0.675 0.409375 0.6768518518518518 0.415625 0.6611111111111111 0.41875 0.6416666666666667 0.4125 0.6222222222222222 0.40520833333333334 0.6333333333333333 0.40260416666666665 0.6583333333333333 0.40572916666666664 0.662962962962963
4 0.3572916666666667 0.5990740740740741 0.35625 0.5833333333333334 0.35885416666666664 0.575925925925926 0.35625 0.5648148148148148 0.3572916666666667 0.5601851851851852 0.35104166666666664 0.5611111111111111 0.3489583333333333 0.5685185185185185 0.3453125 0.5990740740740741 0.3572916666666667 0.5990740740740741
5 0.42239583333333336 0.6148148148148148 0.4276041666666667 0.6157407407407407 0.42864583333333334 0.6111111111111112 0.42552083333333335 0.5962962962962963 0.428125 0.5879629629629629 0.4276041666666667 0.575925925925926 0.42291666666666666 0.5731481481481482 0.41875 0.575925925925926 0.4166666666666667 0.5824074074074074 0.4166666666666667 0.5953703703703703 0.42239583333333336 0.6148148148148148
5 0.39010416666666664 0.6574074074074074 0.3921875 0.6611111111111111 0.39895833333333336 0.6564814814814814 0.4046875 0.6601851851851852 0.4083333333333333 0.6287037037037037 0.40572916666666664 0.612037037037037 0.40208333333333335 0.6101851851851852 0.3921875 0.6333333333333333 0.3932291666666667 0.6425925925925926 0.39010416666666664 0.6574074074074074
5 0.29322916666666665 0.7083333333333334 0.2947916666666667 0.712037037037037 0.3067708333333333 0.7129629629629629 0.30625 0.6805555555555556 0.309375 0.6694444444444444 0.3067708333333333 0.6527777777777778 0.3026041666666667 0.649074074074074 0.29791666666666666 0.6620370370370371 0.29739583333333336 0.6935185185185185 0.29322916666666665 0.7083333333333334
3 0.9880208333333333 0.8972222222222223 0.9802083333333333 0.9101851851851852 0.9817708333333334 0.9148148148148149 0.9869791666666666 0.9148148148148149 0.9875 0.9268518518518518 0.9895833333333334 0.9305555555555556 0.99375 0.9259259259259259 0.9973958333333334 0.9083333333333333 0.9994791666666667 0.9074074074074074 0.9994791666666667 0.850925925925926 0.9927083333333333 0.862037037037037 0.9921875 0.8787037037037037 0.9880208333333333 0.8972222222222223
4 0.653125 0.7027777777777777 0.6682291666666667 0.700925925925926 0.6776041666666667 0.6907407407407408 0.6776041666666667 0.687037037037037 0.6661458333333333 0.6666666666666666 0.665625 0.6527777777777778 0.6619791666666667 0.6416666666666667 0.65625 0.6509259259259259 0.6536458333333334 0.6694444444444444 0.6552083333333333 0.6814814814814815 0.653125 0.7027777777777777
4 0.7359375 0.6564814814814814 0.7421875 0.6537037037037037 0.7479166666666667 0.6564814814814814 0.7505208333333333 0.65 0.7494791666666667 0.6166666666666667 0.74375 0.6027777777777777 0.7401041666666667 0.6018518518518519 0.7390625 0.6055555555555555 0.734375 0.6537037037037037 0.7359375 0.6564814814814814
5 0.23072916666666668 0.6481481481481481 0.23229166666666667 0.6527777777777778 0.2421875 0.6537037037037037 0.24322916666666666 0.6314814814814815 0.2515625 0.6166666666666667 0.2520833333333333 0.6046296296296296 0.25 0.6018518518518519 0.24375 0.6046296296296296 0.2390625 0.600925925925926 0.23541666666666666 0.612037037037037 0.23541666666666666 0.6310185185185185 0.23072916666666668 0.6481481481481481
4 0.2552083333333333 0.6268518518518519 0.25364583333333335 0.6435185185185185 0.2557291666666667 0.6481481481481481 0.26145833333333335 0.6462962962962963 0.2640625 0.6277777777777778 0.2635416666666667 0.5925925925925926 0.259375 0.5916666666666667 0.25729166666666664 0.5990740740740741 0.24739583333333334 0.6027777777777777 0.24583333333333332 0.6222222222222222 0.2552083333333333 0.6268518518518519
4 0.6380208333333334 0.6027777777777777 0.6432291666666666 0.6037037037037037 0.646875 0.5972222222222222 0.6458333333333334 0.5712962962962963 0.6421875 0.562962962962963 0.6375 0.5666666666666667 0.6338541666666667 0.5898148148148148 0.6380208333333334 0.6027777777777777
5 0.609375 0.5888888888888889 0.6109375 0.5953703703703703 0.6213541666666667 0.5916666666666667 0.6244791666666667 0.5814814814814815 0.6213541666666667 0.562037037037037 0.6192708333333333 0.5583333333333333 0.615625 0.5601851851851852 0.615625 0.5731481481481482 0.609375 0.5888888888888889
0 0.50625 0.5879629629629629 0.5057291666666667 0.5814814814814815 0.5010416666666667 0.5805555555555556 0.5010416666666667 0.5888888888888889 0.50625 0.5879629629629629
5 0.51875 0.6138888888888889 0.5255208333333333 0.6231481481481481 0.5270833333333333 0.6296296296296297 0.525 0.6472222222222223 0.5286458333333334 0.6481481481481481 0.5317708333333333 0.637962962962963 0.5338541666666666 0.637962962962963 0.540625 0.65 0.5411458333333333 0.6444444444444445 0.5369791666666667 0.6268518518518519 0.5364583333333334 0.6055555555555555 0.5286458333333334 0.6027777777777777 0.5197916666666667 0.6064814814814815 0.5166666666666667 0.6148148148148148 0.51875 0.6138888888888889
4 0.5145833333333333 0.6148148148148148 0.5182291666666666 0.6185185185185185 0.5307291666666667 0.6074074074074074 0.5333333333333333 0.5953703703703703 0.5322916666666667 0.587037037037037 0.5291666666666667 0.5842592592592593 0.5244791666666667 0.5675925925925925 0.5208333333333334 0.5657407407407408 0.5171875 0.575 0.51875 0.5902777777777778 0.5145833333333333 0.6148148148148148
5 0.5375 0.6148148148148148 0.5427083333333333 0.5972222222222222 0.5416666666666666 0.5796296296296296 0.5369791666666667 0.575 0.5317708333333333 0.5879629629629629 0.53125 0.6046296296296296 0.5375 0.6148148148148148
4 0.6494791666666667 0.6185185185185185 0.6588541666666666 0.6074074074074074 0.6598958333333333 0.6018518518518519 0.6578125 0.5907407407407408 0.6520833333333333 0.5814814814814815 0.6473958333333333 0.5814814814814815 0.6442708333333333 0.5907407407407408 0.64375 0.6027777777777777 0.6494791666666667 0.6185185185185185
3 0.4630208333333333 0.5722222222222222 0.46510416666666665 0.549074074074074 0.4640625 0.5361111111111111 0.4583333333333333 0.5305555555555556 0.453125 0.5407407407407407 0.45364583333333336 0.5712962962962963 0.4630208333333333 0.5722222222222222
4 0.5192708333333333 0.5879629629629629 0.5213541666666667 0.5916666666666667 0.5260416666666666 0.5879629629629629 0.5276041666666667 0.5722222222222222 0.5255208333333333 0.562962962962963 0.5208333333333334 0.5611111111111111 0.5177083333333333 0.5675925925925925 0.5166666666666667 0.5768518518518518 0.5192708333333333 0.5879629629629629
5 0.29583333333333334 0.6064814814814815 0.2989583333333333 0.6027777777777777 0.30052083333333335 0.5842592592592593 0.2989583333333333 0.5675925925925925 0.2947916666666667 0.562037037037037 0.2911458333333333 0.575 0.290625 0.6037037037037037 0.29583333333333334 0.6064814814814815
5 0.578125 0.700925925925926 0.5916666666666667 0.7074074074074074 0.5932291666666667 0.7046296296296296 0.5942708333333333 0.6537037037037037 0.590625 0.6462962962962963 0.5875 0.6453703703703704 0.5838541666666667 0.6574074074074074 0.5838541666666667 0.6759259259259259 0.578125 0.700925925925926
5 0.2234375 0.6277777777777778 0.225 0.6064814814814815 0.22291666666666668 0.5768518518518518 0.21822916666666667 0.5796296296296296 0.21666666666666667 0.5944444444444444 0.215625 0.6268518518518519 0.2234375 0.6277777777777778
3 0.2635416666666667 0.5777777777777777 0.2677083333333333 0.5712962962962963 0.26875 0.5453703703703704 0.26666666666666666 0.5351851851851852 0.2625 0.5333333333333333 0.2598958333333333 0.5370370370370371 0.2604166666666667 0.5722222222222222 0.2635416666666667 0.5777777777777777
4 0.24583333333333332 0.6240740740740741 0.2520833333333333 0.6240740740740741 0.2552083333333333 0.6055555555555555 0.2520833333333333 0.5768518518518518 0.24791666666666667 0.5814814814814815 0.24635416666666668 0.5898148148148148 0.24270833333333333 0.6203703703703703 0.24583333333333332 0.6240740740740741