4 0.8572916666666667 0.6259259259259259 0.8583333333333333 0.6388888888888888 0.8645833333333334 0.6407407407407407 0.8651041666666667 0.5972222222222222 0.8604166666666667 0.5861111111111111 0.8567708333333334 0.5861111111111111 0.853125 0.5962962962962963 0.8526041666666667 0.6111111111111112 0.8572916666666667 0.6259259259259259
5 0.346875 0.6157407407407407 0.35 0.6185185185185185 0.353125 0.6166666666666667 0.3567708333333333 0.5953703703703703 0.3567708333333333 0.575925925925926 0.353125 0.5666666666666667 0.3494791666666667 0.5675925925925925 0.3463541666666667 0.575925925925926 0.34427083333333336 0.5916666666666667 0.346875 0.6157407407407407
5 0.46510416666666665 0.6990740740740741 0.4666666666666667 0.7046296296296296 0.4713541666666667 0.7027777777777777 0.47552083333333334 0.675 0.4671875 0.6574074074074074 0.4625 0.6611111111111111 0.46145833333333336 0.6796296296296296 0.46510416666666665 0.6990740740740741
5 0.2916666666666667 0.6638888888888889 0.2942708333333333 0.6611111111111111 0.29322916666666665 0.6407407407407407 0.2953125 0.6148148148148148 0.290625 0.5981481481481481 0.2864583333333333 0.6 0.284375 0.6148148148148148 0.2838541666666667 0.6611111111111111 0.2916666666666667 0.6638888888888889
4 0.6104166666666667 0.6648148148148149 0.6140625 0.6592592592592592 0.6197916666666666 0.6620370370370371 0.6223958333333334 0.6583333333333333 0.6223958333333334 0.6527777777777778 0.61875 0.6175925925925926 0.6114583333333333 0.6064814814814815 0.6083333333333333 0.6138888888888889 0.6072916666666667 0.6620370370370371 0.6104166666666667 0.6648148148148149
5 0.8411458333333334 0.6462962962962963 0.8505208333333333 0.6453703703703704 0.8515625 0.6416666666666667 0.8447916666666667 0.6083333333333333 0.8385416666666666 0.5962962962962963 0.8348958333333333 0.5990740740740741 0.8364583333333333 0.6361111111111111 0.8411458333333334 0.6462962962962963
5 0.3489583333333333 0.674074074074074 0.35260416666666666 0.6916666666666667 0.3515625 0.7046296296296296 0.36041666666666666 0.7055555555555556 0.3625 0.7037037037037037 0.36302083333333335 0.6962962962962963 0.3609375 0.6888888888888889 0.35989583333333336 0.6527777777777778 0.35625 0.6407407407407407 0.35260416666666666 0.6388888888888888 0.35052083333333334 0.6444444444444445 0.3515625 0.6574074074074074 0.3489583333333333 0.674074074074074
5 0.7588541666666667 0.6768518518518518 0.7515625 0.6833333333333333 0.75 0.6935185185185185 0.7515625 0.6962962962962963 0.75625 0.6935185185185185 0.759375 0.700925925925926 0.7645833333333333 0.700925925925926 0.7682291666666666 0.6814814814814815 0.7692708333333333 0.6444444444444445 0.7666666666666667 0.6370370370370371 0.7630208333333334 0.6351851851851852 0.7598958333333333 0.6462962962962963 0.7578125 0.6574074074074074 0.7588541666666667 0.6768518518518518
4 0.928125 0.6712962962962963 0.9307291666666667 0.6638888888888889 0.9390625 0.6712962962962963 0.9411458333333333 0.6694444444444444 0.9411458333333333 0.6611111111111111 0.9375 0.65 0.9375 0.6277777777777778 0.93125 0.6111111111111112 0.9276041666666667 0.6111111111111112 0.9265625 0.6148148148148148 0.9239583333333333 0.6694444444444444 0.928125 0.6712962962962963
4 0.6890625 0.6611111111111111 0.6927083333333334 0.6694444444444444 0.6921875 0.6898148148148148 0.7041666666666667 0.6898148148148148 0.7026041666666667 0.6537037037037037 0.6984375 0.6287037037037037 0.6932291666666667 0.6240740740740741 0.6901041666666666 0.6296296296296297 0.690625 0.6546296296296297 0.6890625 0.6611111111111111
4 0.234375 0.6777777777777778 0.2265625 0.6925925925925925 0.2328125 0.6944444444444444 0.240625 0.6898148148148148 0.24427083333333333 0.6972222222222222 0.24739583333333334 0.6898148148148148 0.25338541666666664 0.6472222222222223 0.25729166666666664 0.6462962962962963 0.24114583333333334 0.6305555555555555 0.2375 0.6333333333333333 0.2390625 0.6555555555555556 0.234375 0.6777777777777778
5 0.15052083333333333 0.6851851851851852 0.15416666666666667 0.6888888888888889 0.15885416666666666 0.6888888888888889 0.16197916666666667 0.6842592592592592 0.16979166666666667 0.687962962962963 0.171875 0.6814814814814815 0.1640625 0.6611111111111111 0.16510416666666666 0.6314814814814815 0.16197916666666667 0.6277777777777778 0.15885416666666666 0.6296296296296297 0.15572916666666667 0.6416666666666667 0.15572916666666667 0.6657407407407407 0.15052083333333333 0.6851851851851852
4 0.4635416666666667 0.7731481481481481 0.46770833333333334 0.7546296296296297 0.46979166666666666 0.7527777777777778 0.4822916666666667 0.7731481481481481 0.48333333333333334 0.7620370370370371 0.4744791666666667 0.7421296296296296 0.47604166666666664 0.7287037037037037 0.4796875 0.7203703703703703 0.4703125 0.6972222222222222 0.4666666666666667 0.700925925925926 0.4640625 0.7166666666666667 0.4578125 0.7712962962962963 0.4635416666666667 0.7731481481481481
5 0.2046875 0.774074074074074 0.20208333333333334 0.7870370370370371 0.2046875 0.7916666666666666 0.21354166666666666 0.7944444444444444 0.21145833333333333 0.7731481481481481 0.21614583333333334 0.7444444444444445 0.2140625 0.7268518518518519 0.20885416666666667 0.7092592592592593 0.20052083333333334 0.725 0.19895833333333332 0.7398148148148148 0.2046875 0.774074074074074
5 0.5901041666666667 0.7555555555555555 0.5953125 0.7611111111111111 0.5989583333333334 0.7574074074074074 0.603125 0.7444444444444445 0.603125 0.7314814814814815 0.6083333333333333 0.712037037037037 0.603125 0.6916666666666667 0.5994791666666667 0.6916666666666667 0.590625 0.7101851851851851 0.5942708333333333 0.736574074074074 0.5901041666666667 0.7555555555555555
4 0.365625 0.6305555555555555 0.3645833333333333 0.6398148148148148 0.3671875 0.6527777777777778 0.378125 0.6537037037037037 0.3807291666666667 0.6611111111111111 0.38385416666666666 0.6583333333333333 0.3765625 0.6351851851851852 0.375 0.6157407407407407 0.3770833333333333 0.6111111111111112 0.3692708333333333 0.6027777777777777 0.3651041666666667 0.6055555555555555 0.3619791666666667 0.6185185185185185 0.365625 0.6305555555555555
4 0.5130208333333334 0.6305555555555555 0.5291666666666667 0.6305555555555555 0.5307291666666667 0.6268518518518519 0.525 0.6064814814814815 0.5244791666666667 0.5879629629629629 0.5208333333333334 0.5777777777777777 0.5161458333333333 0.5814814814814815 0.515625 0.6129629629629629 0.5130208333333334 0.6305555555555555
4 0.7666666666666667 0.7675925925925926 0.7713541666666667 0.7712962962962963 0.7770833333333333 0.7518518518518519 0.7817708333333333 0.7583333333333333 0.7828125 0.7685185185185185 0.7859375 0.7675925925925926 0.7854166666666667 0.7203703703703703 0.7828125 0.7083333333333334 0.7760416666666666 0.6925925925925925 0.7734375 0.6925925925925925 0.7708333333333334 0.700925925925926 0.771875 0.7185185185185186 0.7666666666666667 0.7675925925925926
0 0.16666666666666666 0.6888888888888889 0.1703125 0.6898148148148148 0.17395833333333333 0.6851851851851852 0.16875 0.6731481481481482 0.165625 0.6712962962962963 0.16354166666666667 0.675 0.16145833333333334 0.6833333333333333 0.16666666666666666 0.6888888888888889
3 0.26614583333333336 0.5453703703703704 0.2630208333333333 0.5657407407407408 0.2703125 0.562962962962963 0.2760416666666667 0.5675925925925925 0.278125 0.5657407407407408 0.275 0.5537037037037037 0.2765625 0.5361111111111111 0.2713541666666667 0.525 0.26927083333333335 0.5259259259259259 0.2630208333333333 0.5324074074074074 0.26614583333333336 0.5453703703703704
3 0.6890625 0.6324074074074074 0.6979166666666666 0.637962962962963 0.7 0.6324074074074074 0.7 0.6083333333333333 0.6932291666666667 0.5962962962962963 0.6885416666666667 0.6 0.6864583333333333 0.6138888888888889 0.6890625 0.6324074074074074
4 0.8541666666666666 0.7185185185185186 0.8536458333333333 0.7240740740740741 0.8604166666666667 0.725925925925926 0.8630208333333333 0.7203703703703703 0.8583333333333333 0.6981481481481482 0.859375 0.6842592592592592 0.8572916666666667 0.6685185185185185 0.853125 0.6564814814814814 0.8494791666666667 0.6546296296296297 0.8473958333333333 0.6685185185185185 0.8463541666666666 0.6898148148148148 0.8541666666666666 0.7185185185185186
4 0.15416666666666667 0.6398148148148148 0.1609375 0.6268518518518519 0.16197916666666667 0.6018518518518519 0.1578125 0.5842592592592593 0.1546875 0.5824074074074074 0.14895833333333333 0.5990740740740741 0.15052083333333333 0.6314814814814815 0.15416666666666667 0.6398148148148148
3 0.5729166666666666 0.5731481481481482 0.575 0.5712962962962963 0.5739583333333333 0.5611111111111111 0.5786458333333333 0.5435185185185185 0.571875 0.524074074074074 0.5671875 0.5324074074074074 0.5671875 0.5722222222222222 0.5729166666666666 0.5731481481481482