5 0.3572916666666667 0.6814814814814815 0.3651041666666667 0.6833333333333333 0.36614583333333334 0.65 0.3609375 0.6388888888888888 0.35572916666666665 0.6472222222222223 0.3546875 0.6583333333333333 0.3572916666666667 0.6814814814814815
4 0.4276041666666667 0.6814814814814815 0.43020833333333336 0.6768518518518518 0.4322916666666667 0.6592592592592592 0.43125 0.6462962962962963 0.4270833333333333 0.6342592592592593 0.4239583333333333 0.6342592592592593 0.42083333333333334 0.6425925925925926 0.42239583333333336 0.6768518518518518 0.4276041666666667 0.6814814814814815
4 0.3067708333333333 0.7898148148148149 0.3098958333333333 0.7888888888888889 0.31666666666666665 0.7462962962962963 0.31614583333333335 0.7361111111111112 0.3067708333333333 0.7083333333333334 0.296875 0.7296296296296296 0.2984375 0.7796296296296297 0.3067708333333333 0.7898148148148149
5 0.5901041666666667 0.7824074074074074 0.5953125 0.7842592592592592 0.5984375 0.7796296296296297 0.5994791666666667 0.7351851851851852 0.5973958333333333 0.7231481481481481 0.5916666666666667 0.7212962962962963 0.5890625 0.762962962962963 0.5901041666666667 0.7824074074074074
4 0.5557291666666667 0.7981481481481482 0.5671875 0.8018518518518518 0.5682291666666667 0.7518518518518519 0.5619791666666667 0.7351851851851852 0.5588541666666667 0.7379629629629629 0.55625 0.7666666666666667 0.5572916666666666 0.7851851851851852 0.5557291666666667 0.7981481481481482
5 0.275 0.7166666666666667 0.28177083333333336 0.7194444444444444 0.2828125 0.7240740740740741 0.2859375 0.7037037037037037 0.290625 0.7 0.284375 0.6768518518518518 0.28072916666666664 0.6787037037037037 0.275 0.6962962962962963 0.2734375 0.712037037037037 0.275 0.7166666666666667
4 0.3927083333333333 0.6990740740740741 0.3953125 0.6935185185185185 0.39375 0.6537037037037037 0.38958333333333334 0.6481481481481481 0.38697916666666665 0.6527777777777778 0.38697916666666665 0.6925925925925925 0.3927083333333333 0.6990740740740741
2 0.065625 0.6814814814814815 0.06666666666666667 0.6666666666666666 0.06875 0.6648148148148149 0.06979166666666667 0.637962962962963 0.06822916666666666 0.6268518518518519 0.0640625 0.6351851851851852 0.059895833333333336 0.6333333333333333 0.05364583333333333 0.6416666666666667 0.052083333333333336 0.6527777777777778 0.0515625 0.6851851851851852 0.065625 0.6814814814814815
5 0.3296875 0.7101851851851851 0.3453125 0.7148148148148148 0.3453125 0.7074074074074074 0.3375 0.675 0.3411458333333333 0.6694444444444444 0.3338541666666667 0.6648148148148149 0.328125 0.6694444444444444 0.32760416666666664 0.7018518518518518 0.3296875 0.7101851851851851
4 0.7880208333333333 0.8296296296296296 0.7958333333333333 0.8305555555555556 0.7973958333333333 0.825925925925926 0.7984375 0.7787037037037037 0.7947916666666667 0.762962962962963 0.790625 0.7611111111111111 0.7890625 0.7638888888888888 0.7859375 0.7824074074074074 0.7817708333333333 0.7916666666666666 0.7880208333333333 0.8138888888888889 0.7880208333333333 0.8296296296296296
5 0.5020833333333333 0.7083333333333334 0.50625 0.7083333333333334 0.5098958333333333 0.6981481481481482 0.5135416666666667 0.700925925925926 0.5145833333333333 0.6972222222222222 0.5135416666666667 0.6925925925925925 0.5098958333333333 0.6907407407407408 0.50625 0.6574074074074074 0.5020833333333333 0.6564814814814814 0.5005208333333333 0.6620370370370371 0.5005208333333333 0.7037037037037037 0.5020833333333333 0.7083333333333334
0 0.4041666666666667 0.7787037037037037 0.403125 0.7703703703703704 0.4 0.7685185185185185 0.39739583333333334 0.7712962962962963 0.39791666666666664 0.7796296296296297 0.4041666666666667 0.7787037037037037
5 0.49322916666666666 0.6962962962962963 0.49375 0.6601851851851852 0.4901041666666667 0.649074074074074 0.4864583333333333 0.6527777777777778 0.4822916666666667 0.6925925925925925 0.49322916666666666 0.6962962962962963
3 0.8880208333333334 0.9694444444444444 0.8911458333333333 0.975925925925926 0.9005208333333333 0.9833333333333333 0.9057291666666667 0.9138888888888889 0.896875 0.8925925925925926 0.8880208333333334 0.912962962962963 0.8864583333333333 0.9342592592592592 0.8880208333333334 0.9694444444444444
5 0.27447916666666666 0.7666666666666667 0.2791666666666667 0.7666666666666667 0.2833333333333333 0.7324074074074074 0.28489583333333335 0.6972222222222222 0.278125 0.6962962962962963 0.27239583333333334 0.7277777777777777 0.2713541666666667 0.7601851851851852 0.27447916666666666 0.7666666666666667
5 0.3296875 0.6759259259259259 0.34427083333333336 0.6657407407407407 0.34427083333333336 0.6620370370370371 0.3359375 0.6583333333333333 0.3338541666666667 0.6527777777777778 0.3255208333333333 0.6601851851851852 0.325 0.6648148148148149 0.3296875 0.6759259259259259
5 0.2625 0.7546296296296297 0.26197916666666665 0.7675925925925926 0.26458333333333334 0.7694444444444445 0.271875 0.7620370370370371 0.27447916666666666 0.7166666666666667 0.2671875 0.7101851851851851 0.2630208333333333 0.7194444444444444 0.25833333333333336 0.7398148148148148 0.2625 0.7546296296296297
4 0.5447916666666667 0.7083333333333334 0.5484375 0.7092592592592593 0.5505208333333333 0.7 0.5479166666666667 0.6685185185185185 0.5447916666666667 0.6592592592592592 0.5401041666666667 0.6620370370370371 0.5401041666666667 0.6972222222222222 0.5447916666666667 0.7083333333333334
4 0.6807291666666667 0.6814814814814815 0.684375 0.6805555555555556 0.6859375 0.6768518518518518 0.6864583333333333 0.6481481481481481 0.6833333333333333 0.6370370370370371 0.6760416666666667 0.637962962962963 0.6776041666666667 0.6768518518518518 0.6807291666666667 0.6814814814814815
4 0.434375 0.7157407407407408 0.44114583333333335 0.7314814814814815 0.43802083333333336 0.7481481481481481 0.4390625 0.7518518518518519 0.44947916666666665 0.7555555555555555 0.4515625 0.7481481481481481 0.44895833333333335 0.7296296296296296 0.453125 0.7166666666666667 0.4479166666666667 0.6990740740740741 0.4432291666666667 0.6935185185185185 0.44166666666666665 0.6962962962962963 0.4401041666666667 0.7101851851851851 0.434375 0.7157407407407408
3 0.33697916666666666 0.7703703703703704 0.3416666666666667 0.775 0.3463541666666667 0.7481481481481481 0.346875 0.7240740740740741 0.3458333333333333 0.7092592592592593 0.3416666666666667 0.7 0.3385416666666667 0.700925925925926 0.33645833333333336 0.7212962962962963 0.3359375 0.762962962962963 0.33697916666666666 0.7703703703703704
3 0.4192708333333333 0.6185185185185185 0.425 0.6185185185185185 0.42604166666666665 0.6111111111111112 0.43072916666666666 0.6074074074074074 0.42916666666666664 0.5916666666666667 0.4244791666666667 0.5851851851851851 0.41770833333333335 0.5916666666666667 0.4171875 0.6148148148148148 0.4192708333333333 0.6185185185185185
5 0.33697916666666666 0.7657407407407407 0.3385416666666667 0.7555555555555555 0.3375 0.7018518518518518 0.33177083333333335 0.7046296296296296 0.32708333333333334 0.7194444444444444 0.32760416666666664 0.762962962962963 0.33697916666666666 0.7657407407407407
3 0.8255208333333334 0.6435185185185185 0.8276041666666667 0.6370370370370371 0.828125 0.6064814814814815 0.8197916666666667 0.6064814814814815 0.8203125 0.6416666666666667 0.8255208333333334 0.6435185185185185