5 0.721875 0.7416666666666667 0.7203125 0.7490740740740741 0.7276041666666667 0.7518518518518519 0.7380208333333333 0.7407407407407407 0.7421875 0.7481481481481481 0.7458333333333333 0.7472222222222222 0.7463541666666667 0.7407407407407407 0.7338541666666667 0.7129629629629629 0.7333333333333333 0.7 0.7286458333333333 0.6814814814814815 0.7239583333333334 0.6768518518518518 0.7213541666666666 0.6842592592592592 0.7203125 0.7324074074074074 0.721875 0.7416666666666667
5 0.4234375 0.6777777777777778 0.4265625 0.6657407407407407 0.4322916666666667 0.6703703703703704 0.4348958333333333 0.6805555555555556 0.43854166666666666 0.6768518518518518 0.4317708333333333 0.6574074074074074 0.43072916666666666 0.6305555555555555 0.4276041666666667 0.6185185185185185 0.4239583333333333 0.6231481481481481 0.41822916666666665 0.6537037037037037 0.4197916666666667 0.6768518518518518 0.4234375 0.6777777777777778
4 0.8958333333333334 0.6166666666666667 0.9010416666666666 0.6203703703703703 0.903125 0.6157407407407407 0.9046875 0.5796296296296296 0.9 0.5694444444444444 0.8958333333333334 0.5694444444444444 0.8927083333333333 0.5740740740740741 0.8921875 0.5907407407407408 0.8958333333333334 0.6166666666666667
4 0.478125 0.8611111111111112 0.48333333333333334 0.8657407407407407 0.4895833333333333 0.8574074074074074 0.49895833333333334 0.8166666666666667 0.5041666666666667 0.812037037037037 0.5046875 0.8074074074074075 0.4979166666666667 0.7814814814814814 0.49375 0.7805555555555556 0.4817708333333333 0.8009259259259259 0.48072916666666665 0.8092592592592592 0.48125 0.8388888888888889 0.478125 0.8611111111111112
4 0.5625 0.6138888888888889 0.5755208333333334 0.6111111111111112 0.5770833333333333 0.6064814814814815 0.5708333333333333 0.5953703703703703 0.5703125 0.575 0.5645833333333333 0.5638888888888889 0.5625 0.5666666666666667 0.5604166666666667 0.5814814814814815 0.5598958333333334 0.6111111111111112 0.5625 0.6138888888888889
5 0.91875 0.6240740740740741 0.9229166666666667 0.6416666666666667 0.9276041666666667 0.6444444444444445 0.93125 0.6416666666666667 0.9296875 0.6064814814814815 0.925 0.5935185185185186 0.9208333333333333 0.5953703703703703 0.9182291666666667 0.6064814814814815 0.91875 0.6240740740740741
5 0.3265625 0.7583333333333333 0.32916666666666666 0.762962962962963 0.3338541666666667 0.7583333333333333 0.33697916666666666 0.7453703703703703 0.35520833333333335 0.7472222222222222 0.353125 0.7398148148148148 0.34791666666666665 0.7342592592592593 0.34479166666666666 0.7194444444444444 0.3453125 0.7083333333333334 0.34010416666666665 0.6944444444444444 0.3359375 0.6962962962962963 0.3338541666666667 0.7083333333333334 0.3333333333333333 0.7222222222222222 0.3265625 0.7583333333333333
4 0.5390625 0.6277777777777778 0.5380208333333333 0.6537037037037037 0.540625 0.6555555555555556 0.546875 0.6481481481481481 0.5520833333333334 0.649074074074074 0.553125 0.6416666666666667 0.55 0.6370370370370371 0.5484375 0.6277777777777778 0.55 0.6194444444444445 0.5489583333333333 0.6101851851851852 0.5416666666666666 0.6027777777777777 0.5375 0.6101851851851852 0.5369791666666667 0.6194444444444445 0.5390625 0.6277777777777778
4 0.3770833333333333 0.8175925925925925 0.3807291666666667 0.8212962962962963 0.38333333333333336 0.8175925925925925 0.384375 0.8074074074074075 0.3932291666666667 0.8027777777777778 0.39375 0.7972222222222223 0.39010416666666664 0.7824074074074074 0.39166666666666666 0.762962962962963 0.3848958333333333 0.7435185185185185 0.38229166666666664 0.7416666666666667 0.3796875 0.7425925925925926 0.3765625 0.7611111111111111 0.3765625 0.8111111111111111 0.3770833333333333 0.8175925925925925
5 0.6322916666666667 0.6537037037037037 0.6302083333333334 0.6601851851851852 0.6390625 0.6657407407407407 0.6427083333333333 0.6620370370370371 0.6447916666666667 0.6537037037037037 0.640625 0.6259259259259259 0.6354166666666666 0.6111111111111112 0.63125 0.6157407407407407 0.6302083333333334 0.6472222222222223 0.6322916666666667 0.6537037037037037
3 0.7015625 0.5592592592592592 0.7041666666666667 0.5537037037037037 0.7098958333333333 0.5185185185185185 0.7088541666666667 0.512962962962963 0.7020833333333333 0.5046296296296297 0.6984375 0.5175925925925926 0.6979166666666666 0.5296296296296297 0.7015625 0.5592592592592592
5 0.6921875 0.8101851851851852 0.7036458333333333 0.8101851851851852 0.7057291666666666 0.8037037037037037 0.7015625 0.7824074074074074 0.703125 0.75 0.6932291666666667 0.725925925925926 0.6890625 0.7398148148148148 0.6885416666666667 0.8064814814814815 0.6921875 0.8101851851851852
5 0.35 0.7037037037037037 0.3515625 0.7101851851851851 0.3645833333333333 0.7138888888888889 0.3692708333333333 0.712037037037037 0.3729166666666667 0.6731481481481482 0.3703125 0.6546296296296297 0.365625 0.65 0.3640625 0.6527777777777778 0.353125 0.6990740740740741 0.35 0.7037037037037037
3 0.48489583333333336 0.5555555555555556 0.4895833333333333 0.5564814814814815 0.49166666666666664 0.5518518518518518 0.49270833333333336 0.5287037037037037 0.4869791666666667 0.5166666666666667 0.4828125 0.5222222222222223 0.4817708333333333 0.5287037037037037 0.4822916666666667 0.549074074074074 0.48489583333333336 0.5555555555555556
4 0.303125 0.7462962962962963 0.30625 0.7444444444444445 0.3078125 0.7296296296296296 0.3177083333333333 0.7240740740740741 0.31197916666666664 0.7046296296296296 0.3104166666666667 0.6824074074074075 0.30625 0.6703703703703704 0.3026041666666667 0.6694444444444444 0.3015625 0.6731481481481482 0.2989583333333333 0.700925925925926 0.2984375 0.7435185185185185 0.303125 0.7462962962962963
4 0.9083333333333333 0.7277777777777777 0.9135416666666667 0.7287037037037037 0.9208333333333333 0.7212962962962963 0.9234375 0.7240740740740741 0.9239583333333333 0.7148148148148148 0.9192708333333334 0.7027777777777777 0.9213541666666667 0.6888888888888889 0.9098958333333333 0.6648148148148149 0.9046875 0.6657407407407407 0.9036458333333334 0.6944444444444444 0.9083333333333333 0.7277777777777777
5 0.9739583333333334 0.7268518518518519 0.9734375 0.7407407407407407 0.9786458333333333 0.7435185185185185 0.9833333333333333 0.7388888888888889 0.9833333333333333 0.6898148148148148 0.9786458333333333 0.6694444444444444 0.9755208333333333 0.6703703703703704 0.9739583333333334 0.6759259259259259 0.971875 0.7157407407407408 0.9739583333333334 0.7268518518518519
3 0.640625 0.6916666666666667 0.6375 0.7083333333333334 0.640625 0.7194444444444444 0.6401041666666667 0.7287037037037037 0.6427083333333333 0.7305555555555555 0.6447916666666667 0.7268518518518519 0.6442708333333333 0.7185185185185186 0.6473958333333333 0.7083333333333334 0.6510416666666666 0.7111111111111111 0.6578125 0.7287037037037037 0.6598958333333333 0.7277777777777777 0.6614583333333334 0.7240740740740741 0.6598958333333333 0.7157407407407408 0.6546875 0.7074074074074074 0.6505208333333333 0.687037037037037 0.6515625 0.6731481481481482 0.6432291666666666 0.6611111111111111 0.6421875 0.6555555555555556 0.6369791666666667 0.6648148148148149 0.6359375 0.6777777777777778 0.640625 0.6916666666666667
5 0.4859375 0.6175925925925926 0.4901041666666667 0.6268518518518519 0.4984375 0.6287037037037037 0.49947916666666664 0.6259259259259259 0.4947916666666667 0.6111111111111112 0.49375 0.5916666666666667 0.4895833333333333 0.5824074074074074 0.4859375 0.5824074074074074 0.48489583333333336 0.5888888888888889 0.48385416666666664 0.6074074074074074 0.4859375 0.6175925925925926