5 0.6729166666666667 0.6583333333333333 0.6817708333333333 0.6601851851851852 0.684375 0.6546296296296297 0.68125 0.6074074074074074 0.6770833333333334 0.6046296296296296 0.6734375 0.6166666666666667 0.6713541666666667 0.6546296296296297 0.6729166666666667 0.6583333333333333
4 0.8041666666666667 0.7083333333333334 0.8057291666666667 0.7129629629629629 0.8109375 0.7129629629629629 0.8177083333333334 0.6611111111111111 0.8104166666666667 0.6481481481481481 0.8026041666666667 0.6555555555555556 0.8010416666666667 0.662962962962963 0.8041666666666667 0.7083333333333334
4 0.0125 0.6509259259259259 0.014583333333333334 0.6546296296296297 0.015104166666666667 0.6712962962962963 0.0171875 0.6851851851851852 0.021875 0.687962962962963 0.03697916666666667 0.6416666666666667 0.04114583333333333 0.637962962962963 0.025 0.6361111111111111 0.021354166666666667 0.6287037037037037 0.0140625 0.6342592592592593 0.014583333333333334 0.6435185185185185 0.0125 0.6509259259259259
5 0.3546875 0.6509259259259259 0.3572916666666667 0.6546296296296297 0.3614583333333333 0.6472222222222223 0.36302083333333335 0.6074074074074074 0.3567708333333333 0.5953703703703703 0.35260416666666666 0.6092592592592593 0.35260416666666666 0.6370370370370371 0.3546875 0.6509259259259259
5 0.6114583333333333 0.7240740740740741 0.6166666666666667 0.725925925925926 0.61875 0.7138888888888889 0.621875 0.7092592592592593 0.6239583333333333 0.7111111111111111 0.6265625 0.725 0.6302083333333334 0.7277777777777777 0.63125 0.7240740740740741 0.6270833333333333 0.7083333333333334 0.6255208333333333 0.6759259259259259 0.6229166666666667 0.662962962962963 0.61875 0.6648148148148149 0.6145833333333334 0.6768518518518518 0.6135416666666667 0.6888888888888889 0.6140625 0.7129629629629629 0.6114583333333333 0.7240740740740741
4 0.8927083333333333 0.7361111111111112 0.8958333333333334 0.7407407407407407 0.9 0.737037037037037 0.9041666666666667 0.7203703703703703 0.9083333333333333 0.7240740740740741 0.9197916666666667 0.7240740740740741 0.9171875 0.7175925925925926 0.9109375 0.7148148148148148 0.9041666666666667 0.6787037037037037 0.9 0.6722222222222223 0.896875 0.6768518518518518 0.8984375 0.7018518518518518 0.8927083333333333 0.7361111111111112
4 0.43802083333333336 0.7037037037037037 0.4354166666666667 0.712037037037037 0.43697916666666664 0.7361111111111112 0.440625 0.737037037037037 0.4432291666666667 0.7296296296296296 0.4515625 0.7296296296296296 0.4546875 0.7398148148148148 0.4588541666666667 0.737037037037037 0.459375 0.7314814814814815 0.45416666666666666 0.7212962962962963 0.4479166666666667 0.6898148148148148 0.4427083333333333 0.6777777777777778 0.4375 0.6777777777777778 0.434375 0.6953703703703704 0.43802083333333336 0.7037037037037037
4 0.7286458333333333 0.7537037037037037 0.7322916666666667 0.7583333333333333 0.7359375 0.7546296296296297 0.734375 0.7277777777777777 0.7375 0.700925925925926 0.7307291666666667 0.6851851851851852 0.7255208333333333 0.6861111111111111 0.7208333333333333 0.7055555555555556 0.7286458333333333 0.7537037037037037
4 0.5541666666666667 0.6212962962962963 0.5572916666666666 0.6240740740740741 0.559375 0.6222222222222222 0.5645833333333333 0.5777777777777777 0.5609375 0.5740740740740741 0.5536458333333333 0.575 0.553125 0.6129629629629629 0.5541666666666667 0.6212962962962963
5 0.9895833333333334 0.7805555555555556 0.9942708333333333 0.7833333333333333 0.9958333333333333 0.775 0.9911458333333333 0.7648148148148148 0.9895833333333334 0.712037037037037 0.9854166666666667 0.7083333333333334 0.9822916666666667 0.7129629629629629 0.9776041666666667 0.7824074074074074 0.9895833333333334 0.7805555555555556
5 0.3885416666666667 0.65 0.4 0.65 0.4036458333333333 0.6462962962962963 0.4036458333333333 0.6064814814814815 0.39895833333333336 0.5990740740740741 0.3932291666666667 0.6083333333333333 0.38645833333333335 0.6462962962962963 0.3885416666666667 0.65
4 0.9677083333333333 0.6685185185185185 0.971875 0.6814814814814815 0.9713541666666666 0.6925925925925925 0.9692708333333333 0.6962962962962963 0.9703125 0.7055555555555556 0.9802083333333333 0.7 0.9859375 0.700925925925926 0.9880208333333333 0.6972222222222222 0.9848958333333333 0.6916666666666667 0.9822916666666667 0.6731481481481482 0.9822916666666667 0.6546296296296297 0.9791666666666666 0.6453703703703704 0.9744791666666667 0.6453703703703704 0.9723958333333333 0.6620370370370371 0.9677083333333333 0.6685185185185185
3 0.43802083333333336 0.6537037037037037 0.44375 0.6574074074074074 0.446875 0.6537037037037037 0.4484375 0.6074074074074074 0.44427083333333334 0.5953703703703703 0.43697916666666664 0.6027777777777777 0.440625 0.6370370370370371 0.43802083333333336 0.6537037037037037
5 0.3807291666666667 0.6435185185185185 0.3848958333333333 0.6296296296296297 0.3854166666666667 0.6064814814814815 0.3848958333333333 0.5898148148148148 0.3807291666666667 0.5824074074074074 0.37552083333333336 0.612037037037037 0.3765625 0.6425925925925926 0.3807291666666667 0.6435185185185185
4 0.434375 0.6212962962962963 0.43697916666666664 0.6157407407407407 0.43854166666666666 0.5814814814814815 0.4348958333333333 0.5703703703703704 0.43125 0.5703703703703704 0.428125 0.5814814814814815 0.42864583333333334 0.6194444444444445 0.434375 0.6212962962962963
2 0.18229166666666666 0.6416666666666667 0.18385416666666668 0.6342592592592593 0.1890625 0.6314814814814815 0.19114583333333332 0.637962962962963 0.19427083333333334 0.637962962962963 0.19479166666666667 0.6148148148148148 0.19322916666666667 0.6138888888888889 0.19166666666666668 0.5916666666666667 0.18802083333333333 0.587037037037037 0.18385416666666668 0.587037037037037 0.1796875 0.6027777777777777 0.1796875 0.6416666666666667 0.18229166666666666 0.6416666666666667
5 0.2791666666666667 0.6462962962962963 0.2838541666666667 0.6425925925925926 0.2859375 0.5916666666666667 0.2828125 0.5888888888888889 0.2786458333333333 0.5962962962962963 0.27760416666666665 0.6425925925925926 0.2791666666666667 0.6462962962962963
3 0.42135416666666664 0.5546296296296296 0.4276041666666667 0.5564814814814815 0.42916666666666664 0.5268518518518519 0.4270833333333333 0.5212962962962963 0.421875 0.5212962962962963 0.4192708333333333 0.525 0.41822916666666665 0.5398148148148149 0.42135416666666664 0.5546296296296296
5 0.49114583333333334 0.6611111111111111 0.4953125 0.6583333333333333 0.4973958333333333 0.6509259259259259 0.4942708333333333 0.6361111111111111 0.49583333333333335 0.6203703703703703 0.49322916666666666 0.6064814814814815 0.490625 0.6018518518518519 0.48802083333333335 0.6064814814814815 0.48802083333333335 0.6583333333333333 0.49114583333333334 0.6611111111111111
5 0.3958333333333333 0.6342592592592593 0.4 0.6388888888888888 0.4041666666666667 0.6259259259259259 0.4046875 0.612037037037037 0.4041666666666667 0.6018518518518519 0.4 0.5898148148148148 0.3963541666666667 0.5916666666666667 0.39375 0.6064814814814815 0.3927083333333333 0.6231481481481481 0.3958333333333333 0.6342592592592593
4 0.4791666666666667 0.6537037037037037 0.4875 0.6620370370370371 0.49375 0.6611111111111111 0.4979166666666667 0.6555555555555556 0.4984375 0.649074074074074 0.49322916666666666 0.6416666666666667 0.49114583333333334 0.6277777777777778 0.49375 0.6231481481481481 0.4901041666666667 0.6185185185185185 0.4822916666666667 0.6231481481481481 0.4791666666666667 0.6296296296296297 0.47760416666666666 0.65 0.4791666666666667 0.6537037037037037