4 0.2947916666666667 0.5638888888888889 0.29270833333333335 0.5546296296296296 0.29270833333333335 0.5277777777777778 0.2864583333333333 0.5148148148148148 0.28072916666666664 0.5287037037037037 0.28072916666666664 0.5592592592592592 0.29010416666666666 0.5685185185185185 0.29322916666666665 0.5675925925925925 0.2947916666666667 0.5638888888888889
4 0.45364583333333336 0.6027777777777777 0.4479166666666667 0.5861111111111111 0.4432291666666667 0.587037037037037 0.4359375 0.600925925925926 0.43854166666666666 0.6240740740740741 0.4354166666666667 0.6555555555555556 0.446875 0.6592592592592592 0.45364583333333336 0.6027777777777777
4 0.115625 0.5768518518518518 0.1140625 0.5407407407407407 0.11145833333333334 0.5370370370370371 0.109375 0.5388888888888889 0.10572916666666667 0.5509259259259259 0.10729166666666666 0.6018518518518519 0.11145833333333334 0.6055555555555555 0.11354166666666667 0.6027777777777777 0.115625 0.5768518518518518
5 0.315625 0.5712962962962963 0.31927083333333334 0.5462962962962963 0.3140625 0.5314814814814814 0.309375 0.5305555555555556 0.309375 0.5879629629629629 0.3140625 0.5907407407407408 0.31614583333333335 0.5851851851851851 0.315625 0.5712962962962963
4 0.5140625 0.5685185185185185 0.5182291666666666 0.5648148148148148 0.5203125 0.5268518518518519 0.5166666666666667 0.5083333333333333 0.5119791666666667 0.5083333333333333 0.5088541666666667 0.5268518518518519 0.509375 0.5555555555555556 0.5078125 0.5638888888888889 0.5088541666666667 0.5675925925925925 0.5140625 0.5685185185185185
5 0.5536458333333333 0.6462962962962963 0.5541666666666667 0.6037037037037037 0.5536458333333333 0.5907407407407408 0.5505208333333333 0.5805555555555556 0.5473958333333333 0.5777777777777777 0.5447916666666667 0.5824074074074074 0.54375 0.6240740740740741 0.5401041666666667 0.6444444444444445 0.5442708333333334 0.649074074074074 0.5536458333333333 0.6462962962962963
4 0.625 0.7138888888888889 0.6291666666666667 0.7046296296296296 0.6328125 0.6518518518518519 0.6239583333333333 0.6314814814814815 0.6208333333333333 0.6342592592592593 0.6171875 0.6481481481481481 0.615625 0.6731481481481482 0.6197916666666666 0.687037037037037 0.61875 0.712037037037037 0.625 0.7138888888888889
2 0.9630208333333333 0.5472222222222223 0.959375 0.5388888888888889 0.9541666666666667 0.5444444444444444 0.95 0.6027777777777777 0.9546875 0.6064814814814815 0.9640625 0.6064814814814815 0.9630208333333333 0.5472222222222223
5 0.4510416666666667 0.5361111111111111 0.45416666666666666 0.5351851851851852 0.4588541666666667 0.5462962962962963 0.4609375 0.5444444444444444 0.45989583333333334 0.5092592592592593 0.4510416666666667 0.49166666666666664 0.4484375 0.49722222222222223 0.44895833333333335 0.5231481481481481 0.4432291666666667 0.5444444444444444 0.4473958333333333 0.5462962962962963 0.4510416666666667 0.5361111111111111
5 0.5453125 0.5361111111111111 0.5411458333333333 0.5222222222222223 0.5369791666666667 0.5222222222222223 0.5359375 0.5277777777777778 0.5348958333333333 0.5722222222222222 0.5364583333333334 0.5768518518518518 0.5447916666666667 0.5768518518518518 0.5453125 0.5361111111111111
5 0.3614583333333333 0.6703703703703704 0.365625 0.6361111111111111 0.365625 0.6092592592592593 0.3578125 0.5916666666666667 0.35520833333333335 0.5944444444444444 0.3536458333333333 0.6055555555555555 0.35208333333333336 0.6546296296296297 0.34791666666666665 0.6657407407407407 0.3494791666666667 0.6694444444444444 0.3614583333333333 0.6703703703703704
0 0.13072916666666667 0.5953703703703703 0.125 0.5990740740740741 0.1265625 0.6083333333333333 0.13072916666666667 0.6092592592592593 0.1328125 0.6046296296296296 0.13072916666666667 0.5953703703703703
4 0.29270833333333335 0.5648148148148148 0.2911458333333333 0.5287037037037037 0.2869791666666667 0.5203703703703704 0.28177083333333336 0.5287037037037037 0.2791666666666667 0.5481481481481482 0.278125 0.5953703703703703 0.2869791666666667 0.5962962962962963 0.2875 0.5768518518518518 0.29270833333333335 0.5648148148148148
5 0.6984375 0.6675925925925926 0.7010416666666667 0.6731481481481482 0.7010416666666667 0.6240740740740741 0.6932291666666667 0.6055555555555555 0.6885416666666667 0.6129629629629629 0.6885416666666667 0.6546296296296297 0.6854166666666667 0.6694444444444444 0.6911458333333333 0.674074074074074 0.6984375 0.6675925925925926
5 0.396875 0.5731481481481482 0.39895833333333336 0.5703703703703704 0.4 0.5277777777777778 0.3963541666666667 0.5138888888888888 0.3921875 0.512962962962963 0.39114583333333336 0.5175925925925926 0.3885416666666667 0.5435185185185185 0.3927083333333333 0.562037037037037 0.39114583333333336 0.5722222222222222 0.396875 0.5731481481481482
5 0.6411458333333333 0.6074074074074074 0.640625 0.5768518518518518 0.6385416666666667 0.5731481481481482 0.634375 0.5731481481481482 0.6328125 0.5787037037037037 0.6307291666666667 0.6175925925925926 0.6265625 0.637962962962963 0.634375 0.6333333333333333 0.6411458333333333 0.6074074074074074
4 0.2484375 0.49907407407407406 0.24791666666666667 0.4888888888888889 0.24427083333333333 0.48148148148148145 0.23854166666666668 0.48333333333333334 0.23645833333333333 0.4888888888888889 0.23697916666666666 0.5287037037037037 0.240625 0.5314814814814814 0.24427083333333333 0.5287037037037037 0.2484375 0.49907407407407406
4 0.19947916666666668 0.6898148148148148 0.20520833333333333 0.6916666666666667 0.20833333333333334 0.6888888888888889 0.21145833333333333 0.6388888888888888 0.20885416666666667 0.6148148148148148 0.2046875 0.612037037037037 0.19635416666666666 0.6305555555555555 0.1953125 0.637962962962963 0.19895833333333332 0.65 0.1984375 0.6861111111111111 0.19947916666666668 0.6898148148148148
5 0.7036458333333333 0.7018518518518518 0.7088541666666667 0.7092592592592593 0.7161458333333334 0.7064814814814815 0.7171875 0.7 0.7145833333333333 0.6416666666666667 0.7125 0.6314814814814815 0.7098958333333333 0.6287037037037037 0.7072916666666667 0.6296296296296297 0.70625 0.6361111111111111 0.7067708333333333 0.65 0.703125 0.6694444444444444 0.7057291666666666 0.6851851851851852 0.7036458333333333 0.7018518518518518
3 0.2796875 0.5518518518518518 0.2786458333333333 0.5287037037037037 0.275 0.5268518518518519 0.2708333333333333 0.5388888888888889 0.2703125 0.5861111111111111 0.2713541666666667 0.5925925925925926 0.2755208333333333 0.5944444444444444 0.2796875 0.5518518518518518
3 0.03333333333333333 0.48333333333333334 0.034895833333333334 0.4740740740740741 0.025520833333333333 0.4648148148148148 0.022395833333333334 0.46574074074074073 0.0203125 0.4740740740740741 0.021354166666666667 0.5268518518518519 0.029166666666666667 0.5287037037037037 0.034375 0.5046296296296297 0.03333333333333333 0.48333333333333334
4 0.6463541666666667 0.6518518518518519 0.6515625 0.6462962962962963 0.6494791666666667 0.6259259259259259 0.6505208333333333 0.5898148148148148 0.6463541666666667 0.575925925925926 0.6416666666666667 0.575925925925926 0.6395833333333333 0.5796296296296296 0.634375 0.6148148148148148 0.6390625 0.6203703703703703 0.6385416666666667 0.65 0.6463541666666667 0.6518518518518519
4 0.83125 0.7981481481481482 0.8296875 0.7898148148148149 0.8364583333333333 0.7638888888888888 0.8338541666666667 0.7472222222222222 0.8322916666666667 0.7046296296296296 0.8260416666666667 0.7046296296296296 0.821875 0.7203703703703703 0.821875 0.7851851851851852 0.8229166666666666 0.7944444444444444 0.8296875 0.8 0.83125 0.7981481481481482
5 0.5864583333333333 0.6064814814814815 0.5895833333333333 0.6064814814814815 0.5875 0.5638888888888889 0.5807291666666666 0.5472222222222223 0.5760416666666667 0.5509259259259259 0.5755208333333334 0.6074074074074074 0.5807291666666666 0.6083333333333333 0.5854166666666667 0.6027777777777777 0.5864583333333333 0.6064814814814815