5 0.2171875 0.675 0.22135416666666666 0.6712962962962963 0.21927083333333333 0.6620370370370371 0.22083333333333333 0.6361111111111111 0.21666666666666667 0.6240740740740741 0.21354166666666666 0.6277777777777778 0.21302083333333333 0.6731481481481482 0.2171875 0.675
4 0.4041666666666667 0.637962962962963 0.409375 0.6314814814814815 0.4125 0.6064814814814815 0.40729166666666666 0.5981481481481481 0.40208333333333335 0.6074074074074074 0.40208333333333335 0.6342592592592593 0.4041666666666667 0.637962962962963
5 0.3729166666666667 0.65 0.3723958333333333 0.6194444444444445 0.36875 0.6064814814814815 0.3640625 0.6083333333333333 0.3609375 0.6462962962962963 0.3729166666666667 0.65
4 0.40677083333333336 0.6861111111111111 0.40625 0.7129629629629629 0.4083333333333333 0.7166666666666667 0.4171875 0.7157407407407408 0.41770833333333335 0.6694444444444444 0.4125 0.6583333333333333 0.40572916666666664 0.6657407407407407 0.4041666666666667 0.6777777777777778 0.40677083333333336 0.6861111111111111
5 0.44114583333333335 0.6361111111111111 0.44375 0.6342592592592593 0.4484375 0.6055555555555555 0.4432291666666667 0.5944444444444444 0.43802083333333336 0.6037037037037037 0.4375 0.6342592592592593 0.44114583333333335 0.6361111111111111
5 0.2520833333333333 0.6138888888888889 0.2546875 0.6175925925925926 0.2625 0.6148148148148148 0.2625 0.5888888888888889 0.2520833333333333 0.5851851851851851 0.24947916666666667 0.587037037037037 0.2520833333333333 0.6138888888888889
4 0.29791666666666666 0.6537037037037037 0.3104166666666667 0.6537037037037037 0.31145833333333334 0.6472222222222223 0.30833333333333335 0.6148148148148148 0.3020833333333333 0.6092592592592593 0.30052083333333335 0.6157407407407407 0.29635416666666664 0.65 0.29791666666666666 0.6537037037037037
4 0.13020833333333334 0.6962962962962963 0.140625 0.6972222222222222 0.14166666666666666 0.6611111111111111 0.1359375 0.6462962962962963 0.13333333333333333 0.6462962962962963 0.125 0.6731481481481482 0.12083333333333333 0.6768518518518518 0.12083333333333333 0.6851851851851852 0.13020833333333334 0.6962962962962963
4 0.03229166666666667 0.6731481481481482 0.03802083333333333 0.662962962962963 0.04583333333333333 0.6722222222222223 0.04739583333333333 0.6694444444444444 0.04010416666666667 0.65 0.04010416666666667 0.6416666666666667 0.04635416666666667 0.6342592592592593 0.04635416666666667 0.6305555555555555 0.036458333333333336 0.625 0.029166666666666667 0.6370370370370371 0.028645833333333332 0.6731481481481482 0.03229166666666667 0.6731481481481482
5 0.471875 0.6583333333333333 0.47604166666666664 0.6546296296296297 0.47760416666666666 0.6305555555555555 0.4739583333333333 0.6138888888888889 0.4703125 0.6138888888888889 0.46927083333333336 0.6194444444444445 0.46822916666666664 0.6574074074074074 0.471875 0.6583333333333333
4 0.4552083333333333 0.6814814814814815 0.4588541666666667 0.6777777777777778 0.46041666666666664 0.6537037037037037 0.45625 0.6361111111111111 0.4510416666666667 0.637962962962963 0.45 0.6805555555555556 0.4552083333333333 0.6814814814814815
5 0.5125 0.7083333333333334 0.5182291666666666 0.7101851851851851 0.5203125 0.7027777777777777 0.5171875 0.662962962962963 0.5130208333333334 0.6601851851851852 0.5104166666666666 0.6694444444444444 0.5088541666666667 0.6851851851851852 0.5125 0.7083333333333334
5 0.08854166666666667 0.6537037037037037 0.10520833333333333 0.6537037037037037 0.10572916666666667 0.65 0.10052083333333334 0.6388888888888888 0.09375 0.6111111111111112 0.0890625 0.6083333333333333 0.08697916666666666 0.6129629629629629 0.0890625 0.6305555555555555 0.08854166666666667 0.6537037037037037
5 0.11510416666666666 0.6351851851851852 0.11875 0.6324074074074074 0.11979166666666667 0.6203703703703703 0.1265625 0.6064814814814815 0.11875 0.5935185185185186 0.1140625 0.5962962962962963 0.10989583333333333 0.6148148148148148 0.11510416666666666 0.6351851851851852
3 0.6536458333333334 0.8425925925925926 0.6583333333333333 0.8453703703703703 0.6598958333333333 0.8342592592592593 0.6635416666666667 0.8277777777777777 0.6666666666666666 0.8314814814814815 0.6697916666666667 0.8435185185185186 0.6770833333333334 0.8333333333333334 0.6697916666666667 0.8092592592592592 0.6703125 0.7898148148148149 0.6661458333333333 0.7777777777777778 0.6619791666666667 0.7731481481481481 0.6583333333333333 0.787962962962963 0.6588541666666666 0.8064814814814815 0.6536458333333334 0.8425925925925926
0 0.11510416666666666 0.6287037037037037 0.11822916666666666 0.6259259259259259 0.1203125 0.6138888888888889 0.1203125 0.6055555555555555 0.11510416666666666 0.6018518518518519 0.11041666666666666 0.6111111111111112 0.11510416666666666 0.6287037037037037
5 0.31197916666666664 0.6185185185185185 0.3140625 0.6194444444444445 0.3234375 0.6111111111111112 0.32708333333333334 0.5916666666666667 0.3260416666666667 0.5814814814814815 0.3182291666666667 0.5805555555555556 0.3140625 0.5944444444444444 0.3109375 0.6111111111111112 0.31197916666666664 0.6185185185185185
4 0.32395833333333335 0.612037037037037 0.32708333333333334 0.6 0.33229166666666665 0.5916666666666667 0.33125 0.5861111111111111 0.3260416666666667 0.5787037037037037 0.3182291666666667 0.5814814814814815 0.3140625 0.6083333333333333 0.3140625 0.6166666666666667 0.32395833333333335 0.612037037037037
5 0.21145833333333333 0.6305555555555555 0.21458333333333332 0.612037037037037 0.21302083333333333 0.6027777777777777 0.2140625 0.5898148148148148 0.2125 0.5879629629629629 0.20625 0.5935185185185186 0.2046875 0.6018518518518519 0.2046875 0.6305555555555555 0.21145833333333333 0.6305555555555555
4 0.0953125 0.612037037037037 0.096875 0.5962962962962963 0.0953125 0.5842592592592593 0.090625 0.5842592592592593 0.08697916666666666 0.5972222222222222 0.08541666666666667 0.6148148148148148 0.0953125 0.612037037037037
3 0.2375 0.5833333333333334 0.24010416666666667 0.5842592592592593 0.24375 0.5592592592592592 0.24322916666666666 0.55 0.23958333333333334 0.5444444444444444 0.23489583333333333 0.5462962962962963 0.23541666666666666 0.5768518518518518 0.2375 0.5833333333333334
4 0.0484375 0.6342592592592593 0.044270833333333336 0.6240740740740741 0.0453125 0.6148148148148148 0.041666666666666664 0.6018518518518519 0.036458333333333336 0.6018518518518519 0.03333333333333333 0.6138888888888889 0.033854166666666664 0.6361111111111111 0.0484375 0.6342592592592593
3 0.07864583333333333 0.5898148148148148 0.08125 0.5907407407407408 0.08385416666666666 0.587037037037037 0.0859375 0.562962962962963 0.08177083333333333 0.5583333333333333 0.07552083333333333 0.5592592592592592 0.07604166666666666 0.5768518518518518 0.07864583333333333 0.5898148148148148
2 0.8651041666666667 0.6462962962962963 0.86875 0.65 0.8770833333333333 0.65 0.8786458333333333 0.6453703703703704 0.8755208333333333 0.6064814814814815 0.8734375 0.6027777777777777 0.86875 0.6027777777777777 0.8645833333333334 0.6111111111111112 0.8671875 0.6296296296296297 0.8651041666666667 0.6462962962962963
3 0.2786458333333333 0.6388888888888888 0.2828125 0.6620370370370371 0.2859375 0.6620370370370371 0.2869791666666667 0.6185185185185185 0.2828125 0.612037037037037 0.2791666666666667 0.6138888888888889 0.27708333333333335 0.6212962962962963 0.2786458333333333 0.6388888888888888
4 0.21666666666666667 0.6287037037037037 0.21875 0.625 0.2203125 0.5962962962962963 0.21666666666666667 0.5879629629629629 0.2125 0.5879629629629629 0.20885416666666667 0.5953703703703703 0.20885416666666667 0.6268518518518519 0.21666666666666667 0.6287037037037037