5 0.7677083333333333 0.7851851851851852 0.7708333333333334 0.7722222222222223 0.7755208333333333 0.7685185185185185 0.7833333333333333 0.787962962962963 0.7864583333333334 0.7777777777777778 0.7791666666666667 0.7583333333333333 0.7817708333333333 0.7324074074074074 0.7755208333333333 0.7157407407407408 0.7713541666666667 0.7148148148148148 0.7666666666666667 0.7333333333333333 0.7697916666666667 0.7527777777777778 0.7625 0.7768518518518519 0.7630208333333334 0.7814814814814814 0.7677083333333333 0.7851851851851852
4 0.6046875 0.7037037037037037 0.6057291666666667 0.6768518518518518 0.6036458333333333 0.6703703703703704 0.596875 0.6777777777777778 0.59375 0.6962962962962963 0.5942708333333333 0.7240740740740741 0.5984375 0.7287037037037037 0.6072916666666667 0.7287037037037037 0.6046875 0.7037037037037037
5 0.65 0.7092592592592593 0.6552083333333333 0.712037037037037 0.6567708333333333 0.6925925925925925 0.653125 0.6888888888888889 0.653125 0.6814814814814815 0.6567708333333333 0.6731481481481482 0.6536458333333334 0.662962962962963 0.65 0.6611111111111111 0.6416666666666667 0.674074074074074 0.64375 0.6805555555555556 0.6427083333333333 0.687037037037037 0.6333333333333333 0.7027777777777777 0.6333333333333333 0.7083333333333334 0.6354166666666666 0.7092592592592593 0.6473958333333333 0.7 0.65 0.7092592592592593
4 0.5927083333333333 0.762962962962963 0.5984375 0.7351851851851852 0.603125 0.7314814814814815 0.603125 0.7166666666666667 0.5911458333333334 0.7138888888888889 0.5838541666666667 0.7296296296296296 0.5859375 0.7824074074074074 0.5911458333333334 0.7861111111111111 0.59375 0.7796296296296297 0.5927083333333333 0.762962962962963
4 0.375 0.6972222222222222 0.3765625 0.6925925925925925 0.3807291666666667 0.6611111111111111 0.378125 0.6398148148148148 0.375 0.6398148148148148 0.36875 0.6537037037037037 0.3692708333333333 0.6787037037037037 0.3645833333333333 0.6972222222222222 0.36770833333333336 0.7027777777777777 0.375 0.6972222222222222
5 0.6927083333333334 0.8148148148148148 0.696875 0.8148148148148148 0.7036458333333333 0.8037037037037037 0.7026041666666667 0.7583333333333333 0.6973958333333333 0.7379629629629629 0.6947916666666667 0.7388888888888889 0.6927083333333334 0.7462962962962963 0.6895833333333333 0.7777777777777778 0.6916666666666667 0.7962962962962963 0.690625 0.8101851851851852 0.6927083333333334 0.8148148148148148
4 0.725 0.7796296296296297 0.7208333333333333 0.7638888888888888 0.7229166666666667 0.7351851851851852 0.7166666666666667 0.7166666666666667 0.7125 0.7203703703703703 0.7088541666666667 0.75 0.7083333333333334 0.7851851851851852 0.7151041666666667 0.7824074074074074 0.7244791666666667 0.7925925925925926 0.725 0.7796296296296297
4 0.5401041666666667 0.762962962962963 0.5364583333333334 0.75 0.5317708333333333 0.7509259259259259 0.528125 0.7703703703703704 0.5286458333333334 0.8 0.5369791666666667 0.8018518518518518 0.5385416666666667 0.799074074074074 0.5401041666666667 0.762962962962963
5 0.06510416666666667 0.8796296296296297 0.06875 0.8768518518518519 0.07239583333333334 0.8444444444444444 0.07083333333333333 0.8203703703703704 0.06614583333333333 0.7981481481481482 0.0609375 0.7972222222222223 0.05520833333333333 0.8148148148148148 0.05416666666666667 0.825925925925926 0.057291666666666664 0.837037037037037 0.06041666666666667 0.8694444444444445 0.06510416666666667 0.8796296296296297
4 0.3640625 0.762962962962963 0.36770833333333336 0.7472222222222222 0.36770833333333336 0.7111111111111111 0.3697916666666667 0.7 0.3645833333333333 0.6962962962962963 0.3609375 0.7018518518518518 0.3572916666666667 0.7287037037037037 0.35833333333333334 0.7435185185185185 0.35625 0.762962962962963 0.3614583333333333 0.7657407407407407 0.3640625 0.762962962962963
5 0.30572916666666666 0.7240740740740741 0.303125 0.7129629629629629 0.30416666666666664 0.7 0.3026041666666667 0.6916666666666667 0.2984375 0.6907407407407408 0.29375 0.7046296296296296 0.2942708333333333 0.7555555555555555 0.2989583333333333 0.7583333333333333 0.303125 0.7453703703703703 0.30572916666666666 0.7240740740740741
5 0.034895833333333334 0.7351851851851852 0.03697916666666667 0.7314814814814815 0.033854166666666664 0.7194444444444444 0.03229166666666667 0.6777777777777778 0.028645833333333332 0.674074074074074 0.025 0.6851851851851852 0.023958333333333335 0.7185185185185186 0.021354166666666667 0.7324074074074074 0.024479166666666666 0.737037037037037 0.034895833333333334 0.7351851851851852
4 0.7536458333333333 0.7861111111111111 0.7494791666666667 0.774074074074074 0.7515625 0.7379629629629629 0.7479166666666667 0.7231481481481481 0.7432291666666667 0.725925925925926 0.7390625 0.7583333333333333 0.7385416666666667 0.7981481481481482 0.74375 0.8 0.7520833333333333 0.7953703703703704 0.7536458333333333 0.7861111111111111
5 0.528125 0.8361111111111111 0.5291666666666667 0.8407407407407408 0.5328125 0.8416666666666667 0.5338541666666666 0.837037037037037 0.5286458333333334 0.8083333333333333 0.5296875 0.7768518518518519 0.5270833333333333 0.7592592592592593 0.5255208333333333 0.7564814814814815 0.5213541666666667 0.7583333333333333 0.5151041666666667 0.774074074074074 0.5130208333333334 0.7870370370370371 0.5177083333333333 0.8111111111111111 0.5171875 0.8379629629629629 0.528125 0.8361111111111111
5 0.8088541666666667 0.8435185185185186 0.809375 0.8527777777777777 0.8151041666666666 0.8555555555555555 0.8182291666666667 0.8537037037037037 0.8182291666666667 0.8490740740740741 0.8130208333333333 0.8222222222222222 0.8182291666666667 0.787962962962963 0.8125 0.7648148148148148 0.8098958333333334 0.7620370370370371 0.8078125 0.7666666666666667 0.8015625 0.7944444444444444 0.8057291666666667 0.8092592592592592 0.8026041666666667 0.825 0.8088541666666667 0.8435185185185186
4 0.6661458333333333 0.7194444444444444 0.6755208333333333 0.7157407407407408 0.6770833333333334 0.7296296296296296 0.6817708333333333 0.7287037037037037 0.6828125 0.7129629629629629 0.6770833333333334 0.6842592592592592 0.6734375 0.675 0.6708333333333333 0.6787037037037037 0.6609375 0.7175925925925926 0.6557291666666667 0.7277777777777777 0.6578125 0.7314814814814815 0.6661458333333333 0.7194444444444444
4 0.6588541666666666 0.7037037037037037 0.66875 0.7018518518518518 0.675 0.6851851851851852 0.6692708333333334 0.6574074074074074 0.6661458333333333 0.6546296296296297 0.6630208333333333 0.6574074074074074 0.6630208333333333 0.6666666666666666 0.65625 0.6981481481481482 0.65625 0.7018518518518518 0.6588541666666666 0.7037037037037037
1 0.8390625 0.6916666666666667 0.8421875 0.7046296296296296 0.846875 0.7046296296296296 0.84375 0.6666666666666666 0.8338541666666667 0.649074074074074 0.8307291666666666 0.6537037037037037 0.83125 0.6796296296296296 0.8265625 0.700925925925926 0.8317708333333333 0.7037037037037037 0.8390625 0.6916666666666667