4 0.65 0.6611111111111111 0.6578125 0.6601851851851852 0.659375 0.6564814814814814 0.65625 0.6277777777777778 0.6515625 0.6194444444444445 0.6484375 0.6259259259259259 0.6479166666666667 0.6574074074074074 0.65 0.6611111111111111
5 0.15 0.7166666666666667 0.16041666666666668 0.7111111111111111 0.16302083333333334 0.6888888888888889 0.16197916666666667 0.6675925925925926 0.15833333333333333 0.6620370370370371 0.15416666666666667 0.6712962962962963 0.15260416666666668 0.6935185185185185 0.1484375 0.7046296296296296 0.14791666666666667 0.7138888888888889 0.15 0.7166666666666667
4 0.56875 0.7203703703703703 0.5729166666666666 0.7222222222222222 0.5833333333333334 0.7138888888888889 0.584375 0.7083333333333334 0.5802083333333333 0.6981481481481482 0.5802083333333333 0.687037037037037 0.5770833333333333 0.6731481481481482 0.571875 0.6731481481481482 0.5682291666666667 0.687962962962963 0.56875 0.7203703703703703
5 0.35989583333333336 0.6314814814814815 0.3614583333333333 0.6333333333333333 0.36666666666666664 0.6287037037037037 0.3729166666666667 0.6324074074074074 0.37395833333333334 0.625 0.3692708333333333 0.6 0.3651041666666667 0.5953703703703703 0.36041666666666666 0.6064814814814815 0.3619791666666667 0.6157407407407407 0.35989583333333336 0.6314814814814815
5 0.6354166666666666 0.6731481481481482 0.6369791666666667 0.6703703703703704 0.6348958333333333 0.6583333333333333 0.6359375 0.637962962962963 0.6307291666666667 0.6259259259259259 0.6265625 0.6259259259259259 0.625 0.6296296296296297 0.6276041666666666 0.6712962962962963 0.6354166666666666 0.6731481481481482
5 0.4 0.7046296296296296 0.40520833333333334 0.7046296296296296 0.40729166666666666 0.7 0.4088541666666667 0.6638888888888889 0.4041666666666667 0.6527777777777778 0.39895833333333336 0.6657407407407407 0.39947916666666666 0.7018518518518518 0.4 0.7046296296296296
3 0.4666666666666667 0.6851851851851852 0.4786458333333333 0.6898148148148148 0.4817708333333333 0.6851851851851852 0.48072916666666665 0.6611111111111111 0.4822916666666667 0.6453703703703704 0.47708333333333336 0.6388888888888888 0.4713541666666667 0.65 0.4713541666666667 0.6601851851851852 0.4666666666666667 0.6851851851851852
4 0.42552083333333335 0.6731481481481482 0.4328125 0.6759259259259259 0.4359375 0.6546296296296297 0.434375 0.637962962962963 0.4317708333333333 0.6324074074074074 0.4265625 0.6333333333333333 0.425 0.637962962962963 0.42552083333333335 0.6731481481481482
4 0.3359375 0.7138888888888889 0.3375 0.7166666666666667 0.3494791666666667 0.7138888888888889 0.3489583333333333 0.6777777777777778 0.3463541666666667 0.6703703703703704 0.3411458333333333 0.6685185185185185 0.33697916666666666 0.6814814814814815 0.3380208333333333 0.700925925925926 0.3359375 0.7138888888888889
2 0.23125 0.674074074074074 0.23385416666666667 0.6694444444444444 0.2328125 0.6564814814814814 0.234375 0.6472222222222223 0.23229166666666667 0.6268518518518519 0.22708333333333333 0.6240740740740741 0.22447916666666667 0.6324074074074074 0.2265625 0.6731481481481482 0.23125 0.674074074074074
4 0.9338541666666667 0.8101851851851852 0.9380208333333333 0.8231481481481482 0.9369791666666667 0.8296296296296296 0.9432291666666667 0.8407407407407408 0.9510416666666667 0.8416666666666667 0.9546875 0.7907407407407407 0.9515625 0.7712962962962963 0.946875 0.7703703703703704 0.9390625 0.7898148148148149 0.9390625 0.8027777777777778 0.9338541666666667 0.8101851851851852
4 0.4546875 0.7657407407407407 0.45416666666666666 0.7824074074074074 0.4640625 0.787962962962963 0.46822916666666664 0.75 0.4635416666666667 0.7240740740740741 0.46041666666666664 0.7240740740740741 0.4557291666666667 0.7324074074074074 0.4510416666666667 0.7509259259259259 0.45 0.7555555555555555 0.4546875 0.7657407407407407
5 0.8609375 0.6962962962962963 0.8630208333333333 0.6916666666666667 0.8640625 0.6638888888888889 0.8614583333333333 0.6537037037037037 0.85625 0.6546296296296297 0.8552083333333333 0.6601851851851852 0.8520833333333333 0.6925925925925925 0.8609375 0.6962962962962963
5 0.7854166666666667 0.7481481481481481 0.7885416666666667 0.7518518518518519 0.7963541666666667 0.7518518518518519 0.7994791666666666 0.7481481481481481 0.7994791666666666 0.7064814814814815 0.8046875 0.700925925925926 0.7994791666666666 0.6916666666666667 0.7895833333333333 0.6935185185185185 0.7895833333333333 0.7314814814814815 0.7854166666666667 0.7481481481481481
4 0.7901041666666667 0.700925925925926 0.7932291666666667 0.7046296296296296 0.803125 0.7027777777777777 0.8041666666666667 0.6962962962962963 0.7984375 0.6842592592592592 0.7947916666666667 0.6666666666666666 0.790625 0.6611111111111111 0.7875 0.6620370370370371 0.7869791666666667 0.6805555555555556 0.7901041666666667 0.700925925925926
4 0.909375 0.6981481481481482 0.9151041666666667 0.7 0.91875 0.6944444444444444 0.9171875 0.6601851851851852 0.915625 0.6537037037037037 0.9119791666666667 0.6509259259259259 0.9088541666666666 0.6583333333333333 0.9078125 0.6851851851851852 0.909375 0.6981481481481482
4 0.8489583333333334 0.7046296296296296 0.8541666666666666 0.7111111111111111 0.853125 0.7435185185185185 0.8541666666666666 0.7472222222222222 0.8583333333333333 0.7481481481481481 0.8614583333333333 0.7435185185185185 0.8630208333333333 0.700925925925926 0.8583333333333333 0.6888888888888889 0.8520833333333333 0.6944444444444444 0.8515625 0.7018518518518518 0.8489583333333334 0.7046296296296296
5 0.6229166666666667 0.6194444444444445 0.6255208333333333 0.6342592592592593 0.6307291666666667 0.6370370370370371 0.6296875 0.600925925925926 0.628125 0.5916666666666667 0.625 0.5925925925925926 0.6229166666666667 0.5981481481481481 0.6229166666666667 0.6194444444444445
5 0.2984375 0.8407407407407408 0.29739583333333336 0.8611111111111112 0.3026041666666667 0.8657407407407407 0.30572916666666666 0.8601851851851852 0.30520833333333336 0.8462962962962963 0.3104166666666667 0.8212962962962963 0.3072916666666667 0.7870370370370371 0.3015625 0.7870370370370371 0.2947916666666667 0.8037037037037037 0.29375 0.8212962962962963 0.2984375 0.8407407407407408
0 0.31145833333333334 0.6537037037037037 0.3104166666666667 0.649074074074074 0.30520833333333336 0.65 0.30572916666666666 0.6564814814814814 0.31145833333333334 0.6537037037037037
4 0.9963541666666667 0.6574074074074074 0.9994791666666667 0.6435185185185185 0.9994791666666667 0.6259259259259259 0.9901041666666667 0.6166666666666667 0.9869791666666666 0.6324074074074074 0.9875 0.6546296296296297 0.9963541666666667 0.6574074074074074
5 0.9307291666666667 0.8796296296296297 0.9317708333333333 0.8722222222222222 0.9395833333333333 0.8796296296296297 0.9416666666666667 0.8768518518518519 0.9401041666666666 0.8555555555555555 0.9453125 0.8379629629629629 0.9432291666666667 0.8361111111111111 0.9359375 0.8074074074074075 0.9276041666666667 0.8157407407407408 0.925 0.8222222222222222 0.9270833333333334 0.8814814814814815 0.9307291666666667 0.8796296296296297
3 0.44635416666666666 0.612037037037037 0.44947916666666665 0.587037037037037 0.4473958333333333 0.5787037037037037 0.44114583333333335 0.5777777777777777 0.440625 0.6083333333333333 0.44635416666666666 0.612037037037037