5 0.103125 0.6611111111111111 0.10520833333333333 0.6574074074074074 0.10416666666666667 0.6537037037037037 0.11041666666666666 0.6435185185185185 0.11145833333333334 0.6083333333333333 0.10677083333333333 0.6046296296296296 0.1015625 0.6185185185185185 0.09895833333333333 0.6583333333333333 0.103125 0.6611111111111111
5 0.6135416666666667 0.6712962962962963 0.6130208333333333 0.6777777777777778 0.6145833333333334 0.6814814814814815 0.6192708333333333 0.6787037037037037 0.6265625 0.687962962962963 0.6291666666666667 0.6851851851851852 0.6276041666666666 0.6657407407407407 0.6328125 0.6453703703703704 0.6307291666666667 0.6268518518518519 0.6265625 0.6259259259259259 0.6182291666666667 0.6407407407407407 0.6197916666666666 0.6620370370370371 0.6135416666666667 0.6712962962962963
4 0.7317708333333334 0.6425925925925926 0.7364583333333333 0.6435185185185185 0.7401041666666667 0.637962962962963 0.7401041666666667 0.6027777777777777 0.7354166666666667 0.5916666666666667 0.7317708333333334 0.5907407407407408 0.7296875 0.5953703703703703 0.7286458333333333 0.6083333333333333 0.7317708333333334 0.6425925925925926
4 0.3625 0.5907407407407408 0.3645833333333333 0.5879629629629629 0.3651041666666667 0.5481481481481482 0.36666666666666664 0.5435185185185185 0.3619791666666667 0.5370370370370371 0.35625 0.5407407407407407 0.3567708333333333 0.5879629629629629 0.3625 0.5907407407407408
4 0.3807291666666667 0.6675925925925926 0.3927083333333333 0.6398148148148148 0.3921875 0.6268518518518519 0.3880208333333333 0.6138888888888889 0.384375 0.6148148148148148 0.37447916666666664 0.6583333333333333 0.37395833333333334 0.6657407407407407 0.3807291666666667 0.6675925925925926
5 0.41822916666666665 0.7277777777777777 0.41875 0.7361111111111112 0.43072916666666666 0.7379629629629629 0.4328125 0.6814814814814815 0.42916666666666664 0.6685185185185185 0.425 0.6694444444444444 0.4197916666666667 0.687962962962963 0.42239583333333336 0.7111111111111111 0.41822916666666665 0.7277777777777777
5 0.3890625 0.6185185185185185 0.39166666666666666 0.6064814814814815 0.390625 0.5796296296296296 0.3875 0.5768518518518518 0.38177083333333334 0.587037037037037 0.384375 0.6185185185185185 0.3890625 0.6185185185185185
1 0.9453125 0.7 0.9510416666666667 0.7 0.9546875 0.6925925925925925 0.9526041666666667 0.6814814814814815 0.9552083333333333 0.6731481481481482 0.9578125 0.6444444444444445 0.953125 0.6305555555555555 0.95 0.6305555555555555 0.9484375 0.6351851851851852 0.9479166666666666 0.6472222222222223 0.940625 0.6796296296296296 0.9328125 0.6888888888888889 0.9317708333333333 0.6925925925925925 0.9453125 0.7
5 0.17604166666666668 0.7185185185185186 0.16770833333333332 0.725925925925926 0.1671875 0.7324074074074074 0.1703125 0.7351851851851852 0.175 0.7268518518518519 0.18125 0.7231481481481481 0.18489583333333334 0.7268518518518519 0.1875 0.7407407407407407 0.19427083333333334 0.7398148148148148 0.1890625 0.7101851851851851 0.190625 0.6935185185185185 0.1890625 0.6694444444444444 0.18489583333333334 0.6675925925925926 0.178125 0.6861111111111111 0.17916666666666667 0.7083333333333334 0.17604166666666668 0.7185185185185186
5 0.19739583333333333 0.8018518518518518 0.19739583333333333 0.8083333333333333 0.20104166666666667 0.8138888888888889 0.20885416666666667 0.8148148148148148 0.21354166666666666 0.8101851851851852 0.21510416666666668 0.7398148148148148 0.21302083333333333 0.7361111111111112 0.20833333333333334 0.7361111111111112 0.20260416666666667 0.7601851851851852 0.20364583333333333 0.7916666666666666 0.19739583333333333 0.8018518518518518
4 0.31614583333333335 0.8055555555555556 0.3302083333333333 0.7916666666666666 0.3338541666666667 0.8027777777777778 0.3333333333333333 0.8175925925925925 0.33645833333333336 0.8203703703703704 0.34375 0.8175925925925925 0.3411458333333333 0.8101851851851852 0.33645833333333336 0.7722222222222223 0.340625 0.7592592592592593 0.33541666666666664 0.7333333333333333 0.33177083333333335 0.7351851851851852 0.32395833333333335 0.7555555555555555 0.325 0.7685185185185185 0.32083333333333336 0.7870370370370371 0.3104166666666667 0.8009259259259259 0.3104166666666667 0.8166666666666667 0.31614583333333335 0.8055555555555556
4 0.3458333333333333 0.7231481481481481 0.3463541666666667 0.7277777777777777 0.3494791666666667 0.7287037037037037 0.35260416666666666 0.7240740740740741 0.3546875 0.7092592592592593 0.3567708333333333 0.6787037037037037 0.35572916666666665 0.662962962962963 0.3494791666666667 0.6638888888888889 0.3453125 0.6787037037037037 0.34010416666666665 0.7157407407407408 0.3458333333333333 0.7231481481481481
5 0.0359375 0.6175925925925926 0.03697916666666667 0.6351851851851852 0.040625 0.6425925925925926 0.04895833333333333 0.6444444444444445 0.04895833333333333 0.6287037037037037 0.04583333333333333 0.6194444444444445 0.046875 0.6074074074074074 0.040625 0.5962962962962963 0.0359375 0.5981481481481481 0.0375 0.6055555555555555 0.0359375 0.6175925925925926
5 0.036458333333333336 0.6555555555555556 0.033854166666666664 0.675 0.036458333333333336 0.6787037037037037 0.04791666666666667 0.6768518518518518 0.04583333333333333 0.649074074074074 0.04895833333333333 0.6462962962962963 0.0484375 0.6305555555555555 0.04114583333333333 0.6101851851851852 0.033854166666666664 0.6259259259259259 0.03229166666666667 0.6388888888888888 0.036458333333333336 0.6555555555555556
3 0.13072916666666667 0.7064814814814815 0.13229166666666667 0.6972222222222222 0.14114583333333333 0.687037037037037 0.14375 0.6907407407407408 0.14479166666666668 0.7046296296296296 0.15 0.7046296296296296 0.1484375 0.6537037037037037 0.14583333333333334 0.6342592592592593 0.14166666666666666 0.6361111111111111 0.13802083333333334 0.6509259259259259 0.1359375 0.6796296296296296 0.128125 0.6962962962962963 0.12760416666666666 0.700925925925926 0.13072916666666667 0.7064814814814815
4 0.04010416666666667 0.9157407407407407 0.04895833333333333 0.9194444444444444 0.058333333333333334 0.9055555555555556 0.05677083333333333 0.8898148148148148 0.058854166666666666 0.8703703703703703 0.05520833333333333 0.8537037037037037 0.05364583333333333 0.8101851851851852 0.052083333333333336 0.8074074074074075 0.04895833333333333 0.8074074074074075 0.04583333333333333 0.812962962962963 0.040625 0.8518518518518519 0.041666666666666664 0.8888888888888888 0.04010416666666667 0.9157407407407407
3 0.15729166666666666 0.5287037037037037 0.159375 0.5537037037037037 0.1640625 0.5574074074074075 0.16770833333333332 0.5537037037037037 0.1671875 0.5194444444444445 0.16614583333333333 0.5092592592592593 0.16197916666666667 0.5055555555555555 0.15729166666666666 0.5138888888888888 0.15729166666666666 0.5287037037037037
4 0.028125 0.6462962962962963 0.03697916666666667 0.6546296296296297 0.04114583333333333 0.6157407407407407 0.04010416666666667 0.6 0.03697916666666667 0.5962962962962963 0.0328125 0.5981481481481481 0.030208333333333334 0.6101851851851852 0.03125 0.6324074074074074 0.028125 0.6462962962962963
3 0.017708333333333333 0.5675925925925925 0.021354166666666667 0.5694444444444444 0.025 0.562962962962963 0.0328125 0.5694444444444444 0.030729166666666665 0.5564814814814815 0.03333333333333333 0.5444444444444444 0.03177083333333333 0.537962962962963 0.024479166666666666 0.5277777777777778 0.021354166666666667 0.5314814814814814 0.01875 0.5425925925925926 0.019791666666666666 0.5537037037037037 0.017708333333333333 0.5675925925925925
0 0.9348958333333334 0.6981481481481482 0.9473958333333333 0.700925925925926 0.9489583333333333 0.6972222222222222 0.946875 0.6833333333333333 0.9364583333333333 0.6824074074074075 0.9317708333333333 0.687037037037037 0.93125 0.6935185185185185 0.9348958333333334 0.6981481481481482