5 0.6651041666666667 0.6620370370370371 0.6666666666666666 0.6453703703703704 0.6614583333333334 0.637962962962963 0.65625 0.6398148148148148 0.6557291666666667 0.6814814814814815 0.6583333333333333 0.6861111111111111 0.6661458333333333 0.6851851851851852 0.6651041666666667 0.6620370370370371
4 0.7244791666666667 0.6777777777777778 0.7302083333333333 0.649074074074074 0.7265625 0.6416666666666667 0.7234375 0.6407407407407407 0.7151041666666667 0.65 0.7151041666666667 0.6777777777777778 0.7166666666666667 0.6824074074074075 0.7203125 0.6824074074074075 0.7244791666666667 0.6777777777777778
4 0.7078125 0.6962962962962963 0.7041666666666667 0.6851851851851852 0.6989583333333333 0.6851851851851852 0.6942708333333333 0.700925925925926 0.6947916666666667 0.7361111111111112 0.696875 0.7398148148148148 0.7088541666666667 0.7398148148148148 0.7078125 0.6962962962962963
4 0.5036458333333333 0.712037037037037 0.496875 0.700925925925926 0.490625 0.7129629629629629 0.4942708333333333 0.7509259259259259 0.49895833333333334 0.7546296296296297 0.5015625 0.7509259259259259 0.5036458333333333 0.712037037037037
4 0.09791666666666667 0.7435185185185185 0.09947916666666666 0.7324074074074074 0.09739583333333333 0.6888888888888889 0.0953125 0.6851851851851852 0.09270833333333334 0.687962962962963 0.0890625 0.7 0.0890625 0.7379629629629629 0.09010416666666667 0.7435185185185185 0.09375 0.7462962962962963 0.09791666666666667 0.7435185185185185
3 0.3328125 0.6657407407407407 0.3328125 0.637962962962963 0.32864583333333336 0.6268518518518519 0.3255208333333333 0.6268518518518519 0.321875 0.6370370370370371 0.3234375 0.6722222222222223 0.32708333333333334 0.6777777777777778 0.3302083333333333 0.675 0.3328125 0.6657407407407407
5 0.16875 0.6712962962962963 0.165625 0.6416666666666667 0.1609375 0.6472222222222223 0.15885416666666666 0.6685185185185185 0.15885416666666666 0.6888888888888889 0.16614583333333333 0.6935185185185185 0.16875 0.6888888888888889 0.16875 0.6712962962962963
5 0.278125 0.6861111111111111 0.28229166666666666 0.6722222222222223 0.2828125 0.637962962962963 0.2791666666666667 0.637962962962963 0.2760416666666667 0.65 0.27447916666666666 0.6694444444444444 0.2713541666666667 0.6796296296296296 0.27291666666666664 0.687037037037037 0.278125 0.6861111111111111
5 0.20572916666666666 0.6657407407407407 0.2078125 0.6546296296296297 0.20520833333333333 0.6305555555555555 0.20052083333333334 0.6259259259259259 0.1984375 0.6324074074074074 0.19479166666666667 0.6675925925925926 0.20520833333333333 0.6722222222222223 0.20729166666666668 0.6694444444444444 0.20572916666666666 0.6657407407407407
5 0.25833333333333336 0.6231481481481481 0.2578125 0.6055555555555555 0.2552083333333333 0.6046296296296296 0.25104166666666666 0.6111111111111112 0.24947916666666667 0.6240740740740741 0.2484375 0.637962962962963 0.2526041666666667 0.6388888888888888 0.25625 0.6333333333333333 0.25833333333333336 0.6231481481481481
4 0.2604166666666667 0.825925925925926 0.26197916666666665 0.8296296296296296 0.2713541666666667 0.8333333333333334 0.27291666666666664 0.825925925925926 0.2708333333333333 0.8083333333333333 0.2755208333333333 0.7944444444444444 0.2713541666666667 0.7694444444444445 0.2671875 0.7592592592592593 0.2630208333333333 0.7601851851851852 0.25885416666666666 0.775 0.259375 0.7981481481481482 0.2630208333333333 0.812962962962963 0.2604166666666667 0.825925925925926
5 0.48333333333333334 0.6611111111111111 0.48125 0.65 0.47708333333333336 0.6472222222222223 0.4734375 0.6592592592592592 0.4739583333333333 0.6944444444444444 0.4786458333333333 0.6962962962962963 0.4828125 0.6731481481481482 0.48333333333333334 0.6611111111111111
5 0.12135416666666667 0.712037037037037 0.11875 0.6638888888888889 0.11458333333333333 0.6648148148148149 0.1078125 0.6916666666666667 0.10729166666666666 0.7148148148148148 0.115625 0.712037037037037 0.11979166666666667 0.7166666666666667 0.12135416666666667 0.712037037037037
4 0.565625 0.6444444444444445 0.565625 0.6212962962962963 0.5604166666666667 0.6129629629629629 0.55625 0.6138888888888889 0.5578125 0.6361111111111111 0.5604166666666667 0.6444444444444445 0.5640625 0.6472222222222223 0.565625 0.6444444444444445
5 0.19270833333333334 0.7518518518518519 0.1984375 0.7527777777777778 0.2046875 0.7351851851851852 0.203125 0.7 0.19947916666666668 0.6962962962962963 0.1890625 0.7111111111111111 0.18854166666666666 0.7166666666666667 0.19270833333333334 0.7185185185185186 0.19375 0.7296296296296296 0.19270833333333334 0.7518518518518519
4 0.39427083333333335 0.5953703703703703 0.3885416666666667 0.5861111111111111 0.38333333333333336 0.6018518518518519 0.38333333333333336 0.6268518518518519 0.3890625 0.6388888888888888 0.39427083333333335 0.6203703703703703 0.39427083333333335 0.5953703703703703
4 0.3177083333333333 0.7361111111111112 0.32083333333333336 0.7037037037037037 0.3182291666666667 0.6833333333333333 0.3140625 0.6824074074074075 0.30885416666666665 0.6972222222222222 0.309375 0.7175925925925926 0.30625 0.7314814814814815 0.3140625 0.737037037037037 0.3177083333333333 0.7361111111111112
5 0.4005208333333333 0.6148148148148148 0.3958333333333333 0.6138888888888889 0.38958333333333334 0.6268518518518519 0.38958333333333334 0.65 0.3932291666666667 0.6527777777777778 0.40260416666666665 0.6305555555555555 0.4005208333333333 0.6148148148148148
3 0.7390625 0.9824074074074074 0.7442708333333333 0.9824074074074074 0.7458333333333333 0.975 0.759375 0.9833333333333333 0.7614583333333333 0.9675925925925926 0.7614583333333333 0.9148148148148149 0.7526041666666666 0.8925925925925926 0.7489583333333333 0.8953703703703704 0.7432291666666667 0.9120370370370371 0.7395833333333334 0.95 0.7359375 0.9583333333333334 0.7375 0.9787037037037037 0.7390625 0.9824074074074074
3 0.6713541666666667 0.5916666666666667 0.671875 0.6305555555555555 0.6770833333333334 0.6342592592592593 0.6791666666666667 0.5916666666666667 0.6713541666666667 0.5916666666666667
4 0.27708333333333335 0.6212962962962963 0.27708333333333335 0.5953703703703703 0.275 0.5925925925925926 0.2713541666666667 0.5944444444444444 0.2677083333333333 0.6055555555555555 0.26875 0.6166666666666667 0.26666666666666666 0.6296296296296297 0.271875 0.6314814814814815 0.27708333333333335 0.6212962962962963
4 0.18802083333333333 0.6907407407407408 0.18802083333333333 0.6518518518518519 0.18229166666666666 0.6398148148148148 0.17760416666666667 0.6472222222222223 0.17604166666666668 0.6574074074074074 0.178125 0.687037037037037 0.18177083333333333 0.6925925925925925 0.18802083333333333 0.6907407407407408
5 0.384375 0.5990740740740741 0.3807291666666667 0.5972222222222222 0.3770833333333333 0.6055555555555555 0.37916666666666665 0.6342592592592593 0.3848958333333333 0.6398148148148148 0.38645833333333335 0.6259259259259259 0.384375 0.5990740740740741
0 0.4708333333333333 0.6333333333333333 0.46822916666666664 0.6351851851851852 0.46770833333333334 0.6435185185185185 0.471875 0.649074074074074 0.4734375 0.6370370370370371 0.4708333333333333 0.6333333333333333