5 0.2755208333333333 0.6324074074074074 0.2828125 0.6046296296296296 0.2791666666666667 0.5805555555555556 0.275 0.5805555555555556 0.26927083333333335 0.5972222222222222 0.26875 0.6064814814814815 0.27291666666666664 0.6194444444444445 0.271875 0.6296296296296297 0.2755208333333333 0.6324074074074074
0 0.2578125 0.5685185185185185 0.25364583333333335 0.5685185185185185 0.2515625 0.5722222222222222 0.2520833333333333 0.5814814814814815 0.25625 0.5833333333333334 0.259375 0.5805555555555556 0.2578125 0.5685185185185185
4 0.08333333333333333 0.6472222222222223 0.0890625 0.6064814814814815 0.084375 0.5879629629629629 0.08020833333333334 0.5888888888888889 0.07604166666666666 0.6018518518518519 0.07552083333333333 0.6185185185185185 0.078125 0.6425925925925926 0.0796875 0.6481481481481481 0.08333333333333333 0.6472222222222223
4 0.259375 0.5796296296296296 0.259375 0.562962962962963 0.2557291666666667 0.537962962962963 0.2515625 0.537962962962963 0.24895833333333334 0.5472222222222223 0.24947916666666667 0.5787037037037037 0.25104166666666666 0.5833333333333334 0.25625 0.5842592592592593 0.259375 0.5796296296296296
4 0.2625 0.7805555555555556 0.2677083333333333 0.7861111111111111 0.27291666666666664 0.7851851851851852 0.27447916666666666 0.7824074074074074 0.271875 0.7518518518518519 0.28072916666666664 0.7361111111111112 0.27447916666666666 0.725925925925926 0.2713541666666667 0.7064814814814815 0.2671875 0.7074074074074074 0.25833333333333336 0.7361111111111112 0.25729166666666664 0.7472222222222222 0.2609375 0.7490740740740741 0.2635416666666667 0.7555555555555555 0.2625 0.7805555555555556
1 0.12708333333333333 0.5777777777777777 0.12916666666666668 0.5675925925925925 0.12708333333333333 0.5537037037037037 0.12447916666666667 0.55 0.12291666666666666 0.549074074074074 0.11927083333333334 0.5592592592592592 0.11770833333333333 0.5962962962962963 0.12395833333333334 0.6037037037037037 0.12916666666666668 0.5962962962962963 0.12708333333333333 0.5777777777777777
4 0.4114583333333333 0.5527777777777778 0.4088541666666667 0.5425925925925926 0.4036458333333333 0.5435185185185185 0.40260416666666665 0.5768518518518518 0.4046875 0.5916666666666667 0.4088541666666667 0.5888888888888889 0.4114583333333333 0.5527777777777778
4 0.4083333333333333 0.6666666666666666 0.4140625 0.6388888888888888 0.4140625 0.6203703703703703 0.409375 0.6092592592592593 0.40572916666666664 0.6111111111111112 0.40260416666666665 0.6185185185185185 0.40260416666666665 0.6388888888888888 0.40520833333333334 0.6638888888888889 0.4083333333333333 0.6666666666666666
3 0.5213541666666667 0.5574074074074075 0.51875 0.5787037037037037 0.5166666666666667 0.6111111111111112 0.5286458333333334 0.6111111111111112 0.525 0.5592592592592592 0.5213541666666667 0.5574074074074075
4 0.76875 0.7555555555555555 0.7703125 0.7481481481481481 0.7697916666666667 0.7240740740740741 0.7661458333333333 0.7 0.7635416666666667 0.6981481481481482 0.759375 0.7018518518518518 0.7572916666666667 0.7222222222222222 0.75625 0.7787037037037037 0.765625 0.7814814814814814 0.7697916666666667 0.775 0.76875 0.7555555555555555
5 0.45260416666666664 0.6305555555555555 0.4479166666666667 0.6157407407407407 0.44479166666666664 0.6175925925925926 0.4427083333333333 0.6268518518518519 0.4427083333333333 0.6675925925925926 0.4473958333333333 0.6722222222222223 0.44947916666666665 0.6675925925925926 0.45260416666666664 0.6305555555555555
5 0.36875 0.5416666666666666 0.36302083333333335 0.5435185185185185 0.3619791666666667 0.562962962962963 0.3609375 0.5888888888888889 0.36822916666666666 0.5898148148148148 0.3697916666666667 0.587037037037037 0.36875 0.5416666666666666
4 0.66875 0.6925925925925925 0.6708333333333333 0.6898148148148148 0.6739583333333333 0.6518518518518519 0.6729166666666667 0.6351851851851852 0.6697916666666667 0.6333333333333333 0.665625 0.6407407407407407 0.6635416666666667 0.6564814814814814 0.6651041666666667 0.675 0.6619791666666667 0.6814814814814815 0.6619791666666667 0.6888888888888889 0.66875 0.6925925925925925
5 0.5119791666666667 0.5981481481481481 0.509375 0.5888888888888889 0.5057291666666667 0.5879629629629629 0.5046875 0.5916666666666667 0.5046875 0.6388888888888888 0.5098958333333333 0.6398148148148148 0.5130208333333334 0.6148148148148148 0.5119791666666667 0.5981481481481481
5 0.59375 0.5916666666666667 0.5921875 0.575925925925926 0.5869791666666667 0.575925925925926 0.5864583333333333 0.6268518518518519 0.5901041666666667 0.6287037037037037 0.5927083333333333 0.6268518518518519 0.59375 0.5916666666666667
4 0.7328125 0.6972222222222222 0.7390625 0.6425925925925926 0.7338541666666667 0.6314814814814815 0.7302083333333333 0.6305555555555555 0.7244791666666667 0.6453703703703704 0.7265625 0.662962962962963 0.7239583333333334 0.6935185185185185 0.7265625 0.6972222222222222 0.7328125 0.6972222222222222
4 0.7473958333333334 0.5990740740740741 0.7515625 0.600925925925926 0.7536458333333333 0.5972222222222222 0.7557291666666667 0.575 0.7520833333333333 0.5583333333333333 0.7489583333333333 0.5592592592592592 0.74375 0.5675925925925925 0.74375 0.5731481481481482 0.7479166666666667 0.5833333333333334 0.7473958333333334 0.5990740740740741
4 0.40260416666666665 0.5981481481481481 0.40520833333333334 0.5805555555555556 0.4 0.5694444444444444 0.3963541666666667 0.5712962962962963 0.39375 0.5833333333333334 0.3921875 0.6148148148148148 0.4 0.6203703703703703 0.4036458333333333 0.612037037037037 0.40260416666666665 0.5981481481481481
5 0.446875 0.7296296296296296 0.4484375 0.7277777777777777 0.4484375 0.7055555555555556 0.4505208333333333 0.6944444444444444 0.4505208333333333 0.6768518518518518 0.446875 0.6564814814814814 0.43854166666666666 0.6787037037037037 0.43802083333333336 0.6972222222222222 0.44166666666666665 0.7129629629629629 0.4421875 0.7277777777777777 0.446875 0.7296296296296296
5 0.7739583333333333 0.6898148148148148 0.7723958333333333 0.6388888888888888 0.7708333333333334 0.6314814814814815 0.7671875 0.6277777777777778 0.7645833333333333 0.6296296296296297 0.7635416666666667 0.6388888888888888 0.7635416666666667 0.687962962962963 0.765625 0.6916666666666667 0.7713541666666667 0.6925925925925925 0.7739583333333333 0.6898148148148148
5 0.7927083333333333 0.7398148148148148 0.7989583333333333 0.7425925925925926 0.8046875 0.7185185185185186 0.8041666666666667 0.7046296296296296 0.7989583333333333 0.6972222222222222 0.7869791666666667 0.6916666666666667 0.7869791666666667 0.7 0.79375 0.712037037037037 0.7953125 0.7314814814814815 0.7927083333333333 0.7398148148148148
5 0.7807291666666667 0.6111111111111112 0.784375 0.6064814814814815 0.7822916666666667 0.5972222222222222 0.7817708333333333 0.5703703703703704 0.7796875 0.5657407407407408 0.7729166666666667 0.5685185185185185 0.7723958333333333 0.5796296296296296 0.7760416666666666 0.6 0.7744791666666667 0.6101851851851852 0.7807291666666667 0.6111111111111112
3 0.8177083333333334 0.9527777777777777 0.8223958333333333 0.9518518518518518 0.8223958333333333 0.9314814814814815 0.828125 0.9296296296296296 0.8307291666666666 0.950925925925926 0.8338541666666667 0.9546296296296296 0.8354166666666667 0.950925925925926 0.8338541666666667 0.8814814814814815 0.8260416666666667 0.8546296296296296 0.8213541666666667 0.8564814814814815 0.8130208333333333 0.8842592592592593 0.8130208333333333 0.9120370370370371 0.8104166666666667 0.9194444444444444 0.815625 0.9296296296296296 0.8177083333333334 0.9527777777777777
5 0.7838541666666666 0.6583333333333333 0.7885416666666667 0.625 0.7869791666666667 0.6064814814814815 0.7791666666666667 0.6027777777777777 0.7734375 0.6092592592592593 0.7791666666666667 0.6148148148148148 0.778125 0.6509259259259259 0.7807291666666667 0.6574074074074074 0.7838541666666666 0.6583333333333333
3 0.7791666666666667 0.549074074074074 0.775 0.5370370370370371 0.7703125 0.5370370370370371 0.76875 0.5435185185185185 0.7708333333333334 0.5805555555555556 0.775 0.5833333333333334 0.7770833333333333 0.5796296296296296 0.7791666666666667 0.549074074074074
3 0.28177083333333336 0.5342592592592592 0.2786458333333333 0.525 0.275 0.5259259259259259 0.27291666666666664 0.5324074074074074 0.27447916666666666 0.5611111111111111 0.2786458333333333 0.562962962962963 0.28177083333333336 0.5342592592592592