5 0.34791666666666665 0.6027777777777777 0.35052083333333334 0.575 0.34791666666666665 0.5648148148148148 0.34270833333333334 0.5574074074074075 0.33958333333333335 0.5601851851851852 0.33697916666666666 0.5703703703703704 0.33958333333333335 0.6 0.3380208333333333 0.6111111111111112 0.3416666666666667 0.612037037037037 0.34791666666666665 0.6027777777777777
4 0.5666666666666667 0.5953703703703703 0.5640625 0.5796296296296296 0.5598958333333334 0.575925925925926 0.5520833333333334 0.5944444444444444 0.5515625 0.6268518518518519 0.5536458333333333 0.6305555555555555 0.5604166666666667 0.6314814814814815 0.5666666666666667 0.5953703703703703
5 0.24322916666666666 0.5388888888888889 0.240625 0.5351851851851852 0.2328125 0.5388888888888889 0.22916666666666666 0.5444444444444444 0.23385416666666667 0.5675925925925925 0.24010416666666667 0.5694444444444444 0.24322916666666666 0.5388888888888889
5 0.16770833333333332 0.6731481481481482 0.16875 0.6768518518518518 0.17395833333333333 0.6768518518518518 0.17760416666666667 0.6731481481481482 0.17864583333333334 0.6648148148148149 0.184375 0.6537037037037037 0.1859375 0.6231481481481481 0.18125 0.6111111111111112 0.16875 0.6324074074074074 0.16770833333333332 0.6388888888888888 0.17083333333333334 0.6462962962962963 0.17083333333333334 0.6546296296296297 0.16770833333333332 0.6731481481481482
5 0.6177083333333333 0.5444444444444444 0.6145833333333334 0.5342592592592592 0.6109375 0.5324074074074074 0.6088541666666667 0.5370370370370371 0.6083333333333333 0.5796296296296296 0.6151041666666667 0.5833333333333334 0.6171875 0.5796296296296296 0.6177083333333333 0.5444444444444444
4 0.19791666666666666 0.6949074074074074 0.2046875 0.6768518518518518 0.20052083333333334 0.6555555555555556 0.19635416666666666 0.6453703703703704 0.19322916666666667 0.6435185185185185 0.18489583333333334 0.6583333333333333 0.184375 0.7129629629629629 0.1890625 0.7166666666666667 0.19791666666666666 0.7083333333333334 0.19791666666666666 0.6949074074074074
4 0.4046875 0.5444444444444444 0.40729166666666666 0.5092592592592593 0.4036458333333333 0.5027777777777778 0.3984375 0.5027777777777778 0.3953125 0.5083333333333333 0.39739583333333334 0.5444444444444444 0.40260416666666665 0.5462962962962963 0.4046875 0.5444444444444444
4 0.5333333333333333 0.5527777777777778 0.5348958333333333 0.5212962962962963 0.5286458333333334 0.5138888888888888 0.5239583333333333 0.525 0.5229166666666667 0.5351851851851852 0.525 0.5509259259259259 0.528125 0.5546296296296296 0.5333333333333333 0.5527777777777778
5 0.7322916666666667 0.6972222222222222 0.734375 0.6925925925925925 0.7375 0.6546296296296297 0.7369791666666666 0.6453703703703704 0.7322916666666667 0.6333333333333333 0.728125 0.6305555555555555 0.7255208333333333 0.6416666666666667 0.7182291666666667 0.6416666666666667 0.7161458333333334 0.6314814814814815 0.7119791666666667 0.6287037037037037 0.7098958333333333 0.6416666666666667 0.7078125 0.700925925925926 0.7125 0.7027777777777777 0.7182291666666667 0.6981481481481482 0.7322916666666667 0.6972222222222222
5 0.66875 0.6175925925925926 0.6713541666666667 0.5916666666666667 0.665625 0.575 0.6614583333333334 0.5796296296296296 0.6604166666666667 0.5851851851851851 0.6619791666666667 0.6351851851851852 0.6666666666666666 0.6370370370370371 0.6703125 0.6305555555555555 0.66875 0.6175925925925926
5 0.50625 0.575925925925926 0.5015625 0.562037037037037 0.4979166666666667 0.562037037037037 0.49375 0.575925925925926 0.49583333333333335 0.6185185185185185 0.49895833333333334 0.6212962962962963 0.5015625 0.6185185185185185 0.50625 0.575925925925926
5 0.6421875 0.6166666666666667 0.6473958333333333 0.6157407407407407 0.6510416666666666 0.6101851851851852 0.65 0.5851851851851851 0.653125 0.575 0.6479166666666667 0.5601851851851852 0.6442708333333333 0.5601851851851852 0.6369791666666667 0.5675925925925925 0.6432291666666666 0.5787037037037037 0.6442708333333333 0.5986111111111111 0.6421875 0.6166666666666667
0 0.19895833333333332 0.7027777777777777 0.196875 0.6972222222222222 0.19270833333333334 0.700925925925926 0.19166666666666668 0.7129629629629629 0.19322916666666667 0.7148148148148148 0.19895833333333332 0.7092592592592593 0.19895833333333332 0.7027777777777777
4 0.2869791666666667 0.8166666666666667 0.2911458333333333 0.8092592592592592 0.29270833333333335 0.7833333333333333 0.2953125 0.774074074074074 0.2984375 0.7712962962962963 0.29739583333333336 0.7472222222222222 0.2911458333333333 0.7240740740740741 0.2890625 0.7231481481481481 0.28541666666666665 0.725925925925926 0.2786458333333333 0.7462962962962963 0.278125 0.7666666666666667 0.2828125 0.7861111111111111 0.2828125 0.8138888888888889 0.2869791666666667 0.8166666666666667
3 0.5151041666666667 0.6129629629629629 0.5161458333333333 0.6222222222222222 0.5182291666666666 0.6231481481481481 0.5203125 0.5722222222222222 0.5135416666666667 0.5601851851851852 0.5098958333333333 0.562037037037037 0.5067708333333333 0.5722222222222222 0.5067708333333333 0.6185185185185185 0.5098958333333333 0.6222222222222222 0.5114583333333333 0.6129629629629629 0.5151041666666667 0.6129629629629629
5 0.4744791666666667 0.674074074074074 0.4822916666666667 0.6777777777777778 0.48489583333333336 0.674074074074074 0.4822916666666667 0.6268518518518519 0.478125 0.612037037037037 0.4739583333333333 0.6111111111111112 0.47291666666666665 0.6138888888888889 0.4739583333333333 0.6342592592592593 0.47239583333333335 0.6416666666666667 0.47552083333333334 0.6620370370370371 0.4744791666666667 0.674074074074074
5 0.3963541666666667 0.7611111111111111 0.4010416666666667 0.7555555555555555 0.39479166666666665 0.7407407407407407 0.39947916666666666 0.7101851851851851 0.39895833333333336 0.7027777777777777 0.39479166666666665 0.6851851851851852 0.39166666666666666 0.6842592592592592 0.3890625 0.6888888888888889 0.3885416666666667 0.712037037037037 0.3828125 0.7574074074074074 0.3848958333333333 0.7620370370370371 0.3963541666666667 0.7611111111111111
4 0.6572916666666667 0.6324074074074074 0.6640625 0.6231481481481481 0.6614583333333334 0.6064814814814815 0.6635416666666667 0.5916666666666667 0.6625 0.5833333333333334 0.65625 0.5694444444444444 0.6458333333333334 0.5601851851851852 0.646875 0.6027777777777777 0.6526041666666667 0.6175925925925926 0.6515625 0.6305555555555555 0.6572916666666667 0.6324074074074074
4 0.0640625 0.6055555555555555 0.06822916666666666 0.5990740740740741 0.0703125 0.6027777777777777 0.07604166666666666 0.6037037037037037 0.07239583333333334 0.5712962962962963 0.07760416666666667 0.5564814814814815 0.07447916666666667 0.5583333333333333 0.06666666666666667 0.5481481481481482 0.058854166666666666 0.5583333333333333 0.0578125 0.5601851851851852 0.0609375 0.5685185185185185 0.06041666666666667 0.6027777777777777 0.0640625 0.6055555555555555
4 0.28125 0.5925925925925926 0.275 0.5740740740740741 0.2708333333333333 0.575925925925926 0.2671875 0.5916666666666667 0.2713541666666667 0.6296296296296297 0.2755208333333333 0.6333333333333333 0.28125 0.5925925925925926
4 0.7244791666666667 0.6935185185185185 0.7208333333333333 0.6842592592592592 0.7192708333333333 0.6416666666666667 0.7135416666666666 0.6277777777777778 0.7109375 0.6296296296296297 0.7088541666666667 0.65 0.7104166666666667 0.6861111111111111 0.7072916666666667 0.700925925925926 0.7203125 0.700925925925926 0.7244791666666667 0.6935185185185185