4 0.3848958333333333 0.6712962962962963 0.38645833333333335 0.637962962962963 0.38125 0.6240740740740741 0.3734375 0.637962962962963 0.3729166666666667 0.6555555555555556 0.37864583333333335 0.6851851851851852 0.38177083333333334 0.6861111111111111 0.3848958333333333 0.6712962962962963
2 0.06458333333333334 0.6768518518518518 0.06666666666666667 0.6731481481481482 0.06666666666666667 0.6212962962962963 0.0640625 0.6046296296296296 0.057291666666666664 0.6074074074074074 0.0546875 0.6222222222222222 0.05625 0.6277777777777778 0.05625 0.6731481481481482 0.06458333333333334 0.6768518518518518
4 0.44947916666666665 0.7333333333333333 0.4484375 0.6851851851851852 0.44166666666666665 0.675 0.4359375 0.6888888888888889 0.43645833333333334 0.7361111111111112 0.44375 0.7481481481481481 0.4473958333333333 0.7481481481481481 0.44947916666666665 0.7333333333333333
3 0.5260416666666666 0.5712962962962963 0.5255208333333333 0.5564814814814815 0.5208333333333334 0.5546296296296296 0.5135416666666667 0.562962962962963 0.5114583333333333 0.5787037037037037 0.5125 0.5916666666666667 0.521875 0.5953703703703703 0.5260416666666666 0.5712962962962963
4 0.3609375 0.6407407407407407 0.3614583333333333 0.6185185185185185 0.3572916666666667 0.6092592592592593 0.35260416666666666 0.6101851851851852 0.3484375 0.6231481481481481 0.34375 0.6268518518518519 0.3484375 0.637962962962963 0.3609375 0.6407407407407407
5 0.3796875 0.6268518518518519 0.3692708333333333 0.612037037037037 0.3625 0.6259259259259259 0.3619791666666667 0.6342592592592593 0.36875 0.6416666666666667 0.3723958333333333 0.6407407407407407 0.3796875 0.6268518518518519
4 0.8916666666666667 0.7675925925925926 0.896875 0.7722222222222223 0.903125 0.7638888888888888 0.9072916666666667 0.7296296296296296 0.903125 0.7166666666666667 0.8885416666666667 0.7138888888888889 0.8869791666666667 0.7203703703703703 0.8927083333333333 0.7342592592592593 0.8947916666666667 0.7472222222222222 0.8916666666666667 0.7675925925925926
4 0.7286458333333333 0.6990740740740741 0.7302083333333333 0.6972222222222222 0.7286458333333333 0.6888888888888889 0.73125 0.6805555555555556 0.7270833333333333 0.6537037037037037 0.7208333333333333 0.6407407407407407 0.7171875 0.6416666666666667 0.7161458333333334 0.6453703703703704 0.7166666666666667 0.6768518518518518 0.721875 0.687962962962963 0.7229166666666667 0.6962962962962963 0.7286458333333333 0.6990740740740741
5 0.35572916666666665 0.6583333333333333 0.353125 0.6296296296296297 0.3489583333333333 0.625 0.34375 0.625 0.33958333333333335 0.6342592592592593 0.33958333333333335 0.6814814814814815 0.3416666666666667 0.6861111111111111 0.3536458333333333 0.6888888888888889 0.35572916666666665 0.6583333333333333
4 0.40677083333333336 0.6648148148148149 0.40729166666666666 0.6222222222222222 0.4005208333333333 0.6129629629629629 0.396875 0.6185185185185185 0.3963541666666667 0.6472222222222223 0.3984375 0.6657407407407407 0.40520833333333334 0.6675925925925926 0.40677083333333336 0.6648148148148149
5 0.4270833333333333 0.7148148148148148 0.421875 0.6972222222222222 0.41770833333333335 0.6981481481481482 0.41458333333333336 0.7194444444444444 0.41510416666666666 0.7574074074074074 0.42135416666666664 0.7638888888888888 0.42552083333333335 0.7638888888888888 0.4270833333333333 0.7148148148148148
4 0.48072916666666665 0.6833333333333333 0.47760416666666666 0.6666666666666666 0.4765625 0.637962962962963 0.4708333333333333 0.6268518518518519 0.46510416666666665 0.6527777777777778 0.465625 0.6638888888888889 0.4609375 0.6851851851851852 0.4796875 0.687962962962963 0.48072916666666665 0.6833333333333333
0 0.4046875 0.8175925925925925 0.4015625 0.8092592592592592 0.396875 0.8111111111111111 0.3953125 0.8194444444444444 0.39479166666666665 0.8296296296296296 0.3963541666666667 0.8314814814814815 0.4046875 0.8296296296296296 0.4046875 0.8175925925925925
4 0.31354166666666666 0.6935185185185185 0.31302083333333336 0.6574074074074074 0.3072916666666667 0.6462962962962963 0.29791666666666666 0.6453703703703704 0.29375 0.6583333333333333 0.29270833333333335 0.6722222222222223 0.2953125 0.7027777777777777 0.3026041666666667 0.7092592592592593 0.31354166666666666 0.6935185185185185
4 0.6661458333333333 0.7638888888888888 0.6583333333333333 0.7444444444444445 0.6536458333333334 0.7472222222222222 0.6505208333333333 0.7787037037037037 0.6494791666666667 0.8166666666666667 0.6619791666666667 0.8277777777777777 0.6645833333333333 0.8166666666666667 0.6661458333333333 0.7638888888888888
5 0.3203125 0.6759259259259259 0.3234375 0.6759259259259259 0.3260416666666667 0.6833333333333333 0.3296875 0.6814814814814815 0.3296875 0.6509259259259259 0.3265625 0.6398148148148148 0.321875 0.6425925925925926 0.3182291666666667 0.6564814814814814 0.31927083333333334 0.6712962962962963 0.3171875 0.6805555555555556 0.3182291666666667 0.6824074074074075 0.3203125 0.6759259259259259
5 0.39427083333333335 0.8296296296296296 0.396875 0.812962962962963 0.39114583333333336 0.8009259259259259 0.39114583333333336 0.787962962962963 0.39791666666666664 0.775 0.396875 0.7601851851851852 0.3927083333333333 0.7444444444444445 0.3880208333333333 0.7435185185185185 0.38177083333333334 0.7611111111111111 0.3807291666666667 0.7685185185185185 0.38697916666666665 0.8185185185185185 0.3885416666666667 0.825 0.39427083333333335 0.8296296296296296
5 0.32760416666666664 0.700925925925926 0.32760416666666664 0.6648148148148149 0.32135416666666666 0.6611111111111111 0.31666666666666665 0.6787037037037037 0.31979166666666664 0.7268518518518519 0.3229166666666667 0.7305555555555555 0.325 0.7268518518518519 0.32760416666666664 0.700925925925926
3 0.4171875 0.7601851851851852 0.4140625 0.75 0.4041666666666667 0.7416666666666667 0.4010416666666667 0.7444444444444445 0.4041666666666667 0.8222222222222222 0.4083333333333333 0.8277777777777777 0.4125 0.8101851851851852 0.4171875 0.7601851851851852
5 0.39791666666666664 0.6157407407407407 0.3927083333333333 0.6157407407407407 0.39010416666666664 0.6240740740740741 0.390625 0.6583333333333333 0.3963541666666667 0.6657407407407407 0.39947916666666666 0.6324074074074074 0.39791666666666664 0.6157407407407407
4 0.3980520833333333 0.7881388888888889 0.015671874999999957 0.029703703703703635