3 0.4161458333333333 0.7361111111111112 0.42135416666666664 0.7083333333333334 0.4234375 0.6833333333333333 0.4119791666666667 0.674074074074074 0.4078125 0.700925925925926 0.40729166666666666 0.7361111111111112 0.4161458333333333 0.7361111111111112
4 0.621875 0.6777777777777778 0.6229166666666667 0.6814814814814815 0.6307291666666667 0.6861111111111111 0.6333333333333333 0.6833333333333333 0.6322916666666667 0.6388888888888888 0.6286458333333333 0.637962962962963 0.6255208333333333 0.6462962962962963 0.6255208333333333 0.6620370370370371 0.621875 0.6777777777777778
5 0.5171875 0.6944444444444444 0.5213541666666667 0.6898148148148148 0.5234375 0.6574074074074074 0.5182291666666666 0.6453703703703704 0.5130208333333334 0.6555555555555556 0.5130208333333334 0.6925925925925925 0.5171875 0.6944444444444444
4 0.553125 0.7064814814814815 0.5588541666666667 0.700925925925926 0.5635416666666667 0.6731481481481482 0.5614583333333333 0.6657407407407407 0.5583333333333333 0.6638888888888889 0.55 0.6759259259259259 0.55 0.7046296296296296 0.553125 0.7064814814814815
5 0.4 0.6824074074074075 0.4036458333333333 0.6851851851851852 0.40625 0.6759259259259259 0.4125 0.674074074074074 0.40989583333333335 0.6370370370370371 0.40729166666666666 0.6342592592592593 0.40520833333333334 0.637962962962963 0.39947916666666666 0.6759259259259259 0.4 0.6824074074074075
5 0.3109375 0.6935185185185185 0.3140625 0.7027777777777777 0.31979166666666664 0.675 0.31927083333333334 0.6611111111111111 0.3125 0.6537037037037037 0.309375 0.6620370370370371 0.30833333333333335 0.6694444444444444 0.3109375 0.6935185185185185
5 0.3807291666666667 0.6796296296296296 0.3848958333333333 0.6787037037037037 0.3875 0.675 0.390625 0.6537037037037037 0.3875 0.6333333333333333 0.38333333333333336 0.6324074074074074 0.3796875 0.6453703703703704 0.37864583333333335 0.6731481481481482 0.3807291666666667 0.6796296296296296
4 0.7041666666666667 0.75 0.7088541666666667 0.7509259259259259 0.7104166666666667 0.7481481481481481 0.7109375 0.700925925925926 0.7078125 0.6925925925925925 0.703125 0.6962962962962963 0.7026041666666667 0.7453703703703703 0.7041666666666667 0.75
4 0.5302083333333333 0.6925925925925925 0.5354166666666667 0.687962962962963 0.5369791666666667 0.6648148148148149 0.5338541666666666 0.6435185185185185 0.5291666666666667 0.6416666666666667 0.5286458333333334 0.6444444444444445 0.5276041666666667 0.6888888888888889 0.5302083333333333 0.6925925925925925
5 0.4317708333333333 0.6805555555555556 0.4317708333333333 0.637962962962963 0.4276041666666667 0.6324074074074074 0.42239583333333336 0.6546296296296297 0.42239583333333336 0.6805555555555556 0.4317708333333333 0.6805555555555556
5 0.3296875 0.6805555555555556 0.334375 0.6796296296296296 0.3375 0.6759259259259259 0.3359375 0.6361111111111111 0.3338541666666667 0.6287037037037037 0.32916666666666666 0.6296296296296297 0.32760416666666664 0.6361111111111111 0.3265625 0.6703703703703704 0.3296875 0.6805555555555556
4 0.5447916666666667 0.6805555555555556 0.5484375 0.6796296296296296 0.5505208333333333 0.675 0.5510416666666667 0.6388888888888888 0.5484375 0.6351851851851852 0.5442708333333334 0.637962962962963 0.5416666666666666 0.6462962962962963 0.540625 0.6694444444444444 0.5447916666666667 0.6805555555555556
5 0.4473958333333333 0.6833333333333333 0.45260416666666664 0.674074074074074 0.45364583333333336 0.6370370370370371 0.4515625 0.6287037037037037 0.4479166666666667 0.6324074074074074 0.4453125 0.6444444444444445 0.4453125 0.6814814814814815 0.4473958333333333 0.6833333333333333
4 0.47552083333333334 0.6953703703703704 0.4828125 0.6851851851851852 0.48489583333333336 0.6564814814814814 0.4791666666666667 0.637962962962963 0.47552083333333334 0.6407407407407407 0.47291666666666665 0.6546296296296297 0.4734375 0.6944444444444444 0.47552083333333334 0.6953703703703704
2 0.32708333333333334 0.6416666666666667 0.3296875 0.6453703703703704 0.33489583333333334 0.6435185185185185 0.33697916666666666 0.6342592592592593 0.33541666666666664 0.6240740740740741 0.3338541666666667 0.6212962962962963 0.3265625 0.6240740740740741 0.325 0.6305555555555555 0.32708333333333334 0.6416666666666667
5 0.4546875 0.7037037037037037 0.45729166666666665 0.7037037037037037 0.4609375 0.7 0.4635416666666667 0.6685185185185185 0.4583333333333333 0.6518518518518519 0.4546875 0.6537037037037037 0.453125 0.662962962962963 0.45364583333333336 0.6990740740740741 0.4546875 0.7037037037037037
4 0.5484375 0.6768518518518518 0.5473958333333333 0.637962962962963 0.5401041666666667 0.637962962962963 0.5369791666666667 0.6583333333333333 0.5369791666666667 0.687037037037037 0.5484375 0.6768518518518518
5 0.4265625 0.6453703703703704 0.43125 0.6435185185185185 0.43333333333333335 0.6268518518518519 0.4317708333333333 0.6240740740740741 0.42552083333333335 0.6259259259259259 0.4244791666666667 0.6425925925925926 0.4265625 0.6453703703703704
3 0.5078125 0.6083333333333333 0.5109375 0.6046296296296296 0.5145833333333333 0.5833333333333334 0.5098958333333333 0.5712962962962963 0.5046875 0.5768518518518518 0.5046875 0.6074074074074074 0.5078125 0.6083333333333333
4 0.4552083333333333 0.6416666666666667 0.4546875 0.6231481481481481 0.44895833333333335 0.6231481481481481 0.446875 0.6305555555555555 0.446875 0.6425925925925926 0.4552083333333333 0.6416666666666667