4 0.04010416666666667 0.7027777777777777 0.034375 0.7203703703703703 0.034895833333333334 0.7240740740740741 0.04010416666666667 0.7240740740740741 0.04479166666666667 0.712037037037037 0.04791666666666667 0.7129629629629629 0.0515625 0.7240740740740741 0.05625 0.7240740740740741 0.0578125 0.7194444444444444 0.0515625 0.6888888888888889 0.05416666666666667 0.6731481481481482 0.050520833333333334 0.6694444444444444 0.0484375 0.6537037037037037 0.04375 0.6564814814814814 0.040625 0.6694444444444444 0.0421875 0.6796296296296296 0.04010416666666667 0.7027777777777777
0 0.8671875 0.8518518518518519 0.8677083333333333 0.8453703703703703 0.8651041666666667 0.8398148148148148 0.8583333333333333 0.8407407407407408 0.8578125 0.8527777777777777 0.8671875 0.8518518518518519
4 0.3255208333333333 0.675 0.3359375 0.6657407407407407 0.3333333333333333 0.6373453703703703 0.33489583333333334 0.625 0.3302083333333333 0.6064814814814815 0.3260416666666667 0.6074074074074074 0.3234375 0.6185185185185185 0.3223958333333333 0.6611111111111111 0.3255208333333333 0.675
3 0.9385416666666667 0.825 0.9307291666666667 0.8324074074074074 0.9296875 0.8379629629629629 0.9432291666666667 0.8388888888888889 0.9479166666666666 0.8277777777777777 0.9546875 0.8287037037037037 0.9583333333333334 0.837037037037037 0.9625 0.837037037037037 0.9588541666666667 0.8148148148148148 0.9583333333333334 0.7907407407407407 0.9479166666666666 0.7712962962962963 0.9427083333333334 0.7731481481481481 0.940625 0.8157407407407408 0.9385416666666667 0.825
4 0.8385416666666666 0.825 0.846875 0.825925925925926 0.8489583333333334 0.8222222222222222 0.846875 0.7916666666666666 0.8494791666666667 0.7601851851851852 0.84375 0.7583333333333333 0.8354166666666667 0.7768518518518519 0.834375 0.799074074074074 0.8385416666666666 0.825
1 0.7942708333333334 0.6370370370370371 0.7942708333333334 0.6592592592592592 0.796875 0.662962962962963 0.8046875 0.6638888888888889 0.80625 0.6620370370370371 0.8036458333333333 0.649074074074074 0.8057291666666667 0.6111111111111112 0.8 0.6018518518518519 0.7984375 0.5916666666666667 0.7942708333333334 0.6027777777777777 0.7916666666666666 0.6185185185185185 0.7942708333333334 0.6370370370370371
5 0.18541666666666667 0.7574074074074074 0.18854166666666666 0.7361111111111112 0.18645833333333334 0.7037037037037037 0.18385416666666668 0.6851851851851852 0.18072916666666666 0.6833333333333333 0.17864583333333334 0.687962962962963 0.16979166666666667 0.7546296296296297 0.18541666666666667 0.7574074074074074
5 0.5494791666666666 0.8111111111111111 0.5520833333333334 0.8425925925925926 0.5458333333333333 0.8638888888888889 0.5489583333333333 0.8712962962962963 0.5609375 0.8675925925925926 0.5604166666666667 0.8592592592592593 0.5635416666666667 0.8425925925925926 0.5619791666666667 0.8287037037037037 0.5645833333333333 0.8166666666666667 0.559375 0.7796296296296297 0.5567708333333333 0.7759259259259259 0.5526041666666667 0.7787037037037037 0.5458333333333333 0.8027777777777778 0.5494791666666666 0.8111111111111111
5 0.015104166666666667 0.7833333333333333 0.008333333333333333 0.7953703703703704 0.008333333333333333 0.8037037037037037 0.009375 0.8055555555555556 0.011979166666666667 0.799074074074074 0.01875 0.7944444444444444 0.021875 0.8092592592592592 0.025 0.812962962962963 0.027604166666666666 0.8111111111111111 0.023958333333333335 0.7657407407407407 0.030208333333333334 0.7555555555555555 0.0265625 0.7527777777777778 0.021354166666666667 0.7314814814814815 0.016666666666666666 0.7324074074074074 0.015625 0.7416666666666667 0.010416666666666666 0.7555555555555555 0.0140625 0.7675925925925926 0.015104166666666667 0.7833333333333333
5 0.8208333333333333 0.8074074074074075 0.8104166666666667 0.8157407407407408 0.8104166666666667 0.825925925925926 0.8140625 0.8268518518518518 0.8161458333333333 0.8203703703703704 0.8291666666666667 0.8157407407407408 0.8338541666666667 0.8287037037037037 0.8359375 0.8101851851851852 0.8354166666666667 0.7518518518518519 0.8302083333333333 0.7509259259259259 0.8203125 0.775 0.8223958333333333 0.7888888888888889 0.8208333333333333 0.8074074074074075
3 0.22864583333333333 0.7324074074074074 0.23229166666666667 0.7287037037037037 0.23541666666666666 0.7175925925925926 0.24114583333333334 0.7129629629629629 0.24375 0.7314814814814815 0.24895833333333334 0.7314814814814815 0.24479166666666666 0.674074074074074 0.2421875 0.6564814814814814 0.24010416666666667 0.6537037037037037 0.23645833333333333 0.6564814814814814 0.23385416666666667 0.7027777777777777 0.22760416666666666 0.7203703703703703 0.22708333333333333 0.7296296296296296 0.22864583333333333 0.7324074074074074
4 0.5963541666666666 0.825925925925926 0.6015625 0.8305555555555556 0.6010416666666667 0.8416666666666667 0.6078125 0.8444444444444444 0.6078125 0.8361111111111111 0.6114583333333333 0.825925925925926 0.6119791666666666 0.7981481481481482 0.6177083333333333 0.7861111111111111 0.6135416666666667 0.7814814814814814 0.6098958333333333 0.7574074074074074 0.60625 0.7564814814814815 0.6041666666666666 0.7601851851851852 0.6020833333333333 0.775 0.6015625 0.812037037037037 0.5963541666666666 0.825925925925926
5 0.3140625 0.6787037037037037 0.3255208333333333 0.6768518518518518 0.3234375 0.6185185185185185 0.315625 0.6185185185185185 0.31145833333333334 0.6342592592592593 0.315625 0.6564814814814814 0.3140625 0.6787037037037037
4 0.540625 0.6898148148148148 0.5401041666666667 0.700925925925926 0.5505208333333333 0.6990740740740741 0.553125 0.7064814814814815 0.55625 0.7083333333333334 0.5583333333333333 0.6925925925925925 0.5557291666666667 0.6722222222222223 0.55625 0.6583333333333333 0.5526041666666667 0.6370370370370371 0.5473958333333333 0.637962962962963 0.5427083333333333 0.6564814814814814 0.5463541666666667 0.674074074074074 0.540625 0.6898148148148148