5 0.1375 0.6453703703703704 0.134375 0.625 0.1296875 0.6240740740740741 0.12708333333333333 0.637962962962963 0.1265625 0.6768518518518518 0.13177083333333334 0.6796296296296296 0.13541666666666666 0.675 0.1375 0.6453703703703704
5 0.1703125 0.6685185185185185 0.17447916666666666 0.65 0.16979166666666667 0.6268518518518519 0.165625 0.6305555555555555 0.16354166666666667 0.6407407407407407 0.16041666666666668 0.6675925925925926 0.16145833333333334 0.6777777777777778 0.165625 0.6787037037037037 0.1703125 0.6685185185185185
4 0.6697916666666667 0.6416666666666667 0.6666666666666666 0.6472222222222223 0.6651041666666667 0.6666666666666666 0.6640625 0.6916666666666667 0.6729166666666667 0.6935185185185185 0.6744791666666666 0.6537037037037037 0.6697916666666667 0.6416666666666667
4 0.6151041666666667 0.7277777777777777 0.6171875 0.7185185185185186 0.6166666666666667 0.6805555555555556 0.6109375 0.6685185185185185 0.6046875 0.6861111111111111 0.6046875 0.7018518518518518 0.6078125 0.7222222222222222 0.6109375 0.7287037037037037 0.6151041666666667 0.7277777777777777
3 0.24010416666666667 0.7092592592592593 0.2453125 0.7046296296296296 0.24166666666666667 0.6953703703703704 0.24166666666666667 0.6842592592592592 0.24479166666666666 0.6712962962962963 0.24635416666666668 0.65 0.24010416666666667 0.6462962962962963 0.23645833333333333 0.6546296296296297 0.23541666666666666 0.6657407407407407 0.23645833333333333 0.6796296296296296 0.234375 0.7055555555555556 0.23541666666666666 0.7092592592592593 0.24010416666666667 0.7092592592592593
5 0.19322916666666667 0.637962962962963 0.19114583333333332 0.6277777777777778 0.184375 0.6268518518518519 0.18385416666666668 0.6509259259259259 0.18697916666666667 0.6537037037037037 0.19166666666666668 0.6462962962962963 0.19322916666666667 0.637962962962963
5 0.1890625 0.6305555555555555 0.18177083333333333 0.625 0.1796875 0.6287037037037037 0.17708333333333334 0.6777777777777778 0.18177083333333333 0.6805555555555556 0.18645833333333334 0.675 0.1890625 0.6305555555555555
4 0.4817708333333333 0.6435185185185185 0.478125 0.6388888888888888 0.47291666666666665 0.6462962962962963 0.4703125 0.6888888888888889 0.4822916666666667 0.6916666666666667 0.48541666666666666 0.6842592592592592 0.4817708333333333 0.6435185185185185
4 0.24895833333333334 0.6768518518518518 0.2526041666666667 0.6592592592592592 0.24375 0.6481481481481481 0.24114583333333334 0.6509259259259259 0.23958333333333334 0.6620370370370371 0.23958333333333334 0.7064814814814815 0.246875 0.7074074074074074 0.24947916666666667 0.7018518518518518 0.24895833333333334 0.6768518518518518
5 0.16197916666666667 0.6712962962962963 0.16145833333333334 0.6611111111111111 0.1640625 0.6574074074074074 0.1609375 0.6370370370370371 0.15833333333333333 0.6333333333333333 0.15416666666666667 0.6342592592592593 0.15260416666666668 0.6777777777777778 0.15885416666666666 0.6796296296296296 0.16458333333333333 0.6731481481481482 0.16197916666666667 0.6712962962962963
4 0.19322916666666667 0.6925925925925925 0.1953125 0.6898148148148148 0.1984375 0.6666666666666666 0.19739583333333333 0.6472222222222223 0.19322916666666667 0.6388888888888888 0.18854166666666666 0.637962962962963 0.1859375 0.6509259259259259 0.18541666666666667 0.6759259259259259 0.1890625 0.6824074074074075 0.18958333333333333 0.6898148148148148 0.19322916666666667 0.6925925925925925
3 0.8994791666666667 0.6064814814814815 0.8927083333333333 0.5916666666666667 0.8875 0.6 0.8890625 0.6342592592592593 0.8932291666666666 0.637962962962963 0.8958333333333334 0.6351851851851852 0.8994791666666667 0.6064814814814815
4 0.603125 0.7435185185185185 0.6067708333333334 0.7092592592592593 0.60625 0.6888888888888889 0.6041666666666666 0.6824074074074075 0.6010416666666667 0.6824074074074075 0.5953125 0.6935185185185185 0.5942708333333333 0.7092592592592593 0.5979166666666667 0.7379629629629629 0.5994791666666667 0.7425925925925926 0.603125 0.7435185185185185
5 0.3927083333333333 0.6592592592592592 0.39427083333333335 0.6518518518518519 0.3890625 0.6370370370370371 0.3854166666666667 0.6416666666666667 0.38385416666666666 0.6583333333333333 0.38333333333333336 0.6851851851851852 0.39166666666666666 0.6861111111111111 0.39375 0.6814814814814815 0.3927083333333333 0.6592592592592592
3 0.3958333333333333 0.5611111111111111 0.39010416666666664 0.5694444444444444 0.390625 0.5953703703703703 0.3963541666666667 0.6 0.39895833333333336 0.5685185185185185 0.3958333333333333 0.5611111111111111
5 0.14635416666666667 0.6305555555555555 0.14166666666666666 0.6277777777777778 0.13854166666666667 0.6342592592592593 0.13645833333333332 0.6537037037037037 0.13854166666666667 0.6805555555555556 0.14791666666666667 0.6731481481481482 0.14635416666666667 0.6305555555555555
4 0.32083333333333336 0.662962962962963 0.31979166666666664 0.6259259259259259 0.315625 0.6175925925925926 0.31354166666666666 0.6175925925925926 0.3109375 0.625 0.30833333333333335 0.6657407407407407 0.3104166666666667 0.6694444444444444 0.3182291666666667 0.6685185185185185 0.32083333333333336 0.662962962962963
4 0.29635416666666664 0.6111111111111112 0.29322916666666665 0.6101851851851852 0.2875 0.6231481481481481 0.2869791666666667 0.6712962962962963 0.29635416666666664 0.662962962962963 0.29791666666666666 0.6305555555555555 0.29635416666666664 0.6111111111111112