4 0.15677083333333333 0.625 0.16041666666666668 0.637962962962963 0.1609375 0.6620370370370371 0.16302083333333334 0.662962962962963 0.165625 0.6620370370370371 0.17239583333333333 0.6472222222222223 0.178125 0.65 0.17864583333333334 0.6444444444444445 0.175 0.637962962962963 0.16979166666666667 0.6083333333333333 0.165625 0.5981481481481481 0.16197916666666667 0.5953703703703703 0.16041666666666668 0.5981481481481481 0.15989583333333332 0.6129629629629629 0.15677083333333333 0.625
2 0.88125 0.6027777777777777 0.8921875 0.6064814814814815 0.896875 0.5990740740740741 0.8932291666666666 0.5787037037037037 0.8932291666666666 0.5509259259259259 0.8885416666666667 0.5388888888888889 0.8833333333333333 0.5444444444444444 0.884375 0.5574074074074075 0.88125 0.6027777777777777
4 0.6567708333333333 0.6129629629629629 0.6572916666666667 0.6194444444444445 0.6536458333333334 0.6462962962962963 0.6546875 0.65 0.6583333333333333 0.6509259259259259 0.6671875 0.6388888888888888 0.6734375 0.6407407407407407 0.6739583333333333 0.6268518518518519 0.6708333333333333 0.6194444444444445 0.671875 0.5898148148148148 0.6671875 0.5722222222222222 0.6630208333333333 0.5722222222222222 0.6552083333333333 0.5861111111111111 0.653125 0.6064814814814815 0.6567708333333333 0.6129629629629629
5 0.2760416666666667 0.6435185185185185 0.2859375 0.6851851851851852 0.29375 0.6861111111111111 0.2921875 0.6731481481481482 0.29635416666666664 0.6694444444444444 0.29739583333333336 0.662962962962963 0.28489583333333335 0.6185185185185185 0.28229166666666666 0.6157407407407407 0.2791666666666667 0.6194444444444445 0.2786458333333333 0.6388888888888888 0.2760416666666667 0.6435185185185185
4 0.6411458333333333 0.7148148148148148 0.6380208333333334 0.725 0.6447916666666667 0.7675925925925926 0.653125 0.7666666666666667 0.6520833333333333 0.7537037037037037 0.6546875 0.7518518518518519 0.6609375 0.7564814814814815 0.6661458333333333 0.7657407407407407 0.6677083333333333 0.7601851851851852 0.6661458333333333 0.7509259259259259 0.6546875 0.7407407407407407 0.6536458333333334 0.7148148148148148 0.6411458333333333 0.6888888888888889 0.6364583333333333 0.6888888888888889 0.6369791666666667 0.7 0.6411458333333333 0.7148148148148148
5 0.8307291666666666 0.7870370370370371 0.83125 0.7907407407407407 0.8375 0.7935185185185185 0.8416666666666667 0.7694444444444445 0.8572916666666667 0.7712962962962963 0.8614583333333333 0.7777777777777778 0.8651041666666667 0.774074074074074 0.8630208333333333 0.7638888888888888 0.8505208333333333 0.7583333333333333 0.84375 0.7083333333333334 0.8395833333333333 0.7064814814814815 0.8364583333333333 0.712037037037037 0.8354166666666667 0.7747685185185185 0.8307291666666666 0.7870370370370371
3 0.53125 0.6351851851851852 0.5291666666666667 0.6546296296296297 0.5348958333333333 0.6657407407407407 0.5369791666666667 0.6768518518518518 0.5442708333333334 0.6777777777777778 0.5447916666666667 0.6703703703703704 0.5395833333333333 0.6435185185185185 0.5411458333333333 0.6129629629629629 0.5333333333333333 0.5972222222222222 0.5286458333333334 0.5990740740740741 0.528125 0.6222222222222222 0.53125 0.6351851851851852
4 0.34010416666666665 0.5518518518518518 0.3385416666666667 0.512962962962963 0.3333333333333333 0.5018518518518519 0.3296875 0.5018518518518519 0.32760416666666664 0.512962962962963 0.3255208333333333 0.5518518518518518 0.34010416666666665 0.5518518518518518
5 0.628125 0.6231481481481481 0.63125 0.6268518518518519 0.6348958333333333 0.6240740740740741 0.6338541666666667 0.6148148148148148 0.6359375 0.6111111111111112 0.6427083333333333 0.6092592592592593 0.634375 0.5879629629629629 0.6302083333333334 0.5666666666666667 0.6265625 0.562962962962963 0.625 0.5657407407407408 0.6239583333333333 0.5916666666666667 0.628125 0.6231481481481481
5 0.5677083333333334 0.5925925925925926 0.5703125 0.5824074074074074 0.5796875 0.5916666666666667 0.5822916666666667 0.587037037037037 0.5796875 0.5657407407407408 0.5755208333333334 0.562037037037037 0.5760416666666667 0.5564814814814815 0.5682291666666667 0.5370370370370371 0.5640625 0.5444444444444444 0.5635416666666667 0.5916666666666667 0.5677083333333334 0.5925925925925926
4 0.9614583333333333 0.6768518518518518 0.9572916666666667 0.7231481481481481 0.9635416666666666 0.7231481481481481 0.9677083333333333 0.7018518518518518 0.978125 0.7101851851851851 0.9817708333333334 0.7175925925925926 0.984375 0.7166666666666667 0.9848958333333333 0.7074074074074074 0.9744791666666667 0.6935185185185185 0.9713541666666666 0.662962962962963 0.9666666666666667 0.6453703703703704 0.9619791666666667 0.6435185185185185 0.9609375 0.6462962962962963 0.9598958333333333 0.6703703703703704 0.9614583333333333 0.6768518518518518
4 0.4578125 0.6148148148148148 0.4625 0.6148148148148148 0.46458333333333335 0.6111111111111112 0.4635416666666667 0.5925925925925926 0.46822916666666664 0.5814814814814815 0.4765625 0.5796296296296296 0.4744791666666667 0.575 0.46770833333333334 0.5731481481481482 0.4630208333333333 0.5601851851851852 0.4557291666666667 0.5555555555555556 0.453125 0.5592592592592592 0.453125 0.5916666666666667 0.4578125 0.6148148148148148
4 0.022395833333333334 0.8333333333333334 0.027083333333333334 0.8342592592592593 0.030729166666666665 0.825925925925926 0.04375 0.825925925925926 0.04479166666666667 0.8361111111111111 0.0484375 0.8407407407407408 0.05 0.8287037037037037 0.04479166666666667 0.787962962962963 0.04739583333333333 0.7666666666666667 0.034375 0.7425925925925926 0.030208333333333334 0.7444444444444445 0.027083333333333334 0.7638888888888888 0.027083333333333334 0.7898148148148149 0.022395833333333334 0.8333333333333334
5 0.78125 0.7018518518518518 0.7911458333333333 0.7111111111111111 0.7953125 0.7222222222222222 0.7989583333333333 0.7240740740740741 0.8020833333333334 0.7157407407407408 0.7973958333333333 0.7037037037037037 0.7927083333333333 0.6694444444444444 0.7869791666666667 0.6481481481481481 0.7828125 0.6509259259259259 0.7817708333333333 0.6611111111111111 0.7833333333333333 0.6851851851851852 0.78125 0.7018518518518518
5 0.5453125 0.6037037037037037 0.5484375 0.6157407407407407 0.5463541666666667 0.6268518518518519 0.5536458333333333 0.6342592592592593 0.5604166666666667 0.6518518518518519 0.5640625 0.6518518518518519 0.5661458333333333 0.6453703703703704 0.5588541666666667 0.6268518518518519 0.5552083333333333 0.5916666666666667 0.5505208333333333 0.5814814814814815 0.5484375 0.5805555555555556 0.546875 0.5861111111111111 0.5473958333333333 0.5953703703703703 0.5453125 0.6037037037037037
5 0.6932291666666667 0.6694444444444444 0.696875 0.6768518518518518 0.6973958333333333 0.6851851851851852 0.6947916666666667 0.7083333333333334 0.6895833333333333 0.7166666666666667 0.6895833333333333 0.7203703703703703 0.6932291666666667 0.7231481481481481 0.696875 0.7203703703703703 0.7 0.7074074074074074 0.7067708333333333 0.7018518518518518 0.7192708333333333 0.7046296296296296 0.7208333333333333 0.7018518518518518 0.71875 0.6935185185185185 0.7114583333333333 0.6935185185185185 0.7072916666666667 0.6888888888888889 0.70625 0.674074074074074 0.7088541666666667 0.6657407407407407 0.7010416666666667 0.6462962962962963 0.696875 0.6444444444444445 0.6942708333333333 0.6527777777777778 0.6947916666666667 0.6657407407407407 0.6932291666666667 0.6694444444444444
5 0.45416666666666666 0.5592592592592592 0.4625 0.5824074074074074 0.47708333333333336 0.5824074074074074 0.478125 0.5796296296296296 0.47239583333333335 0.5731481481481482 0.4640625 0.5398148148148149 0.459375 0.5407407407407407 0.45729166666666665 0.5546296296296296 0.45416666666666666 0.5592592592592592
5 0.65625 0.6138888888888889 0.65625 0.6222222222222222 0.6536458333333334 0.6481481481481481 0.6583333333333333 0.6518518518518519 0.6666666666666666 0.6305555555555555 0.6661458333333333 0.5990740740740741 0.6640625 0.5888888888888889 0.665625 0.5833333333333334 0.6619791666666667 0.575925925925926 0.6546875 0.5861111111111111 0.653125 0.6074074074074074 0.65625 0.6138888888888889
5 0.28125 0.7666666666666667 0.28125 0.775 0.28854166666666664 0.7870370370370371 0.28854166666666664 0.7981481481481482 0.2953125 0.7981481481481482 0.29791666666666666 0.7870370370370371 0.3020833333333333 0.7833333333333333 0.3098958333333333 0.7972222222222223 0.3104166666666667 0.8064814814814815 0.3145833333333333 0.8092592592592592 0.3171875 0.7981481481481482 0.30885416666666665 0.7814814814814814 0.2989583333333333 0.7425925925925926 0.2994791666666667 0.7361111111111112 0.2953125 0.7287037037037037 0.290625 0.7111111111111111 0.2859375 0.7129629629629629 0.28177083333333336 0.7398148148148148 0.2859375 0.75 0.28125 0.7666666666666667
4 0.5776041666666667 0.5657407407407408 0.58125 0.5787037037037037 0.596875 0.575925925925926 0.5958333333333333 0.5666666666666667 0.5895833333333333 0.5611111111111111 0.5859375 0.5416666666666666 0.5786458333333333 0.5333333333333333 0.5770833333333333 0.5361111111111111 0.5776041666666667 0.5657407407407408
0 0.03854166666666667 0.8287037037037037 0.041666666666666664 0.825 0.0421875 0.8138888888888889 0.03854166666666667 0.8055555555555556 0.03229166666666667 0.8037037037037037 0.030208333333333334 0.812962962962963 0.030208333333333334 0.8287037037037037 0.03854166666666667 0.8287037037037037
4 0.8104166666666667 0.7861111111111111 0.8104166666666667 0.7981481481481482 0.8083333333333333 0.8222222222222222 0.8140625 0.837037037037037 0.8135416666666667 0.8490740740740741 0.8260416666666667 0.85 0.8302083333333333 0.8407407407407408 0.821875 0.8101851851851852 0.825 0.7787037037037037 0.8166666666666667 0.7509259259259259 0.8140625 0.7472222222222222 0.809375 0.7509259259259259 0.8078125 0.7796296296296297 0.8104166666666667 0.7861111111111111