4 0.45364583333333336 0.6037037037037037 0.45989583333333334 0.6046296296296296 0.46197916666666666 0.6 0.4640625 0.5638888888888889 0.459375 0.5555555555555556 0.45677083333333335 0.5564814814814815 0.45416666666666666 0.5638888888888889 0.4515625 0.5787037037037037 0.45364583333333336 0.6037037037037037
5 0.3807291666666667 0.6370370370370371 0.38229166666666664 0.6175925925925926 0.3885416666666667 0.5981481481481481 0.3807291666666667 0.5962962962962963 0.37447916666666664 0.6064814814814815 0.37552083333333336 0.6342592592592593 0.3807291666666667 0.6370370370370371
4 0.6348958333333333 0.5833333333333334 0.6380208333333334 0.5981481481481481 0.64375 0.5990740740740741 0.6458333333333334 0.5935185185185186 0.646875 0.5583333333333333 0.6401041666666667 0.5462962962962963 0.6359375 0.5462962962962963 0.634375 0.5518518518518518 0.6348958333333333 0.5833333333333334
5 0.5052083333333334 0.5907407407407408 0.5130208333333334 0.575 0.5145833333333333 0.5592592592592592 0.5067708333333333 0.55 0.5020833333333333 0.5564814814814815 0.5015625 0.5888888888888889 0.5052083333333334 0.5907407407407408
4 0.7208333333333333 0.6435185185185185 0.725 0.6703703703703704 0.7286458333333333 0.6731481481481482 0.7307291666666667 0.6694444444444444 0.7354166666666667 0.6305555555555555 0.7286458333333333 0.6157407407407407 0.7203125 0.6212962962962963 0.721875 0.625 0.7208333333333333 0.6435185185185185
3 0.5322916666666667 0.5925925925925926 0.5364583333333334 0.6166666666666667 0.540625 0.6203703703703703 0.5453125 0.5953703703703703 0.5453125 0.575925925925926 0.540625 0.5666666666666667 0.534375 0.5712962962962963 0.5322916666666667 0.5768518518518518 0.5322916666666667 0.5925925925925926
5 0.3463541666666667 0.6027777777777777 0.35104166666666664 0.5833333333333334 0.3546875 0.5796296296296296 0.3541666666666667 0.5666666666666667 0.3458333333333333 0.5601851851851852 0.3411458333333333 0.5638888888888889 0.34270833333333334 0.5962962962962963 0.3463541666666667 0.6027777777777777
4 0.5348958333333333 0.6555555555555556 0.5359375 0.6777777777777778 0.5411458333333333 0.6805555555555556 0.5453125 0.6768518518518518 0.5463541666666667 0.6361111111111111 0.5442708333333334 0.6231481481481481 0.5401041666666667 0.6212962962962963 0.5338541666666666 0.6398148148148148 0.5291666666666667 0.6435185185185185 0.5291666666666667 0.65 0.5348958333333333 0.6555555555555556
5 0.5239583333333333 0.6472222222222223 0.528125 0.6462962962962963 0.53125 0.637962962962963 0.5302083333333333 0.6185185185185185 0.5244791666666667 0.6148148148148148 0.5203125 0.6231481481481481 0.5208333333333334 0.6435185185185185 0.5239583333333333 0.6472222222222223
4 0.7208333333333333 0.6222222222222222 0.7239583333333334 0.6157407407407407 0.7265625 0.5916666666666667 0.7322916666666667 0.5888888888888889 0.7322916666666667 0.5777777777777777 0.7197916666666667 0.5712962962962963 0.7161458333333334 0.5833333333333334 0.7166666666666667 0.6194444444444445 0.7208333333333333 0.6222222222222222
5 0.2046875 0.6148148148148148 0.21510416666666668 0.6148148148148148 0.20989583333333334 0.5685185185185185 0.20885416666666667 0.5657407407407408 0.20416666666666666 0.5685185185185185 0.2015625 0.5833333333333334 0.2046875 0.6148148148148148
4 0.3416666666666667 0.5638888888888889 0.3416666666666667 0.5740740740740741 0.353125 0.5777777777777777 0.35520833333333335 0.5444444444444444 0.35104166666666664 0.537962962962963 0.34739583333333335 0.537962962962963 0.34270833333333334 0.5444444444444444 0.34427083333333336 0.5555555555555556 0.3416666666666667 0.5638888888888889
5 0.11354166666666667 0.575925925925926 0.11614583333333334 0.5611111111111111 0.11510416666666666 0.5453703703703704 0.11979166666666667 0.5296296296296297 0.10729166666666666 0.5342592592592592 0.109375 0.5731481481481482 0.11354166666666667 0.575925925925926
3 0.9864583333333333 0.8870370370370371 0.98125 0.8925925925925926 0.9786458333333333 0.9037037037037037 0.9817708333333334 0.9074074074074074 0.9901041666666667 0.9046296296296297 0.9927083333333333 0.9111111111111111 0.9927083333333333 0.9194444444444444 0.9953125 0.9203703703703704 0.9994791666666667 0.9018518518518519 0.9994791666666667 0.8277777777777777 0.9958333333333333 0.8305555555555556 0.99375 0.8407407407407408 0.9901041666666667 0.8453703703703703 0.9885416666666667 0.8796296296296297 0.9864583333333333 0.8870370370370371
4 0.5213541666666667 0.5787037037037037 0.521875 0.5527777777777778 0.5197916666666667 0.5351851851851852 0.5171875 0.5296296296296297 0.5130208333333334 0.5351851851851852 0.5135416666666667 0.575925925925926 0.5213541666666667 0.5787037037037037
3 0.13645833333333332 0.562962962962963 0.13802083333333334 0.5601851851851852 0.1375 0.5324074074074074 0.134375 0.5259259259259259 0.128125 0.5324074074074074 0.12864583333333332 0.5601851851851852 0.13645833333333332 0.562962962962963
5 0.5932291666666667 0.5722222222222222 0.5953125 0.5787037037037037 0.6 0.5814814814814815 0.6015625 0.5601851851851852 0.6 0.5453703703703704 0.5953125 0.537962962962963 0.5901041666666667 0.5398148148148149 0.5895833333333333 0.5527777777777778 0.5932291666666667 0.5722222222222222
5 0.6041666666666666 0.5842592592592593 0.60625 0.5796296296296296 0.6057291666666667 0.5555555555555556 0.6072916666666667 0.5481481481481482 0.603125 0.5351851851851852 0.5994791666666667 0.5407407407407407 0.5973958333333333 0.5509259259259259 0.5984375 0.5796296296296296 0.6041666666666666 0.5842592592592593
3 0.5192708333333333 0.5425925925925926 0.521875 0.5703703703703704 0.5265625 0.5648148148148148 0.528125 0.5333333333333333 0.5255208333333333 0.5194444444444445 0.5213541666666667 0.5185185185185185 0.5192708333333333 0.5259259259259259 0.5192708333333333 0.5425925925925926
4 0.728125 0.5888888888888889 0.7322916666666667 0.5898148148148148 0.7354166666666667 0.5462962962962963 0.7328125 0.5425925925925926 0.7270833333333333 0.5453703703703704 0.7270833333333333 0.5842592592592593 0.728125 0.5888888888888889
5 0.22864583333333333 0.6990740740740741 0.23125 0.6768518518518518 0.23645833333333333 0.6703703703703704 0.23645833333333333 0.6657407407407407 0.22604166666666667 0.6611111111111111 0.21927083333333333 0.6638888888888889 0.21927083333333333 0.6953703703703704 0.22864583333333333 0.6990740740740741
4 0.23229166666666667 0.5916666666666667 0.23697916666666666 0.5907407407407408 0.23802083333333332 0.5861111111111111 0.23489583333333333 0.5685185185185185 0.23645833333333333 0.5518518518518518 0.23020833333333332 0.5425925925925926 0.22760416666666666 0.5435185185185185 0.22552083333333334 0.5518518518518518 0.228125 0.5879629629629629 0.23229166666666667 0.5916666666666667