4 0.13489583333333333 0.637962962962963 0.1375 0.6342592592592593 0.13854166666666667 0.6092592592592593 0.14166666666666666 0.5981481481481481 0.134375 0.5824074074074074 0.13072916666666667 0.5842592592592593 0.12916666666666668 0.5907407407407408 0.13177083333333334 0.6342592592592593 0.13489583333333333 0.637962962962963
4 0.21354166666666666 0.6546296296296297 0.215625 0.65 0.21875 0.65 0.21979166666666666 0.6546296296296297 0.22447916666666667 0.6537037037037037 0.2234375 0.6074074074074074 0.2171875 0.5962962962962963 0.21354166666666666 0.600925925925926 0.21458333333333332 0.6101851851851852 0.21145833333333333 0.6185185185185185 0.20989583333333334 0.6537037037037037 0.21354166666666666 0.6546296296296297
4 0.13854166666666667 0.7555555555555555 0.1390625 0.7472222222222222 0.13333333333333333 0.7305555555555555 0.134375 0.7 0.128125 0.6861111111111111 0.125 0.6888888888888889 0.12447916666666667 0.7175925925925926 0.12239583333333333 0.7296296296296296 0.12291666666666666 0.7611111111111111 0.13854166666666667 0.7555555555555555
5 0.40729166666666666 0.575925925925926 0.4114583333333333 0.5675925925925925 0.41510416666666666 0.5768518518518518 0.4234375 0.5685185185185185 0.425 0.5555555555555556 0.421875 0.5361111111111111 0.415625 0.5314814814814814 0.4119791666666667 0.5370370370370371 0.4078125 0.5333333333333333 0.4041666666666667 0.5398148148148149 0.4036458333333333 0.5546296296296296 0.40729166666666666 0.575925925925926
4 0.24375 0.6759259259259259 0.2557291666666667 0.675 0.259375 0.6712962962962963 0.259375 0.6638888888888889 0.25625 0.6518518518518519 0.2552083333333333 0.6231481481481481 0.2515625 0.612037037037037 0.24739583333333334 0.6148148148148148 0.2421875 0.6731481481481482 0.24375 0.6759259259259259
1 0.5484375 0.6388888888888888 0.5552083333333333 0.637962962962963 0.5526041666666667 0.5888888888888889 0.5505208333333333 0.5824074074074074 0.5453125 0.5777777777777777 0.5432291666666667 0.5824074074074074 0.54375 0.6351851851851852 0.5484375 0.6388888888888888
3 0.2755208333333333 0.6148148148148148 0.2791666666666667 0.6055555555555555 0.28177083333333336 0.5675925925925925 0.275 0.5592592592592592 0.2703125 0.5703703703703704 0.26927083333333335 0.6111111111111112 0.2755208333333333 0.6148148148148148
5 0.41770833333333335 0.575925925925926 0.4276041666666667 0.5796296296296296 0.42552083333333335 0.5398148148148149 0.4197916666666667 0.5314814814814814 0.4171875 0.5361111111111111 0.415625 0.5444444444444444 0.41770833333333335 0.575925925925926
3 0.7671875 0.8305555555555556 0.7791666666666667 0.8388888888888889 0.7791666666666667 0.8023148148148148 0.7817708333333333 0.7870370370370371 0.7807291666666667 0.7722222222222223 0.775 0.7583333333333333 0.7708333333333334 0.7546296296296297 0.7625 0.7824074074074074 0.7625 0.8018518518518518 0.7671875 0.8305555555555556
5 0.4015625 0.5805555555555556 0.4041666666666667 0.5777777777777777 0.40572916666666664 0.5685185185185185 0.40625 0.5435185185185185 0.403125 0.5296296296296297 0.4005208333333333 0.5268518518518519 0.3963541666666667 0.5398148148148149 0.396875 0.575 0.4015625 0.5805555555555556
4 0.28177083333333336 0.6875 0.28072916666666664 0.7 0.27760416666666665 0.7083333333333334 0.2791666666666667 0.7101851851851851 0.2911458333333333 0.7074074074074074 0.2947916666666667 0.7027777777777777 0.29270833333333335 0.6916666666666667 0.2921875 0.6574074074074074 0.2869791666666667 0.6453703703703704 0.2828125 0.6444444444444445 0.28177083333333336 0.6472222222222223 0.27760416666666665 0.6694444444444444 0.28177083333333336 0.6875
4 0.0453125 0.7203703703703703 0.050520833333333334 0.7083333333333334 0.05625 0.7101851851851851 0.05625 0.7194444444444444 0.06041666666666667 0.7194444444444444 0.0625 0.712037037037037 0.058854166666666666 0.6953703703703704 0.057291666666666664 0.662962962962963 0.05260416666666667 0.6509259259259259 0.0484375 0.65 0.04739583333333333 0.6537037037037037 0.03958333333333333 0.7166666666666667 0.0453125 0.7203703703703703