5 0.26614583333333336 0.5990740740740741 0.2791666666666667 0.6046296296296296 0.28072916666666664 0.5972222222222222 0.27447916666666666 0.5601851851851852 0.2682291666666667 0.5601851851851852 0.265625 0.5740740740740741 0.26614583333333336 0.5990740740740741
4 0.8255208333333334 0.6916666666666667 0.825 0.6574074074074074 0.8265625 0.6481481481481481 0.81875 0.6305555555555555 0.8140625 0.6388888888888888 0.8135416666666667 0.6888888888888889 0.8255208333333334 0.6916666666666667
5 0.6947916666666667 0.6351851851851852 0.7010416666666667 0.6398148148148148 0.7036458333333333 0.637962962962963 0.7041666666666667 0.625 0.7078125 0.6092592592592593 0.7072916666666667 0.5953703703703703 0.7041666666666667 0.5842592592592593 0.7 0.5851851851851851 0.6958333333333333 0.6027777777777777 0.696875 0.6231481481481481 0.6947916666666667 0.6351851851851852
4 0.46458333333333335 0.6509259259259259 0.4630208333333333 0.6583333333333333 0.4666666666666667 0.6611111111111111 0.471875 0.6555555555555556 0.4739583333333333 0.6175925925925926 0.4703125 0.6037037037037037 0.4666666666666667 0.6046296296296296 0.4625 0.6148148148148148 0.45989583333333334 0.6305555555555555 0.46458333333333335 0.6509259259259259
4 0.59375 0.6074074074074074 0.5963541666666666 0.6111111111111112 0.5994791666666667 0.6083333333333333 0.6026041666666667 0.575 0.5994791666666667 0.5666666666666667 0.5932291666666667 0.5685185185185185 0.5916666666666667 0.5888888888888889 0.59375 0.6074074074074074
5 0.3536458333333333 0.6342592592592593 0.35833333333333334 0.6148148148148148 0.35833333333333334 0.5981481481481481 0.35520833333333335 0.5842592592592593 0.35260416666666666 0.5833333333333334 0.346875 0.5981481481481481 0.3489583333333333 0.6305555555555555 0.3536458333333333 0.6342592592592593
4 0.24583333333333332 0.6425925925925926 0.24791666666666667 0.5953703703703703 0.24375 0.5861111111111111 0.24010416666666667 0.5861111111111111 0.23541666666666666 0.5990740740740741 0.23645833333333333 0.6388888888888888 0.24583333333333332 0.6425925925925926
3 0.4869791666666667 0.6305555555555555 0.4979166666666667 0.6342592592592593 0.5010416666666667 0.5962962962962963 0.49947916666666664 0.5814814814814815 0.49375 0.5796296296296296 0.4895833333333333 0.5907407407407408 0.4901041666666667 0.6046296296296296 0.4869791666666667 0.6305555555555555
5 0.6416666666666667 0.5925925925925926 0.646875 0.5962962962962963 0.6494791666666667 0.5925925925925926 0.6489583333333333 0.5601851851851852 0.64375 0.5527777777777778 0.6416666666666667 0.5527777777777778 0.6390625 0.5601851851851852 0.6380208333333334 0.5685185185185185 0.6416666666666667 0.5925925925925926
4 0.5130208333333334 0.7481481481481481 0.525 0.7444444444444445 0.5291666666666667 0.7296296296296296 0.5265625 0.6814814814814815 0.525 0.6787037037037037 0.5213541666666667 0.6805555555555556 0.5161458333333333 0.6972222222222222 0.5119791666666667 0.7425925925925926 0.5130208333333334 0.7481481481481481
5 0.25677083333333334 0.712037037037037 0.25885416666666666 0.6916666666666667 0.2578125 0.6796296296296296 0.2598958333333333 0.6722222222222223 0.259375 0.6518518518518519 0.2552083333333333 0.65 0.25104166666666666 0.6611111111111111 0.24427083333333333 0.6972222222222222 0.24427083333333333 0.7111111111111111 0.25677083333333334 0.712037037037037
4 0.3338541666666667 0.5962962962962963 0.3375 0.5907407407407408 0.340625 0.5768518518518518 0.3458333333333333 0.575 0.3458333333333333 0.5611111111111111 0.3375 0.5537037037037037 0.33177083333333335 0.5666666666666667 0.3302083333333333 0.5925925925925926 0.3338541666666667 0.5962962962962963
5 0.45364583333333336 0.5731481481481482 0.4578125 0.5740740740740741 0.46197916666666666 0.562037037037037 0.45989583333333334 0.5370370370370371 0.45625 0.5342592592592592 0.44895833333333335 0.5370370370370371 0.446875 0.5416666666666666 0.45364583333333336 0.5731481481481482
5 0.5697916666666667 0.6666666666666666 0.5760416666666667 0.675 0.5802083333333333 0.675 0.5833333333333334 0.6444444444444445 0.58125 0.6231481481481481 0.5786458333333333 0.6222222222222222 0.571875 0.637962962962963 0.5729166666666666 0.6546296296296297 0.5697916666666667 0.6666666666666666
4 0.21979166666666666 0.7175925925925926 0.225 0.7212962962962963 0.23020833333333332 0.7046296296296296 0.23072916666666668 0.6944444444444444 0.22708333333333333 0.6574074074074074 0.21979166666666666 0.6527777777777778 0.21822916666666667 0.6675925925925926 0.21979166666666666 0.7175925925925926
4 0.42291666666666666 0.5907407407407408 0.43385416666666665 0.5916666666666667 0.4359375 0.5879629629629629 0.43385416666666665 0.5638888888888889 0.4276041666666667 0.5564814814814815 0.4234375 0.5574074074074075 0.4203125 0.5638888888888889 0.42291666666666666 0.5907407407407408
4 0.825 0.6027777777777777 0.8307291666666666 0.6083333333333333 0.8317708333333333 0.6037037037037037 0.8265625 0.5898148148148148 0.8244791666666667 0.5731481481481482 0.8182291666666667 0.5666666666666667 0.815625 0.5712962962962963 0.8171875 0.6064814814814815 0.825 0.6027777777777777
3 0.33489583333333334 0.5527777777777778 0.3453125 0.5657407407407408 0.34739583333333335 0.5342592592592592 0.3416666666666667 0.5259259259259259 0.3380208333333333 0.5277777777777778 0.3333333333333333 0.5361111111111111 0.33489583333333334 0.5527777777777778
5 0.21822916666666667 0.65 0.22291666666666668 0.65 0.225 0.625 0.22395833333333334 0.5953703703703703 0.2203125 0.5944444444444444 0.21770833333333334 0.5990740740740741 0.21666666666666667 0.6453703703703704 0.21822916666666667 0.65
4 0.5135416666666667 0.5796296296296296 0.5171875 0.5472222222222223 0.5135416666666667 0.5416666666666666 0.5041666666666667 0.5416666666666666 0.5036458333333333 0.5796296296296296 0.5135416666666667 0.5796296296296296
3 0.9833333333333333 0.9185185185185185 0.9854166666666667 0.9222222222222223 0.9901041666666667 0.9203703703703704 0.9932291666666667 0.9277777777777778 0.996875 0.9268518518518518 0.9994791666666667 0.9222222222222223 0.9994791666666667 0.8444444444444444 0.9942708333333333 0.8333333333333334 0.9901041666666667 0.8379629629629629 0.9859375 0.8537037037037037 0.9817708333333334 0.8851851851851852 0.98125 0.9046296296296297 0.9833333333333333 0.9185185185185185
5 0.7364583333333333 0.5712962962962963 0.7359375 0.5574074074074075 0.7421875 0.5444444444444444 0.7401041666666667 0.5342592592592592 0.728125 0.5268518518518519 0.725 0.5425925925925926 0.7244791666666667 0.5638888888888889 0.7364583333333333 0.5712962962962963
5 0.4354166666666667 0.5981481481481481 0.4390625 0.5990740740740741 0.44166666666666665 0.5953703703703703 0.44375 0.5685185185185185 0.44166666666666665 0.5555555555555556 0.4354166666666667 0.5518518518518518 0.4359375 0.5583333333333333 0.4328125 0.5675925925925925 0.4328125 0.5907407407407408 0.4354166666666667 0.5981481481481481