5 0.6265625 0.5675925925925925 0.6229166666666667 0.575925925925926 0.6229166666666667 0.6083333333333333 0.6348958333333333 0.6111111111111112 0.6296875 0.5694444444444444 0.6265625 0.5675925925925925
5 0.28541666666666665 0.6657407407407407 0.28802083333333334 0.6370370370370371 0.28489583333333335 0.6231481481481481 0.28229166666666666 0.6212962962962963 0.275 0.6398148148148148 0.275 0.6462962962962963 0.28020833333333334 0.6592592592592592 0.2796875 0.6648148148148149 0.28541666666666665 0.6657407407407407
5 0.09322916666666667 0.6388888888888888 0.09375 0.6175925925925926 0.096875 0.6064814814814815 0.09635416666666667 0.5953703703703703 0.08854166666666667 0.5907407407407408 0.0828125 0.6064814814814815 0.08229166666666667 0.6148148148148148 0.0859375 0.6370370370370371 0.0875 0.6398148148148148 0.09322916666666667 0.6388888888888888
4 0.76875 0.6231481481481481 0.7661458333333333 0.6074074074074074 0.7630208333333334 0.5972222222222222 0.759375 0.5962962962962963 0.7546875 0.6101851851851852 0.7557291666666667 0.6472222222222223 0.7640625 0.65 0.7671875 0.6453703703703704 0.76875 0.6231481481481481
4 0.22916666666666666 0.6638888888888889 0.23229166666666667 0.6703703703703704 0.23645833333333333 0.6722222222222223 0.23541666666666666 0.6231481481481481 0.2328125 0.6175925925925926 0.22916666666666666 0.6222222222222222 0.22552083333333334 0.6564814814814814 0.21927083333333333 0.6657407407407407 0.22135416666666666 0.6694444444444444 0.22916666666666666 0.6638888888888889
4 0.34479166666666666 0.65 0.3489583333333333 0.649074074074074 0.3484375 0.6212962962962963 0.3453125 0.6 0.3416666666666667 0.6018518518518519 0.33697916666666666 0.6268518518518519 0.33489583333333334 0.6462962962962963 0.3375 0.65 0.340625 0.6453703703703704 0.34479166666666666 0.65
4 0.11927083333333334 0.7407407407407407 0.13072916666666667 0.7305555555555555 0.13177083333333334 0.7379629629629629 0.134375 0.7407407407407407 0.13958333333333334 0.7203703703703703 0.1375 0.7083333333333334 0.14270833333333333 0.7018518518518518 0.140625 0.6814814814814815 0.1359375 0.6805555555555556 0.12552083333333333 0.7 0.12447916666666667 0.7222222222222222 0.115625 0.7361111111111112 0.11614583333333334 0.7388888888888889 0.11927083333333334 0.7407407407407407
4 0.15625 0.6185185185185185 0.15572916666666667 0.5833333333333334 0.15364583333333334 0.5731481481481482 0.15 0.5712962962962963 0.14739583333333334 0.5824074074074074 0.14791666666666667 0.6018518518518519 0.1453125 0.6148148148148148 0.14739583333333334 0.6185185185185185 0.15625 0.6185185185185185
5 0.240625 0.7592592592592593 0.24270833333333333 0.7314814814814815 0.24739583333333334 0.7203703703703703 0.24375 0.7083333333333334 0.24375 0.6888888888888889 0.2390625 0.6888888888888889 0.23333333333333334 0.7092592592592593 0.23333333333333334 0.7333333333333333 0.22708333333333333 0.75 0.2375 0.7611111111111111 0.240625 0.7592592592592593
5 0.09322916666666667 0.8518518518518519 0.09583333333333334 0.8546296296296296 0.09739583333333333 0.850925925925926 0.1046875 0.850925925925926 0.10729166666666666 0.8564814814814815 0.1109375 0.8537037037037037 0.109375 0.8411111111111111 0.1109375 0.8092592592592592 0.10416666666666667 0.7731481481481481 0.09895833333333333 0.775 0.09166666666666666 0.8027777777777778 0.09166666666666666 0.8166666666666667 0.09479166666666666 0.8185185185185185 0.09635416666666667 0.825925925925926 0.09322916666666667 0.8518518518518519
4 0.8713541666666667 0.6851851851851852 0.8723958333333334 0.6768518518518518 0.86875 0.6537037037037037 0.86875 0.637962962962963 0.8598958333333333 0.6277777777777778 0.8552083333333333 0.6425925925925926 0.8557291666666667 0.6537037037037037 0.859375 0.6611111111111111 0.8614583333333333 0.6851851851851852 0.8713541666666667 0.6851851851851852
5 0.228125 0.600925925925926 0.23177083333333334 0.5675925925925925 0.22447916666666667 0.5444444444444444 0.22083333333333333 0.5518518518518518 0.21979166666666666 0.5638888888888889 0.21927083333333333 0.5731481481481482 0.2234375 0.5861111111111111 0.22447916666666667 0.5990740740740741 0.228125 0.600925925925926
5 0.3671875 0.6259259259259259 0.365625 0.5898148148148148 0.35989583333333336 0.5916666666666667 0.35833333333333334 0.6092592592592593 0.3578125 0.6425925925925926 0.36302083333333335 0.6444444444444445 0.3651041666666667 0.6425925925925926 0.3671875 0.6259259259259259
4 0.057291666666666664 0.6620370370370371 0.06197916666666667 0.6638888888888889 0.05625 0.6111111111111112 0.05260416666666667 0.6074074074074074 0.04791666666666667 0.6222222222222222 0.044270833333333336 0.662962962962963 0.0484375 0.662962962962963 0.05364583333333333 0.649074074074074 0.057291666666666664 0.6620370370370371
4 0.4432291666666667 0.7972222222222223 0.45364583333333336 0.7972222222222223 0.4546875 0.8138888888888889 0.4625 0.8148148148148148 0.4546875 0.7351851851851852 0.4510416666666667 0.7324074074074074 0.4453125 0.7481481481481481 0.4432291666666667 0.7787037037037037 0.434375 0.8101851851851852 0.4401041666666667 0.8138888888888889 0.4432291666666667 0.7972222222222223
4 0.5708333333333333 0.6888888888888889 0.5744791666666667 0.675 0.5739583333333333 0.6574074074074074 0.5760416666666667 0.6518518518518519 0.5734375 0.6324074074074074 0.5682291666666667 0.6314814814814815 0.5630208333333333 0.6462962962962963 0.5645833333333333 0.6657407407407407 0.559375 0.687037037037037 0.5598958333333334 0.6898148148148148 0.5708333333333333 0.6888888888888889
3 0.1640625 0.587037037037037 0.16666666666666666 0.5518518518518518 0.165625 0.5444444444444444 0.1625 0.5416666666666666 0.15677083333333333 0.5444444444444444 0.1546875 0.5805555555555556 0.15625 0.5879629629629629 0.16145833333333334 0.5888888888888889 0.1640625 0.587037037037037
3 0.08072916666666667 0.5555555555555556 0.075 0.549074074074074 0.06979166666666667 0.5583333333333333 0.06770833333333333 0.5675925925925925 0.06822916666666666 0.5953703703703703 0.08020833333333334 0.5953703703703703 0.08072916666666667 0.5555555555555556
3 0.3255208333333333 0.7324074074074074 0.32708333333333334 0.7203703703703703 0.334375 0.7197527777777778 0.334375 0.7296296296296296 0.3380208333333333 0.7342592592592593 0.33958333333333335 0.7083333333333334 0.33697916666666666 0.6638888888888889 0.3333333333333333 0.6611111111111111 0.32864583333333336 0.6759259259259259 0.32708333333333334 0.700925925925926 0.31979166666666664 0.7324074074074074 0.321875 0.7351851851851852 0.3255208333333333 0.7324074074074074
5 0.6390625 0.637962962962963 0.634375 0.6361111111111111 0.6302083333333334 0.649074074074074 0.6307291666666667 0.6787037037037037 0.6427083333333333 0.6907407407407408 0.6427083333333333 0.6592592592592592 0.6390625 0.637962962962963
2 0.8802083333333334 0.6611111111111111 0.884375 0.662962962962963 0.8973958333333333 0.6509259259259259 0.9041666666666667 0.6546296296296297 0.90625 0.65 0.9010416666666666 0.637962962962963 0.9 0.6240740740740741 0.89375 0.612037037037037 0.8890625 0.6138888888888889 0.8885416666666667 0.6240740740740741 0.884375 0.6305555555555555 0.8869791666666667 0.6398148148148148 0.8838541666666667 0.6509259259259259 0.8791666666666667 0.6574074074074074 0.8802083333333334 0.6611111111111111
4 0.07604166666666666 0.7379629629629629 0.07135416666666666 0.737037037037037 0.06614583333333333 0.7518518518518519 0.06822916666666666 0.8185185185185185 0.08229166666666667 0.8175925925925925 0.08177083333333333 0.7935185185185185 0.07604166666666666 0.7379629629629629
5 0.6390625 0.825925925925926 0.634375 0.7842592592592592 0.6296875 0.7851851851851852 0.6239583333333333 0.8074074074074075 0.6244791666666667 0.8462962962962963 0.6223958333333334 0.8648148148148148 0.640625 0.8648148148148148 0.6390625 0.825925925925926
0 0.8755208333333333 0.6620370370370371 0.8790942708333334 0.661112037037037 0.8795817708333333 0.6595009259259259 0.879790625 0.6583851851851852 0.878815625 0.6566500000000001 0.8792333333333333 0.655162962962963 0.8776041666666666 0.6527777777777778 0.8760416666666667 0.6527777777777778 0.8744791666666667 0.6546296296296297 0.8744791666666667 0.6555555555555556 0.8734375 0.6574074074074074 0.8734375 0.6592592592592592 0.8755208333333333 0.6620370370370371