5 0.7390625 0.5638888888888889 0.7359375 0.562962962962963 0.734375 0.5666666666666667 0.73125 0.5953703703703703 0.7302083333333333 0.6148148148148148 0.7427083333333333 0.6148148148148148 0.7411458333333333 0.5731481481481482 0.7390625 0.5638888888888889
3 0.42916666666666664 0.6092592592592593 0.43125 0.5842592592592593 0.4239583333333333 0.5712962962962963 0.4197916666666667 0.5796296296296296 0.42239583333333336 0.6129629629629629 0.4276041666666667 0.6268518518518519 0.43125 0.6268518518518519 0.42916666666666664 0.6092592592592593
5 0.7041666666666667 0.7064814814814815 0.7088541666666667 0.7157407407407408 0.7104166666666667 0.7037037037037037 0.7067708333333333 0.6935185185185185 0.7067708333333333 0.6648148148148149 0.7026041666666667 0.65 0.6984375 0.6537037037037037 0.6947916666666667 0.6731481481481482 0.6958333333333333 0.6814814814814815 0.6927083333333334 0.7175925925925926 0.6994791666666667 0.7166666666666667 0.7041666666666667 0.7064814814814815
5 0.4984375 0.5740740740740741 0.4973958333333333 0.5611111111111111 0.4942708333333333 0.5518518518518518 0.48802083333333335 0.5611111111111111 0.4869791666666667 0.5675925925925925 0.4895833333333333 0.6037037037037037 0.4973958333333333 0.6 0.49947916666666664 0.5925925925925926 0.4984375 0.5740740740740741
5 0.40260416666666665 0.674074074074074 0.40260416666666665 0.6333333333333333 0.39895833333333336 0.6231481481481481 0.3890625 0.6231481481481481 0.39166666666666666 0.6537037037037037 0.39791666666666664 0.6768518518518518 0.4005208333333333 0.6796296296296296 0.40260416666666665 0.674074074074074
5 0.39375 0.5888888888888889 0.3885416666666667 0.575925925925926 0.38333333333333336 0.5851851851851851 0.38229166666666664 0.5925925925925926 0.3885416666666667 0.6268518518518519 0.3927083333333333 0.6222222222222222 0.39375 0.5888888888888889
4 0.8744791666666667 0.6268518518518519 0.875 0.5916666666666667 0.8682291666666667 0.5787037037037037 0.8651041666666667 0.5833333333333334 0.8630208333333333 0.5953703703703703 0.865625 0.6268518518518519 0.8677083333333333 0.6314814814814815 0.8729166666666667 0.6314814814814815 0.8744791666666667 0.6268518518518519
4 0.7671875 0.6814814814814815 0.7697916666666667 0.6675925925925926 0.7765625 0.6666666666666666 0.7776041666666667 0.6620370370370371 0.7734375 0.6583333333333333 0.7697916666666667 0.6305555555555555 0.7651041666666667 0.6231481481481481 0.7619791666666667 0.6259259259259259 0.7609375 0.6620370370370371 0.7619791666666667 0.6805555555555556 0.7640625 0.6833333333333333 0.7671875 0.6814814814814815
5 0.5786458333333333 0.7592592592592593 0.5848958333333333 0.7472222222222222 0.5901041666666667 0.7472222222222222 0.5916666666666667 0.7611111111111111 0.5973958333333333 0.7638888888888888 0.5953125 0.7462962962962963 0.5880208333333333 0.725 0.5869791666666667 0.7092592592592593 0.5838541666666667 0.7 0.5796875 0.7 0.575 0.7194444444444444 0.575 0.7324074074074074 0.578125 0.7435185185185185 0.575 0.7601851851851852 0.5786458333333333 0.7592592592592593
4 0.2552083333333333 0.600925925925926 0.25052083333333336 0.6111111111111112 0.2515625 0.6574074074074074 0.26510416666666664 0.6537037037037037 0.2598958333333333 0.6074074074074074 0.2552083333333333 0.600925925925926
4 0.2989583333333333 0.6175925925925926 0.2994791666666667 0.5805555555555556 0.29270833333333335 0.5685185185185185 0.290625 0.5685185185185185 0.28854166666666664 0.575925925925926 0.2869791666666667 0.5888888888888889 0.28958333333333336 0.6018518518518519 0.2875 0.6185185185185185 0.2989583333333333 0.6175925925925926
5 0.22083333333333333 0.6787037037037037 0.22291666666666668 0.637962962962963 0.22083333333333333 0.6148148148148148 0.21666666666666667 0.6148148148148148 0.21197916666666666 0.6296296296296297 0.21458333333333332 0.6546296296296297 0.2140625 0.6731481481481482 0.21666666666666667 0.6787037037037037 0.22083333333333333 0.6787037037037037
4 0.1859375 0.6037037037037037 0.18645833333333334 0.5731481481481482 0.18229166666666666 0.5527777777777778 0.17916666666666667 0.5555555555555556 0.17604166666666668 0.5675925925925925 0.17447916666666666 0.5833333333333334 0.17708333333333334 0.6037037037037037 0.184375 0.6064814814814815 0.1859375 0.6037037037037037
4 0.5041666666666667 0.65 0.5015625 0.612037037037037 0.4973958333333333 0.5972222222222222 0.49375 0.5953703703703703 0.4895833333333333 0.600925925925926 0.49322916666666666 0.6546296296296297 0.4984375 0.6574074074074074 0.5036458333333333 0.6537037037037037 0.5041666666666667 0.65
5 0.27291666666666664 0.6259259259259259 0.27291666666666664 0.5675925925925925 0.2677083333333333 0.5555555555555556 0.2635416666666667 0.5638888888888889 0.2630208333333333 0.612037037037037 0.26510416666666664 0.625 0.2713541666666667 0.6277777777777778 0.27291666666666664 0.6259259259259259
5 0.3067708333333333 0.7666666666666667 0.3109375 0.7546296296296297 0.3151041666666667 0.7324074074074074 0.3145833333333333 0.700925925925926 0.3104166666666667 0.700925925925926 0.30364583333333334 0.7111111111111111 0.2984375 0.7287037037037037 0.3015625 0.7472222222222222 0.29791666666666666 0.7675925925925926 0.303125 0.7703703703703704 0.3067708333333333 0.7666666666666667
4 0.78125 0.5842592592592593 0.7828125 0.5527777777777778 0.775 0.5444444444444444 0.7723958333333333 0.5546296296296296 0.7744791666666667 0.5851851851851851 0.7755208333333333 0.5888888888888889 0.7786458333333334 0.5888888888888889 0.78125 0.5842592592592593
4 0.675 0.7444444444444445 0.6776041666666667 0.7379629629629629 0.6973958333333333 0.7518518518518519 0.69375 0.7398148148148148 0.6880208333333333 0.7361111111111112 0.68125 0.7037037037037037 0.6739583333333333 0.6907407407407408 0.6697916666666667 0.6944444444444444 0.6677083333333333 0.7203703703703703 0.6692708333333334 0.7333333333333333 0.6671875 0.7592592592592593 0.6744791666666666 0.7592592592592593 0.675 0.7444444444444445
4 0.3875 0.5453703703703704 0.38645833333333335 0.5212962962962963 0.3802083333333333 0.5185185185185185 0.3776041666666667 0.5231481481481481 0.37916666666666665 0.5555555555555556 0.3802083333333333 0.5601851851851852 0.3848958333333333 0.5601851851851852 0.3875 0.5453703703703704
0 0.6442708333333333 0.7842592592592592 0.6395833333333333 0.7787037037037037 0.63125 0.7814814814814814 0.6307291666666667 0.7861111111111111 0.6348958333333333 0.7953703703703704 0.6380208333333334 0.7953703703703704 0.6442708333333333 0.7842592592592592
4 0.5057291666666667 0.850925925925926 0.5067708333333333 0.8407407407407408 0.5041666666666667 0.7972222222222223 0.5010416666666667 0.7796296296296297 0.496875 0.7787037037037037 0.4901041666666667 0.7925925925925926 0.48541666666666666 0.8138888888888889 0.4859375 0.8388888888888889 0.48125 0.8453703703703703 0.4859375 0.8490740740740741 0.5057291666666667 0.850925925925926
3 0.5333333333333333 0.5 0.5291666666666667 0.49074074074074076 0.5234375 0.4981481481481482 0.5239583333333333 0.5398148148148149 0.5291666666666667 0.5416666666666666 0.5333333333333333 0.5203703703703704 0.5333333333333333 0.5
3 0.3098958333333333 0.5287037037037037 0.30885416666666665 0.5120370370370371 0.303125 0.5046296296296297 0.29635416666666664 0.5092592592592593 0.2942708333333333 0.5203703703703704 0.29739583333333336 0.5435185185185185 0.3072916666666667 0.5444444444444444 0.3098958333333333 0.5287037037037037