4 0.7869791666666667 0.649074074074074 0.7791666666666667 0.6361111111111111 0.7755208333333333 0.637962962962963 0.7739583333333333 0.6444444444444445 0.7744791666666667 0.6962962962962963 0.7822916666666667 0.6990740740740741 0.7854166666666667 0.687962962962963 0.7869791666666667 0.649074074074074
4 0.5140625 0.6416666666666667 0.5166666666666667 0.637962962962963 0.51875 0.6175925925925926 0.5135416666666667 0.6083333333333333 0.5072916666666667 0.6111111111111112 0.5057291666666667 0.6148148148148148 0.50625 0.6370370370370371 0.5088541666666667 0.6416666666666667 0.5140625 0.6416666666666667
5 0.5994791666666667 0.5851851851851851 0.5958333333333333 0.5861111111111111 0.59375 0.5944444444444444 0.59375 0.6342592592592593 0.5994791666666667 0.637962962962963 0.6026041666666667 0.5972222222222222 0.5994791666666667 0.5851851851851851
5 0.37135416666666665 0.6222222222222222 0.36875 0.5833333333333334 0.365625 0.5796296296296296 0.35989583333333336 0.5833333333333334 0.35989583333333336 0.6259259259259259 0.3640625 0.6296296296296297 0.3692708333333333 0.6277777777777778 0.37135416666666665 0.6222222222222222
5 0.19635416666666666 0.5518518518518518 0.19375 0.5703703703703704 0.19270833333333334 0.587037037037037 0.20260416666666667 0.5879629629629629 0.20104166666666667 0.5518518518518518 0.19635416666666666 0.5518518518518518
5 0.0828125 0.7175925925925926 0.08645833333333333 0.7 0.09166666666666666 0.6925925925925925 0.09166666666666666 0.6888888888888889 0.08385416666666666 0.6805555555555556 0.07395833333333333 0.6824074074074075 0.07239583333333334 0.6888888888888889 0.075 0.6981481481481482 0.07552083333333333 0.7166666666666667 0.0828125 0.7175925925925926
4 0.3463541666666667 0.6268518518518519 0.3421875 0.6388888888888888 0.3411458333333333 0.6537037037037037 0.34010416666666665 0.6888888888888889 0.35625 0.6851851851851852 0.3494791666666667 0.6305555555555555 0.3463541666666667 0.6268518518518519
4 0.2109375 0.6472222222222223 0.221875 0.6425925925925926 0.21822916666666667 0.5990740740740741 0.21666666666666667 0.5944444444444444 0.2125 0.5962962962962963 0.20885416666666667 0.6074074074074074 0.21041666666666667 0.6296296296296297 0.20885416666666667 0.6453703703703704 0.2109375 0.6472222222222223
3 0.2578125 0.6574074074074074 0.25833333333333336 0.6407407407407407 0.2640625 0.6277777777777778 0.2635416666666667 0.6027777777777777 0.2520833333333333 0.600925925925926 0.24791666666666667 0.6101851851851852 0.25 0.6398148148148148 0.24739583333333334 0.6574074074074074 0.2557291666666667 0.6601851851851852 0.2578125 0.6574074074074074
4 0.1 0.6657407407407407 0.10625 0.6342592592592593 0.10260416666666666 0.6083333333333333 0.0984375 0.6064814814814815 0.0921875 0.6259259259259259 0.09114583333333333 0.637962962962963 0.09635416666666667 0.65 0.09583333333333334 0.6648148148148149 0.1 0.6657407407407407
4 0.7244791666666667 0.6027777777777777 0.7307291666666667 0.5833333333333334 0.7302083333333333 0.5694444444444444 0.7265625 0.5574074074074075 0.7234375 0.5555555555555556 0.7197916666666667 0.5592592592592592 0.7182291666666667 0.5638888888888889 0.7192708333333333 0.5935185185185186 0.7208333333333333 0.600925925925926 0.7244791666666667 0.6027777777777777
5 0.5645833333333333 0.5518518518518518 0.5604166666666667 0.5416666666666666 0.5583333333333333 0.5444444444444444 0.5557291666666667 0.5842592592592593 0.5645833333333333 0.5861111111111111 0.5661458333333333 0.5842592592592593 0.5645833333333333 0.5518518518518518
5 0.45 0.6462962962962963 0.44895833333333335 0.6157407407407407 0.446875 0.6074074074074074 0.4432291666666667 0.6092592592592593 0.440625 0.6212962962962963 0.43854166666666666 0.6648148148148149 0.4510416666666667 0.6648148148148149 0.45364583333333336 0.6611111111111111 0.45 0.6462962962962963
5 0.15833333333333333 0.6194444444444445 0.16041666666666668 0.612037037037037 0.1578125 0.5925925925925926 0.15364583333333334 0.5888888888888889 0.14895833333333333 0.6037037037037037 0.14895833333333333 0.637962962962963 0.1578125 0.6398148148148148 0.159375 0.637962962962963 0.15833333333333333 0.6194444444444445
5 0.1421875 0.6703703703703704 0.13854166666666667 0.6194444444444445 0.13385416666666666 0.6231481481481481 0.13072916666666667 0.6351851851851852 0.13125 0.65 0.128125 0.6694444444444444 0.13072916666666667 0.6731481481481482 0.1421875 0.6703703703703704
5 0.259375 0.7240740740740741 0.271875 0.7203703703703703 0.271875 0.6990740740740741 0.275 0.687037037037037 0.26875 0.6611111111111111 0.26458333333333334 0.662962962962963 0.25833333333333336 0.687037037037037 0.25833333333333336 0.6953703703703704 0.2625 0.7055555555555556 0.25885416666666666 0.7148148148148148 0.259375 0.7240740740740741
4 0.51875 0.5638888888888889 0.5161458333333333 0.5564814814814815 0.5135416666666667 0.5305555555555556 0.509375 0.5296296296296297 0.5046875 0.5407407407407407 0.5067708333333333 0.5574074074074075 0.5052083333333334 0.5666666666666667 0.5166666666666667 0.5675925925925925 0.51875 0.5638888888888889
4 0.13697916666666668 0.7824074074074074 0.1375 0.7583333333333333 0.13489583333333333 0.7416666666666667 0.13020833333333334 0.7435185185185185 0.12552083333333333 0.7666666666666667 0.12291666666666666 0.8222222222222222 0.12760416666666666 0.8231481481481482 0.1390625 0.8 0.13697916666666668 0.7824074074074074
4 0.5854166666666667 0.7638888888888888 0.5869791666666667 0.7268518518518519 0.5802083333333333 0.7083333333333334 0.5770833333333333 0.7083333333333334 0.5713541666666667 0.7277777777777777 0.5713541666666667 0.7546296296296297 0.5755208333333334 0.7805555555555556 0.5796875 0.7833333333333333 0.5854166666666667 0.7638888888888888
4 0.3046875 0.5712962962962963 0.30520833333333336 0.5361111111111111 0.3026041666666667 0.5305555555555556 0.296875 0.5407407407407407 0.29635416666666664 0.5722222222222222 0.29739583333333336 0.575925925925926 0.3026041666666667 0.5777777777777777 0.3046875 0.5712962962962963
5 0.36666666666666664 0.5555555555555556 0.36822916666666666 0.5444444444444444 0.3651041666666667 0.5388888888888889 0.35885416666666664 0.5425925925925926 0.35989583333333336 0.5805555555555556 0.3651041666666667 0.5824074074074074 0.36770833333333336 0.5796296296296296 0.36666666666666664 0.5555555555555556
3 0.13229166666666667 0.5509259259259259 0.12708333333333333 0.5370370370370371 0.12291666666666666 0.5462962962962963 0.12291666666666666 0.575925925925926 0.12708333333333333 0.5796296296296296 0.13020833333333334 0.5740740740740741 0.13229166666666667 0.5509259259259259
4 0.2630208333333333 0.5592592592592592 0.2671875 0.5444444444444444 0.2625 0.5305555555555556 0.2557291666666667 0.5324074074074074 0.2546875 0.5601851851851852 0.2598958333333333 0.5740740740740741 0.2625 0.5712962962962963 0.2630208333333333 0.5592592592592592