4 0.3104166666666667 0.7129629629629629 0.3177083333333333 0.7046296296296296 0.31666666666666665 0.6685185185185185 0.3140625 0.6592592592592592 0.3109375 0.6574074074074074 0.30625 0.6685185185185185 0.3067708333333333 0.712037037037037 0.3104166666666667 0.7129629629629629
4 0.2864583333333333 0.6703703703703704 0.28541666666666665 0.637962962962963 0.2791666666666667 0.6305555555555555 0.275 0.6351851851851852 0.27708333333333335 0.6712962962962963 0.2864583333333333 0.6703703703703704
4 0.46822916666666664 0.7222222222222222 0.4671875 0.7435185185185185 0.4744791666666667 0.7490740740740741 0.47708333333333336 0.7 0.4739583333333333 0.6851851851851852 0.4703125 0.6851851851851852 0.46927083333333336 0.6888888888888889 0.465625 0.7138888888888889 0.46822916666666664 0.7222222222222222
5 0.1578125 0.6814814814814815 0.16458333333333333 0.6777777777777778 0.16614583333333333 0.637962962962963 0.16302083333333334 0.6259259259259259 0.15572916666666667 0.6268518518518519 0.15104166666666666 0.6527777777777778 0.15104166666666666 0.6777777777777778 0.1578125 0.6814814814814815
3 0.99375 0.6425925925925926 0.9963541666666667 0.637962962962963 0.9958333333333333 0.6342592592592593 0.9994791666666667 0.6305555555555555 0.9994791666666667 0.5833333333333334 0.9927083333333333 0.5842592592592593 0.9901041666666667 0.5981481481481481 0.9864583333333333 0.637962962962963 0.99375 0.6425925925925926
4 0.6911458333333333 0.7166666666666667 0.696875 0.7203703703703703 0.7015625 0.6759259259259259 0.6973958333333333 0.6638888888888889 0.6932291666666667 0.6638888888888889 0.690625 0.6694444444444444 0.6895833333333333 0.7018518518518518 0.6911458333333333 0.7166666666666667
4 0.275 0.7694444444444445 0.2833333333333333 0.7731481481481481 0.28854166666666664 0.7666666666666667 0.29270833333333335 0.7277777777777777 0.2869791666666667 0.7055555555555556 0.2838541666666667 0.7064814814814815 0.27760416666666665 0.7222222222222222 0.2786458333333333 0.7407407407407407 0.275 0.7694444444444445
3 0.13125 0.6648148148148149 0.13177083333333334 0.6731481481481482 0.134375 0.6768518518518518 0.1421875 0.6777777777777778 0.14427083333333332 0.6731481481481482 0.14427083333333332 0.6416666666666667 0.1421875 0.6268518518518519 0.13802083333333334 0.6175925925925926 0.134375 0.6203703703703703 0.13229166666666667 0.637962962962963 0.134375 0.6509259259259259 0.13125 0.6648148148148149
4 0.3765625 0.6759259259259259 0.38125 0.6657407407407407 0.38229166666666664 0.6305555555555555 0.3776041666666667 0.6185185185185185 0.37135416666666665 0.6259259259259259 0.371875 0.6657407407407407 0.3765625 0.6759259259259259
3 0.3963541666666667 0.6 0.39947916666666666 0.5953703703703703 0.4 0.562962962962963 0.3963541666666667 0.5564814814814815 0.39010416666666664 0.5703703703703704 0.3927083333333333 0.5953703703703703 0.3963541666666667 0.6
5 0.17916666666666667 0.6768518518518518 0.18489583333333334 0.6694444444444444 0.18854166666666666 0.6546296296296297 0.1890625 0.6453703703703704 0.18697916666666667 0.6407407407407407 0.1890625 0.6305555555555555 0.18697916666666667 0.6324074074074074 0.1765625 0.6240740740740741 0.17239583333333333 0.6370370370370371 0.1734375 0.6712962962962963 0.17916666666666667 0.6768518518518518
4 0.675 0.6935185185185185 0.678125 0.6944444444444444 0.6807291666666667 0.687037037037037 0.6838541666666667 0.6564814814814814 0.678125 0.6425925925925926 0.6729166666666667 0.6509259259259259 0.6734375 0.687962962962963 0.675 0.6935185185185185
4 0.3614583333333333 0.6935185185185185 0.365625 0.6944444444444444 0.3703125 0.6898148148148148 0.3692708333333333 0.6462962962962963 0.36666666666666664 0.6388888888888888 0.36302083333333335 0.6388888888888888 0.36041666666666666 0.6537037037037037 0.36041666666666666 0.6888888888888889 0.3614583333333333 0.6935185185185185