4 0.8020833333333334 0.65 0.8041666666666667 0.6453703703703704 0.8098958333333334 0.6194444444444445 0.8098958333333334 0.6111111111111112 0.80625 0.5990740740740741 0.8015625 0.6 0.8010416666666667 0.6148148148148148 0.79375 0.6370370370370371 0.7942708333333334 0.6509259259259259 0.8020833333333334 0.65
5 0.6776041666666667 0.5879629629629629 0.6791666666666667 0.5731481481481482 0.6776041666666667 0.549074074074074 0.6729166666666667 0.5481481481481482 0.6651041666666667 0.5842592592592593 0.6776041666666667 0.5879629629629629
3 0.6338541666666667 0.6055555555555555 0.6338541666666667 0.6185185185185185 0.6385416666666667 0.6212962962962963 0.64375 0.5944444444444444 0.6416666666666667 0.5694444444444444 0.6385416666666667 0.5666666666666667 0.6348958333333333 0.5685185185185185 0.6317708333333333 0.5796296296296296 0.6307291666666667 0.5935185185185186 0.6338541666666667 0.6055555555555555
5 0.4359375 0.5796296296296296 0.4395833333333333 0.575925925925926 0.4432291666666667 0.5398148148148149 0.4395833333333333 0.5342592592592592 0.4354166666666667 0.5361111111111111 0.43333333333333335 0.55 0.4317708333333333 0.575925925925926 0.4359375 0.5796296296296296
4 0.5395833333333333 0.6731481481481482 0.5390625 0.6814814814814815 0.5442708333333334 0.6842592592592592 0.546875 0.6768518518518518 0.5526041666666667 0.6851851851851852 0.5567708333333333 0.6861111111111111 0.5588541666666667 0.6814814814814815 0.5572916666666666 0.6638888888888889 0.559375 0.6537037037037037 0.5567708333333333 0.6462962962962963 0.5572916666666666 0.6259259259259259 0.5526041666666667 0.6259259259259259 0.5479166666666667 0.6361111111111111 0.5453125 0.6620370370370371 0.5395833333333333 0.6731481481481482
4 0.61875 0.6574074074074074 0.6213541666666667 0.6462962962962963 0.6197916666666666 0.6277777777777778 0.621875 0.6111111111111112 0.61875 0.6092592592592593 0.6151041666666667 0.6129629629629629 0.6098958333333333 0.6268518518518519 0.6098958333333333 0.6527777777777778 0.61875 0.6574074074074074
5 0.8078125 0.7018518518518518 0.8083333333333333 0.7166666666666667 0.8104166666666667 0.7194444444444444 0.8161458333333333 0.7138888888888889 0.8197916666666667 0.6814814814814815 0.8177083333333334 0.6694444444444444 0.8119791666666667 0.6564814814814814 0.8088541666666667 0.6583333333333333 0.8057291666666667 0.6703703703703704 0.8036458333333333 0.6861111111111111 0.8078125 0.7018518518518518
4 0.290625 0.6416666666666667 0.29583333333333334 0.6444444444444445 0.2984375 0.6407407407407407 0.30416666666666664 0.6092592592592593 0.3026041666666667 0.5879629629629629 0.2984375 0.5851851851851851 0.2916666666666667 0.6018518518518519 0.29375 0.6231481481481481 0.290625 0.6416666666666667
4 0.5526041666666667 0.5777777777777777 0.5552083333333333 0.575 0.5578125 0.5601851851851852 0.5567708333333333 0.5370370370370371 0.5526041666666667 0.5361111111111111 0.5494791666666666 0.5444444444444444 0.5447916666666667 0.5694444444444444 0.5526041666666667 0.5777777777777777
1 0.12916666666666668 0.6222222222222222 0.13489583333333333 0.6240740740740741 0.13802083333333334 0.6203703703703703 0.1375 0.6074074074074074 0.13958333333333334 0.5972222222222222 0.14322916666666666 0.5953703703703703 0.14375 0.5916666666666667 0.1390625 0.5805555555555556 0.13854166666666667 0.5675925925925925 0.13333333333333333 0.5675925925925925 0.13072916666666667 0.575 0.12864583333333332 0.5833333333333334 0.12916666666666668 0.6222222222222222
5 0.8947916666666667 0.6648148148148149 0.8958333333333334 0.6712962962962963 0.8989583333333333 0.6694444444444444 0.9015625 0.6620370370370371 0.90625 0.6620370370370371 0.9072916666666667 0.6694444444444444 0.9114583333333334 0.6694444444444444 0.9104166666666667 0.6611111111111111 0.9130208333333333 0.6537037037037037 0.9125 0.6476851851851851 0.9177083333333333 0.6305555555555555 0.9161458333333333 0.6055555555555555 0.9119791666666667 0.6027777777777777 0.9104166666666667 0.6222222222222222 0.9052083333333333 0.6166666666666667 0.9020833333333333 0.6212962962962963 0.9020833333333333 0.6435185185185185 0.8947916666666667 0.6648148148148149
3 0.9359375 0.575 0.9354166666666667 0.587037037037037 0.9395833333333333 0.5888888888888889 0.9442708333333333 0.5611111111111111 0.9432291666666667 0.5462962962962963 0.9473958333333333 0.5444444444444444 0.93125 0.5444444444444444 0.9302083333333333 0.562037037037037 0.9359375 0.575
5 0.7348958333333333 0.6527777777777778 0.7515625 0.6546296296296297 0.7557291666666667 0.6055555555555555 0.7479166666666667 0.5953703703703703 0.7395833333333334 0.6185185185185185 0.7390625 0.6351851851851852 0.7348958333333333 0.6527777777777778
5 0.4901041666666667 0.637962962962963 0.4901041666666667 0.6425925925925926 0.5015625 0.6481481481481481 0.5046875 0.6425925925925926 0.5078125 0.6046296296296296 0.5026041666666666 0.5898148148148148 0.4973958333333333 0.5990740740740741 0.4953125 0.6314814814814815 0.4901041666666667 0.637962962962963
0 0.7140625 0.6462962962962963 0.7166666666666667 0.6425925925925926 0.7145833333333333 0.6370370370370371 0.7088541666666667 0.6370370370370371 0.7088541666666667 0.6462962962962963 0.7140625 0.6462962962962963
4 0.5026041666666666 0.6222222222222222 0.50625 0.6194444444444445 0.5072916666666667 0.6027777777777777 0.5046875 0.5916666666666667 0.5010416666666667 0.5888888888888889 0.496875 0.5990740740740741 0.496875 0.6203703703703703 0.5026041666666666 0.6222222222222222
5 0.33541666666666664 0.6055555555555555 0.3411458333333333 0.6046296296296296 0.34322916666666664 0.6 0.34479166666666666 0.5805555555555556 0.3411458333333333 0.5564814814814815 0.3359375 0.5583333333333333 0.3302083333333333 0.5712962962962963 0.3307291666666667 0.5990740740740741 0.33541666666666664 0.6055555555555555
5 0.7572916666666667 0.5953703703703703 0.7583333333333333 0.6018518518518519 0.7645833333333333 0.5990740740740741 0.7682291666666666 0.6064814814814815 0.7723958333333333 0.6064814814814815 0.7802083333333333 0.5805555555555556 0.7770833333333333 0.5675925925925925 0.7713541666666667 0.5657407407407408 0.7635416666666667 0.5796296296296296 0.7614583333333333 0.5916666666666667 0.7572916666666667 0.5953703703703703
4 0.7666666666666667 0.5953703703703703 0.7713541666666667 0.6027777777777777 0.7807291666666667 0.5805555555555556 0.7791666666666667 0.5712962962962963 0.7807291666666667 0.5601851851851852 0.7760416666666666 0.5527777777777778 0.7734375 0.5537037037037037 0.7625 0.5861111111111111 0.7625 0.5944444444444444 0.7666666666666667 0.5953703703703703
3 0.4390625 0.5435185185185185 0.4427083333333333 0.5416666666666666 0.4427083333333333 0.5212962962962963 0.4390625 0.5185185185185185 0.43697916666666664 0.524074074074074 0.4359375 0.5370370370370371 0.4390625 0.5435185185185185
5 0.7515625 0.6268518518518519 0.7572916666666667 0.6027777777777777 0.7520833333333333 0.5842592592592593 0.7447916666666666 0.600925925925926 0.7458333333333333 0.6194444444444445 0.7515625 0.6268518518518519
5 0.9119791666666667 0.6398148148148148 0.9177083333333333 0.6333333333333333 0.91875 0.6185185185185185 0.9166666666666666 0.6037037037037037 0.9140625 0.6018518518518519 0.9114583333333334 0.6055555555555555 0.9098958333333333 0.6342592592592593 0.9119791666666667 0.6398148148148148
4 0.4 0.5768518518518518 0.403125 0.5768518518518518 0.4078125 0.55 0.40625 0.5370370370370371 0.403125 0.5342592592592592 0.3984375 0.5472222222222223 0.39739583333333334 0.5685185185185185 0.4 0.5768518518518518
4 0.2520833333333333 0.6444444444444445 0.25052083333333336 0.6527777777777778 0.2515625 0.6666666666666666 0.2635416666666667 0.6620370370370371 0.26145833333333335 0.6388888888888888 0.26458333333333334 0.6287037037037037 0.26197916666666665 0.6074074074074074 0.2598958333333333 0.6037037037037037 0.2557291666666667 0.6055555555555555 0.24947916666666667 0.6268518518518519 0.24947916666666667 0.637962962962963 0.2520833333333333 0.6444444444444445