4 0.853125 0.6537037037037037 0.8484375 0.6546296296296297 0.8447916666666667 0.6787037037037037 0.84375 0.700925925925926 0.8572916666666667 0.700925925925926 0.8567708333333334 0.6657407407407407 0.853125 0.6537037037037037
5 0.13177083333333334 0.7546296296296297 0.13385416666666666 0.7620370370370371 0.1359375 0.7592592592592593 0.1359375 0.7518518518518519 0.13072916666666667 0.7407407407407407 0.128125 0.7175925925925926 0.12291666666666666 0.700925925925926 0.11979166666666667 0.7046296296296296 0.11822916666666666 0.7287037037037037 0.11458333333333333 0.7462962962962963 0.11458333333333333 0.7611111111111111 0.11979166666666667 0.7592592592592593 0.12083333333333333 0.7472222222222222 0.13177083333333334 0.7546296296296297
4 0.74375 0.8268518518518518 0.7479166666666667 0.8111111111111111 0.7515625 0.7805555555555556 0.7510416666666667 0.775 0.7442708333333333 0.7620370370370371 0.7390625 0.7648148148148148 0.7369791666666666 0.7759259259259259 0.7369791666666666 0.8101851851851852 0.7401041666666667 0.8296296296296296 0.74375 0.8268518518518518
5 0.24114583333333334 0.6805555555555556 0.2359375 0.6657407407407407 0.23229166666666667 0.6694444444444444 0.23072916666666668 0.6916666666666667 0.23125 0.7037037037037037 0.24010416666666667 0.7175925925925926 0.24322916666666666 0.7157407407407408 0.24114583333333334 0.6805555555555556
5 0.6088541666666667 0.6699074074074074 0.6104166666666667 0.6620370370370371 0.6151041666666667 0.6546296296296297 0.6114583333333333 0.6462962962962963 0.603125 0.6462962962962963 0.6 0.6555555555555556 0.6020833333333333 0.6888888888888889 0.6067708333333334 0.6925925925925925 0.6114583333333333 0.6861111111111111 0.6088541666666667 0.6699074074074074
4 0.8869791666666667 0.7675925925925926 0.8921875 0.7657407407407407 0.89375 0.7583333333333333 0.8901041666666667 0.7453703703703703 0.8890625 0.7203703703703703 0.884375 0.7101851851851851 0.8802083333333334 0.7138888888888889 0.8765625 0.7324074074074074 0.8802083333333334 0.7712962962962963 0.8848958333333333 0.7722222222222223 0.8869791666666667 0.7675925925925926
3 0.4036458333333333 0.737037037037037 0.41041666666666665 0.7277777777777777 0.41302083333333334 0.7324074074074074 0.41302083333333334 0.7203703703703703 0.4088541666666667 0.7111111111111111 0.4119791666666667 0.6935185185185185 0.4114583333333333 0.6851851851851852 0.4041666666666667 0.6722222222222223 0.39947916666666666 0.6851851851851852 0.39895833333333336 0.6925925925925925 0.40208333333333335 0.7046296296296296 0.4 0.7361111111111112 0.4036458333333333 0.737037037037037
4 0.5703125 0.7018518518518518 0.5713541666666667 0.6796296296296296 0.5677083333333334 0.6657407407407407 0.5640625 0.6657407407407407 0.5619791666666667 0.6731481481481482 0.5609375 0.6944444444444444 0.5635416666666667 0.712037037037037 0.565625 0.7129629629629629 0.5703125 0.7018518518518518
5 0.75 0.7101851851851851 0.7510416666666667 0.6787037037037037 0.7479166666666667 0.6685185185185185 0.74375 0.6685185185185185 0.7416666666666667 0.675 0.7432291666666667 0.7203703703703703 0.7447916666666666 0.7240740740740741 0.7515625 0.7240740740740741 0.75 0.7101851851851851
5 0.646875 0.762962962962963 0.6427083333333333 0.75 0.6453125 0.7268518518518519 0.6390625 0.7101851851851851 0.6333333333333333 0.7166666666666667 0.63125 0.7361111111111112 0.6307291666666667 0.7685185185185185 0.64375 0.7703703703703704 0.6463541666666667 0.7675925925925926 0.646875 0.762962962962963
5 0.3229166666666667 0.7296296296296296 0.3234375 0.7231481481481481 0.31979166666666664 0.7185185185185186 0.3151041666666667 0.6833333333333333 0.3109375 0.6787037037037037 0.3072916666666667 0.6824074074074075 0.30885416666666665 0.7314814814814815 0.31145833333333334 0.7342592592592593 0.3171875 0.7287037037037037 0.3229166666666667 0.7296296296296296
4 0.19375 0.9268518518518518 0.19895833333333332 0.9194444444444444 0.19739583333333333 0.9120370370370371 0.20208333333333334 0.9037037037037037 0.21666666666666667 0.9166666666666666 0.21927083333333333 0.9157407407407407 0.2203125 0.9111111111111111 0.209375 0.8972222222222223 0.20833333333333334 0.8898148148148148 0.20989583333333334 0.8824074074074074 0.21614583333333334 0.8851851851851852 0.22083333333333333 0.8824074074074074 0.22135416666666666 0.875 0.2171875 0.8648148148148148 0.21666666666666667 0.8555555555555555 0.22604166666666667 0.8351851851851851 0.23020833333333332 0.8333333333333334 0.20885416666666667 0.8111111111111111 0.20364583333333333 0.8342592592592593 0.196875 0.8462962962962963 0.19583333333333333 0.8611111111111112 0.18854166666666666 0.8962962962962963 0.19010416666666666 0.9101851851851852 0.1875 0.925 0.1890625 0.9277777777777778 0.19375 0.9268518518518518
4 0.396875 0.6620370370370371 0.39479166666666665 0.6537037037037037 0.3953125 0.6407407407407407 0.3921875 0.6305555555555555 0.38697916666666665 0.6333333333333333 0.3859375 0.6546296296296297 0.3875 0.6731481481481482 0.3927083333333333 0.6759259259259259 0.396875 0.6620370370370371
4 0.2635416666666667 0.7685185185185185 0.2625 0.7601851851851852 0.25677083333333334 0.7490740740740741 0.25416666666666665 0.7240740740740741 0.2484375 0.7166666666666667 0.24635416666666668 0.7166666666666667 0.24583333333333332 0.7231481481481481 0.24635416666666668 0.775 0.2520833333333333 0.7759259259259259 0.2546875 0.7712962962962963 0.2635416666666667 0.7685185185185185
5 0.16458333333333333 0.8518518518518519 0.16875 0.850925925925926 0.184375 0.8703703703703703 0.18645833333333334 0.8694444444444445 0.18489583333333334 0.8611111111111112 0.1765625 0.8462962962962963 0.1734375 0.8296296296296296 0.1671875 0.8157407407407408 0.16302083333333334 0.8166666666666667 0.15729166666666666 0.8314814814814815 0.15729166666666666 0.8731481481481481 0.16197916666666667 0.8731481481481481 0.1625 0.8564814814814815 0.16458333333333333 0.8518518518518519
4 0.6145833333333334 0.6574074074074074 0.6125 0.6231481481481481 0.6072916666666667 0.6175925925925926 0.6026041666666667 0.6222222222222222 0.6010416666666667 0.6296296296296297 0.6015625 0.6537037037037037 0.6067708333333334 0.6583333333333333 0.6145833333333334 0.6574074074074074
4 0.28177083333333336 0.6962962962962963 0.275 0.6601851851851852 0.2708333333333333 0.6555555555555556 0.2682291666666667 0.6620370370370371 0.26875 0.7083333333333334 0.27291666666666664 0.7111111111111111 0.28072916666666664 0.7018518518518518 0.28177083333333336 0.6962962962962963
3 0.6072916666666667 0.5953703703703703 0.603125 0.5925925925925926 0.6015625 0.5990740740740741 0.6020833333333333 0.6185185185185185 0.6083333333333333 0.6185185185185185 0.6098958333333333 0.6111111111111112 0.6072916666666667 0.5953703703703703
5 0.2791666666666667 0.7925925925925926 0.2828125 0.7907407407407407 0.2838541666666667 0.7777777777777778 0.29270833333333335 0.7787037037037037 0.29322916666666665 0.7712962962962963 0.284375 0.7601851851851852 0.28489583333333335 0.7435185185185185 0.2828125 0.7287037037037037 0.2796875 0.7240740740740741 0.278125 0.7268518518518519 0.2765625 0.7435185185185185 0.27395833333333336 0.7481481481481481 0.2760416666666667 0.7907407407407407 0.2791666666666667 0.7925925925925926
3 0.3390625 0.6092592592592593 0.3385416666666667 0.5990740740740741 0.340625 0.5953703703703703 0.3380208333333333 0.5898148148148148 0.32916666666666666 0.5935185185185186 0.3255208333333333 0.6092592592592593 0.325 0.6157407407407407 0.328125 0.6268518518518519 0.33541666666666664 0.6259259259259259 0.3390625 0.6092592592592593
5 0.31354166666666666 0.6814814814814815 0.3098958333333333 0.6694444444444444 0.3104166666666667 0.65 0.30625 0.6407407407407407 0.3020833333333333 0.6435185185185185 0.2994791666666667 0.6537037037037037 0.3020833333333333 0.6731481481481482 0.30625 0.6824074074074075 0.31354166666666666 0.6814814814814815
4 0.20416666666666666 0.8740740740740741 0.2109375 0.8777777777777778 0.21302083333333333 0.8842592592592593 0.2203125 0.8842592592592593 0.221875 0.8768518518518519 0.21770833333333334 0.8629629629629629 0.21979166666666666 0.837037037037037 0.228125 0.8361111111111111 0.23020833333333332 0.8324074074074074 0.209375 0.8101851851851852 0.20625 0.8138888888888889 0.203125 0.8324074074074074 0.1984375 0.8416666666666667 0.2015625 0.8685185185185185 0.20416666666666666 0.8740740740740741
5 0.2635416666666667 0.8166666666666667 0.2630208333333333 0.8648148148148148 0.2682291666666667 0.8657407407407407 0.27291666666666664 0.8564814814814815 0.271875 0.8416666666666667 0.27395833333333336 0.8305555555555556 0.278125 0.8231481481481482 0.27760416666666665 0.8092592592592592 0.2708333333333333 0.7935185185185185 0.2671875 0.7925925925925926 0.26119791666666664 0.799074074074074 0.25052083333333336 0.7972222222222223 0.24895833333333334 0.7981481481481482 0.25052083333333336 0.8027777777777778 0.2604166666666667 0.8055555555555556 0.2635416666666667 0.8166666666666667