4 0.35208333333333336 0.7083333333333334 0.3572916666666667 0.7101851851851851 0.36354166666666665 0.6972222222222222 0.35833333333333334 0.6805555555555556 0.3625 0.6527777777777778 0.3536458333333333 0.6342592592592593 0.3489583333333333 0.6370370370370371 0.3458333333333333 0.6564814814814814 0.3489583333333333 0.6694444444444444 0.34791666666666665 0.6851851851851852 0.35208333333333336 0.7083333333333334
5 0.28802083333333334 0.6712962962962963 0.29375 0.6731481481481482 0.2947916666666667 0.6685185185185185 0.29010416666666666 0.65 0.28802083333333334 0.612037037037037 0.2828125 0.6 0.278125 0.6018518518518519 0.2796875 0.6129629629629629 0.27239583333333334 0.6731481481481482 0.27447916666666666 0.6759259259259259 0.28802083333333334 0.6712962962962963
5 0.18385416666666668 0.6138888888888889 0.20052083333333334 0.612037037037037 0.2015625 0.6064814814814815 0.196875 0.5907407407407408 0.19739583333333333 0.5666666666666667 0.19322916666666667 0.5509259259259259 0.1890625 0.5518518518518518 0.1859375 0.5787037037037037 0.18802083333333333 0.5861111111111111 0.1859375 0.6046296296296296 0.1828125 0.6111111111111112 0.18385416666666668 0.6138888888888889
5 0.09947916666666666 0.6435185185185185 0.11145833333333334 0.6555555555555556 0.11354166666666667 0.65 0.10729166666666666 0.637962962962963 0.09947916666666666 0.5898148148148148 0.09479166666666666 0.5907407407407408 0.09479166666666666 0.612037037037037 0.09270833333333334 0.6185185185185185 0.09427083333333333 0.6324074074074074 0.09114583333333333 0.6564814814814814 0.09635416666666667 0.6574074074074074 0.09947916666666666 0.6435185185185185
3 0.2953125 0.6027777777777777 0.2989583333333333 0.6037037037037037 0.3026041666666667 0.5935185185185186 0.3046875 0.5444444444444444 0.3 0.5351851851851852 0.29583333333333334 0.5361111111111111 0.29375 0.5444444444444444 0.290625 0.5675925925925925 0.29270833333333335 0.5712962962962963 0.2916666666666667 0.575925925925926 0.2953125 0.6027777777777777
5 0.6364583333333333 0.6268518518518519 0.6385416666666667 0.6231481481481481 0.6375 0.600925925925926 0.6395833333333333 0.5722222222222222 0.6354166666666666 0.5592592592592592 0.6302083333333334 0.5555555555555556 0.6265625 0.5731481481481482 0.6276041666666666 0.6185185185185185 0.6260416666666667 0.6231481481481481 0.6291666666666667 0.6268518518518519 0.6364583333333333 0.6268518518518519
5 0.027604166666666666 0.6305555555555555 0.026041666666666668 0.6231481481481481 0.027604166666666666 0.6148148148148148 0.0421875 0.6287037037037037 0.043229166666666666 0.6194444444444445 0.034375 0.6064814814814815 0.027083333333333334 0.5685185185185185 0.023958333333333335 0.5666666666666667 0.021875 0.5712962962962963 0.0203125 0.6157407407407407 0.022395833333333334 0.6296296296296297 0.025 0.6333333333333333 0.027604166666666666 0.6305555555555555
4 0.6036458333333333 0.7129629629629629 0.6072916666666667 0.7129629629629629 0.6104166666666667 0.7055555555555556 0.6109375 0.6537037037037037 0.603125 0.6361111111111111 0.5989583333333334 0.6342592592592593 0.5973958333333333 0.6370370370370371 0.5963541666666666 0.6712962962962963 0.6015625 0.6916666666666667 0.6020833333333333 0.7092592592592593 0.6036458333333333 0.7129629629629629
1 0.7671875 0.587037037037037 0.7677083333333333 0.5805555555555556 0.7630208333333334 0.5731481481481482 0.7619791666666667 0.5370370370370371 0.7588541666666667 0.5287037037037037 0.7541666666666667 0.5287037037037037 0.753125 0.5731481481481482 0.75 0.5879629629629629 0.7640625 0.5898148148148148 0.7671875 0.587037037037037
4 0.4588541666666667 0.637962962962963 0.46197916666666666 0.6324074074074074 0.4609375 0.6148148148148148 0.465625 0.6064814814814815 0.465625 0.5907407407407408 0.4583333333333333 0.5703703703703704 0.45416666666666666 0.5703703703703704 0.45 0.5833333333333334 0.44895833333333335 0.600925925925926 0.45364583333333336 0.6148148148148148 0.45260416666666664 0.6342592592592593 0.4588541666666667 0.637962962962963
4 0.8317708333333333 0.6398148148148148 0.8317708333333333 0.6166666666666667 0.8354166666666667 0.6055555555555555 0.8348958333333333 0.5916666666666667 0.8291666666666667 0.5722222222222222 0.8260416666666667 0.5694444444444444 0.8203125 0.5861111111111111 0.8192708333333333 0.5925925925925926 0.8244791666666667 0.637962962962963 0.8302083333333333 0.6435185185185185 0.8317708333333333 0.6398148148148148
4 0.37864583333333335 0.5638888888888889 0.378125 0.5222222222222223 0.37447916666666664 0.5138888888888888 0.3703125 0.5138888888888888 0.3692708333333333 0.55 0.3723958333333333 0.5685185185185185 0.3765625 0.5694444444444444 0.37864583333333335 0.5638888888888889
5 0.49375 0.5675925925925925 0.4947916666666667 0.562037037037037 0.4942708333333333 0.5324074074074074 0.4901041666666667 0.5166666666666667 0.4864583333333333 0.5166666666666667 0.484375 0.5222222222222223 0.48385416666666664 0.5666666666666667 0.48541666666666666 0.5703703703703704 0.4890625 0.5703703703703704 0.49375 0.5675925925925925
4 0.6869791666666667 0.5731481481481482 0.6859375 0.5472222222222223 0.6885416666666667 0.5305555555555556 0.6854166666666667 0.5194444444444445 0.6822916666666666 0.5175925925925926 0.6755208333333333 0.5259259259259259 0.6739583333333333 0.5361111111111111 0.678125 0.5740740740740741 0.6854166666666667 0.5777777777777777 0.6869791666666667 0.5731481481481482
4 0.49583333333333335 0.5833333333333334 0.4979166666666667 0.587037037037037 0.5067708333333333 0.5796296296296296 0.5098958333333333 0.5833333333333334 0.5109375 0.5796296296296296 0.5067708333333333 0.5370370370370371 0.5026041666666666 0.5287037037037037 0.49895833333333334 0.5324074074074074 0.4979166666666667 0.5555555555555556 0.4942708333333333 0.562962962962963 0.496875 0.5796296296296296 0.49583333333333335 0.5833333333333334
0 0.7234375 0.5833333333333334 0.7151041666666667 0.5814814814814815 0.7140625 0.5861111111111111 0.7177083333333333 0.5898148148148148 0.7208333333333333 0.5898148148148148 0.7234375 0.5833333333333334