4 0.6083333333333333 0.7398148148148148 0.6083333333333333 0.7157407407407408 0.6036458333333333 0.6925925925925925 0.5994791666666667 0.6925925925925925 0.5973958333333333 0.7148148148148148 0.5979166666666667 0.7398148148148148 0.6083333333333333 0.7398148148148148
4 0.4036458333333333 0.7916666666666666 0.4083333333333333 0.7925925925925926 0.41041666666666665 0.7861111111111111 0.4109375 0.7435185185185185 0.4078125 0.7324074074074074 0.4041666666666667 0.7296296296296296 0.39947916666666666 0.7453703703703703 0.4 0.7787037037037037 0.4036458333333333 0.7916666666666666
4 0.24114583333333334 0.7611111111111111 0.24166666666666667 0.7777777777777778 0.24739583333333334 0.7814814814814814 0.25052083333333336 0.7731481481481481 0.2520833333333333 0.7342592592592593 0.24791666666666667 0.7231481481481481 0.24375 0.7222222222222222 0.2390625 0.7379629629629629 0.23854166666666668 0.7518518518518519 0.24114583333333334 0.7611111111111111
5 0.7276041666666667 0.7240740740740741 0.7322916666666667 0.7268518518518519 0.7307291666666667 0.6888888888888889 0.7244791666666667 0.6787037037037037 0.7213541666666666 0.687037037037037 0.7203125 0.6972222222222222 0.7276041666666667 0.7240740740740741
3 0.4953125 0.7083333333333334 0.5005208333333333 0.7092592592592593 0.5041666666666667 0.6694444444444444 0.5015625 0.6611111111111111 0.4979166666666667 0.6620370370370371 0.4953125 0.6694444444444444 0.496875 0.6907407407407408 0.4953125 0.7083333333333334
4 0.7302083333333333 0.662962962962963 0.7322916666666667 0.6685185185185185 0.7442708333333333 0.6611111111111111 0.74375 0.6305555555555555 0.7401041666666667 0.6277777777777778 0.7369791666666666 0.6305555555555555 0.7333333333333333 0.6574074074074074 0.7302083333333333 0.662962962962963
5 0.43854166666666666 0.7203703703703703 0.4432291666666667 0.7240740740740741 0.44583333333333336 0.6851851851851852 0.44375 0.6777777777777778 0.4375 0.6824074074074075 0.4354166666666667 0.6953703703703704 0.43854166666666666 0.7203703703703703
4 0.3541666666666667 0.6953703703703704 0.3567708333333333 0.7092592592592593 0.3609375 0.7111111111111111 0.3645833333333333 0.7046296296296296 0.3671875 0.6842592592592592 0.3651041666666667 0.6638888888888889 0.3619791666666667 0.6601851851851852 0.3578125 0.6620370370370371 0.3536458333333333 0.6694444444444444 0.3541666666666667 0.6953703703703704
4 0.8140625 0.737037037037037 0.8145833333333333 0.7527777777777778 0.81875 0.7583333333333333 0.8213541666666667 0.7555555555555555 0.825 0.7157407407407408 0.8182291666666667 0.7027777777777777 0.8125 0.7129629629629629 0.8104166666666667 0.7240740740740741 0.8140625 0.737037037037037
3 0.478125 0.6018518518518519 0.47760416666666666 0.612037037037037 0.4859375 0.6129629629629629 0.48541666666666666 0.5925925925925926 0.4817708333333333 0.5888888888888889 0.47604166666666664 0.5935185185185186 0.475 0.5953703703703703 0.478125 0.6018518518518519
5 0.58125 0.7203703703703703 0.584375 0.7092592592592593 0.5848958333333333 0.6851851851851852 0.58125 0.6759259259259259 0.5786458333333333 0.6759259259259259 0.5760416666666667 0.6814814814814815 0.5770833333333333 0.712037037037037 0.58125 0.7203703703703703
5 0.521875 0.6777777777777778 0.5260416666666666 0.6583333333333333 0.5260416666666666 0.6462962962962963 0.525 0.6416666666666667 0.5208333333333334 0.6398148148148148 0.5166666666666667 0.6472222222222223 0.5171875 0.6731481481481482 0.521875 0.6777777777777778
3 0.7244791666666667 0.6259259259259259 0.7276041666666667 0.6287037037037037 0.734375 0.6268518518518519 0.7328125 0.6 0.7265625 0.5962962962962963 0.7234375 0.6037037037037037 0.7255208333333333 0.6148148148148148 0.7244791666666667 0.6259259259259259
4 0.6697916666666667 0.6898148148148148 0.6734375 0.6851851851851852 0.6729166666666667 0.6537037037037037 0.6677083333333333 0.6481481481481481 0.6640625 0.65 0.6625 0.6564814814814814 0.6625 0.6712962962962963 0.6697916666666667 0.6898148148148148
3 0.8296875 0.8805555555555555 0.8385416666666666 0.8833333333333333 0.8416666666666667 0.8888888888888888 0.8447916666666667 0.8777777777777778 0.8536458333333333 0.8759259259259259 0.8552083333333333 0.8444444444444444 0.8489583333333334 0.8268518518518518 0.8453125 0.8268518518518518 0.8395833333333333 0.8416666666666667 0.8369791666666667 0.8666666666666667 0.8296875 0.8805555555555555
5 0.5369791666666667 0.6481481481481481 0.5411458333333333 0.6435185185185185 0.5432291666666667 0.6222222222222222 0.540625 0.6166666666666667 0.5348958333333333 0.6212962962962963 0.534375 0.6425925925925926 0.5369791666666667 0.6481481481481481
5 0.6625 0.6777777777777778 0.6651041666666667 0.6537037037037037 0.6619791666666667 0.6453703703703704 0.6578125 0.6453703703703704 0.65625 0.649074074074074 0.6578125 0.6731481481481482 0.6625 0.6777777777777778
2 0.17916666666666667 0.6620370370370371 0.18177083333333333 0.6675925925925926 0.1875 0.6611111111111111 0.18854166666666666 0.6351851851851852 0.18541666666666667 0.625 0.18020833333333333 0.6314814814814815 0.17864583333333334 0.6370370370370371 0.17916666666666667 0.6620370370370371
5 0.32135416666666666 0.7287037037037037 0.3265625 0.7287037037037037 0.32864583333333336 0.6814814814814815 0.3260416666666667 0.6777777777777778 0.32083333333333336 0.6851851851851852 0.3203125 0.700925925925926 0.31979166666666664 0.7240740740740741 0.32135416666666666 0.7287037037037037
4 0.4473958333333333 0.6768518518518518 0.4510416666666667 0.6731481481481482 0.45260416666666664 0.6453703703703704 0.4484375 0.6361111111111111 0.4432291666666667 0.6370370370370371 0.4421875 0.6425925925925926 0.4427083333333333 0.674074074074074 0.4473958333333333 0.6768518518518518
5 0.4166666666666667 0.6712962962962963 0.42291666666666666 0.6712962962962963 0.4203125 0.6305555555555555 0.4161458333333333 0.6314814814814815 0.41458333333333336 0.637962962962963 0.41302083333333334 0.6666666666666666 0.4166666666666667 0.6712962962962963
4 0.446875 0.6472222222222223 0.4505208333333333 0.6425925925925926 0.44947916666666665 0.6175925925925926 0.44583333333333336 0.6157407407407407 0.4421875 0.6231481481481481 0.44166666666666665 0.6407407407407407 0.446875 0.6472222222222223
5 0.4510416666666667 0.649074074074074 0.45260416666666664 0.6435185185185185 0.4515625 0.6148148148148148 0.446875 0.6157407407407407 0.44375 0.6212962962962963 0.44479166666666664 0.65 0.4510416666666667 0.649074074074074
0 0.7338541666666667 0.6685185185185185 0.7359375 0.6611111111111111 0.73125 0.6611111111111111 0.7302083333333333 0.6666666666666666 0.7338541666666667 0.6685185185185185
4 0.5786458333333333 0.6231481481481481 0.5802083333333333 0.5981481481481481 0.5765625 0.5916666666666667 0.5729166666666666 0.5972222222222222 0.5729166666666666 0.6185185185185185 0.5786458333333333 0.6231481481481481
5 0.3609375 0.6981481481481482 0.3651041666666667 0.6962962962962963 0.3671875 0.6861111111111111 0.3671875 0.6601851851851852 0.3651041666666667 0.6518518518518519 0.3578125 0.662962962962963 0.3567708333333333 0.6712962962962963 0.35625 0.6898148148148148 0.3609375 0.6981481481481482