5 0.3651041666666667 0.6305555555555555 0.36875 0.6231481481481481 0.36614583333333334 0.6111111111111112 0.3692708333333333 0.5990740740740741 0.3671875 0.5777777777777777 0.3614583333333333 0.5638888888888889 0.35625 0.575925925925926 0.3546875 0.5962962962962963 0.359375 0.6259259259259259 0.3609375 0.6314814814814815 0.3651041666666667 0.6305555555555555
4 0.5036458333333333 0.5861111111111111 0.5057291666666667 0.5805555555555556 0.5010416666666667 0.5601851851851852 0.4979166666666667 0.5564814814814815 0.49583333333333335 0.5601851851851852 0.4901041666666667 0.5712962962962963 0.49375 0.6185185185185185 0.5020833333333333 0.6148148148148148 0.5036458333333333 0.5861111111111111
4 0.7791666666666667 0.6240740740740741 0.7822916666666667 0.6148148148148148 0.7807291666666667 0.575 0.7755208333333333 0.5648148148148148 0.7692708333333333 0.5648148148148148 0.7713541666666667 0.5787037037037037 0.7703125 0.5925925925925926 0.7744791666666667 0.6185185185185185 0.7791666666666667 0.6240740740740741
4 0.584375 0.5675925925925925 0.5875 0.5648148148148148 0.5895833333333333 0.5268518518518519 0.5859375 0.5157407407407407 0.5796875 0.5148148148148148 0.5770833333333333 0.5212962962962963 0.5770833333333333 0.5296296296296297 0.5807291666666666 0.5648148148148148 0.584375 0.5675925925925925
5 0.10364583333333334 0.6935185185185185 0.10364583333333334 0.6685185185185185 0.10625 0.6555555555555556 0.10885416666666667 0.6537037037037037 0.10520833333333333 0.6212962962962963 0.1 0.6194444444444445 0.09375 0.6342592592592593 0.09583333333333334 0.6657407407407407 0.09375 0.6888888888888889 0.09583333333333334 0.6925925925925925 0.10364583333333334 0.6935185185185185
3 0.35572916666666665 0.5009259259259259 0.353125 0.4898148148148148 0.35 0.4861111111111111 0.3453125 0.5074074074074074 0.3484375 0.537962962962963 0.35625 0.5370370370370371 0.3536458333333333 0.5268518518518519 0.35572916666666665 0.5009259259259259
5 0.029166666666666667 0.6324074074074074 0.027604166666666666 0.575 0.025520833333333333 0.5722222222222222 0.021875 0.5740740740740741 0.019791666666666666 0.5861111111111111 0.0203125 0.637962962962963 0.029166666666666667 0.6407407407407407 0.03125 0.637962962962963 0.029166666666666667 0.6324074074074074
4 0.7911458333333333 0.6842592592592592 0.7942708333333334 0.6824074074074075 0.7979166666666667 0.6731481481481482 0.7958333333333333 0.6657407407407407 0.7979166666666667 0.6472222222222223 0.7973958333333333 0.6268518518518519 0.7927083333333333 0.6101851851851852 0.7875 0.6111111111111112 0.7869791666666667 0.6592592592592592 0.790625 0.6694444444444444 0.7880208333333333 0.6814814814814815 0.7911458333333333 0.6842592592592592
5 0.25416666666666665 0.5953703703703703 0.2546875 0.5638888888888889 0.2515625 0.5425925925925926 0.24739583333333334 0.5388888888888889 0.24375 0.5462962962962963 0.23958333333333334 0.5407407407407407 0.23541666666666666 0.5583333333333333 0.23541666666666666 0.5953703703703703 0.24427083333333333 0.5972222222222222 0.24635416666666668 0.5916666666666667 0.25416666666666665 0.5953703703703703
3 0.4640625 0.6851851851851852 0.4708333333333333 0.674074074074074 0.4671875 0.6574074074074074 0.4666666666666667 0.6435185185185185 0.459375 0.6259259259259259 0.4552083333333333 0.6296296296296297 0.45260416666666664 0.6416666666666667 0.4505208333333333 0.6592592592592592 0.45625 0.674074074074074 0.45677083333333335 0.6824074074074075 0.4640625 0.6851851851851852
4 0.6895833333333333 0.6175925925925926 0.6854166666666667 0.5981481481481481 0.68125 0.5981481481481481 0.6796875 0.6148148148148148 0.6776041666666667 0.6185185185185185 0.6796875 0.6314814814814815 0.675 0.6620370370370371 0.6854166666666667 0.6648148148148149 0.6895833333333333 0.6175925925925926
4 0.56875 0.7907407407407407 0.5734375 0.7870370370370371 0.5744791666666667 0.7805555555555556 0.575 0.7231481481481481 0.5682291666666667 0.6990740740740741 0.5640625 0.7 0.5583333333333333 0.7231481481481481 0.5588541666666667 0.7592592592592593 0.5630208333333333 0.7768518518518519 0.5619791666666667 0.7898148148148149 0.56875 0.7907407407407407
5 0.22447916666666667 0.6814814814814815 0.2265625 0.6564814814814814 0.23020833333333332 0.6462962962962963 0.2296875 0.6268518518518519 0.2265625 0.6111111111111112 0.22447916666666667 0.6083333333333333 0.221875 0.6101851851851852 0.215625 0.6277777777777778 0.2140625 0.6425925925925926 0.2203125 0.6703703703703704 0.2203125 0.6787037037037037 0.22447916666666667 0.6814814814814815
3 0.1203125 0.5009259259259259 0.115625 0.49074074074074076 0.11145833333333334 0.4981481481481482 0.109375 0.5333333333333333 0.1109375 0.5370370370370371 0.11927083333333334 0.5370370370370371 0.1203125 0.5009259259259259
4 0.45364583333333336 0.5212962962962963 0.4505208333333333 0.5203703703703704 0.44583333333333336 0.5407407407407407 0.44479166666666664 0.549074074074074 0.4546875 0.5601851851851852 0.4583333333333333 0.5398148148148149 0.45364583333333336 0.5212962962962963
5 0.21041666666666667 0.6148148148148148 0.20989583333333334 0.5851851851851851 0.21197916666666666 0.5796296296296296 0.2109375 0.5601851851851852 0.20677083333333332 0.5564814814814815 0.20052083333333334 0.5694444444444444 0.2015625 0.6111111111111112 0.20416666666666666 0.6157407407407407 0.20885416666666667 0.6166666666666667 0.21041666666666667 0.6148148148148148
0 0.4546875 0.65 0.4473958333333333 0.6518518518518519 0.4453125 0.6583333333333333 0.4510416666666667 0.6666666666666666 0.4546875 0.6666666666666666 0.4546875 0.65
4 0.45208333333333334 0.6037037037037037 0.45416666666666666 0.5990740740740741 0.453125 0.5833333333333334 0.4557291666666667 0.575925925925926 0.4552083333333333 0.5555555555555556 0.4473958333333333 0.5462962962962963 0.44375 0.55 0.4421875 0.5555555555555556 0.4432291666666667 0.5953703703703703 0.446875 0.6018518518518519 0.45208333333333334 0.6037037037037037
4 0.446875 0.6481481481481481 0.44895833333333335 0.6055555555555555 0.4427083333333333 0.5944444444444444 0.4390625 0.6 0.43697916666666664 0.6101851851851852 0.43385416666666665 0.6574074074074074 0.4375 0.6611111111111111 0.4484375 0.6583333333333333 0.446875 0.6481481481481481
4 0.45677083333333335 0.737037037037037 0.4588541666666667 0.7398148148148148 0.4635416666666667 0.725925925925926 0.46875 0.7361111111111112 0.47291666666666665 0.7361111111111112 0.46979166666666666 0.6805555555555556 0.475 0.6694444444444444 0.4786458333333333 0.6509259259259259 0.475 0.6509259259259259 0.4734375 0.6620370370370371 0.4661458333333333 0.6620370370370371 0.4661458333333333 0.6574074074074074 0.4505208333333333 0.6527777777777778 0.4510416666666667 0.6657407407407407 0.45625 0.6768518518518518 0.4578125 0.700925925925926 0.45677083333333335 0.737037037037037
5 0.22447916666666667 0.612037037037037 0.2265625 0.6083333333333333 0.22916666666666666 0.5796296296296296 0.22916666666666666 0.5601851851851852 0.2234375 0.55 0.21875 0.5611111111111111 0.21875 0.5879629629629629 0.221875 0.6037037037037037 0.22135416666666666 0.6111111111111112 0.22447916666666667 0.612037037037037