4 0.196875 0.7398148148148148 0.19583333333333333 0.7101851851851851 0.19895833333333332 0.6768518518518518 0.19479166666666667 0.6759259259259259 0.18854166666666666 0.6861111111111111 0.18229166666666666 0.7129629629629629 0.175 0.7157407407407408 0.1734375 0.7240740740740741 0.18697916666666667 0.725 0.190625 0.7398148148148148 0.196875 0.7398148148148148
4 0.6890625 0.7907407407407407 0.69375 0.774074074074074 0.6984375 0.7796296296296297 0.7015625 0.7944444444444444 0.70625 0.787962962962963 0.7010416666666667 0.7611111111111111 0.7020833333333333 0.7314814814814815 0.6973958333333333 0.7157407407407408 0.6932291666666667 0.7157407407407408 0.6927083333333334 0.7185185185185186 0.6916666666666667 0.7435185185185185 0.68125 0.7870370370370371 0.6848958333333334 0.7916666666666666 0.6890625 0.7907407407407407
5 0.5489583333333333 0.6101851851851852 0.5458333333333333 0.5916666666666667 0.5390625 0.5962962962962963 0.5333333333333333 0.6296296296296297 0.5328125 0.637962962962963 0.5359375 0.6416666666666667 0.5473958333333333 0.6305555555555555 0.5489583333333333 0.6101851851851852
5 0.5489583333333333 0.637962962962963 0.5510416666666667 0.6166666666666667 0.5541666666666667 0.6138888888888889 0.5541666666666667 0.6101851851851852 0.5489583333333333 0.5907407407407408 0.5447916666666667 0.5925925925925926 0.5432291666666667 0.5972222222222222 0.5421875 0.6324074074074074 0.5442708333333334 0.6407407407407407 0.546875 0.6416666666666667 0.5489583333333333 0.637962962962963
5 0.665625 0.5916666666666667 0.6619791666666667 0.5842592592592593 0.6552083333333333 0.5962962962962963 0.6572916666666667 0.6425925925925926 0.6625 0.6444444444444445 0.6651041666666667 0.6425925925925926 0.665625 0.5916666666666667
5 0.6671875 0.5972222222222222 0.6619791666666667 0.5814814814814815 0.6588541666666666 0.5833333333333334 0.6536458333333334 0.5962962962962963 0.653125 0.6018518518518519 0.6578125 0.6083333333333333 0.665625 0.6037037037037037 0.6671875 0.5972222222222222
5 0.678125 0.6074074074074074 0.6739583333333333 0.5925925925925926 0.6682291666666667 0.6027777777777777 0.6692708333333334 0.6425925925925926 0.6739583333333333 0.65 0.678125 0.6435185185185185 0.678125 0.6074074074074074
5 0.6765625 0.6185185185185185 0.6760416666666667 0.6018518518518519 0.6734375 0.5916666666666667 0.66875 0.5916666666666667 0.6671875 0.5981481481481481 0.665625 0.6064814814814815 0.6666666666666666 0.6416666666666667 0.6734375 0.6472222222222223 0.6765625 0.6185185185185185
4 0.7234375 0.674074074074074 0.7255208333333333 0.6259259259259259 0.7203125 0.6212962962962963 0.7145833333333333 0.6351851851851852 0.7135416666666666 0.6592592592592592 0.7171875 0.687962962962963 0.7208333333333333 0.6907407407407408 0.7234375 0.674074074074074
5 0.6890625 0.6768518518518518 0.690625 0.6731481481481482 0.6875 0.6666666666666666 0.6854166666666667 0.6351851851851852 0.68125 0.6342592592592593 0.6765625 0.6388888888888888 0.6760416666666667 0.6768518518518518 0.6776041666666667 0.687037037037037 0.6854166666666667 0.6722222222222223 0.6890625 0.6768518518518518
5 0.5098958333333333 0.6416666666666667 0.5135416666666667 0.6222222222222222 0.509375 0.6083333333333333 0.5057291666666667 0.6101851851851852 0.5020833333333333 0.6212962962962963 0.5015625 0.6546296296296297 0.5078125 0.6583333333333333 0.509375 0.6574074074074074 0.5098958333333333 0.6416666666666667
4 0.7401041666666667 0.6407407407407407 0.7432291666666667 0.6342592592592593 0.7463541666666667 0.5990740740740741 0.7401041666666667 0.5861111111111111 0.7369791666666666 0.5898148148148148 0.7354166666666667 0.5953703703703703 0.7359375 0.6194444444444445 0.7369791666666666 0.6351851851851852 0.7401041666666667 0.6407407407407407
5 0.7322916666666667 0.6388888888888888 0.7348958333333333 0.6342592592592593 0.7364583333333333 0.6222222222222222 0.7354166666666667 0.5907407407407408 0.7317708333333334 0.587037037037037 0.728125 0.5953703703703703 0.7265625 0.6027777777777777 0.7270833333333333 0.6342592592592593 0.728125 0.637962962962963 0.7322916666666667 0.6388888888888888
3 0.70625 0.6935185185185185 0.7145833333333333 0.6472222222222223 0.7104166666666667 0.6333333333333333 0.7052083333333333 0.6287037037037037 0.7036458333333333 0.6305555555555555 0.7026041666666667 0.6611111111111111 0.6994791666666667 0.6768518518518518 0.7036458333333333 0.6916666666666667 0.70625 0.6935185185185185
3 0.7770833333333333 0.5685185185185185 0.7791666666666667 0.5666666666666667 0.7833333333333333 0.5472222222222223 0.7822916666666667 0.5333333333333333 0.784375 0.5287037037037037 0.7828125 0.5259259259259259 0.7713541666666667 0.5277777777777778 0.7739583333333333 0.5388888888888889 0.7713541666666667 0.5611111111111111 0.7739583333333333 0.5675925925925925 0.7770833333333333 0.5685185185185185
5 0.7244791666666667 0.6518518518518519 0.7302083333333333 0.6259259259259259 0.7255208333333333 0.6185185185185185 0.7234375 0.6074074074074074 0.7192708333333333 0.6064814814814815 0.7166666666666667 0.6342592592592593 0.7192708333333333 0.637962962962963 0.7213541666666666 0.65 0.7244791666666667 0.6518518518518519
4 0.6885416666666667 0.6037037037037037 0.6854166666666667 0.5925925925925926 0.6822916666666666 0.5935185185185186 0.6776041666666667 0.6037037037037037 0.6776041666666667 0.6425925925925926 0.68125 0.6462962962962963 0.6859375 0.6416666666666667 0.6885416666666667 0.6037037037037037
2 0.5276041666666667 0.6287037037037037 0.5307291666666667 0.6083333333333333 0.5307291666666667 0.5851851851851851 0.5276041666666667 0.5768518518518518 0.5197916666666667 0.5861111111111111 0.5203125 0.6268518518518519 0.5213541666666667 0.6305555555555555 0.5255208333333333 0.6314814814814815 0.5276041666666667 0.6287037037037037
4 0.7942708333333334 0.65 0.7927083333333333 0.6222222222222222 0.7880208333333333 0.6055555555555555 0.7854166666666667 0.6055555555555555 0.7833333333333333 0.6111111111111112 0.7828125 0.6462962962962963 0.7859375 0.6620370370370371 0.7885416666666667 0.662962962962963 0.7942708333333334 0.65
4 0.7260416666666667 0.6259259259259259 0.7239583333333334 0.6074074074074074 0.7203125 0.5981481481481481 0.7161458333333334 0.6037037037037037 0.7161458333333334 0.6287037037037037 0.7203125 0.6351851851851852 0.7244791666666667 0.6342592592592593 0.7260416666666667 0.6259259259259259
0 0.46197916666666666 0.7518518518518519 0.45989583333333334 0.7472222222222222 0.453125 0.7472222222222222 0.4510416666666667 0.7509259259259259 0.45260416666666664 0.7592592592592593 0.4609375 0.7592592592592593 0.46197916666666666 0.7518518518518519
4 0.8546875 0.6268518518518519 0.8536458333333333 0.5898148148148148 0.8520833333333333 0.5833333333333334 0.8489583333333334 0.5814814814814815 0.8463541666666666 0.5907407407407408 0.8416666666666667 0.6277777777777778 0.8442708333333333 0.6314814814814815 0.853125 0.6324074074074074 0.8546875 0.6268518518518519
4 0.6932291666666667 0.6388888888888888 0.6979166666666666 0.6435185185185185 0.7067708333333333 0.6342592592592593 0.7067708333333333 0.6305555555555555 0.703125 0.5944444444444444 0.7005208333333334 0.5879629629629629 0.6958333333333333 0.5907407407407408 0.6958333333333333 0.600925925925926 0.6927083333333334 0.6101851851851852 0.6947916666666667 0.6203703703703703 0.6932291666666667 0.6388888888888888