4 0.38385416666666666 0.6416666666666667 0.3880208333333333 0.637962962962963 0.3932291666666667 0.6407407407407407 0.3953125 0.637962962962963 0.39479166666666665 0.6027777777777777 0.3890625 0.5907407407407408 0.384375 0.5935185185185186 0.3796875 0.6027777777777777 0.38385416666666666 0.6148148148148148 0.3828125 0.6388888888888888 0.38385416666666666 0.6416666666666667
4 0.115625 0.7351851851851852 0.11875 0.7324074074074074 0.11770833333333333 0.7222222222222222 0.11979166666666667 0.7055555555555556 0.11510416666666666 0.6648148148148149 0.1109375 0.6620370370370371 0.10729166666666666 0.6768518518518518 0.10520833333333333 0.7 0.10729166666666666 0.712037037037037 0.10625 0.7324074074074074 0.115625 0.7351851851851852
4 0.7911458333333333 0.65 0.7848958333333333 0.6333333333333333 0.7828125 0.6314814814814815 0.7802083333333333 0.6351851851851852 0.7791666666666667 0.6916666666666667 0.7916666666666666 0.6935185185185185 0.7932291666666667 0.6805555555555556 0.7911458333333333 0.65
4 0.7833333333333333 0.7407407407407407 0.7755208333333333 0.7231481481481481 0.771875 0.7240740740740741 0.7703125 0.7398148148148148 0.7703125 0.8009259259259259 0.7770833333333333 0.8064814814814815 0.7828125 0.8055555555555556 0.7833333333333333 0.7407407407407407
5 0.35052083333333334 0.7472222222222222 0.3536458333333333 0.7518518518518519 0.3572916666666667 0.7407407407407407 0.36302083333333335 0.7407407407407407 0.3640625 0.7472222222222222 0.36875 0.7509259259259259 0.3703125 0.7472222222222222 0.3671875 0.7231481481481481 0.3697916666666667 0.7074074074074074 0.36666666666666664 0.6851851851851852 0.36041666666666666 0.6768518518518518 0.3536458333333333 0.6851851851851852 0.35260416666666666 0.6916666666666667 0.35260416666666666 0.6981481481481482 0.3567708333333333 0.7064814814814815 0.3572916666666667 0.7240740740740741 0.35052083333333334 0.7472222222222222
3 0.47291666666666665 0.700925925925926 0.47552083333333334 0.6657407407407407 0.4744791666666667 0.6462962962962963 0.4666666666666667 0.6342592592592593 0.46145833333333336 0.649074074074074 0.46145833333333336 0.6675925925925926 0.46510416666666665 0.6731481481481482 0.46927083333333336 0.6990740740740741 0.47291666666666665 0.700925925925926
5 0.365625 0.6833333333333333 0.365625 0.674074074074074 0.3619791666666667 0.6583333333333333 0.3625 0.637962962962963 0.3609375 0.6351851851851852 0.3567708333333333 0.6370370370370371 0.35260416666666666 0.6518518518518519 0.353125 0.6925925925925925 0.36041666666666666 0.6833333333333333 0.365625 0.6833333333333333
5 0.24114583333333334 0.6324074074074074 0.24895833333333334 0.6361111111111111 0.24895833333333334 0.5944444444444444 0.24427083333333333 0.5944444444444444 0.24010416666666667 0.6074074074074074 0.23802083333333332 0.6240740740740741 0.23541666666666666 0.6268518518518519 0.2359375 0.6351851851851852 0.24114583333333334 0.6324074074074074
5 0.6697916666666667 0.7138888888888889 0.6697916666666667 0.7305555555555555 0.68125 0.7518518518518519 0.6880208333333333 0.7509259259259259 0.6890625 0.7462962962962963 0.6817708333333333 0.7296296296296296 0.68125 0.712037037037037 0.6697916666666667 0.6861111111111111 0.665625 0.6851851851851852 0.6645833333333333 0.6898148148148148 0.6666666666666666 0.7 0.6651041666666667 0.7092592592592593 0.6697916666666667 0.7138888888888889
5 0.16197916666666667 0.6222222222222222 0.159375 0.6175925925925926 0.15677083333333333 0.6194444444444445 0.15520833333333334 0.675 0.15989583333333332 0.6777777777777778 0.1640625 0.6555555555555556 0.16197916666666667 0.6222222222222222
4 0.5640625 0.7518518518518519 0.5703125 0.7472222222222222 0.5760416666666667 0.7546296296296297 0.578125 0.7518518518518519 0.578125 0.7435185185185185 0.5760416666666667 0.7333333333333333 0.575 0.7 0.5682291666666667 0.687962962962963 0.5552083333333333 0.6916666666666667 0.5583333333333333 0.6925925925925925 0.5625 0.7037037037037037 0.5614583333333333 0.7287037037037037 0.5640625 0.7518518518518519
5 0.049479166666666664 0.7555555555555555 0.05260416666666667 0.7564814814814815 0.053125 0.7435185185185185 0.051041666666666666 0.7277777777777777 0.044270833333333336 0.7064814814814815 0.03958333333333333 0.7083333333333334 0.034375 0.7305555555555555 0.03333333333333333 0.7722222222222223 0.03802083333333333 0.7777777777777778 0.04583333333333333 0.7666666666666667 0.049479166666666664 0.7555555555555555
5 0.665625 0.8240740740740741 0.6703125 0.8203703703703704 0.6734375 0.8333333333333334 0.6770833333333334 0.8324074074074074 0.6765625 0.8166666666666667 0.671875 0.7898148148148149 0.6729166666666667 0.775 0.6619791666666667 0.7546296296296297 0.6583333333333333 0.7564814814814815 0.6557291666666667 0.7712962962962963 0.6552083333333333 0.7842592592592592 0.6604166666666667 0.7935185185185185 0.6619791666666667 0.8111111111111111 0.665625 0.8240740740740741
4 0.6541666666666667 0.6370370370370371 0.6484375 0.5981481481481481 0.6385416666666667 0.5777777777777777 0.6364583333333333 0.5824074074074074 0.6390625 0.6351851851851852 0.6416666666666667 0.6388888888888888 0.6442708333333333 0.6342592592592593 0.6541666666666667 0.6370370370370371
5 0.13489583333333333 0.7166666666666667 0.13333333333333333 0.7092592592592593 0.13489583333333333 0.6833333333333333 0.1328125 0.6574074074074074 0.13072916666666667 0.6537037037037037 0.12708333333333333 0.6555555555555556 0.12291666666666666 0.6722222222222223 0.12447916666666667 0.6962962962962963 0.12239583333333333 0.7129629629629629 0.13333333333333333 0.7185185185185186 0.13489583333333333 0.7166666666666667
4 0.0453125 0.7981481481481482 0.04739583333333333 0.7842592592592592 0.053125 0.7842592592592592 0.05625 0.7972222222222223 0.0640625 0.7944444444444444 0.057291666666666664 0.775 0.05416666666666667 0.7537037037037037 0.05572916666666667 0.7472222222222222 0.052083333333333336 0.7398148148148148 0.04895833333333333 0.7222222222222222 0.04479166666666667 0.7240740740740741 0.040625 0.7472222222222222 0.043229166666666666 0.7666666666666667 0.04010416666666667 0.775 0.03854166666666667 0.7962962962962963 0.0453125 0.7981481481481482
3 0.8958333333333334 0.8953703703703704 0.8989583333333333 0.9055555555555556 0.8989583333333333 0.9148148148148149 0.9005208333333333 0.9157407407407407 0.9020833333333333 0.9092592592592592 0.9098958333333333 0.9111111111111111 0.9125 0.9166666666666666 0.91875 0.8731481481481481 0.9182291666666667 0.8527777777777777 0.915625 0.8416666666666667 0.9078125 0.825925925925926 0.9041666666666667 0.8277777777777777 0.8994791666666667 0.8416666666666667 0.8932291666666666 0.8833333333333333 0.8885416666666667 0.8870370370370371 0.884375 0.8981481481481481 0.8958333333333334 0.8953703703703704
3 0.6354166666666666 0.5712962962962963 0.6375 0.5685185185185185 0.6395833333333333 0.5481481481481482 0.6416666666666667 0.5444444444444444 0.6369791666666667 0.5296296296296297 0.63125 0.5259259259259259 0.6286458333333333 0.5287037037037037 0.6265625 0.5453703703703704 0.63125 0.5574074074074075 0.6302083333333334 0.5675925925925925 0.6354166666666666 0.5712962962962963
5 0.6057291666666667 0.5509259259259259 0.6057291666666667 0.5388888888888889 0.603125 0.5305555555555556 0.5994791666666667 0.5342592592592592 0.5984375 0.5444444444444444 0.5973958333333333 0.5648148148148148 0.6010416666666667 0.5675925925925925 0.6036458333333333 0.5648148148148148 0.6057291666666667 0.5509259259259259
0 0.5229166666666667 0.7675925925925926 0.5239583333333333 0.7796296296296297 0.5322916666666667 0.7796296296296297 0.5291666666666667 0.7583333333333333 0.5229166666666667 0.7675925925925926
5 0.6270833333333333 0.5287037037037037 0.6192708333333333 0.525 0.6177083333333333 0.5287037037037037 0.6166666666666667 0.5657407407407408 0.61875 0.5685185185185185 0.6265625 0.5527777777777778 0.6270833333333333 0.5287037037037037
4 0.5239583333333333 0.7675925925925926 0.5234375 0.7759259259259259 0.5369791666666667 0.7824074074074074 0.540625 0.7555555555555555 0.5411458333333333 0.7268518518518519 0.5328125 0.7083333333333334 0.5302083333333333 0.712037037037037 0.5265625 0.7296296296296296 0.5260416666666666 0.7472222222222222 0.5276041666666667 0.7509259259259259 0.5265625 0.7657407407407407 0.5239583333333333 0.7675925925925926
5 0.2786458333333333 0.812962962962963 0.2765625 0.7768518518518519 0.278125 0.7657407407407407 0.2755208333333333 0.7490740740740741 0.2713541666666667 0.7379629629629629 0.26875 0.7379629629629629 0.26145833333333335 0.7546296296296297 0.2609375 0.7694444444444445 0.2671875 0.7972222222222223 0.275 0.8138888888888889 0.2786458333333333 0.812962962962963
3 0.30625 0.5481481481481482 0.3109375 0.5444444444444444 0.3109375 0.5324074074074074 0.303125 0.5287037037037037 0.2942708333333333 0.5324074074074074 0.29375 0.5444444444444444 0.2984375 0.5638888888888889 0.3026041666666667 0.5675925925925925 0.30625 0.5481481481481482
5 0.5604166666666667 0.6851851851851852 0.5572916666666666 0.6759259259259259 0.5572916666666666 0.6537037037037037 0.5510416666666667 0.6425925925925926 0.5463541666666667 0.6425925925925926 0.5484375 0.6851851851851852 0.5510416666666667 0.6925925925925925 0.5588541666666667 0.6925925925925925 0.5604166666666667 0.6851851851851852
4 0.2265625 0.6703703703703704 0.23229166666666667 0.675 0.23333333333333334 0.6398148148148148 0.23541666666666666 0.6342592592592593 0.2328125 0.6222222222222222 0.23020833333333332 0.6203703703703703 0.228125 0.6203703703703703 0.22447916666666667 0.6296296296296297 0.2234375 0.6472222222222223 0.215625 0.6703703703703704 0.21666666666666667 0.6731481481481482 0.2265625 0.6703703703703704
4 0.3859375 0.725 0.384375 0.7083333333333334 0.3880208333333333 0.700925925925926 0.3770833333333333 0.6759259259259259 0.37447916666666664 0.6768518518518518 0.36822916666666666 0.6925925925925925 0.36770833333333336 0.6972222222222222 0.37864583333333335 0.7435185185185185 0.38333333333333336 0.7435185185185185 0.3859375 0.725