5 0.8328125 0.7027777777777777 0.8380208333333333 0.7064814814814815 0.8390625 0.7037037037037037 0.834375 0.6777777777777778 0.8369791666666667 0.6620370370370371 0.8333333333333334 0.6546296296296297 0.828125 0.6583333333333333 0.8161458333333333 0.6888888888888889 0.8177083333333334 0.6935185185185185 0.8307291666666666 0.6935185185185185 0.8328125 0.7027777777777777
4 0.690625 0.7787037037037037 0.7015625 0.7870370370370371 0.7005208333333334 0.8074074074074075 0.7078125 0.8083333333333333 0.7166666666666667 0.7601851851851852 0.7197916666666667 0.7555555555555555 0.7161458333333334 0.7509259259259259 0.7140625 0.7407407407407407 0.7145833333333333 0.7277777777777777 0.7125 0.725 0.7083333333333334 0.7277777777777777 0.703125 0.7398148148148148 0.696875 0.7444444444444445 0.6942708333333333 0.7509259259259259 0.6989583333333333 0.7583333333333333 0.6989583333333333 0.7685185185185185 0.6932291666666667 0.7722222222222223 0.690625 0.7787037037037037
5 0.5052083333333334 0.6453703703703704 0.509375 0.6462962962962963 0.5109375 0.6222222222222222 0.515625 0.6148148148148148 0.51875 0.6185185185185185 0.5223958333333333 0.6166666666666667 0.5213541666666667 0.600925925925926 0.5192708333333333 0.5935185185185186 0.5135416666666667 0.5944444444444444 0.5088541666666667 0.5898148148148148 0.5020833333333333 0.6064814814814815 0.503125 0.6175925925925926 0.5005208333333333 0.6296296296296297 0.503125 0.6314814814814815 0.5052083333333334 0.6453703703703704
3 0.4666666666666667 0.6370370370370371 0.4708333333333333 0.6268518518518519 0.47239583333333335 0.5944444444444444 0.4703125 0.5842592592592593 0.465625 0.587037037037037 0.4609375 0.6037037037037037 0.46145833333333336 0.6194444444444445 0.4588541666666667 0.6287037037037037 0.4630208333333333 0.6287037037037037 0.4666666666666667 0.6370370370370371
4 0.4583333333333333 0.6796296296296296 0.4609375 0.6768518518518518 0.46458333333333335 0.662962962962963 0.4625 0.6472222222222223 0.4661458333333333 0.6425925925925926 0.46458333333333335 0.6259259259259259 0.4588541666666667 0.6277777777777778 0.4546875 0.6351851851851852 0.44947916666666665 0.6611111111111111 0.4427083333333333 0.6731481481481482 0.4432291666666667 0.6814814814814815 0.44583333333333336 0.6824074074074075 0.4510416666666667 0.6722222222222223 0.4583333333333333 0.6796296296296296
5 0.5802083333333333 0.6694444444444444 0.5854166666666667 0.6703703703703704 0.5869791666666667 0.6694444444444444 0.5885416666666666 0.6138888888888889 0.5838541666666667 0.6111111111111112 0.5796875 0.6194444444444445 0.5760416666666667 0.637962962962963 0.56875 0.6462962962962963 0.5791666666666667 0.6574074074074074 0.5802083333333333 0.6694444444444444
4 0 0.6175925925925926 0.005729166666666666 0.6157407407407407 0.010416666666666666 0.6287037037037037 0.015104166666666667 0.6296296296296297 0.0171875 0.6259259259259259 0.0171875 0.5898148148148148 0.015104166666666667 0.5722222222222222 0.0109375 0.5722222222222222 0.005729166666666666 0.5851851851851851 0.005729166666666666 0.6 0 0.6101851851851852 0 0.6175925925925926
5 0.7401041666666667 0.6666666666666666 0.7421875 0.6583333333333333 0.7505208333333333 0.6555555555555556 0.7557291666666667 0.6583333333333333 0.7526041666666666 0.6472222222222223 0.7526041666666666 0.6222222222222222 0.75 0.6074074074074074 0.7473958333333334 0.6037037037037037 0.7416666666666667 0.6185185185185185 0.7401041666666667 0.6444444444444445 0.7359375 0.6592592592592592 0.7364583333333333 0.6648148148148149 0.7401041666666667 0.6666666666666666
5 0.4140625 0.6453703703703704 0.4192708333333333 0.6453703703703704 0.4166666666666667 0.6222222222222222 0.41770833333333335 0.6092592592592593 0.41354166666666664 0.5907407407407408 0.40989583333333335 0.5925925925925926 0.40625 0.6064814814814815 0.40625 0.6222222222222222 0.4005208333333333 0.6268518518518519 0.4 0.6305555555555555 0.4036458333333333 0.6333333333333333 0.4119791666666667 0.6314814814814815 0.4140625 0.6453703703703704
4 0.6197916666666666 0.6203703703703703 0.6229166666666667 0.6203703703703703 0.625 0.612037037037037 0.6307291666666667 0.6055555555555555 0.63125 0.5879629629629629 0.634375 0.5833333333333334 0.6307291666666667 0.5675925925925925 0.6286458333333333 0.5666666666666667 0.6265625 0.5666666666666667 0.6213541666666667 0.5796296296296296 0.6223958333333334 0.5990740740740741 0.6177083333333333 0.6111111111111112 0.6177083333333333 0.6185185185185185 0.6197916666666666 0.6203703703703703
5 0.33541666666666664 0.6768518518518518 0.33229166666666665 0.6648148148148149 0.3359375 0.6416666666666667 0.3359375 0.6222222222222222 0.3333333333333333 0.612037037037037 0.32916666666666666 0.6148148148148148 0.32135416666666666 0.6462962962962963 0.3177083333333333 0.6509259259259259 0.3182291666666667 0.6564814814814814 0.32708333333333334 0.6620370370370371 0.32916666666666666 0.6777777777777778 0.33541666666666664 0.6768518518518518
5 0.715625 0.6342592592592593 0.7192708333333333 0.6342592592592593 0.7223958333333333 0.6074074074074074 0.7197916666666667 0.5824074074074074 0.7166666666666667 0.5787037037037037 0.7098958333333333 0.5925925925925926 0.709375 0.6074074074074074 0.7057291666666666 0.6148148148148148 0.7098958333333333 0.6185185185185185 0.715625 0.6342592592592593
4 0.5213541666666667 0.5472222222222223 0.525 0.5444444444444444 0.5171875 0.5398148148148149 0.5119791666666667 0.5444444444444444 0.5109375 0.5527777777777778 0.5109375 0.5787037037037037 0.5130208333333334 0.5824074074074074 0.5213541666666667 0.5814814814814815 0.5213541666666667 0.5472222222222223
4 0.28072916666666664 0.6074074074074074 0.29010416666666666 0.6074074074074074 0.2859375 0.5824074074074074 0.2864583333333333 0.562037037037037 0.27708333333333335 0.5657407407407408 0.2713541666666667 0.5777777777777777 0.2708333333333333 0.5990740740740741 0.27395833333333336 0.6148148148148148 0.2786458333333333 0.6157407407407407 0.28072916666666664 0.6074074074074074
5 0.5213541666666667 0.6138888888888889 0.521875 0.5546296296296296 0.5182291666666666 0.5435185185185185 0.5135416666666667 0.5453703703703704 0.5114583333333333 0.5527777777777778 0.5114583333333333 0.5925925925925926 0.5135416666666667 0.6027777777777777 0.5177083333333333 0.6055555555555555 0.5213541666666667 0.6138888888888889
4 0.35104166666666664 0.6694444444444444 0.3572916666666667 0.6731481481481482 0.3625 0.6537037037037037 0.3578125 0.6101851851851852 0.3546875 0.6111111111111112 0.35052083333333334 0.6231481481481481 0.3494791666666667 0.6453703703703704 0.34322916666666664 0.6694444444444444 0.3453125 0.6731481481481482 0.35104166666666664 0.6694444444444444
5 0.6604166666666667 0.600925925925926 0.6578125 0.5694444444444444 0.6541666666666667 0.5675925925925925 0.6515625 0.575925925925926 0.6421875 0.6138888888888889 0.6458333333333334 0.6175925925925926 0.6552083333333333 0.6175925925925926 0.6604166666666667 0.600925925925926
4 0.7552083333333334 0.6583333333333333 0.7630208333333334 0.6592592592592592 0.7703125 0.6648148148148149 0.7708333333333334 0.6731481481481482 0.775 0.6759259259259259 0.7786458333333334 0.6731481481481482 0.7760416666666666 0.6527777777777778 0.7765625 0.6138888888888889 0.7713541666666667 0.612037037037037 0.7651041666666667 0.6314814814814815 0.7625 0.65 0.7567708333333333 0.6537037037037037 0.7552083333333334 0.6583333333333333
0 0.7046875 0.7398148148148148 0.6947916666666667 0.7472222222222222 0.6947916666666667 0.7537037037037037 0.7 0.7638888888888888 0.7046875 0.7620370370370371 0.7046875 0.7398148148148148
4 0.6901041666666666 0.6472222222222223 0.6973958333333333 0.6333333333333333 0.6984375 0.625 0.6942708333333333 0.5907407407407408 0.6885416666666667 0.587037037037037 0.6854166666666667 0.5944444444444444 0.6833333333333333 0.6027777777777777 0.6869791666666667 0.6296296296296297 0.6854166666666667 0.6425925925925926 0.6901041666666666 0.6472222222222223
5 0.28802083333333334 0.6092592592592593 0.290625 0.6074074074074074 0.2875 0.5814814814814815 0.2890625 0.5675925925925925 0.2869791666666667 0.5574074074074075 0.2828125 0.5583333333333333 0.28072916666666664 0.5648148148148148 0.28125 0.5953703703703703 0.28489583333333335 0.6074074074074074 0.28802083333333334 0.6092592592592593
3 0.07291666666666667 0.5444444444444444 0.07239583333333334 0.5333333333333333 0.06458333333333334 0.524074074074074 0.059895833333333336 0.5277777777777778 0.059895833333333336 0.5527777777777778 0.06302083333333333 0.5685185185185185 0.06510416666666667 0.5694444444444444 0.07291666666666667 0.5444444444444444