4 0.6838541666666667 0.7129629629629629 0.6822916666666666 0.7064814814814815 0.6822916666666666 0.6712962962962963 0.6776041666666667 0.6620370370370371 0.6729166666666667 0.6685185185185185 0.671875 0.6972222222222222 0.6734375 0.7166666666666667 0.6822916666666666 0.7185185185185186 0.6838541666666667 0.7129629629629629
5 0.2947916666666667 0.6768518518518518 0.2947916666666667 0.6620370370370371 0.2869791666666667 0.649074074074074 0.284375 0.6537037037037037 0.2828125 0.6962962962962963 0.3 0.6972222222222222 0.30052083333333335 0.6925925925925925 0.2947916666666667 0.6768518518518518
4 0.7078125 0.6259259259259259 0.703125 0.6 0.6994791666666667 0.5972222222222222 0.6963541666666667 0.6027777777777777 0.6963541666666667 0.6342592592592593 0.7010416666666667 0.6361111111111111 0.7067708333333333 0.6305555555555555 0.7078125 0.6259259259259259
5 0.3359375 0.6638888888888889 0.346875 0.6666666666666666 0.3484375 0.6611111111111111 0.3411458333333333 0.6537037037037037 0.3375 0.6268518518518519 0.3333333333333333 0.6259259259259259 0.33125 0.65 0.328125 0.6564814814814814 0.3296875 0.6675925925925926 0.3359375 0.6638888888888889
2 0.18489583333333334 0.6694444444444444 0.1890625 0.6712962962962963 0.1921875 0.6648148148148149 0.20104166666666667 0.6685185185185185 0.2046875 0.6620370370370371 0.20260416666666667 0.6472222222222223 0.19791666666666666 0.6324074074074074 0.19166666666666668 0.6314814814814815 0.18333333333333332 0.6462962962962963 0.18333333333333332 0.6555555555555556 0.18645833333333334 0.6601851851851852 0.18489583333333334 0.6694444444444444
4 0.9796875 0.7722222222222223 0.9838541666666667 0.7666666666666667 0.9854166666666667 0.7203703703703703 0.9796875 0.7046296296296296 0.9770833333333333 0.7046296296296296 0.9744791666666667 0.712037037037037 0.9703125 0.7472222222222222 0.9729166666666667 0.7518518518518519 0.9739583333333334 0.7712962962962963 0.9796875 0.7722222222222223
5 0.3515625 0.7203703703703703 0.3515625 0.7129629629629629 0.3489583333333333 0.7083333333333334 0.3489583333333333 0.687037037037037 0.3453125 0.6703703703703704 0.3416666666666667 0.6712962962962963 0.33958333333333335 0.6768518518518518 0.3411458333333333 0.7138888888888889 0.3458333333333333 0.7222222222222222 0.3494791666666667 0.7231481481481481 0.3515625 0.7203703703703703
5 0.615625 0.6796296296296296 0.609375 0.6657407407407407 0.6072916666666667 0.637962962962963 0.6020833333333333 0.6388888888888888 0.6 0.6814814814814815 0.6052083333333333 0.6851851851851852 0.6135416666666667 0.6842592592592592 0.615625 0.6796296296296296
4 0.2557291666666667 0.775 0.25729166666666664 0.7296296296296296 0.2515625 0.712037037037037 0.24739583333333334 0.7129629629629629 0.24322916666666666 0.7296296296296296 0.24166666666666667 0.7398148148148148 0.24479166666666666 0.7787037037037037 0.24895833333333334 0.7805555555555556 0.2557291666666667 0.775
4 0.33177083333333335 0.6592592592592592 0.3223958333333333 0.6462962962962963 0.3182291666666667 0.6583333333333333 0.31875 0.6842592592592592 0.3255208333333333 0.6953703703703704 0.3302083333333333 0.6935185185185185 0.33177083333333335 0.6592592592592592
5 0.425 0.6833333333333333 0.42864583333333334 0.675 0.43020833333333336 0.6546296296296297 0.4203125 0.6342592592592593 0.415625 0.6388888888888888 0.41302083333333334 0.6620370370370371 0.4171875 0.6657407407407407 0.421875 0.6814814814814815 0.425 0.6833333333333333
4 0.4395833333333333 0.6712962962962963 0.4510416666666667 0.6638888888888889 0.45208333333333334 0.6564814814814814 0.446875 0.6268518518518519 0.4432291666666667 0.6194444444444445 0.4390625 0.6203703703703703 0.4395833333333333 0.6277777777777778 0.43125 0.6398148148148148 0.4322916666666667 0.6527777777777778 0.4395833333333333 0.6712962962962963
5 0.5973958333333333 0.7046296296296296 0.5953125 0.6925925925925925 0.5911458333333334 0.6953703703703704 0.5869791666666667 0.7314814814814815 0.5875 0.7546296296296297 0.6 0.7518518518518519 0.5958333333333333 0.7342592592592593 0.5973958333333333 0.7046296296296296
5 0.4546875 0.7462962962962963 0.459375 0.7398148148148148 0.45416666666666666 0.7231481481481481 0.45729166666666665 0.6962962962962963 0.4505208333333333 0.6814814814814815 0.446875 0.6805555555555556 0.44479166666666664 0.6842592592592592 0.44427083333333334 0.6981481481481482 0.4479166666666667 0.7240740740740741 0.446875 0.7444444444444445 0.4546875 0.7462962962962963
4 0.5401041666666667 0.7518518518518519 0.5447916666666667 0.7546296296296297 0.5557291666666667 0.7490740740740741 0.5552083333333333 0.7416666666666667 0.5515625 0.737037037037037 0.5484375 0.725 0.5489583333333333 0.7083333333333334 0.5447916666666667 0.6953703703703704 0.5401041666666667 0.6925925925925925 0.5375 0.7 0.5385416666666667 0.7157407407407408 0.5364583333333334 0.7240740740740741 0.540625 0.7388888888888889 0.5401041666666667 0.7518518518518519
5 0.27395833333333336 0.6851851851851852 0.2677083333333333 0.6731481481481482 0.2630208333333333 0.6731481481481482 0.26458333333333334 0.712037037037037 0.275 0.7222222222222222 0.27760416666666665 0.712037037037037 0.27395833333333336 0.6851851851851852
0 0.24010416666666667 0.6805555555555556 0.2359375 0.6814814814814815 0.23541666666666666 0.6925925925925925 0.24010416666666667 0.6935185185185185 0.2421875 0.6851851851851852 0.24010416666666667 0.6805555555555556
3 0.5348958333333333 0.5972222222222222 0.5359375 0.5953703703703703 0.5302083333333333 0.5805555555555556 0.5302083333333333 0.5722222222222222 0.5255208333333333 0.5601851851851852 0.5192708333333333 0.562962962962963 0.5177083333333333 0.5675925925925925 0.5192708333333333 0.5916666666666667 0.525 0.5972222222222222 0.5348958333333333 0.5972222222222222
4 0.44375 0.6666666666666666 0.4427083333333333 0.6416666666666667 0.4401041666666667 0.6361111111111111 0.4322916666666667 0.6351851851851852 0.4317708333333333 0.6537037037037037 0.4359375 0.6768518518518518 0.4395833333333333 0.6805555555555556 0.44375 0.6666666666666666
5 0.4197916666666667 0.6231481481481481 0.41510416666666666 0.6212962962962963 0.4140625 0.625 0.41354166666666664 0.6583333333333333 0.41770833333333335 0.6601851851851852 0.42552083333333335 0.65 0.4197916666666667 0.6231481481481481
4 0.2635416666666667 0.7129629629629629 0.26458333333333334 0.6787037037037037 0.2557291666666667 0.6638888888888889 0.25052083333333336 0.6685185185185185 0.24947916666666667 0.7129629629629629 0.2515625 0.7157407407407408 0.25833333333333336 0.7092592592592593 0.2635416666666667 0.7129629629629629
3 0.4979166666666667 0.6962962962962963 0.5005208333333333 0.7055555555555556 0.5046875 0.7046296296296296 0.5005208333333333 0.6620370370370371 0.4942708333333333 0.6509259259259259 0.4890625 0.6537037037037037 0.49114583333333334 0.662962962962963 0.48802083333333335 0.6694444444444444 0.48802083333333335 0.6842592592592592 0.4979166666666667 0.6962962962962963