5 0.17447916666666666 0.6305555555555555 0.1734375 0.6138888888888889 0.16875 0.6101851851851852 0.1625 0.625 0.15885416666666666 0.6527777777777778 0.1609375 0.6574074074074074 0.1671875 0.6527777777777778 0.17447916666666666 0.6305555555555555
5 0.4942708333333333 0.6194444444444445 0.4942708333333333 0.6101851851851852 0.4901041666666667 0.5953703703703703 0.4869791666666667 0.5962962962962963 0.4817708333333333 0.6101851851851852 0.48072916666666665 0.6462962962962963 0.48333333333333334 0.649074074074074 0.4875 0.6462962962962963 0.4942708333333333 0.6194444444444445
4 0.13802083333333334 0.6833333333333333 0.14114583333333333 0.6833333333333333 0.153125 0.6453703703703704 0.14635416666666667 0.6101851851851852 0.1421875 0.6101851851851852 0.13802083333333334 0.6166666666666667 0.13177083333333334 0.6370370370370371 0.13229166666666667 0.6518518518518519 0.13802083333333334 0.6611111111111111 0.13697916666666668 0.6796296296296296 0.13802083333333334 0.6833333333333333
4 0.4 0.687037037037037 0.4078125 0.674074074074074 0.4083333333333333 0.6675925925925926 0.39947916666666666 0.6592592592592592 0.39895833333333336 0.6425925925925926 0.3932291666666667 0.6305555555555555 0.390625 0.6305555555555555 0.3880208333333333 0.6370370370370371 0.38385416666666666 0.6537037037037037 0.3880208333333333 0.6611111111111111 0.3875 0.6851851851851852 0.4 0.687037037037037
4 0.2677083333333333 0.6240740740740741 0.2734375 0.6148148148148148 0.2765625 0.5953703703703703 0.26458333333333334 0.5796296296296296 0.2604166666666667 0.5916666666666667 0.2598958333333333 0.6046296296296296 0.2625 0.6231481481481481 0.2635416666666667 0.6259259259259259 0.2677083333333333 0.6240740740740741
5 0.6463541666666667 0.6759259259259259 0.6494791666666667 0.6694444444444444 0.6411458333333333 0.65 0.6395833333333333 0.6268518518518519 0.6385416666666667 0.6240740740740741 0.6338541666666667 0.6268518518518519 0.6296875 0.6731481481481482 0.6348958333333333 0.6759259259259259 0.640625 0.6694444444444444 0.6463541666666667 0.6759259259259259
4 0.8182291666666667 0.7296296296296296 0.8260416666666667 0.7361111111111112 0.8291666666666667 0.7351851851851852 0.8296875 0.7287037037037037 0.8223958333333333 0.7175925925925926 0.8244791666666667 0.6944444444444444 0.8182291666666667 0.6777777777777778 0.8151041666666666 0.6814814814814815 0.8135416666666667 0.6916666666666667 0.8140625 0.7092592592592593 0.8104166666666667 0.7398148148148148 0.815625 0.7398148148148148 0.8182291666666667 0.7296296296296296
4 0.22760416666666666 0.6166666666666667 0.2359375 0.6148148148148148 0.23385416666666667 0.5898148148148148 0.22916666666666666 0.5796296296296296 0.2296875 0.575925925925926 0.22239583333333332 0.575925925925926 0.22395833333333334 0.5805555555555556 0.22135416666666666 0.5916666666666667 0.2234375 0.6092592592592593 0.22760416666666666 0.6166666666666667
4 0.4109375 0.7398148148148148 0.4234375 0.7398148148148148 0.4234375 0.7324074074074074 0.41510416666666666 0.7212962962962963 0.4197916666666667 0.7018518518518518 0.4166666666666667 0.687037037037037 0.41302083333333334 0.6805555555555556 0.40989583333333335 0.6805555555555556 0.4046875 0.7 0.40677083333333336 0.7185185185185186 0.4041666666666667 0.7435185185185185 0.4083333333333333 0.7472222222222222 0.4109375 0.7398148148148148
3 0.4354166666666667 0.6583333333333333 0.4328125 0.6342592592592593 0.43854166666666666 0.6212962962962963 0.43645833333333334 0.6111111111111112 0.43125 0.6027777777777777 0.4276041666666667 0.6046296296296296 0.4244791666666667 0.6157407407407407 0.42604166666666665 0.6546296296296297 0.4317708333333333 0.6620370370370371 0.4354166666666667 0.6583333333333333
5 0.5494791666666666 0.6638888888888889 0.5458333333333333 0.649074074074074 0.5427083333333333 0.6509259259259259 0.5401041666666667 0.6657407407407407 0.5380208333333333 0.6861111111111111 0.5395833333333333 0.7083333333333334 0.5484375 0.7111111111111111 0.5494791666666666 0.6638888888888889
5 0.20729166666666668 0.6990740740740741 0.20833333333333334 0.6805555555555556 0.20677083333333332 0.6694444444444444 0.2046875 0.6657407407407407 0.2015625 0.6675925925925926 0.19739583333333333 0.6796296296296296 0.19583333333333333 0.687962962962963 0.19635416666666666 0.7231481481481481 0.21197916666666666 0.7212962962962963 0.20729166666666668 0.6990740740740741
0 0.18333333333333332 0.6092592592592593 0.184375 0.6157407407407407 0.18958333333333333 0.6111111111111112 0.18697916666666667 0.6074074074074074 0.18333333333333332 0.6092592592592593
5 0.9859375 0.6620370370370371 0.9822916666666667 0.6472222222222223 0.9776041666666667 0.65 0.9744791666666667 0.6712962962962963 0.975 0.7046296296296296 0.9791666666666666 0.7083333333333334 0.9833333333333333 0.700925925925926 0.9859375 0.6620370370370371
3 0.3098958333333333 0.5796296296296296 0.31145833333333334 0.5657407407407408 0.31666666666666665 0.5518518518518518 0.3104166666666667 0.5370370370370371 0.30572916666666666 0.5370370370370371 0.30364583333333334 0.5518518518518518 0.30416666666666664 0.5694444444444444 0.30572916666666666 0.5787037037037037 0.3098958333333333 0.5796296296296296
5 0.7609375 0.762962962962963 0.7661458333333333 0.7564814814814815 0.7604166666666666 0.7361111111111112 0.7635416666666667 0.7129629629629629 0.7583333333333333 0.6935185185185185 0.7557291666666667 0.6916666666666667 0.753125 0.6981481481481482 0.7510416666666667 0.7194444444444444 0.753125 0.7453703703703703 0.7552083333333334 0.7601851851851852 0.7609375 0.762962962962963
4 0.4578125 0.6620370370370371 0.4552083333333333 0.6462962962962963 0.4557291666666667 0.6231481481481481 0.4515625 0.612037037037037 0.44635416666666666 0.6231481481481481 0.44583333333333336 0.6481481481481481 0.4505208333333333 0.6555555555555556 0.4546875 0.6703703703703704 0.4578125 0.6620370370370371
1 0.12864583333333332 0.6111111111111112 0.12395833333333334 0.5916666666666667 0.11822916666666666 0.5916666666666667 0.11354166666666667 0.6055555555555555 0.11458333333333333 0.6425925925925926 0.12604166666666666 0.6398148148148148 0.12552083333333333 0.6277777777777778 0.12864583333333332 0.6111111111111112
4 0.7010416666666667 0.6546296296296297 0.7026041666666667 0.6240740740740741 0.696875 0.6101851851851852 0.6932291666666667 0.6148148148148148 0.6916666666666667 0.6240740740740741 0.6927083333333334 0.6509259259259259 0.6947916666666667 0.6620370370370371 0.6979166666666666 0.6638888888888889 0.7010416666666667 0.6546296296296297
3 0.9552083333333333 0.5842592592592593 0.9552083333333333 0.575 0.9515625 0.5694444444444444 0.9479166666666666 0.575 0.9458333333333333 0.5944444444444444 0.9453125 0.612037037037037 0.9510416666666667 0.6157407407407407 0.953125 0.6101851851851852 0.9552083333333333 0.5842592592592593
5 0.9994791666666667 0.7527777777777778 0.9994791666666667 0.6842592592592592 0.9953125 0.6888888888888889 0.9901041666666667 0.7083333333333334 0.990625 0.7296296296296296 0.99375 0.7509259259259259 0.9994791666666667 0.7527777777777778