4 0.765625 0.8925925925925926 0.7713541666666667 0.8953703703703704 0.7739583333333333 0.8916666666666667 0.7838541666666666 0.899074074074074 0.7859375 0.8962962962962963 0.7895833333333333 0.8287037037037037 0.7953125 0.8157407407407408 0.7958333333333333 0.8083333333333333 0.790625 0.7907407407407407 0.7854166666666667 0.7851851851851852 0.7828125 0.7712962962962963 0.7791666666666667 0.7703703703703704 0.7770833333333333 0.774074074074074 0.7765625 0.7842592592592592 0.771875 0.7935185185185185 0.7697916666666667 0.8101851851851852 0.7708333333333334 0.8453703703703703 0.765625 0.8925925925925926
2 0.21979166666666666 0.6527777777777778 0.2171875 0.6768518518518518 0.23072916666666668 0.6712962962962963 0.2375 0.6722222222222223 0.23854166666666668 0.6694444444444444 0.23541666666666666 0.6592592592592592 0.2375 0.5990740740740741 0.23177083333333334 0.5796296296296296 0.2265625 0.5814814814814815 0.2171875 0.6064814814814815 0.21666666666666667 0.6324074074074074 0.21979166666666666 0.6527777777777778
5 0.7864583333333334 0.7287037037037037 0.7817708333333333 0.7435185185185185 0.7817708333333333 0.7537037037037037 0.7859375 0.7555555555555555 0.7875 0.7481481481481481 0.7927083333333333 0.7527777777777778 0.7947916666666667 0.7592592592592593 0.7989583333333333 0.7601851851851852 0.8015625 0.7555555555555555 0.7989583333333333 0.7425925925925926 0.8026041666666667 0.7083333333333334 0.8005208333333333 0.6657407407407407 0.7942708333333334 0.6666666666666666 0.7869791666666667 0.6851851851851852 0.7859375 0.6935185185185185 0.7848958333333333 0.7166666666666667 0.7864583333333334 0.7287037037037037
5 0.603125 0.7277777777777777 0.6088541666666667 0.7287037037037037 0.6125 0.7111111111111111 0.615625 0.6527777777777778 0.6078125 0.6314814814814815 0.5994791666666667 0.6481481481481481 0.5947916666666667 0.674074074074074 0.5942708333333333 0.6851851851851852 0.603125 0.7277777777777777
4 0.68125 0.6231481481481481 0.6859375 0.6074074074074074 0.6848958333333334 0.5953703703703703 0.68125 0.5888888888888889 0.6776041666666667 0.5898148148148148 0.6744791666666666 0.6046296296296296 0.6755208333333333 0.6185185185185185 0.68125 0.6231481481481481
5 0.6755208333333333 0.7018518518518518 0.6786458333333333 0.6953703703703704 0.6854166666666667 0.7 0.6854166666666667 0.6342592592592593 0.6807291666666667 0.6203703703703703 0.6817708333333333 0.6148148148148148 0.6776041666666667 0.6083333333333333 0.6734375 0.6138888888888889 0.6708333333333333 0.6314814814814815 0.6703125 0.700925925925926 0.6755208333333333 0.7018518518518518
5 0.6921875 0.6685185185185185 0.6958333333333333 0.6888888888888889 0.7026041666666667 0.6888888888888889 0.7098958333333333 0.6314814814814815 0.7052083333333333 0.6064814814814815 0.7010416666666667 0.6092592592592593 0.6921875 0.625 0.6942708333333333 0.6444444444444445 0.6921875 0.6685185185185185
4 0.690625 0.6259259259259259 0.6973958333333333 0.6287037037037037 0.70625 0.6212962962962963 0.7078125 0.6027777777777777 0.7015625 0.5824074074074074 0.6973958333333333 0.5833333333333334 0.6947916666666667 0.5935185185185186 0.6901041666666666 0.5990740740740741 0.6880208333333333 0.6185185185185185 0.690625 0.6259259259259259
4 0.6203125 0.7101851851851851 0.6177083333333333 0.7296296296296296 0.61875 0.7324074074074074 0.6265625 0.7314814814814815 0.6296875 0.725 0.634375 0.6851851851851852 0.6338541666666667 0.6564814814814814 0.6302083333333334 0.6425925925925926 0.6239583333333333 0.6351851851851852 0.6161458333333333 0.6546296296296297 0.615625 0.6787037037037037 0.6203125 0.7101851851851851
3 0.9276041666666667 0.587037037037037 0.9302083333333333 0.5703703703703704 0.9348958333333334 0.5685185185185185 0.9395833333333333 0.587037037037037 0.9411458333333333 0.5833333333333334 0.9390625 0.5546296296296296 0.9416666666666667 0.5444444444444444 0.9395833333333333 0.5212962962962963 0.93125 0.5111111111111111 0.9276041666666667 0.5120370370370371 0.9244791666666666 0.5203703703703704 0.925 0.5833333333333334 0.9276041666666667 0.587037037037037
4 0.6520833333333333 0.7027777777777777 0.6536458333333334 0.7083333333333334 0.6572916666666667 0.7027777777777777 0.6661458333333333 0.7046296296296296 0.6677083333333333 0.6972222222222222 0.6739583333333333 0.700925925925926 0.6739583333333333 0.6888888888888889 0.6692708333333334 0.6731481481481482 0.6770833333333334 0.6342592592592593 0.6734375 0.6148148148148148 0.6697916666666667 0.6175925925925926 0.6671875 0.6055555555555555 0.6625 0.6064814814814815 0.6609375 0.6148148148148148 0.6567708333333333 0.6212962962962963 0.6526041666666667 0.65 0.6536458333333334 0.6837305555555555 0.6520833333333333 0.7027777777777777
0 0.7322916666666667 0.8972222222222223 0.7401041666666667 0.8925925925925926 0.7416666666666667 0.887962962962963 0.740625 0.8768518518518519 0.7322916666666667 0.8694444444444445 0.7296875 0.8722222222222222 0.7286458333333333 0.8944444444444445 0.7322916666666667 0.8972222222222223
5 0.5255208333333333 0.7435185185185185 0.5270833333333333 0.8083333333333333 0.5416666666666666 0.8092592592592592 0.54375 0.8064814814814815 0.5421875 0.712037037037037 0.5390625 0.6972222222222222 0.5333333333333333 0.6907407407407408 0.5291666666666667 0.6925925925925925 0.5270833333333333 0.7 0.5286458333333334 0.7074074074074074 0.5255208333333333 0.7435185185185185
4 0.8265625 0.887962962962963 0.8213541666666667 0.8972222222222223 0.825 0.9009259259259259 0.8338541666666667 0.9 0.8416666666666667 0.9046296296296297 0.8453125 0.9009259259259259 0.8453125 0.8583333333333333 0.8489583333333334 0.8212962962962963 0.8484375 0.8027777777777778 0.84375 0.7907407407407407 0.8427083333333333 0.7787037037037037 0.8375 0.7768518518518519 0.8338541666666667 0.7833333333333333 0.8302083333333333 0.8666666666666667 0.8265625 0.887962962962963
5 0.5057291666666667 0.7981481481481482 0.5057291666666667 0.8138888888888889 0.5203125 0.8101851851851852 0.5192708333333333 0.7870370370370371 0.5244791666666667 0.7398148148148148 0.5229166666666667 0.7 0.5171875 0.700925925925926 0.5088541666666667 0.7277777777777777 0.509375 0.7777777777777778 0.5057291666666667 0.7981481481481482
4 0.7395833333333334 0.6537037037037037 0.7385416666666667 0.6731481481481482 0.74375 0.6768518518518518 0.7463541666666667 0.6703703703703704 0.7463541666666667 0.637962962962963 0.753125 0.6074074074074074 0.7432291666666667 0.5851851851851851 0.7401041666666667 0.5833333333333334 0.7369791666666666 0.5879629629629629 0.7348958333333333 0.6129629629629629 0.7395833333333334 0.6537037037037037
5 0.6333333333333333 0.6638888888888889 0.6328125 0.6925925925925925 0.6359375 0.6990740740740741 0.6369791666666667 0.7240740740740741 0.6385416666666667 0.725925925925926 0.6421875 0.7240740740740741 0.6416666666666667 0.6888888888888889 0.6442708333333333 0.6481481481481481 0.6369791666666667 0.6268518518518519 0.634375 0.625 0.6322916666666667 0.6296296296296297 0.6296875 0.6462962962962963 0.6333333333333333 0.6638888888888889
5 0.7244791666666667 0.6842592592592592 0.728125 0.6842592592592592 0.7302083333333333 0.6814814814814815 0.7296875 0.6611111111111111 0.7328125 0.637962962962963 0.7317708333333334 0.6287037037037037 0.7354166666666667 0.6074074074074074 0.734375 0.5944444444444444 0.728125 0.5944444444444444 0.7234375 0.612037037037037 0.721875 0.6768518518518518 0.7244791666666667 0.6842592592592592
3 0.5557291666666667 0.7490740740740741 0.5578125 0.7537037037037037 0.5614583333333333 0.774074074074074 0.5604166666666667 0.7833333333333333 0.5520833333333334 0.799074074074074 0.5526041666666667 0.812037037037037 0.5572916666666666 0.8046296296296296 0.5645833333333333 0.812962962962963 0.56875 0.812037037037037 0.5703125 0.8092592592592592 0.5677083333333334 0.7870370370370371 0.575 0.7527777777777778 0.5734375 0.7305555555555555 0.5744791666666667 0.700925925925926 0.571875 0.6944444444444444 0.5677083333333334 0.6944444444444444 0.5651041666666666 0.7037037037037037 0.5552083333333333 0.7203703703703703 0.5520833333333334 0.7425925925925926 0.5526041666666667 0.7509259259259259 0.5557291666666667 0.7490740740740741
4 0.7166666666666667 0.8268518518518518 0.7203125 0.8944444444444445 0.7359375 0.8953703703703704 0.7401041666666667 0.8888888888888888 0.740625 0.8805555555555555 0.7354166666666667 0.8685185185185185 0.734375 0.8305555555555556 0.7375 0.7981481481481482 0.7317708333333334 0.7731481481481481 0.7291666666666666 0.7694444444444445 0.7244791666666667 0.7703703703703704 0.7208333333333333 0.7851851851851852 0.7114583333333333 0.799074074074074 0.7098958333333333 0.8064814814814815 0.7166666666666667 0.8268518518518518
5 0.5293067708333333 0.7092592592592593 0.5376401041666666 0.7074074074074074 0.5412859375 0.7138888888888889 0.5433692708333333 0.712037037037037 0.5454526041666666 0.7064814814814815 0.5438901041666667 0.7037037037037037 0.5433692708333333 0.6777777777777778 0.5376401041666666 0.6731481481481482 0.5256609375 0.6981481481481482 0.5256609375 0.7037037037037037 0.5293067708333333 0.7092592592592593