4 0.04479166666666667 0.6203703703703703 0.04791666666666667 0.6555555555555556 0.05260416666666667 0.6583333333333333 0.0546875 0.6546296296296297 0.059895833333333336 0.6092592592592593 0.05260416666666667 0.5953703703703703 0.04791666666666667 0.6018518518518519 0.04479166666666667 0.6101851851851852 0.04479166666666667 0.6203703703703703
4 0.55625 0.6453703703703704 0.5635416666666667 0.6583333333333333 0.5635416666666667 0.6703703703703704 0.5598958333333334 0.6851851851851852 0.5651041666666666 0.6861111111111111 0.5682291666666667 0.6814814814814815 0.5760416666666667 0.6851851851851852 0.5770833333333333 0.6768518518518518 0.5723958333333333 0.6592592592592592 0.5796875 0.6518518518518519 0.5734375 0.6287037037037037 0.5682291666666667 0.6203703703703703 0.5651041666666666 0.6222222222222222 0.5640625 0.6333333333333333 0.55625 0.6453703703703704
4 0.38229166666666664 0.6314814814814815 0.3807291666666667 0.6416666666666667 0.384375 0.6509259259259259 0.3927083333333333 0.6435185185185185 0.39166666666666666 0.6074074074074074 0.3880208333333333 0.5879629629629629 0.3828125 0.5898148148148148 0.38125 0.5972222222222222 0.3796875 0.6240740740740741 0.38229166666666664 0.6314814814814815
4 0.5328125 0.6268518518518519 0.5338541666666666 0.6148148148148148 0.5291666666666667 0.6037037037037037 0.5307291666666667 0.5796296296296296 0.5244791666666667 0.5712962962962963 0.5171875 0.5898148148148148 0.5213541666666667 0.6268518518518519 0.5328125 0.6268518518518519
0 0.1125 0.7157407407407408 0.11510416666666666 0.7129629629629629 0.11354166666666667 0.7037037037037037 0.10677083333333333 0.7055555555555556 0.10729166666666666 0.7138888888888889 0.1125 0.7157407407407408
3 0.2916666666666667 0.6416666666666667 0.2953125 0.6462962962962963 0.2994791666666667 0.6425925925925926 0.30364583333333334 0.6083333333333333 0.3015625 0.5953703703703703 0.29635416666666664 0.5824074074074074 0.29375 0.5805555555555556 0.28958333333333336 0.5888888888888889 0.28802083333333334 0.6027777777777777 0.2916666666666667 0.6416666666666667
5 0.4166666666666667 0.5703703703703704 0.4192708333333333 0.525 0.41510416666666666 0.5194444444444445 0.4109375 0.5277777777777778 0.4119791666666667 0.5685185185185185 0.4166666666666667 0.5703703703703704
4 0.3802083333333333 0.5879629629629629 0.3880208333333333 0.5888888888888889 0.39166666666666666 0.5768518518518518 0.3890625 0.5453703703703704 0.3854166666666667 0.5398148148148149 0.3807291666666667 0.5407407407407407 0.378125 0.5842592592592593 0.3802083333333333 0.5879629629629629
5 0.42239583333333336 0.5694444444444444 0.4276041666666667 0.575925925925926 0.42916666666666664 0.5722222222222222 0.42864583333333334 0.5564814814814815 0.43125 0.5518518518518518 0.43125 0.5361111111111111 0.4276041666666667 0.5259259259259259 0.42135416666666664 0.5324074074074074 0.4197916666666667 0.549074074074074 0.42239583333333336 0.5694444444444444
5 0.4125 0.5574074074074075 0.4140625 0.5675925925925925 0.42135416666666664 0.5712962962962963 0.4239583333333333 0.5657407407407408 0.4244791666666667 0.5324074074074074 0.4203125 0.5222222222222223 0.41458333333333336 0.5222222222222223 0.4119791666666667 0.5305555555555556 0.4125 0.5574074074074075
1 0.615625 0.6231481481481481 0.61875 0.6268518518518519 0.6223958333333334 0.6231481481481481 0.6317708333333333 0.6268518518518519 0.6322916666666667 0.5787037037037037 0.6229166666666667 0.562037037037037 0.61875 0.5675925925925925 0.6192708333333333 0.5851851851851851 0.615625 0.6231481481481481
4 0.4864583333333333 0.6037037037037037 0.4984375 0.6064814814814815 0.5005208333333333 0.6018518518518519 0.4953125 0.5814814814814815 0.49635416666666665 0.5712962962962963 0.4942708333333333 0.5592592592592592 0.490625 0.5518518518518518 0.4875 0.5583333333333333 0.48854166666666665 0.5898148148148148 0.4864583333333333 0.6037037037037037
3 0.6328125 0.7907407407407407 0.6265625 0.8018518518518518 0.6270833333333333 0.8185185185185185 0.6302083333333334 0.8212962962962963 0.6338541666666667 0.8194444444444444 0.6380208333333334 0.825 0.6401041666666667 0.8453703703703703 0.6489583333333333 0.8453703703703703 0.6505208333333333 0.8407407407407408 0.6484375 0.8106481481481481 0.6515625 0.7833333333333333 0.65 0.775 0.6427083333333333 0.7620370370370371 0.6369791666666667 0.762962962962963 0.6364583333333333 0.7759259259259259 0.6328125 0.7907407407407407
5 0.42916666666666664 0.5796296296296296 0.43645833333333334 0.5805555555555556 0.43802083333333336 0.5685185185185185 0.4359375 0.5407407407407407 0.43125 0.5324074074074074 0.4270833333333333 0.5388888888888889 0.4265625 0.575925925925926 0.42916666666666664 0.5796296296296296
4 0.20416666666666666 0.6268518518518519 0.21041666666666667 0.637962962962963 0.2109375 0.6481481481481481 0.2078125 0.6620370370370371 0.21354166666666666 0.6638888888888889 0.22135416666666666 0.6583333333333333 0.22135416666666666 0.6240740740740741 0.2171875 0.6055555555555555 0.2140625 0.6018518518518519 0.2109375 0.6046296296296296 0.2078125 0.6203703703703703 0.20416666666666666 0.6268518518518519
4 0.5088541666666667 0.6462962962962963 0.5213541666666667 0.65 0.5229166666666667 0.6314814814814815 0.5291666666666667 0.6231481481481481 0.5328125 0.6231481481481481 0.5328125 0.6194444444444445 0.5234375 0.5981481481481481 0.5182291666666666 0.5916666666666667 0.5161458333333333 0.5944444444444444 0.5125 0.6166666666666667 0.5125 0.6283953703703704 0.5088541666666667 0.6462962962962963