5 0.290625 0.6027777777777777 0.2947916666666667 0.5925925925925926 0.2947916666666667 0.575925925925926 0.2916666666666667 0.5601851851851852 0.2890625 0.562037037037037 0.2864583333333333 0.575925925925926 0.2859375 0.5990740740740741 0.290625 0.6027777777777777
5 0.5453125 0.5972222222222222 0.5494791666666666 0.5916666666666667 0.5526041666666667 0.5601851851851852 0.5479166666666667 0.5537037037037037 0.5442708333333334 0.5537037037037037 0.5416666666666666 0.5592592592592592 0.5411458333333333 0.5953703703703703 0.5453125 0.5972222222222222
5 0.3421875 0.6333333333333333 0.34427083333333336 0.6296296296296297 0.3416666666666667 0.5814814814814815 0.3375 0.5796296296296296 0.3338541666666667 0.5972222222222222 0.3333333333333333 0.6305555555555555 0.3421875 0.6333333333333333
4 0.403125 0.5916666666666667 0.4078125 0.5944444444444444 0.4114583333333333 0.5898148148148148 0.4140625 0.5592592592592592 0.409375 0.5472222222222223 0.40677083333333336 0.5481481481481482 0.4036458333333333 0.5583333333333333 0.40625 0.5777777777777777 0.403125 0.5916666666666667
4 0.503125 0.6148148148148148 0.5052083333333334 0.6064814814814815 0.5052083333333334 0.5722222222222222 0.49947916666666664 0.562962962962963 0.4973958333333333 0.562962962962963 0.4947916666666667 0.5712962962962963 0.49635416666666665 0.6138888888888889 0.503125 0.6148148148148148
3 0.45260416666666664 0.6194444444444445 0.4552083333333333 0.6166666666666667 0.4588541666666667 0.6212962962962963 0.46041666666666664 0.6185185185185185 0.4588541666666667 0.5712962962962963 0.45625 0.5657407407407408 0.45208333333333334 0.5648148148148148 0.446875 0.5722222222222222 0.44583333333333336 0.5787037037037037 0.4484375 0.6175925925925926 0.45260416666666664 0.6194444444444445
3 0.0578125 0.587037037037037 0.06197916666666667 0.5518518518518518 0.058854166666666666 0.5435185185185185 0.053125 0.5444444444444444 0.051041666666666666 0.5509259259259259 0.051041666666666666 0.5833333333333334 0.0578125 0.587037037037037
5 0.6510416666666666 0.5879629629629629 0.6546875 0.5935185185185186 0.6572916666666667 0.5907407407407408 0.6572916666666667 0.5824074074074074 0.6619791666666667 0.5722222222222222 0.6619791666666667 0.5481481481481482 0.6536458333333334 0.5416666666666666 0.65 0.5537037037037037 0.6489583333333333 0.5657407407407408 0.6510416666666666 0.5879629629629629
5 0.478125 0.6601851851851852 0.4875 0.6527777777777778 0.4895833333333333 0.6583333333333333 0.49322916666666666 0.6555555555555556 0.48802083333333335 0.6287037037037037 0.48802083333333335 0.6111111111111112 0.4859375 0.6037037037037037 0.4822916666666667 0.6046296296296296 0.47760416666666666 0.6203703703703703 0.47604166666666664 0.6583333333333333 0.478125 0.6601851851851852
4 0.5416666666666666 0.6583333333333333 0.5447916666666667 0.6638888888888889 0.5473958333333333 0.6574074074074074 0.5447916666666667 0.6157407407407407 0.5421875 0.6064814814814815 0.5364583333333334 0.6101851851851852 0.534375 0.6222222222222222 0.5317708333333333 0.6648148148148149 0.5416666666666666 0.6583333333333333
4 0.6651041666666667 0.6074074074074074 0.6739583333333333 0.6092592592592593 0.6765625 0.5990740740740741 0.6776041666666667 0.5675925925925925 0.6697916666666667 0.5555555555555556 0.6635416666666667 0.5638888888888889 0.6619791666666667 0.5796296296296296 0.6651041666666667 0.6074074074074074
5 0.09114583333333333 0.6481481481481481 0.09166666666666666 0.6305555555555555 0.08697916666666666 0.5916666666666667 0.08229166666666667 0.5916666666666667 0.08020833333333334 0.6064814814814815 0.0796875 0.6462962962962963 0.09114583333333333 0.6481481481481481
4 0.4473958333333333 0.5777777777777777 0.4510416666666667 0.5675925925925925 0.4552083333333333 0.5666666666666667 0.453125 0.5564814814814815 0.4588541666666667 0.5472222222222223 0.4546875 0.5370370370370371 0.4552083333333333 0.5287037037037037 0.44635416666666666 0.5277777777777778 0.44479166666666664 0.5342592592592592 0.44479166666666664 0.5648148148148148 0.4473958333333333 0.5777777777777777
5 0.4270833333333333 0.5712962962962963 0.43020833333333336 0.5361111111111111 0.4276041666666667 0.5277777777777778 0.42239583333333336 0.5287037037037037 0.4192708333333333 0.5685185185185185 0.4270833333333333 0.5712962962962963
5 0.11510416666666666 0.6129629629629629 0.11927083333333334 0.5953703703703703 0.11822916666666666 0.5675925925925925 0.11614583333333334 0.5611111111111111 0.11302083333333333 0.5638888888888889 0.11041666666666666 0.5777777777777777 0.10989583333333333 0.6074074074074074 0.11510416666666666 0.6129629629629629
4 0.16614583333333333 0.6129629629629629 0.171875 0.6111111111111112 0.1765625 0.5861111111111111 0.1765625 0.5694444444444444 0.17395833333333333 0.5638888888888889 0.1671875 0.575 0.16666666666666666 0.5842592592592593 0.16145833333333334 0.5990740740740741 0.16145833333333334 0.6055555555555555 0.16614583333333333 0.6129629629629629
5 0.2546875 0.6935185185185185 0.2515625 0.6342592592592593 0.24791666666666667 0.6342592592592593 0.24479166666666666 0.65 0.24270833333333333 0.6935185185185185 0.2546875 0.6935185185185185
4 0.6661458333333333 0.6074074074074074 0.6677083333333333 0.6046296296296296 0.66875 0.5583333333333333 0.6630208333333333 0.5462962962962963 0.659375 0.5481481481481482 0.6598958333333333 0.5814814814814815 0.6661458333333333 0.6074074074074074
4 0.7208333333333333 0.65 0.7244791666666667 0.6564814814814814 0.7276041666666667 0.649074074074074 0.7307291666666667 0.6064814814814815 0.725 0.5944444444444444 0.7197916666666667 0.6018518518518519 0.7182291666666667 0.6231481481481481 0.7208333333333333 0.65
4 0.5765625 0.5907407407407408 0.5796875 0.5981481481481481 0.5828125 0.5972222222222222 0.5828125 0.5638888888888889 0.5760416666666667 0.5555555555555556 0.5729166666666666 0.5611111111111111 0.5723958333333333 0.5722222222222222 0.5765625 0.5907407407407408
5 0.6151041666666667 0.5851851851851851 0.6177083333333333 0.5611111111111111 0.6166666666666667 0.5444444444444444 0.6145833333333334 0.537962962962963 0.6104166666666667 0.537962962962963 0.6088541666666667 0.5425925925925926 0.6104166666666667 0.5842592592592593 0.6151041666666667 0.5851851851851851
1 0.9697916666666667 0.6398148148148148 0.9744791666666667 0.6444444444444445 0.9770833333333333 0.6416666666666667 0.9765625 0.6222222222222222 0.9791666666666666 0.5916666666666667 0.9744791666666667 0.5824074074074074 0.9703125 0.5907407407407408 0.9682291666666667 0.6074074074074074 0.9697916666666667 0.6398148148148148