4 0.40989583333333335 0.6240740740740741 0.4119791666666667 0.6203703703703703 0.41458333333333336 0.5953703703703703 0.41041666666666665 0.587037037037037 0.40208333333333335 0.5842592592592593 0.4010416666666667 0.5907407407407408 0.40625 0.6055555555555555 0.4046875 0.6203703703703703 0.40989583333333335 0.6240740740740741
4 0.8911458333333333 0.6314814814814815 0.8895833333333333 0.5981481481481481 0.884375 0.5935185185185186 0.8822916666666667 0.600925925925926 0.8786458333333333 0.6425925925925926 0.8927083333333333 0.6453703703703704 0.89375 0.6407407407407407 0.8911458333333333 0.6314814814814815
5 0.24635416666666668 0.65 0.24427083333333333 0.6064814814814815 0.24010416666666667 0.5962962962962963 0.23489583333333333 0.6037037037037037 0.23333333333333334 0.6111111111111112 0.23697916666666666 0.65 0.23958333333333334 0.6527777777777778 0.24635416666666668 0.65
4 0.640625 0.7148148148148148 0.6411458333333333 0.6805555555555556 0.6385416666666667 0.6712962962962963 0.6338541666666667 0.6731481481481482 0.6265625 0.7361111111111112 0.6432291666666666 0.7379629629629629 0.6453125 0.7314814814814815 0.640625 0.7148148148148148
3 0.509375 0.5907407407407408 0.5057291666666667 0.5814814814814815 0.5 0.5907407407407408 0.49947916666666664 0.6231481481481481 0.49583333333333335 0.6342592592592593 0.5098958333333333 0.637962962962963 0.509375 0.5907407407407408
4 0.6541666666666667 0.6694444444444444 0.6578125 0.662962962962963 0.6567708333333333 0.6546296296296297 0.659375 0.6287037037037037 0.6567708333333333 0.6138888888888889 0.6546875 0.6101851851851852 0.6510416666666666 0.6138888888888889 0.6458333333333334 0.6425925925925926 0.6494791666666667 0.6583333333333333 0.6489583333333333 0.6657407407407407 0.6541666666666667 0.6694444444444444
4 0.9322916666666666 0.7796296296296297 0.9322916666666666 0.7620370370370371 0.9385416666666667 0.7407407407407407 0.934375 0.7074074074074074 0.9276041666666667 0.7064814814814815 0.925 0.7111111111111111 0.9213541666666667 0.7203703703703703 0.91875 0.7435185185185185 0.9234375 0.7583333333333333 0.9182291666666667 0.7694444444444445 0.9192708333333334 0.7777777777777778 0.9322916666666666 0.7796296296296297
5 0.7208333333333333 0.6833333333333333 0.7229166666666667 0.6583333333333333 0.7177083333333333 0.6407407407407407 0.7145833333333333 0.6407407407407407 0.7130208333333333 0.6462962962962963 0.7125 0.6981481481481482 0.71875 0.7 0.7234375 0.6962962962962963 0.7208333333333333 0.6833333333333333
2 0.19635416666666666 0.5601851851851852 0.19375 0.6111111111111112 0.20520833333333333 0.6074074074074074 0.20416666666666666 0.5601851851851852 0.19635416666666666 0.5601851851851852
5 0.5135416666666667 0.662962962962963 0.5213541666666667 0.6657407407407407 0.5213541666666667 0.6212962962962963 0.5182291666666666 0.612037037037037 0.5145833333333333 0.6129629629629629 0.5052083333333334 0.6268518518518519 0.5119791666666667 0.6398148148148148 0.5140625 0.649074074074074 0.5135416666666667 0.662962962962963
4 0.3494791666666667 0.6388888888888888 0.34739583333333335 0.5972222222222222 0.34322916666666664 0.587037037037037 0.33958333333333335 0.5916666666666667 0.33697916666666666 0.6388888888888888 0.34010416666666665 0.6435185185185185 0.3463541666666667 0.6435185185185185 0.3494791666666667 0.6388888888888888
5 0.9390625 0.7472222222222222 0.9380208333333333 0.7148148148148148 0.9322916666666666 0.6962962962962963 0.9302083333333333 0.6962962962962963 0.9255208333333333 0.7083333333333334 0.9244791666666666 0.7166666666666667 0.9265625 0.7185185185185186 0.9317708333333333 0.7564814814814815 0.9390625 0.7472222222222222
5 0.5458333333333333 0.5648148148148148 0.5416666666666666 0.5722222222222222 0.5411458333333333 0.5916666666666667 0.5484375 0.6 0.55 0.5666666666666667 0.5458333333333333 0.5648148148148148
5 0.32395833333333335 0.7583333333333333 0.32760416666666664 0.7444444444444445 0.32447916666666665 0.7046296296296296 0.3203125 0.7037037037037037 0.3140625 0.7157407407407408 0.31354166666666666 0.775 0.3182291666666667 0.7824074074074074 0.3234375 0.775 0.32395833333333335 0.7583333333333333
4 0.5578125 0.6064814814814815 0.5572916666666666 0.6 0.553125 0.6 0.5484375 0.5879629629629629 0.5484375 0.5666666666666667 0.5421875 0.5712962962962963 0.5395833333333333 0.5833333333333334 0.5369791666666667 0.6194444444444445 0.5479166666666667 0.6185185185185185 0.5526041666666667 0.6092592592592593 0.5578125 0.6064814814814815
3 0.38333333333333336 0.5277777777777778 0.37864583333333335 0.5222222222222223 0.3734375 0.5268518518518519 0.37604166666666666 0.5564814814814815 0.38125 0.5592592592592592 0.38333333333333336 0.5555555555555556 0.38333333333333336 0.5277777777777778
5 0.5494791666666666 0.649074074074074 0.5572916666666666 0.6509259259259259 0.5598958333333334 0.6407407407407407 0.5604166666666667 0.6074074074074074 0.5572916666666666 0.5990740740740741 0.5479166666666667 0.6064814814814815 0.5479166666666667 0.6157407407407407 0.5447916666666667 0.6185185185185185 0.5505208333333333 0.6259259259259259 0.5494791666666666 0.649074074074074
0 0.21197916666666666 0.5990740740740741 0.2125 0.6074074074074074 0.2171875 0.6064814814814815 0.21666666666666667 0.5972222222222222 0.21197916666666666 0.5990740740740741
5 0.2713541666666667 0.5583333333333333 0.26614583333333336 0.5564814814814815 0.2630208333333333 0.5675925925925925 0.259375 0.6 0.27291666666666664 0.5990740740740741 0.2703125 0.5712962962962963 0.2713541666666667 0.5583333333333333
5 0.8489583333333334 0.6 0.8458333333333333 0.5972222222222222 0.8401041666666667 0.6074074074074074 0.8432291666666667 0.6453703703703704 0.8484375 0.6472222222222223 0.8520833333333333 0.6111111111111112 0.8489583333333334 0.6
4 0.7703125 0.6222222222222222 0.7671875 0.612037037037037 0.7635416666666667 0.6111111111111112 0.7625 0.6148148148148148 0.7583333333333333 0.6657407407407407 0.7635416666666667 0.6685185185185185 0.7697916666666667 0.6620370370370371 0.7703125 0.6222222222222222