5 0.63125 0.5722222222222222 0.634375 0.5657407407407408 0.634375 0.5342592592592592 0.6302083333333334 0.5287037037037037 0.6255208333333333 0.5398148148148149 0.6223958333333334 0.5722222222222222 0.63125 0.5722222222222222
4 0.7067708333333333 0.6592592592592592 0.7088541666666667 0.6537037037037037 0.7078125 0.6342592592592593 0.7114583333333333 0.6222222222222222 0.7114583333333333 0.6092592592592593 0.7052083333333333 0.5972222222222222 0.7010416666666667 0.5972222222222222 0.6958333333333333 0.6101851851851852 0.6953125 0.6574074074074074 0.7067708333333333 0.6592592592592592
4 0.23229166666666667 0.5861111111111111 0.2359375 0.5805555555555556 0.2390625 0.5537037037037037 0.23854166666666668 0.5407407407407407 0.23489583333333333 0.537962962962963 0.22864583333333333 0.5462962962962963 0.22916666666666666 0.5814814814814815 0.23229166666666667 0.5861111111111111
5 0.68125 0.6064814814814815 0.6854166666666667 0.6074074074074074 0.6895833333333333 0.6027777777777777 0.690625 0.5944444444444444 0.6911458333333333 0.562962962962963 0.6890625 0.5527777777777778 0.6854166666666667 0.5537037037037037 0.6807291666666667 0.5666666666666667 0.6802083333333333 0.6018518518518519 0.68125 0.6064814814814815
4 0.3536458333333333 0.7444444444444445 0.35572916666666665 0.762962962962963 0.35885416666666664 0.7638888888888888 0.36354166666666665 0.7564814814814815 0.3651041666666667 0.7268518518518519 0.36875 0.7194444444444444 0.36875 0.7129629629629629 0.3651041666666667 0.6962962962962963 0.3572916666666667 0.6805555555555556 0.353125 0.6814814814814815 0.3489583333333333 0.7027777777777777 0.3494791666666667 0.737037037037037 0.3536458333333333 0.7444444444444445
3 0.5296875 0.6064814814814815 0.5328125 0.6018518518518519 0.5354166666666667 0.5638888888888889 0.5296875 0.5435185185185185 0.5255208333333333 0.5444444444444444 0.5229166666666667 0.5574074074074075 0.5239583333333333 0.5925925925925926 0.5296875 0.6064814814814815
4 0.30520833333333336 0.6425925925925926 0.3078125 0.6453703703703704 0.3104166666666667 0.6425925925925926 0.3145833333333333 0.6 0.3104166666666667 0.5842592592592593 0.3067708333333333 0.5851851851851851 0.3020833333333333 0.5953703703703703 0.3026041666666667 0.6203703703703703 0.30520833333333336 0.6425925925925926
5 0.4005208333333333 0.5796296296296296 0.40625 0.5796296296296296 0.4078125 0.5509259259259259 0.40572916666666664 0.5305555555555556 0.40260416666666665 0.5296296296296297 0.4 0.5398148148148149 0.39895833333333336 0.575925925925926 0.4005208333333333 0.5796296296296296
5 0.5161458333333333 0.6342592592592593 0.5192708333333333 0.6361111111111111 0.5229166666666667 0.6092592592592593 0.5270833333333333 0.5972222222222222 0.5328125 0.5944444444444444 0.5328125 0.5898148148148148 0.53125 0.5861111111111111 0.5197916666666667 0.5805555555555556 0.5135416666666667 0.5916666666666667 0.5135416666666667 0.6185185185185185 0.5161458333333333 0.6342592592592593
4 0.5916666666666667 0.587037037037037 0.5958333333333333 0.575925925925926 0.5979166666666667 0.5518518518518518 0.5916666666666667 0.5407407407407407 0.5880208333333333 0.5481481481481482 0.5890625 0.5842592592592593 0.5916666666666667 0.587037037037037
4 0.06354166666666666 0.6203703703703703 0.06302083333333333 0.6333333333333333 0.07395833333333333 0.6351851851851852 0.07239583333333334 0.6175925925925926 0.07552083333333333 0.6027777777777777 0.071875 0.5796296296296296 0.06770833333333333 0.575925925925926 0.06041666666666667 0.5962962962962963 0.059895833333333336 0.6083333333333333 0.06354166666666666 0.6203703703703703
5 0.36875 0.6111111111111112 0.37135416666666665 0.6074074074074074 0.375 0.5722222222222222 0.3697916666666667 0.5583333333333333 0.3671875 0.5592592592592592 0.3645833333333333 0.5666666666666667 0.365625 0.6074074074074074 0.36875 0.6111111111111112
5 0.7359375 0.6342592592592593 0.7380208333333333 0.6467592592592593 0.7369791666666666 0.6694444444444444 0.7515625 0.6666666666666666 0.7520833333333333 0.6601851851851852 0.7463541666666667 0.65 0.7484375 0.6425925925925926 0.7479166666666667 0.6259259259259259 0.74375 0.6111111111111112 0.7390625 0.612037037037037 0.7390625 0.6268518518518519 0.7359375 0.6342592592592593
4 0.4432291666666667 0.5472222222222223 0.44375 0.4981481481481482 0.43802083333333336 0.5009259259259259 0.4354166666666667 0.5231481481481481 0.4348958333333333 0.5444444444444444 0.4432291666666667 0.5472222222222223
4 0.55 0.549074074074074 0.5505208333333333 0.5120370370370371 0.5489583333333333 0.5055555555555555 0.54375 0.5092592592592593 0.540625 0.525 0.5401041666666667 0.5481481481481482 0.55 0.549074074074074
4 0.6677083333333333 0.6064814814814815 0.6692708333333334 0.6101851851851852 0.6729166666666667 0.6101851851851852 0.6739583333333333 0.5796296296296296 0.6723958333333333 0.5564814814814815 0.6692708333333334 0.5546296296296296 0.6625 0.5712962962962963 0.6578125 0.6074074074074074 0.6677083333333333 0.6064814814814815
4 0.17760416666666667 0.6046296296296296 0.1796875 0.5990740740740741 0.18072916666666666 0.5805555555555556 0.18489583333333334 0.5712962962962963 0.17760416666666667 0.5453703703703704 0.171875 0.5546296296296296 0.17291666666666666 0.600925925925926 0.17760416666666667 0.6046296296296296
5 0.7098958333333333 0.6203703703703703 0.7125 0.6231481481481481 0.7166666666666667 0.6157407407407407 0.71875 0.5935185185185186 0.7151041666666667 0.5722222222222222 0.7109375 0.5703703703703704 0.7057291666666666 0.587037037037037 0.7052083333333333 0.5990740740740741 0.7098958333333333 0.6203703703703703
3 0.2828125 0.5333333333333333 0.28854166666666664 0.5092592592592593 0.29375 0.5027777777777778 0.29375 0.4861111111111111 0.2875 0.4787037037037037 0.2786458333333333 0.48518518518518516 0.27708333333333335 0.5287037037037037 0.2828125 0.5333333333333333
5 0.31666666666666665 0.5675925925925925 0.3223958333333333 0.5694444444444444 0.3234375 0.5277777777777778 0.3182291666666667 0.5175925925925926 0.31302083333333336 0.525 0.3125 0.5425925925925926 0.31666666666666665 0.5675925925925925
5 0.4265625 0.6842592592592592 0.4296875 0.6851851851851852 0.43125 0.6805555555555556 0.440625 0.6916666666666667 0.4421875 0.6898148148148148 0.44114583333333335 0.6546296296296297 0.44635416666666666 0.6388888888888888 0.4395833333333333 0.6287037037037037 0.4354166666666667 0.6277777777777778 0.43072916666666666 0.6462962962962963 0.42604166666666665 0.6768518518518518 0.4265625 0.6842592592592592
3 0.0953125 0.5370370370370371 0.10052083333333334 0.5333333333333333 0.103125 0.5361111111111111 0.10520833333333333 0.5333333333333333 0.103125 0.525 0.10729166666666666 0.5092592592592593 0.10572916666666667 0.49907407407407406 0.10885416666666667 0.4935185185185185 0.10208333333333333 0.4861111111111111 0.0921875 0.49166666666666664 0.09270833333333334 0.5324074074074074 0.0953125 0.5370370370370371