3 0.05260416666666667 0.7194444444444444 0.057291666666666664 0.7157407407407408 0.06822916666666666 0.7231481481481481 0.0703125 0.7129629629629629 0.06041666666666667 0.6824074074074075 0.05625 0.6462962962962963 0.050520833333333334 0.6296296296296297 0.0484375 0.6277777777777778 0.04479166666666667 0.6314814814814815 0.0453125 0.6944444444444444 0.05260416666666667 0.7194444444444444
5 0.40520833333333334 0.7240740740740741 0.40989583333333335 0.737037037037037 0.4078125 0.7435185185185185 0.4125 0.775 0.41875 0.7777777777777778 0.4203125 0.7759259259259259 0.41822916666666665 0.7620370370370371 0.4192708333333333 0.7564814814814815 0.434375 0.7555555555555555 0.434375 0.7518518518518519 0.43125 0.7453703703703703 0.4244791666666667 0.7407407407407407 0.421875 0.7185185185185186 0.41458333333333336 0.6935185185185185 0.4114583333333333 0.6898148148148148 0.40729166666666666 0.6972222222222222 0.4078125 0.7185185185185186 0.40520833333333334 0.7240740740740741
4 0.1765625 0.825925925925926 0.18541666666666667 0.8296296296296296 0.19010416666666666 0.8851851851851852 0.19427083333333334 0.887962962962963 0.20104166666666667 0.8842592592592593 0.20208333333333334 0.8 0.19479166666666667 0.775 0.19166666666666668 0.774074074074074 0.1890625 0.7777777777777778 0.17916666666666667 0.8046296296296296 0.17604166666666668 0.8185185185185185 0.1765625 0.825925925925926
5 0.2916666666666667 0.7907407407407407 0.30572916666666666 0.8 0.31354166666666666 0.799074074074074 0.325 0.8046296296296296 0.3260416666666667 0.7953703703703704 0.32395833333333335 0.7916666666666666 0.31614583333333335 0.7916666666666666 0.3078125 0.7814814814814814 0.30364583333333334 0.7527777777777778 0.2984375 0.7333333333333333 0.2942708333333333 0.7305555555555555 0.2916666666666667 0.7361111111111112 0.29322916666666665 0.7518518518518519 0.2916666666666667 0.7907407407407407
5 0.43854166666666666 0.7861111111111111 0.44635416666666666 0.7935185185185185 0.44375 0.8222222222222222 0.45416666666666666 0.8379629629629629 0.45260416666666664 0.8490740740740741 0.4630208333333333 0.8490740740740741 0.4640625 0.8268518518518518 0.45729166666666665 0.8212962962962963 0.4552083333333333 0.8138888888888889 0.4578125 0.8 0.4552083333333333 0.7722222222222223 0.44947916666666665 0.7611111111111111 0.44635416666666666 0.7481481481481481 0.4427083333333333 0.7472222222222222 0.4401041666666667 0.7555555555555555 0.4427083333333333 0.774074074074074 0.43854166666666666 0.7861111111111111
4 0.6541666666666667 0.6277777777777778 0.6614583333333334 0.6638888888888889 0.6619791666666667 0.6759259259259259 0.665625 0.6777777777777778 0.6677083333333333 0.674074074074074 0.6661458333333333 0.6407407407407407 0.6708333333333333 0.6351851851851852 0.6677083333333333 0.6101851851851852 0.659375 0.5925925925925926 0.6557291666666667 0.5953703703703703 0.6520833333333333 0.6064814814814815 0.6489583333333333 0.6185185185185185 0.6541666666666667 0.6277777777777778
5 0.5838541666666667 0.6574074074074074 0.5901041666666667 0.6648148148148149 0.590625 0.6814814814814815 0.5984375 0.6907407407407408 0.6072916666666667 0.687962962962963 0.6088541666666667 0.6851851851851852 0.6072916666666667 0.6685185185185185 0.603125 0.6611111111111111 0.6010416666666667 0.65 0.5916666666666667 0.6333333333333333 0.5875 0.6324074074074074 0.5859375 0.637962962962963 0.5869791666666667 0.6462962962962963 0.5838541666666667 0.6574074074074074
2 0.7239583333333334 0.6787037037037037 0.7234375 0.6851851851851852 0.7203125 0.6898148148148148 0.7244791666666667 0.6935185185185185 0.7401041666666667 0.6888888888888889 0.740625 0.6777777777777778 0.7354166666666667 0.6694444444444444 0.7328125 0.6574074074074074 0.7354166666666667 0.6472222222222223 0.7333333333333333 0.6148148148148148 0.7286458333333333 0.6055555555555555 0.7244791666666667 0.6055555555555555 0.721875 0.6101851851851852 0.7239583333333334 0.6268518518518519 0.7239583333333334 0.6787037037037037
5 0.3692708333333333 0.6546296296296297 0.3697916666666667 0.6731481481481482 0.3729166666666667 0.6759259259259259 0.3765625 0.6657407407407407 0.3880208333333333 0.6712962962962963 0.3875 0.6620370370370371 0.3802083333333333 0.6574074074074074 0.378125 0.6259259259259259 0.3703125 0.6101851851851852 0.3645833333333333 0.612037037037037 0.36354166666666665 0.6351851851851852 0.3692708333333333 0.6546296296296297
5 0.5953125 0.7166666666666667 0.6010416666666667 0.7148148148148148 0.6041666666666666 0.7203703703703703 0.6020833333333333 0.7564814814814815 0.5979166666666667 0.7666666666666667 0.5994791666666667 0.7703703703703704 0.6067708333333334 0.7675925925925926 0.609375 0.7453703703703703 0.625 0.7407407407407407 0.6338541666666667 0.7425925925925926 0.6333333333333333 0.7351851851851852 0.6302083333333334 0.7305555555555555 0.6182291666666667 0.7314814814814815 0.6161458333333333 0.7185185185185186 0.6197916666666666 0.7055555555555556 0.61875 0.6990740740740741 0.6072916666666667 0.687962962962963 0.5989583333333334 0.6916666666666667 0.5989583333333334 0.7055555555555556 0.5953125 0.7166666666666667
5 0.49270833333333336 0.6990740740740741 0.49270833333333336 0.712037037037037 0.5026041666666666 0.7111111111111111 0.5020833333333333 0.7037037037037037 0.5072916666666667 0.6925925925925925 0.5140625 0.700925925925926 0.5171875 0.7129629629629629 0.5208333333333334 0.7129629629629629 0.5213541666666667 0.700925925925926 0.5083333333333333 0.6805555555555556 0.5057291666666667 0.6685185185185185 0.49114583333333334 0.6314814814814815 0.4890625 0.6305555555555555 0.4869791666666667 0.6351851851851852 0.48854166666666665 0.6851851851851852 0.49270833333333336 0.6990740740740741
4 0.3625 0.725 0.3697916666666667 0.7462962962962963 0.371875 0.762962962962963 0.37083333333333335 0.774074074074074 0.37447916666666664 0.7759259259259259 0.3776041666666667 0.7712962962962963 0.3770833333333333 0.7407407407407407 0.3796875 0.7324074074074074 0.3796875 0.6962962962962963 0.3729166666666667 0.6768518518518518 0.36822916666666666 0.6805555555555556 0.3651041666666667 0.6962962962962963 0.36614583333333334 0.7101851851851851 0.3625 0.725
5 0.18333333333333332 0.6462962962962963 0.1890625 0.6611111111111111 0.196875 0.6583333333333333 0.1984375 0.6546296296296297 0.196875 0.6425925925925926 0.190625 0.6185185185185185 0.18697916666666667 0.6166666666666667 0.184375 0.6212962962962963 0.18541666666666667 0.6314814814814815 0.18333333333333332 0.6462962962962963
5 0.32395833333333335 0.6583333333333333 0.321875 0.6861111111111111 0.32864583333333336 0.7 0.3296875 0.7083333333333334 0.33958333333333335 0.7 0.3421875 0.7037037037037037 0.34375 0.7138888888888889 0.34791666666666665 0.7129629629629629 0.3484375 0.7046296296296296 0.33177083333333335 0.6518518518518519 0.3260416666666667 0.6268518518518519 0.32135416666666666 0.6287037037037037 0.32083333333333336 0.65 0.32395833333333335 0.6583333333333333
4 0.5583333333333333 0.6537037037037037 0.5703125 0.6972222222222222 0.5765625 0.6990740740740741 0.5807291666666666 0.6861111111111111 0.5838541666666667 0.6851851851851852 0.584375 0.6796296296296296 0.5770833333333333 0.6722222222222223 0.5760416666666667 0.6527777777777778 0.5713541666666667 0.6296296296296297 0.5640625 0.6185185185185185 0.5604166666666667 0.6185185185185185 0.5588541666666667 0.6222222222222222 0.5630208333333333 0.6425925925925926 0.5583333333333333 0.6537037037037037
5 0.16354166666666667 0.6972222222222222 0.16197916666666667 0.762962962962963 0.16666666666666666 0.7657407407407407 0.17083333333333334 0.762962962962963 0.16979166666666667 0.7462962962962963 0.17135416666666667 0.7425925925925926 0.18958333333333333 0.7379629629629629 0.19166666666666668 0.7342592592592593 0.19010416666666666 0.7277777777777777 0.17916666666666667 0.7231481481481481 0.165625 0.675 0.1609375 0.6805555555555556 0.16041666666666668 0.687037037037037 0.16354166666666667 0.6972222222222222
4 0.09010416666666667 0.75 0.09635416666666667 0.7694444444444445 0.09375 0.7824074074074074 0.09635416666666667 0.8148148148148148 0.09375 0.8314814814814815 0.09947916666666666 0.8333333333333334 0.10208333333333333 0.8305555555555556 0.10260416666666666 0.8083333333333333 0.1203125 0.812962962962963 0.1234375 0.8166666666666667 0.12447916666666667 0.8064814814814815 0.12291666666666666 0.8018518518518518 0.1109375 0.7953703703703704 0.10520833333333333 0.7537037037037037 0.096875 0.7324074074074074 0.09166666666666666 0.7314814814814815 0.090625 0.7361111111111112 0.084375 0.7398148148148148 0.078125 0.7379629629629629 0.07864583333333333 0.7435185185185185 0.09010416666666667 0.75
4 0.2786458333333333 0.8111111111111111 0.2755208333333333 0.8166666666666667 0.2833333333333333 0.8324074074074074 0.28125 0.8546296296296296 0.2942708333333333 0.8768518518518519 0.296875 0.8833333333333333 0.296875 0.8925925925925926 0.3026041666666667 0.8944444444444445 0.30625 0.8861111111111111 0.29635416666666664 0.8555555555555555 0.29739583333333336 0.8212962962962963 0.30052083333333335 0.8046296296296296 0.29635416666666664 0.7935185185185185 0.2890625 0.7888888888888889 0.2869791666666667 0.7796296296296297 0.2828125 0.7787037037037037 0.28177083333333336 0.7814814814814814 0.28177083333333336 0.7953703703703704 0.2786458333333333 0.8111111111111111
4 0.25729166666666664 0.6583333333333333 0.2557291666666667 0.6638888888888889 0.25729166666666664 0.6925925925925925 0.26145833333333335 0.6935185185185185 0.2625 0.687037037037037 0.2765625 0.687962962962963 0.27708333333333335 0.6777777777777778 0.2677083333333333 0.6611111111111111 0.2708333333333333 0.6416666666666667 0.2703125 0.6314814814814815 0.2598958333333333 0.6148148148148148 0.2557291666666667 0.6157407407407407 0.25364583333333335 0.6305555555555555 0.253125 0.6435185185185185 0.25729166666666664 0.6583333333333333
4 0.2296875 0.6537037037037037 0.23697916666666666 0.6574074074074074 0.2375 0.6805555555555556 0.23177083333333334 0.6972222222222222 0.23645833333333333 0.7018518518518518 0.23958333333333334 0.6990740740740741 0.24114583333333334 0.6898148148148148 0.24635416666666668 0.6888888888888889 0.246875 0.6981481481481482 0.2520833333333333 0.6972222222222222 0.253125 0.6916666666666667 0.246875 0.6648148148148149 0.24895833333333334 0.6537037037037037 0.246875 0.6314814814814815 0.24010416666666667 0.6129629629629629 0.23645833333333333 0.6138888888888889 0.23489583333333333 0.6185185185185185 0.23333333333333334 0.6398148148148148 0.2296875 0.6537037037037037