5 0.3421875 0.6342592592592593 0.34479166666666666 0.6212962962962963 0.3416666666666667 0.6046296296296296 0.3359375 0.6037037037037037 0.33125 0.612037037037037 0.3333333333333333 0.6342592592592593 0.3302083333333333 0.65 0.3421875 0.65 0.3421875 0.6342592592592593
5 0.65 0.7129629629629629 0.6494791666666667 0.6694444444444444 0.6447916666666667 0.6546296296296297 0.640625 0.6564814814814814 0.6385416666666667 0.6888888888888889 0.6432291666666666 0.712037037037037 0.646875 0.7148148148148148 0.65 0.7129629629629629
5 0.42864583333333334 0.6 0.43125 0.5898148148148148 0.43125 0.575 0.4270833333333333 0.5675925925925925 0.42239583333333336 0.5675925925925925 0.4197916666666667 0.575 0.41822916666666665 0.6055555555555555 0.428125 0.6157407407407407 0.43020833333333336 0.6111111111111112 0.42864583333333334 0.6
3 0.3958333333333333 0.6472222222222223 0.4015625 0.6462962962962963 0.40260416666666665 0.6203703703703703 0.4088541666666667 0.6046296296296296 0.39947916666666666 0.5898148148148148 0.3953125 0.5898148148148148 0.390625 0.6046296296296296 0.390625 0.6185185185185185 0.39427083333333335 0.6333333333333333 0.39375 0.6435185185185185 0.3958333333333333 0.6472222222222223
4 0.3958333333333333 0.700925925925926 0.39791666666666664 0.7 0.39895833333333336 0.6953703703703704 0.39479166666666665 0.6777777777777778 0.3932291666666667 0.6472222222222223 0.3885416666666667 0.6370370370370371 0.3859375 0.637962962962963 0.3828125 0.6527777777777778 0.3807291666666667 0.7 0.3859375 0.7 0.38958333333333334 0.687037037037037 0.3958333333333333 0.700925925925926
3 0.7385416666666667 0.5944444444444444 0.7401041666666667 0.5907407407407408 0.7401041666666667 0.5555555555555556 0.7364583333333333 0.5481481481481482 0.7317708333333334 0.5555555555555556 0.7307291666666667 0.5675925925925925 0.7328125 0.5888888888888889 0.7338541666666667 0.5935185185185186 0.7385416666666667 0.5944444444444444
3 0.3572916666666667 0.5879629629629629 0.3546875 0.5712962962962963 0.3578125 0.5564814814814815 0.3494791666666667 0.5509259259259259 0.34479166666666666 0.5601851851851852 0.3458333333333333 0.575 0.34375 0.5787037037037037 0.34427083333333336 0.587037037037037 0.3572916666666667 0.5879629629629629
4 0.696875 0.6018518518518519 0.6994791666666667 0.5953703703703703 0.6973958333333333 0.575 0.6932291666666667 0.5675925925925925 0.6880208333333333 0.575 0.6885416666666667 0.6157407407407407 0.6932291666666667 0.6203703703703703 0.696875 0.6148148148148148 0.696875 0.6018518518518519
5 0.7239583333333334 0.5879629629629629 0.7208333333333333 0.5740740740740741 0.7166666666666667 0.575 0.7161458333333334 0.6194444444444445 0.7234375 0.6203703703703703 0.725 0.6185185185185185 0.7239583333333334 0.5879629629629629
5 0.5416666666666666 0.6342592592592593 0.54375 0.5916666666666667 0.5375 0.5833333333333334 0.534375 0.5851851851851851 0.5322916666666667 0.5907407407407408 0.5328125 0.6342592592592593 0.5369791666666667 0.6361111111111111 0.5416666666666666 0.6342592592592593
3 0.8369791666666667 0.9527777777777777 0.8395833333333333 0.9518518518518518 0.8442708333333333 0.9037037037037037 0.8364583333333333 0.8768518518518519 0.8317708333333333 0.8740740740740741 0.8223958333333333 0.899074074074074 0.8234375 0.9416666666666667 0.8296875 0.95 0.8328125 0.9462962962962963 0.8369791666666667 0.9527777777777777
4 0.26145833333333335 0.6314814814814815 0.2635416666666667 0.6240740740740741 0.26197916666666665 0.5981481481481481 0.25885416666666666 0.5944444444444444 0.25104166666666666 0.6101851851851852 0.25104166666666666 0.6462962962962963 0.2598958333333333 0.6509259259259259 0.26197916666666665 0.6472222222222223 0.26145833333333335 0.6314814814814815
4 0.50625 0.6592592592592592 0.5083333333333333 0.6222222222222222 0.5015625 0.6064814814814815 0.4979166666666667 0.6148148148148148 0.4947916666666667 0.6305555555555555 0.5005208333333333 0.6388888888888888 0.5010416666666667 0.6583333333333333 0.50625 0.6592592592592592
4 0.3338541666666667 0.6074074074074074 0.3338541666666667 0.5703703703703704 0.321875 0.5694444444444444 0.3182291666666667 0.5861111111111111 0.31666666666666665 0.6148148148148148 0.3234375 0.6157407407407407 0.3265625 0.6092592592592593 0.3338541666666667 0.6074074074074074
5 0.7807291666666667 0.600925925925926 0.7791666666666667 0.5953703703703703 0.7744791666666667 0.5962962962962963 0.7729166666666667 0.6472222222222223 0.78125 0.65 0.7833333333333333 0.6453703703703704 0.7807291666666667 0.600925925925926
5 0.3338541666666667 0.5694444444444444 0.3296875 0.5722222222222222 0.3255208333333333 0.5814814814814815 0.3260416666666667 0.6083333333333333 0.3338541666666667 0.6101851851851852 0.33645833333333336 0.6074074074074074 0.3338541666666667 0.5694444444444444
4 0.4640625 0.6175925925925926 0.4666666666666667 0.625 0.4703125 0.6231481481481481 0.45989583333333334 0.5777777777777777 0.4578125 0.5777777777777777 0.4546875 0.5916666666666667 0.45364583333333336 0.625 0.45625 0.6259259259259259 0.4609375 0.6157407407407407 0.4640625 0.6175925925925926
4 0.2869791666666667 0.6601851851851852 0.2859375 0.6305555555555555 0.2828125 0.6157407407407407 0.278125 0.6092592592592593 0.271875 0.6222222222222222 0.2713541666666667 0.6342592592592593 0.2791666666666667 0.6518518518518519 0.2786458333333333 0.6620370370370371 0.2869791666666667 0.6601851851851852
5 0.5921875 0.6407407407407407 0.5927083333333333 0.6111111111111112 0.5875 0.6 0.5848958333333333 0.6037037037037037 0.5838541666666667 0.612037037037037 0.5833333333333334 0.6537037037037037 0.5921875 0.6555555555555556 0.5942708333333333 0.6537037037037037 0.5921875 0.6407407407407407
5 0.6130208333333333 0.575925925925926 0.6088541666666667 0.5712962962962963 0.6046875 0.5731481481481482 0.6052083333333333 0.6064814814814815 0.6135416666666667 0.6074074074074074 0.6151041666666667 0.6027777777777777 0.6130208333333333 0.575925925925926
4 0.4119791666666667 0.6 0.4119791666666667 0.5694444444444444 0.40989583333333335 0.5648148148148148 0.40520833333333334 0.5648148148148148 0.40208333333333335 0.575 0.4010416666666667 0.5953703703703703 0.403125 0.6111111111111112 0.40989583333333335 0.6092592592592593 0.4119791666666667 0.6
4 0.5755208333333334 0.6037037037037037 0.5791666666666667 0.5685185185185185 0.5723958333333333 0.5583333333333333 0.5666666666666667 0.5666666666666667 0.5661458333333333 0.575925925925926 0.5703125 0.600925925925926 0.571875 0.6046296296296296 0.5755208333333334 0.6037037037037037