4 0.2828125 0.6601851851851852 0.28541666666666665 0.6462962962962963 0.284375 0.6138888888888889 0.28177083333333336 0.6074074074074074 0.2786458333333333 0.6064814814814815 0.27395833333333336 0.6185185185185185 0.27708333333333335 0.6574074074074074 0.2828125 0.6601851851851852
4 0.6385416666666667 0.6962962962962963 0.6421875 0.6972222222222222 0.6453125 0.6935185185185185 0.6463541666666667 0.6851851851851852 0.6463541666666667 0.65 0.6442708333333333 0.637962962962963 0.640625 0.637962962962963 0.6348958333333333 0.649074074074074 0.6354166666666666 0.6888888888888889 0.6385416666666667 0.6962962962962963
5 0.8583333333333333 0.6796296296296296 0.8614583333333333 0.6824074074074075 0.8651041666666667 0.6777777777777778 0.8677083333333333 0.6462962962962963 0.8645833333333334 0.6287037037037037 0.8598958333333333 0.6296296296296297 0.8567708333333334 0.6444444444444445 0.8567708333333334 0.6694444444444444 0.8583333333333333 0.6796296296296296
5 0.3182291666666667 0.7185185185185186 0.325 0.7222222222222222 0.3265625 0.7203703703703703 0.3265625 0.7037037037037037 0.33541666666666664 0.6814814814814815 0.3296875 0.6759259259259259 0.3260416666666667 0.6648148148148149 0.321875 0.6657407407407407 0.31666666666666665 0.6787037037037037 0.315625 0.687037037037037 0.3182291666666667 0.7185185185185186
4 0.2140625 0.687962962962963 0.21875 0.7203703703703703 0.2203125 0.725 0.22447916666666667 0.725925925925926 0.23125 0.6888888888888889 0.22604166666666667 0.6648148148148149 0.22395833333333334 0.6620370370370371 0.21927083333333333 0.6666666666666666 0.2140625 0.6768518518518518 0.2140625 0.687962962962963
4 0.3984375 0.6888888888888889 0.4010416666666667 0.6898148148148148 0.40677083333333336 0.6620370370370371 0.40520833333333334 0.6444444444444445 0.4036458333333333 0.637962962962963 0.39947916666666666 0.6351851851851852 0.39375 0.649074074074074 0.3953125 0.6805555555555556 0.3984375 0.6888888888888889
4 0.3578125 0.5990740740740741 0.3619791666666667 0.6135805555555556 0.3609375 0.6222222222222222 0.371875 0.6222222222222222 0.3723958333333333 0.5833333333333334 0.3651041666666667 0.5777777777777777 0.35989583333333336 0.5898148148148148 0.35989583333333336 0.5962962962962963 0.3578125 0.5990740740740741
3 0.4390625 0.687037037037037 0.4432291666666667 0.687962962962963 0.446875 0.6731481481481482 0.4479166666666667 0.637962962962963 0.4427083333333333 0.6296296296296297 0.43645833333333334 0.6453703703703704 0.4375 0.6814814814814815 0.4390625 0.687037037037037
4 0.4901041666666667 0.6898148148148148 0.49375 0.7129629629629629 0.4979166666666667 0.7203703703703703 0.5 0.7101851851851851 0.49947916666666664 0.6981481481481482 0.503125 0.6916666666666667 0.5041666666666667 0.6814814814814815 0.4984375 0.6648148148148149 0.4947916666666667 0.6685185185185185 0.4901041666666667 0.6777777777777778 0.4901041666666667 0.6898148148148148
3 0.309375 0.5990740740740741 0.309375 0.5712962962962963 0.3026041666666667 0.5546296296296296 0.29739583333333336 0.5601851851851852 0.29739583333333336 0.5990740740740741 0.309375 0.5990740740740741
5 0.7010416666666667 0.6694444444444444 0.7046875 0.6703703703703704 0.7072916666666667 0.6620370370370371 0.7067708333333333 0.6287037037037037 0.7010416666666667 0.6175925925925926 0.6963541666666667 0.6268518518518519 0.6973958333333333 0.6537037037037037 0.7010416666666667 0.6694444444444444
5 0.540625 0.6444444444444445 0.5432291666666667 0.6074074074074074 0.5369791666666667 0.5925925925925926 0.5317708333333333 0.6027777777777777 0.5359375 0.6407407407407407 0.540625 0.6444444444444445
5 0.3723958333333333 0.6111111111111112 0.37552083333333336 0.6138888888888889 0.3854166666666667 0.6129629629629629 0.38385416666666666 0.5990740740740741 0.38645833333333335 0.5833333333333334 0.3828125 0.5787037037037037 0.37395833333333334 0.5824074074074074 0.3723958333333333 0.5851851851851851 0.3723958333333333 0.6111111111111112
4 0.4822916666666667 0.65 0.4828125 0.625 0.4869791666666667 0.6185185185185185 0.4796875 0.6 0.47604166666666664 0.6018518518518519 0.4739583333333333 0.6101851851851852 0.4739583333333333 0.6444444444444445 0.4822916666666667 0.65
5 0.46822916666666664 0.7055555555555556 0.4703125 0.7157407407407408 0.4822916666666667 0.7166666666666667 0.48333333333333334 0.687962962962963 0.4817708333333333 0.6611111111111111 0.47760416666666666 0.6592592592592592 0.4739583333333333 0.6694444444444444 0.4708333333333333 0.6981481481481482 0.46822916666666664 0.7055555555555556
5 0.18697916666666667 0.6712962962962963 0.18645833333333334 0.6962962962962963 0.19322916666666667 0.6972222222222222 0.19791666666666666 0.6527777777777778 0.19322916666666667 0.6342592592592593 0.19010416666666666 0.6351851851851852 0.18489583333333334 0.6462962962962963 0.18125 0.6638888888888889 0.18697916666666667 0.6712962962962963
4 0.43854166666666666 0.7564814814814815 0.44427083333333334 0.7842592592592592 0.4484375 0.787962962962963 0.4505208333333333 0.7861111111111111 0.4510416666666667 0.7796296296296297 0.4515625 0.725 0.446875 0.712037037037037 0.4421875 0.7157407407407408 0.43854166666666666 0.7277777777777777 0.43854166666666666 0.7564814814814815
5 0.6479166666666667 0.6277777777777778 0.6541666666666667 0.6518518518518519 0.6572916666666667 0.6462962962962963 0.6604166666666667 0.6148148148148148 0.65625 0.6037037037037037 0.653125 0.6018518518518519 0.65 0.6055555555555555 0.6479166666666667 0.6111111111111112 0.6479166666666667 0.6277777777777778
5 0.8734375 0.7675925925925926 0.88125 0.7703703703703704 0.8833333333333333 0.7666666666666667 0.8822916666666667 0.7490740740740741 0.884375 0.7231481481481481 0.878125 0.700925925925926 0.8739583333333333 0.7018518518518518 0.8723958333333334 0.7064814814814815 0.8703125 0.7324074074074074 0.8734375 0.7675925925925926
5 0.6130208333333333 0.8490740740740741 0.615625 0.850925925925926 0.6177083333333333 0.8490740740740741 0.6197916666666666 0.8305555555555556 0.6203125 0.8064814814814815 0.6130208333333333 0.7824074074074074 0.6072916666666667 0.7833333333333333 0.6083333333333333 0.8277777777777777 0.6130208333333333 0.8490740740740741
4 0.20364583333333333 0.6898148148148148 0.20989583333333334 0.6935185185185185 0.21458333333333332 0.6814814814814815 0.2125 0.6370370370370371 0.20833333333333334 0.6342592592592593 0.20416666666666666 0.6444444444444445 0.20260416666666667 0.65 0.20364583333333333 0.6898148148148148
5 0.6489583333333333 0.6324074074074074 0.6505208333333333 0.5990740740740741 0.6484375 0.5916666666666667 0.64375 0.5916666666666667 0.6416666666666667 0.6175925925925926 0.6411458333333333 0.6342592592592593 0.6489583333333333 0.6324074074074074
0 0.7822916666666667 0.7148148148148148 0.7802083333333333 0.7046296296296296 0.775 0.7055555555555556 0.775 0.7166666666666667 0.7822916666666667 0.7148148148148148
3 0.5994791666666667 0.6083333333333333 0.6015625 0.6046296296296296 0.6052083333333333 0.5712962962962963 0.6026041666666667 0.5638888888888889 0.6041666666666666 0.5611111111111111 0.603125 0.5555555555555556 0.5989583333333334 0.5518518518518518 0.596875 0.5601851851851852 0.596875 0.6046296296296296 0.5994791666666667 0.6083333333333333