4 0.915625 0.7527777777777778 0.9125 0.7685185185185185 0.9140625 0.7712962962962963 0.9234375 0.7703703703703704 0.9255208333333333 0.7675925925925926 0.9229166666666667 0.7555555555555555 0.928125 0.7314814814814815 0.9276041666666667 0.7231481481481481 0.9197916666666667 0.7074074074074074 0.9161458333333333 0.7083333333333334 0.9135416666666667 0.7148148148148148 0.9125 0.7203703703703703 0.915625 0.7527777777777778
4 0.5734375 0.7203703703703703 0.5838541666666667 0.7203703703703703 0.5885416666666666 0.725925925925926 0.590625 0.7240740740740741 0.5890625 0.7083333333333334 0.5901041666666667 0.6898148148148148 0.5875 0.6722222222222223 0.5833333333333334 0.6712962962962963 0.5807291666666666 0.6787037037037037 0.578125 0.7027777777777777 0.5734375 0.7203703703703703
4 0.2015625 0.687962962962963 0.20364583333333333 0.6851851851851852 0.20572916666666666 0.6592592592592592 0.20104166666666667 0.6370370370370371 0.1984375 0.6388888888888888 0.19479166666666667 0.6518518518518519 0.1953125 0.6814814814814815 0.2015625 0.687962962962963
5 0.2942708333333333 0.6703703703703704 0.2994791666666667 0.6648148148148149 0.29739583333333336 0.6546296296296297 0.29739583333333336 0.6305555555555555 0.29322916666666665 0.625 0.29010416666666666 0.6351851851851852 0.29010416666666666 0.6675925925925926 0.2942708333333333 0.6703703703703704
5 0.4 0.7287037037037037 0.4078125 0.7305555555555555 0.409375 0.7277777777777777 0.4083333333333333 0.711574074074074 0.4114583333333333 0.6972222222222222 0.4114583333333333 0.6814814814814815 0.4046875 0.6712962962962963 0.40208333333333335 0.6712962962962963 0.39947916666666666 0.6851851851851852 0.3984375 0.725 0.4 0.7287037037037037
4 0.390625 0.6722222222222223 0.3921875 0.675 0.39791666666666664 0.674074074074074 0.4005208333333333 0.6694444444444444 0.39791666666666664 0.6296296296296297 0.3958333333333333 0.6231481481481481 0.3921875 0.6212962962962963 0.38958333333333334 0.6305555555555555 0.3885416666666667 0.6444444444444445 0.390625 0.6722222222222223
5 0.33645833333333336 0.7138888888888889 0.3380208333333333 0.7166666666666667 0.3416666666666667 0.7111111111111111 0.34479166666666666 0.7175925925925926 0.3484375 0.7166666666666667 0.35052083333333334 0.6805555555555556 0.3458333333333333 0.6638888888888889 0.34010416666666665 0.6694444444444444 0.3359375 0.6851851851851852 0.33645833333333336 0.7138888888888889
5 0.8322916666666667 0.6925925925925925 0.8338541666666667 0.6953703703703704 0.8385416666666666 0.687037037037037 0.84375 0.687037037037037 0.8458333333333333 0.6962962962962963 0.8489583333333334 0.6953703703703704 0.8453125 0.6546296296296297 0.840625 0.65 0.8375 0.6592592592592592 0.8375 0.6685185185185185 0.8322916666666667 0.6925925925925925
5 0.28072916666666664 0.7518518518518519 0.28177083333333336 0.7574074074074074 0.2838541666666667 0.7592592592592593 0.28854166666666664 0.7555555555555555 0.290625 0.7601851851851852 0.2953125 0.7611111111111111 0.2947916666666667 0.7388888888888889 0.29791666666666666 0.7240740740740741 0.2942708333333333 0.7138888888888889 0.2942708333333333 0.7027777777777777 0.290625 0.7018518518518518 0.28854166666666664 0.7055555555555556 0.28229166666666666 0.7268518518518519 0.28541666666666665 0.7416666666666667 0.28072916666666664 0.7518518518518519
4 0.11197916666666667 0.6898148148148148 0.11614583333333334 0.6851851851851852 0.11510416666666666 0.6805555555555556 0.10520833333333333 0.6787037037037037 0.103125 0.6620370370370371 0.09791666666666667 0.6648148148148149 0.09479166666666666 0.6759259259259259 0.09479166666666666 0.6898148148148148 0.11197916666666667 0.6898148148148148
5 0.13958333333333334 0.6861111111111111 0.1421875 0.6842592592592592 0.14375 0.6768518518518518 0.14635416666666667 0.649074074074074 0.1390625 0.6361111111111111 0.13697916666666668 0.6370370370370371 0.13489583333333333 0.649074074074074 0.1375 0.6833333333333333 0.13958333333333334 0.6861111111111111
5 0.3260416666666667 0.7175925925925926 0.3302083333333333 0.7175925925925926 0.3333333333333333 0.6861111111111111 0.33229166666666665 0.6638888888888889 0.3302083333333333 0.6574074074074074 0.32708333333333334 0.6601851851851852 0.325 0.6703703703703704 0.32447916666666665 0.7129629629629629 0.3260416666666667 0.7175925925925926
4 0.24791666666666667 0.7574074074074074 0.25677083333333334 0.7472222222222222 0.259375 0.7527777777777778 0.2640625 0.7527777777777778 0.26458333333333334 0.7481481481481481 0.25833333333333336 0.7240740740740741 0.25885416666666666 0.700925925925926 0.25677083333333334 0.6935185185185185 0.2526041666666667 0.6972222222222222 0.24791666666666667 0.7203703703703703 0.24427083333333333 0.7518518518518519 0.24791666666666667 0.7574074074074074
2 0.13125 0.6777777777777778 0.13072916666666667 0.6620370370370371 0.12760416666666666 0.6527777777777778 0.12395833333333334 0.65 0.11979166666666667 0.6518518518518519 0.1171875 0.6851851851851852 0.13125 0.6777777777777778
3 0.39166666666666666 0.6083333333333333 0.3963541666666667 0.6074074074074074 0.39791666666666664 0.5777777777777777 0.3921875 0.5731481481481482 0.3890625 0.5768518518518518 0.3885416666666667 0.6027777777777777 0.39166666666666666 0.6083333333333333
5 0.1203125 0.7675925925925926 0.12239583333333333 0.7277777777777777 0.11927083333333334 0.7083333333333334 0.11458333333333333 0.7046296296296296 0.10572916666666667 0.7287037037037037 0.109375 0.7657407407407407 0.1203125 0.7675925925925926