4 0.15052083333333333 0.6268518518518519 0.15 0.5935185185185186 0.14635416666666667 0.587037037037037 0.1421875 0.5916666666666667 0.1328125 0.6222222222222222 0.134375 0.6287037037037037 0.14479166666666668 0.6240740740740741 0.15052083333333333 0.6268518518518519
5 0.44635416666666666 0.6814814814814815 0.4510416666666667 0.6814814814814815 0.4510416666666667 0.6768518518518518 0.44583333333333336 0.6694444444444444 0.4359375 0.6324074074074074 0.43125 0.6305555555555555 0.43125 0.6537037037037037 0.434375 0.6805555555555556 0.4432291666666667 0.675 0.44635416666666666 0.6814814814814815
4 0.18125 0.6527777777777778 0.18489583333333334 0.6435185185185185 0.19427083333333334 0.6462962962962963 0.19479166666666667 0.6407407407407407 0.18958333333333333 0.6351851851851852 0.18802083333333333 0.6277777777777778 0.18958333333333333 0.6129629629629629 0.18177083333333333 0.6027777777777777 0.17760416666666667 0.6092592592592593 0.17708333333333334 0.6185185185185185 0.1796875 0.6296296296296297 0.178125 0.65 0.18125 0.6527777777777778
5 0.11927083333333334 0.5935185185185186 0.12083333333333333 0.5777777777777777 0.11510416666666666 0.5666666666666667 0.11041666666666666 0.5814814814814815 0.10677083333333333 0.6092592592592593 0.11927083333333334 0.6074074074074074 0.12135416666666667 0.6027777777777777 0.11927083333333334 0.5935185185185186
4 0.04583333333333333 0.6231481481481481 0.046875 0.6185185185185185 0.0421875 0.5777777777777777 0.04010416666666667 0.575925925925926 0.033854166666666664 0.5833333333333334 0.0328125 0.6074074074074074 0.034375 0.6222222222222222 0.03697916666666667 0.625 0.04583333333333333 0.6231481481481481
3 0.246875 0.649074074074074 0.2520833333333333 0.6462962962962963 0.2557291666666667 0.6537037037037037 0.25833333333333336 0.65 0.2520833333333333 0.6342592592592593 0.25677083333333334 0.6138888888888889 0.2520833333333333 0.5990740740740741 0.24739583333333334 0.600925925925926 0.24583333333333332 0.6305555555555555 0.24166666666666667 0.6527777777777778 0.24375 0.6574074074074074 0.246875 0.649074074074074
4 0.303125 0.65 0.3104166666666667 0.6546296296296297 0.3104166666666667 0.6462962962962963 0.3067708333333333 0.6407407407407407 0.3072916666666667 0.625 0.3104166666666667 0.6185185185185185 0.30052083333333335 0.6074074074074074 0.29635416666666664 0.6111111111111112 0.29375 0.6333333333333333 0.2947916666666667 0.6583333333333333 0.3 0.6583333333333333 0.303125 0.65
5 0.005208333333333333 0.725925925925926 0.017708333333333333 0.7314814814814815 0.021354166666666667 0.7231481481481481 0.0140625 0.7055555555555556 0.0140625 0.6888888888888889 0.0171875 0.6814814814814815 0.016666666666666666 0.6768518518518518 0.0109375 0.6601851851851852 0.0067708333333333336 0.6620370370370371 0.0026041666666666665 0.6768518518518518 0.005208333333333333 0.687037037037037 0.0026041666666666665 0.7018518518518518 0.005208333333333333 0.725925925925926
5 0.5052083333333334 0.6861111111111111 0.5098958333333333 0.6851851851851852 0.5119791666666667 0.637962962962963 0.50625 0.6231481481481481 0.503125 0.6268518518518519 0.5015625 0.6370370370370371 0.5010416666666667 0.662962962962963 0.5041666666666667 0.675 0.5036458333333333 0.6824074074074075 0.5052083333333334 0.6861111111111111
4 0.6375 0.6944444444444444 0.6421875 0.6962962962962963 0.6447916666666667 0.6888888888888889 0.6505208333333333 0.687037037037037 0.6515625 0.6935185185185185 0.6552083333333333 0.6953703703703704 0.6567708333333333 0.6925925925925925 0.6520833333333333 0.6722222222222223 0.6526041666666667 0.6444444444444445 0.6510416666666666 0.6361111111111111 0.6421875 0.6305555555555555 0.6411458333333333 0.6435185185185185 0.6354166666666666 0.6537037037037037 0.6375 0.6675925925925926 0.634375 0.6833333333333333 0.6375 0.6861111111111111 0.6375 0.6944444444444444
3 0.896875 0.9388888888888889 0.9010416666666666 0.9259259259259259 0.9052083333333333 0.9212962962962963 0.9114583333333334 0.925 0.9203125 0.937962962962963 0.9229166666666667 0.9314814814814815 0.909375 0.9083333333333333 0.9135416666666667 0.8722222222222222 0.9036458333333334 0.8462962962962963 0.8994791666666667 0.8462962962962963 0.8979166666666667 0.8518518518518519 0.9 0.8981481481481481 0.8963541666666667 0.9166666666666666 0.8953125 0.937962962962963 0.896875 0.9388888888888889
5 0.640625 0.6333333333333333 0.6307291666666667 0.6018518518518519 0.6276041666666666 0.6055555555555555 0.6260416666666667 0.625 0.6265625 0.6537037037037037 0.6307291666666667 0.6555555555555556 0.6375 0.65 0.640625 0.6333333333333333
5 0.5151041666666667 0.6148148148148148 0.5161458333333333 0.6092592592592593 0.5130208333333334 0.5796296296296296 0.5098958333333333 0.575 0.5015625 0.575925925925926 0.5 0.5879629629629629 0.5010416666666667 0.6074074074074074 0.5088541666666667 0.6148148148148148 0.5151041666666667 0.6148148148148148
3 0.06041666666666667 0.5712962962962963 0.0640625 0.5842592592592593 0.07552083333333333 0.5796296296296296 0.071875 0.575925925925926 0.06979166666666667 0.5638888888888889 0.07135416666666666 0.5564814814814815 0.06770833333333333 0.5453703703703704 0.0640625 0.5453703703703704 0.05625 0.5537037037037037 0.05572916666666667 0.5583333333333333 0.06041666666666667 0.5601851851851852 0.06197916666666667 0.5675925925925925 0.06041666666666667 0.5712962962962963
4 0.4203125 0.7129629629629629 0.4244791666666667 0.7138888888888889 0.4359375 0.7277777777777777 0.4375 0.7231481481481481 0.43645833333333334 0.7166666666666667 0.4276041666666667 0.7083333333333334 0.428125 0.6916666666666667 0.4317708333333333 0.6805555555555556 0.4244791666666667 0.6620370370370371 0.41875 0.6796296296296296 0.415625 0.7064814814814815 0.40989583333333335 0.7277777777777777 0.415625 0.7287037037037037 0.4203125 0.7129629629629629
5 0.18229166666666666 0.6888888888888889 0.17604166666666668 0.6787037037037037 0.178125 0.6518518518518519 0.17447916666666666 0.637962962962963 0.16979166666666667 0.6416666666666667 0.16875 0.6518518518518519 0.16770833333333332 0.6833333333333333 0.16927083333333334 0.6990740740740741 0.18229166666666666 0.6972222222222222 0.18229166666666666 0.6888888888888889
4 0.37135416666666665 0.6777777777777778 0.3770833333333333 0.6777777777777778 0.37552083333333336 0.637962962962963 0.3692708333333333 0.625 0.3651041666666667 0.6268518518518519 0.3640625 0.6425925925925926 0.36666666666666664 0.6518518518518519 0.3651041666666667 0.662962962962963 0.37135416666666665 0.6777777777777778
0 0.14166666666666666 0.6185185185185185 0.1390625 0.6129629629629629 0.134375 0.6185185185185185 0.13229166666666667 0.6222222222222222 0.134375 0.6296296296296297 0.140625 0.6268518518518519 0.14166666666666666 0.6185185185185185
5 0.32916666666666666 0.6555555555555556 0.334375 0.6509259259259259 0.3359375 0.6453703703703704 0.33125 0.6398148148148148 0.32916666666666666 0.6148148148148148 0.3260416666666667 0.6027777777777777 0.321875 0.5990740740740741 0.32083333333333336 0.6037037037037037 0.3203125 0.6231481481481481 0.32395833333333335 0.6509259259259259 0.3260416666666667 0.6564814814814814 0.32916666666666666 0.6555555555555556
4 0.3140625 0.6222222222222222 0.31197916666666664 0.5898148148148148 0.309375 0.5796296296296296 0.30520833333333336 0.5796296296296296 0.303125 0.6129629629629629 0.30520833333333336 0.6231481481481481 0.3109375 0.6268518518518519 0.3140625 0.6222222222222222
3 0.359375 0.5407407407407407 0.35520833333333335 0.5324074074074074 0.3515625 0.5351851851851852 0.35 0.5435185185185185 0.3489583333333333 0.5796296296296296 0.35625 0.5796296296296296 0.35885416666666664 0.5638888888888889 0.359375 0.5407407407407407
5 0.3963541666666667 0.7592592592592593 0.3927083333333333 0.7527777777777778 0.39427083333333335 0.7268518518518519 0.390625 0.7092592592592593 0.3880208333333333 0.7083333333333334 0.3859375 0.7129629629629629 0.38385416666666666 0.7361111111111112 0.38385416666666666 0.762962962962963 0.3885416666666667 0.7731481481481481 0.3921875 0.7722222222222223 0.3963541666666667 0.7592592592592593
4 0.5072916666666667 0.5740740740740741 0.503125 0.5601851851851852 0.49947916666666664 0.5611111111111111 0.5005208333333333 0.6055555555555555 0.5057291666666667 0.6092592592592593 0.5072916666666667 0.6074074074074074 0.5072916666666667 0.5740740740740741