4 0.5526041666666667 0.6611111111111111 0.5604166666666667 0.662962962962963 0.5635416666666667 0.6583333333333333 0.5609375 0.65 0.5640625 0.6351851851851852 0.5583333333333333 0.6138888888888889 0.55625 0.6129629629629629 0.5526041666666667 0.6222222222222222 0.5510416666666667 0.6574074074074074 0.5526041666666667 0.6611111111111111
5 0.6463541666666667 0.7546296296296297 0.64375 0.7064814814814815 0.6411458333333333 0.6953703703703704 0.6380208333333334 0.6925925925925925 0.6328125 0.7074074074074074 0.634375 0.7537037037037037 0.6463541666666667 0.7546296296296297
5 0.3645833333333333 0.6601851851851852 0.3651041666666667 0.6712962962962963 0.37395833333333334 0.6694444444444444 0.37552083333333336 0.6638888888888889 0.37552083333333336 0.6296296296296297 0.3729166666666667 0.6175925925925926 0.3703125 0.6194444444444445 0.3671875 0.6305555555555555 0.36770833333333336 0.65 0.3645833333333333 0.6601851851851852
4 0.49895833333333334 0.6694444444444444 0.5052083333333334 0.6777777777777778 0.509375 0.6648148148148149 0.5078125 0.6268518518518519 0.5041666666666667 0.6240740740740741 0.5 0.6342592592592593 0.5005208333333333 0.6638888888888889 0.49895833333333334 0.6694444444444444
4 0.4473958333333333 0.7287037037037037 0.4427083333333333 0.7074074074074074 0.4427083333333333 0.6833333333333333 0.4359375 0.6731481481481482 0.43333333333333335 0.6768518518518518 0.4328125 0.7287037037037037 0.4473958333333333 0.7287037037037037
5 0.8203125 0.6638888888888889 0.8197916666666667 0.6777777777777778 0.8208333333333333 0.6814814814814815 0.8302083333333333 0.6824074074074075 0.8291666666666667 0.6643518518518519 0.8317708333333333 0.6527777777777778 0.8260416666666667 0.6361111111111111 0.821875 0.637962962962963 0.8182291666666667 0.6537037037037037 0.8203125 0.6638888888888889
4 0.7817708333333333 0.8064814814814815 0.7859375 0.8111111111111111 0.7895833333333333 0.8101851851851852 0.7828125 0.7388888888888889 0.7791666666666667 0.7398148148148148 0.7765625 0.7472222222222222 0.7713541666666667 0.7972222222222223 0.7713541666666667 0.8092592592592592 0.7817708333333333 0.8064814814814815
4 0.37604166666666666 0.7046296296296296 0.3776041666666667 0.712037037037037 0.38125 0.7157407407407408 0.384375 0.712037037037037 0.3875 0.6814814814814815 0.384375 0.6583333333333333 0.37916666666666665 0.6601851851851852 0.375 0.6694444444444444 0.37604166666666666 0.7046296296296296
5 0.428125 0.7018518518518518 0.425 0.6527777777777778 0.42135416666666664 0.6537037037037037 0.41770833333333335 0.6694444444444444 0.415625 0.7046296296296296 0.428125 0.7018518518518518
5 0.21979166666666666 0.6888888888888889 0.225 0.6935185185185185 0.228125 0.6898148148148148 0.22708333333333333 0.6481481481481481 0.22447916666666667 0.637962962962963 0.22083333333333333 0.6416666666666667 0.21875 0.65 0.21979166666666666 0.6888888888888889
3 0.5447916666666667 0.6018518518518519 0.5484375 0.600925925925926 0.5489583333333333 0.5703703703703704 0.5447916666666667 0.5666666666666667 0.5421875 0.5712962962962963 0.5416666666666666 0.5953703703703703 0.5447916666666667 0.6018518518518519
4 0.9083333333333333 0.6824074074074075 0.9104166666666667 0.6722222222222223 0.909375 0.6333333333333333 0.9046875 0.6351851851851852 0.9020833333333333 0.6518518518518519 0.9015625 0.6805555555555556 0.9083333333333333 0.6824074074074075
5 0.3177083333333333 0.7518518518518519 0.31927083333333334 0.775 0.3234375 0.7768518518518519 0.3260416666666667 0.774074074074074 0.3307291666666667 0.7416666666666667 0.3302083333333333 0.7268518518518519 0.3260416666666667 0.7101851851851851 0.3223958333333333 0.7092592592592593 0.3177083333333333 0.7212962962962963 0.3145833333333333 0.7398148148148148 0.3177083333333333 0.7518518518518519
5 0.47604166666666664 0.7055555555555556 0.478125 0.7101851851851851 0.4822916666666667 0.7101851851851851 0.4859375 0.6861111111111111 0.4859375 0.6527777777777778 0.48020833333333335 0.6527777777777778 0.4765625 0.6601851851851852 0.478125 0.6935185185185185 0.47604166666666664 0.7055555555555556
4 0.775 0.7305555555555555 0.7869791666666667 0.7296296296296296 0.7848958333333333 0.6851851851851852 0.7791666666666667 0.674074074074074 0.7765625 0.6833333333333333 0.7729166666666667 0.7277777777777777 0.775 0.7305555555555555
0 0.2515625 0.6768518518518518 0.2515625 0.6712962962962963 0.24895833333333334 0.6675925925925926 0.24479166666666666 0.6703703703703704 0.2453125 0.6787037037037037 0.2515625 0.6768518518518518
4 0.46927083333333336 0.6564814814814814 0.4744791666666667 0.6583333333333333 0.4765625 0.6509259259259259 0.475 0.625 0.4708333333333333 0.6231481481481481 0.46822916666666664 0.6287037037037037 0.46458333333333335 0.649074074074074 0.46927083333333336 0.6564814814814814
5 0.4859375 0.6611111111111111 0.48802083333333335 0.6527777777777778 0.4864583333333333 0.6231481481481481 0.4822916666666667 0.6194444444444445 0.4796875 0.6305555555555555 0.47760416666666666 0.6583333333333333 0.4859375 0.6611111111111111
3 0.4708333333333333 0.700925925925926 0.4734375 0.65 0.4661458333333333 0.6416666666666667 0.4588541666666667 0.6564814814814814 0.46041666666666664 0.700925925925926 0.4708333333333333 0.700925925925926
2 0.22916666666666666 0.6462962962962963 0.23333333333333334 0.6592592592592592 0.23072916666666668 0.6731481481481482 0.2359375 0.6694444444444444 0.23958333333333334 0.6796296296296296 0.24947916666666667 0.6777777777777778 0.2515625 0.6731481481481482 0.2484375 0.662962962962963 0.2484375 0.6537037037037037 0.23854166666666668 0.6342592592592593 0.2375 0.6398148148148148 0.22916666666666666 0.6462962962962963