4 0.603125 0.5694444444444444 0.6046875 0.5305555555555556 0.5994791666666667 0.5157407407407407 0.5947916666666667 0.5138888888888888 0.5911458333333334 0.5444444444444444 0.5953125 0.5694444444444444 0.6015625 0.5712962962962963 0.603125 0.5694444444444444
5 0.48541666666666666 0.6259259259259259 0.4901041666666667 0.6259259259259259 0.4947916666666667 0.5879629629629629 0.4942708333333333 0.575925925925926 0.4875 0.5638888888888889 0.48489583333333336 0.5638888888888889 0.4817708333333333 0.575 0.48072916666666665 0.5916666666666667 0.484375 0.6055555555555555 0.484375 0.6222222222222222 0.48541666666666666 0.6259259259259259
4 0.5526041666666667 0.6907407407407408 0.5520833333333334 0.6333333333333333 0.55 0.6222222222222222 0.5447916666666667 0.6129629629629629 0.5416666666666666 0.6166666666666667 0.5385416666666667 0.6509259259259259 0.5401041666666667 0.674537037037037 0.5375 0.6907407407407408 0.5401041666666667 0.6935185185185185 0.5526041666666667 0.6907407407407408
5 0.32864583333333336 0.6574074074074074 0.3390625 0.6583333333333333 0.33958333333333335 0.6342592592592593 0.34479166666666666 0.6194444444444445 0.33645833333333336 0.5925925925925926 0.33229166666666665 0.5916666666666667 0.321875 0.6231481481481481 0.328125 0.6333333333333333 0.3260416666666667 0.6537037037037037 0.32864583333333336 0.6574074074074074
3 0.9276041666666667 0.8944444444444445 0.9333333333333333 0.8981481481481481 0.93125 0.9462962962962963 0.9354166666666667 0.9472222222222222 0.9385416666666667 0.9351851851851852 0.9416666666666667 0.9333333333333333 0.946875 0.9462962962962963 0.9510416666666667 0.9472222222222222 0.9520833333333333 0.9305555555555556 0.9484375 0.9046296296296297 0.9526041666666667 0.8638888888888889 0.946875 0.8518518518518519 0.94375 0.8379629629629629 0.9390625 0.8379629629629629 0.9296875 0.8777777777777778 0.9234375 0.8916666666666667 0.9234375 0.8972222222222223 0.9276041666666667 0.8944444444444445
5 0.63125 0.5388888888888889 0.6338541666666667 0.5361111111111111 0.6255208333333333 0.5287037037037037 0.6223958333333334 0.5370370370370371 0.6208333333333333 0.5768518518518518 0.6307291666666667 0.5787037037037037 0.6307291666666667 0.5453703703703704 0.63125 0.5388888888888889
4 0.2625 0.6083333333333333 0.26614583333333336 0.5842592592592593 0.2604166666666667 0.5638888888888889 0.25729166666666664 0.5638888888888889 0.2520833333333333 0.575 0.25 0.5953703703703703 0.24895833333333334 0.6259259259259259 0.2598958333333333 0.6287037037037037 0.2625 0.6222222222222222 0.2625 0.6083333333333333
5 0.7244791666666667 0.649074074074074 0.7291666666666666 0.6388888888888888 0.7276041666666667 0.6259259259259259 0.73125 0.5962962962962963 0.7276041666666667 0.5805555555555556 0.7244791666666667 0.5787037037037037 0.7223958333333333 0.5833333333333334 0.7197916666666667 0.6 0.715625 0.6111111111111112 0.7223958333333333 0.6462962962962963 0.7244791666666667 0.649074074074074
5 0.35572916666666665 0.5916666666666667 0.35885416666666664 0.5842592592592593 0.3572916666666667 0.5583333333333333 0.35260416666666666 0.5407407407407407 0.3489583333333333 0.537962962962963 0.34739583333333335 0.5425925925925926 0.3484375 0.5712962962962963 0.34375 0.5879629629629629 0.34791666666666665 0.5916666666666667 0.35572916666666665 0.5916666666666667
4 0.3151041666666667 0.512962962962963 0.309375 0.512962962962963 0.30625 0.525 0.30625 0.5638888888888889 0.3145833333333333 0.5657407407407408 0.31875 0.5324074074074074 0.3151041666666667 0.512962962962963
5 0.2140625 0.5833333333333334 0.2140625 0.5527777777777778 0.209375 0.5518518518518518 0.20364583333333333 0.5694444444444444 0.20104166666666667 0.6064814814814815 0.20677083333333332 0.6092592592592593 0.20989583333333334 0.6064814814814815 0.2140625 0.5833333333333334
4 0.415625 0.6055555555555555 0.4166666666666667 0.5953703703703703 0.41458333333333336 0.5842592592592593 0.41770833333333335 0.562037037037037 0.4119791666666667 0.5472222222222223 0.409375 0.5509259259259259 0.40677083333333336 0.5740740740740741 0.4041666666666667 0.5805555555555556 0.4010416666666667 0.6037037037037037 0.4041666666666667 0.6064814814814815 0.4088541666666667 0.6037037037037037 0.415625 0.6055555555555555
4 0.29270833333333335 0.575925925925926 0.290625 0.5324074074074074 0.2869791666666667 0.5333333333333333 0.2828125 0.5518518518518518 0.28125 0.5925925925925926 0.2869791666666667 0.5981481481481481 0.28958333333333336 0.5944444444444444 0.29270833333333335 0.575925925925926
4 0.6776041666666667 0.6129629629629629 0.675 0.5638888888888889 0.6703125 0.5509259259259259 0.6661458333333333 0.5564814814814815 0.6645833333333333 0.5879629629629629 0.6666666666666666 0.6157407407407407 0.6744791666666666 0.6175925925925926 0.6776041666666667 0.6129629629629629
4 0.12604166666666666 0.6777777777777778 0.128125 0.6481481481481481 0.12604166666666666 0.6111111111111112 0.11875 0.6092592592592593 0.11354166666666667 0.6240740740740741 0.11302083333333333 0.6388888888888888 0.11666666666666667 0.6805555555555556 0.12239583333333333 0.6824074074074075 0.12604166666666666 0.6777777777777778
5 0.6921875 0.5555555555555556 0.6890625 0.5546296296296296 0.6869791666666667 0.5638888888888889 0.6828125 0.6148148148148148 0.6973958333333333 0.6166666666666667 0.696875 0.575 0.6921875 0.5555555555555556
5 0.15364583333333334 0.6416666666666667 0.15729166666666666 0.637962962962963 0.15520833333333334 0.6083333333333333 0.15833333333333333 0.5953703703703703 0.15416666666666667 0.5722222222222222 0.15 0.5712962962962963 0.1421875 0.5888888888888889 0.14166666666666666 0.5962962962962963 0.14583333333333334 0.6129629629629629 0.146875 0.637962962962963 0.15364583333333334 0.6416666666666667
0 0.3692708333333333 0.5722222222222222 0.36614583333333334 0.5731481481481482 0.3651041666666667 0.5768518518518518 0.3671875 0.5824074074074074 0.371875 0.5796296296296296 0.3692708333333333 0.5722222222222222
5 0.6192708333333333 0.6851851851851852 0.6213541666666667 0.637962962962963 0.6151041666666667 0.6212962962962963 0.6109375 0.6212962962962963 0.6078125 0.6342592592592593 0.60625 0.6509259259259259 0.6083333333333333 0.687037037037037 0.6161458333333333 0.6907407407407408 0.6192708333333333 0.6851851851851852
4 0.12604166666666666 0.575925925925926 0.12239583333333333 0.5731481481481482 0.11614583333333334 0.5879629629629629 0.1171875 0.6148148148148148 0.1265625 0.6203703703703703 0.13020833333333334 0.6101851851851852 0.12604166666666666 0.575925925925926
4 0.3932291666666667 0.6018518518518519 0.3953125 0.5990740740740741 0.3958333333333333 0.5722222222222222 0.3921875 0.5546296296296296 0.3885416666666667 0.5481481481481482 0.38385416666666666 0.55 0.3848958333333333 0.5675925925925925 0.38333333333333336 0.5768518518518518 0.38958333333333334 0.5981481481481481 0.3932291666666667 0.6018518518518519
5 0.4473958333333333 0.5361111111111111 0.4453125 0.5388888888888889 0.44427083333333334 0.5638888888888889 0.44635416666666666 0.5925925925925926 0.4505208333333333 0.5981481481481481 0.4473958333333333 0.5361111111111111
5 0.440625 0.5648148148148148 0.4395833333333333 0.5518518518518518 0.4348958333333333 0.5425925925925926 0.43072916666666666 0.5435185185185185 0.43020833333333336 0.5796296296296296 0.4348958333333333 0.5833333333333334 0.4390625 0.575925925925926 0.440625 0.5648148148148148
3 0.44427083333333334 0.4981481481481482 0.44479166666666664 0.4861111111111111 0.4390625 0.4722222222222222 0.4317708333333333 0.4740740740740741 0.4296875 0.5046296296296297 0.434375 0.5203703703703704 0.4375 0.5212962962962963 0.44427083333333334 0.4981481481481482
3 0.2046875 0.49907407407407406 0.20416666666666666 0.487962962962963 0.20260416666666667 0.48333333333333334 0.19739583333333333 0.48055555555555557 0.19270833333333334 0.487962962962963 0.19270833333333334 0.5268518518518519 0.19479166666666667 0.5305555555555556 0.2 0.5296296296296297 0.2046875 0.49907407407407406
3 0.43854166666666666 0.6166666666666667 0.44114583333333335 0.6111111111111112 0.44166666666666665 0.5981481481481481 0.4354166666666667 0.5787037037037037 0.43125 0.5805555555555556 0.42604166666666665 0.6027777777777777 0.42604166666666665 0.6601851851851852 0.42864583333333334 0.6638888888888889 0.4322916666666667 0.6611111111111111 0.43854166666666666 0.6166666666666667