5 0.621875 0.7685185185185185 0.6244791666666667 0.7555555555555555 0.621875 0.7324074074074074 0.61875 0.7296296296296296 0.6125 0.7481481481481481 0.6119791666666666 0.7694444444444445 0.6192708333333333 0.7851851851851852 0.6223958333333334 0.7787037037037037 0.621875 0.7685185185185185
3 0.6395833333333333 0.8314814814814815 0.6416666666666667 0.8175925925925925 0.640625 0.7935185185185185 0.634375 0.7796296296296297 0.6296875 0.7805555555555556 0.6255208333333333 0.7935185185185185 0.6255208333333333 0.8185185185185185 0.6307291666666667 0.8546296296296296 0.6348958333333333 0.8518518518518519 0.6395833333333333 0.8314814814814815
5 0.5802083333333333 0.7842592592592592 0.58125 0.7666666666666667 0.578125 0.725925925925926 0.5744791666666667 0.725 0.5703125 0.7361111111111112 0.565625 0.7805555555555556 0.5682291666666667 0.7842592592592592 0.5723958333333333 0.7787037037037037 0.5802083333333333 0.7842592592592592
5 0.6895833333333333 0.7638888888888888 0.6901041666666666 0.7537037037037037 0.6822916666666666 0.7314814814814815 0.6796875 0.7324074074074074 0.6760416666666667 0.7416666666666667 0.6729166666666667 0.7601851851851852 0.6770833333333334 0.7861111111111111 0.68125 0.787962962962963 0.6895833333333333 0.7638888888888888
4 0.6072916666666667 0.7870370370370371 0.6088541666666667 0.75 0.6067708333333334 0.7361111111111112 0.6036458333333333 0.7305555555555555 0.5984375 0.7296296296296296 0.59375 0.7398148148148148 0.5927083333333333 0.75 0.5921875 0.7861111111111111 0.5958333333333333 0.787962962962963 0.5994791666666667 0.7796296296296297 0.6072916666666667 0.7870370370370371
4 0.9942708333333333 0.7490740740740741 0.9911458333333333 0.7611111111111111 0.9927083333333333 0.8027777777777778 0.9994791666666667 0.8055555555555556 0.9994791666666667 0.7462962962962963 0.9942708333333333 0.7490740740740741
4 0.7015625 0.7527777777777778 0.6994791666666667 0.7314814814814815 0.6973958333333333 0.7277777777777777 0.6921875 0.7305555555555555 0.6885416666666667 0.7555555555555555 0.69375 0.774074074074074 0.7046875 0.7620370370370371 0.7015625 0.7527777777777778
2 0.5026041666666666 0.7185185185185186 0.5010416666666667 0.7138888888888889 0.4973958333333333 0.7129629629629629 0.49114583333333334 0.7166666666666667 0.4901041666666667 0.7212962962962963 0.49114583333333334 0.7694444444444445 0.49895833333333334 0.7703703703703704 0.5005208333333333 0.7675925925925926 0.5026041666666666 0.7185185185185186
5 0.50625 0.7824074074074074 0.5098958333333333 0.7787037037037037 0.5104166666666666 0.7620370370370371 0.5135416666666667 0.7546296296296297 0.5135416666666667 0.7305555555555555 0.5052083333333334 0.7268518518518519 0.5020833333333333 0.7407407407407407 0.49947916666666664 0.7435185185185185 0.49583333333333335 0.7648148148148148 0.49322916666666666 0.7675925925925926 0.5020833333333333 0.7712962962962963 0.50625 0.7824074074074074
5 0.728125 0.812962962962963 0.7348958333333333 0.7861111111111111 0.7333333333333333 0.7685185185185185 0.7302083333333333 0.7574074074074074 0.7244791666666667 0.7509259259259259 0.7197916666666667 0.7657407407407407 0.71875 0.7787037037037037 0.7234375 0.7944444444444444 0.7234375 0.812962962962963 0.728125 0.812962962962963
0 0.03697916666666667 0.8768518518518519 0.03333333333333333 0.8694444444444445 0.027604166666666666 0.8712962962962963 0.025 0.8805555555555555 0.028645833333333332 0.8851851851851852 0.03333333333333333 0.8842592592592593 0.03697916666666667 0.8768518518518519
5 0.5875 0.7305555555555555 0.5854166666666667 0.7351851851851852 0.5796875 0.7787037037037037 0.5796875 0.787962962962963 0.5932291666666667 0.787962962962963 0.5916666666666667 0.7296296296296296 0.5875 0.7305555555555555
5 0.6104166666666667 0.7527777777777778 0.6098958333333333 0.7305555555555555 0.6072916666666667 0.7157407407407408 0.6036458333333333 0.7157407407407408 0.6005208333333333 0.7268518518518519 0.6036458333333333 0.7592592592592593 0.6072916666666667 0.7675925925925926 0.6098958333333333 0.7620370370370371 0.6104166666666667 0.7527777777777778
3 0.7322916666666667 0.675 0.7401041666666667 0.6814814814814815 0.7416666666666667 0.700925925925926 0.7479166666666667 0.7037037037037037 0.7505208333333333 0.6814814814814815 0.7541666666666667 0.6731481481481482 0.7510416666666667 0.6657407407407407 0.74375 0.6620370370370371 0.7375 0.675 0.7338541666666667 0.6759259259259259 0.7322916666666667 0.6722222222222223 0.7322916666666667 0.675
4 0.6614583333333334 0.7870370370370371 0.6635416666666667 0.7796296296296297 0.6588541666666666 0.7712962962962963 0.6588541666666666 0.7407407407407407 0.6541666666666667 0.7305555555555555 0.6515625 0.7351851851851852 0.65 0.7685185185185185 0.6515625 0.7907407407407407 0.6546875 0.7925925925925926 0.6614583333333334 0.7870370370370371
5 0.6989583333333333 0.8138888888888889 0.7020833333333333 0.8194444444444444 0.7057291666666666 0.8138888888888889 0.7067708333333333 0.7888888888888889 0.7098958333333333 0.775 0.7046875 0.7564814814814815 0.7010416666666667 0.7527777777777778 0.6953125 0.7555555555555555 0.6932291666666667 0.7592592592592593 0.69375 0.775 0.6989583333333333 0.7972222222222223 0.6989583333333333 0.8138888888888889
5 0.7364583333333333 0.7861111111111111 0.7401041666666667 0.7842592592592592 0.7447916666666666 0.7731481481481481 0.7458333333333333 0.7620370370370371 0.7416666666666667 0.725 0.7401041666666667 0.7203703703703703 0.7359375 0.7203703703703703 0.7291666666666666 0.7324074074074074 0.7291666666666666 0.7416666666666667 0.7317708333333334 0.775 0.7364583333333333 0.7861111111111111
4 0.8380208333333333 0.8462962962962963 0.8421875 0.8333333333333334 0.8421875 0.7861111111111111 0.8375 0.7759259259259259 0.8333333333333334 0.7731481481481481 0.8291666666666667 0.7916666666666666 0.828125 0.8101851851851852 0.8307291666666666 0.8379629629629629 0.8338541666666667 0.8453703703703703 0.8380208333333333 0.8462962962962963