4 0.825 0.7166666666666667 0.8338541666666667 0.7175925925925926 0.8359375 0.7101851851851851 0.8380208333333333 0.6694444444444444 0.8296875 0.6546296296296297 0.8244791666666667 0.6694444444444444 0.8229166666666666 0.687037037037037 0.825 0.7166666666666667
4 0.3765625 0.7648148148148148 0.3859375 0.7592592592592593 0.39791666666666664 0.7166666666666667 0.39739583333333334 0.7092592592592593 0.3921875 0.6953703703703704 0.3885416666666667 0.6962962962962963 0.384375 0.7064814814814815 0.37447916666666664 0.7592592592592593 0.3765625 0.7648148148148148
4 0.30833333333333335 0.6990740740740741 0.31145833333333334 0.6953703703703704 0.31666666666666665 0.6694444444444444 0.31666666666666665 0.649074074074074 0.31354166666666666 0.637962962962963 0.309375 0.6361111111111111 0.3026041666666667 0.6564814814814814 0.30416666666666664 0.6972222222222222 0.30833333333333335 0.6990740740740741
5 0.753125 0.7490740740740741 0.7557291666666667 0.7555555555555555 0.7598958333333333 0.7527777777777778 0.7645833333333333 0.7388888888888889 0.7666666666666667 0.7212962962962963 0.771875 0.7166666666666667 0.7739583333333333 0.7083333333333334 0.7666666666666667 0.6935185185185185 0.7635416666666667 0.6925925925925925 0.7552083333333334 0.7055555555555556 0.7541666666666667 0.7148148148148148 0.75625 0.7342592592592593 0.753125 0.7490740740740741
4 0.21822916666666667 0.6074074074074074 0.21770833333333334 0.6351851851851852 0.2203125 0.6462962962962963 0.22447916666666667 0.6462962962962963 0.22604166666666667 0.6416666666666667 0.23020833333333332 0.6083333333333333 0.22864583333333333 0.5916666666666667 0.22552083333333334 0.5879629629629629 0.22239583333333332 0.5898148148148148 0.215625 0.5990740740740741 0.21822916666666667 0.6074074074074074
5 0.36770833333333336 0.625 0.3703125 0.6222222222222222 0.3734375 0.575 0.371875 0.5712962962962963 0.3651041666666667 0.5694444444444444 0.3614583333333333 0.5703703703703704 0.359375 0.575925925925926 0.36041666666666666 0.6231481481481481 0.36770833333333336 0.625
4 0.5838541666666667 0.6148148148148148 0.5880208333333333 0.6175925925925926 0.590625 0.6148148148148148 0.5947916666666667 0.5768518518518518 0.590625 0.5675925925925925 0.5869791666666667 0.5675925925925925 0.5848958333333333 0.5731481481481482 0.5828125 0.5796296296296296 0.5838541666666667 0.6148148148148148
3 0.6838541666666667 0.6944444444444444 0.6854166666666667 0.6981481481481482 0.6890625 0.6916666666666667 0.6984375 0.6555555555555556 0.6984375 0.65 0.6932291666666667 0.637962962962963 0.6895833333333333 0.6370370370370371 0.6854166666666667 0.6462962962962963 0.6838541666666667 0.6518518518518519 0.6838541666666667 0.6944444444444444
5 0.4557291666666667 0.6935185185185185 0.4625 0.6962962962962963 0.465625 0.6935185185185185 0.4671875 0.6657407407407407 0.4703125 0.6546296296296297 0.465625 0.6314814814814815 0.46197916666666666 0.6314814814814815 0.45625 0.6527777777777778 0.45729166666666665 0.6759259259259259 0.4557291666666667 0.6935185185185185
4 0.8604166666666667 0.6268518518518519 0.8713541666666667 0.6268518518518519 0.8692708333333333 0.6148148148148148 0.8703125 0.5916666666666667 0.865625 0.5777777777777777 0.859375 0.5916666666666667 0.8588541666666667 0.6018518518518519 0.8588541666666667 0.6240740740740741 0.8604166666666667 0.6268518518518519
5 0.2796875 0.8759259259259259 0.28125 0.8833333333333333 0.284375 0.8833333333333333 0.3026041666666667 0.8490740740740741 0.309375 0.825925925925926 0.30833333333333335 0.8064814814814815 0.3026041666666667 0.8046296296296296 0.2942708333333333 0.8231481481481482 0.28854166666666664 0.8555555555555555 0.2796875 0.8759259259259259
5 0.9109375 0.6583333333333333 0.9234375 0.6611111111111111 0.9255208333333333 0.6574074074074074 0.9229166666666667 0.65 0.921875 0.6222222222222222 0.9197916666666667 0.6111111111111112 0.9151041666666667 0.6111111111111112 0.9109375 0.6296296296296297 0.9109375 0.6583333333333333
4 0.18333333333333332 0.8768518518518519 0.18541666666666667 0.8833333333333333 0.18958333333333333 0.8805555555555555 0.1921875 0.8685185185185185 0.20052083333333334 0.8685185185185185 0.20364583333333333 0.8722222222222222 0.20833333333333334 0.8694444444444445 0.20729166666666668 0.862037037037037 0.21145833333333333 0.85 0.20729166666666668 0.8314814814814815 0.20989583333333334 0.8111111111111111 0.20885416666666667 0.8027777777777778 0.20364583333333333 0.8018518518518518 0.19166666666666668 0.8324074074074074 0.18854166666666666 0.8611111111111112 0.18333333333333332 0.8768518518518519
5 0.46510416666666665 0.7787037037037037 0.478125 0.7768518518518519 0.48020833333333335 0.7722222222222223 0.4791666666666667 0.762962962962963 0.48385416666666664 0.7351851851851852 0.478125 0.7111111111111111 0.4744791666666667 0.7092592592592593 0.47291666666666665 0.712037037037037 0.46822916666666664 0.737037037037037 0.46927083333333336 0.7453703703703703 0.46510416666666665 0.7787037037037037
5 0.21614583333333334 0.7425925925925926 0.21822916666666667 0.75 0.21666666666666667 0.7768518518518519 0.221875 0.7777777777777778 0.225 0.775 0.22864583333333333 0.7425925925925926 0.23541666666666666 0.7240740740740741 0.22447916666666667 0.7018518518518518 0.21770833333333334 0.7157407407407408 0.21197916666666666 0.7398148148148148 0.21614583333333334 0.7425925925925926
4 0.1734375 0.775 0.178125 0.7787037037037037 0.18177083333333333 0.7712962962962963 0.1875 0.7398148148148148 0.19114583333333332 0.7361111111111112 0.190625 0.7268518518518519 0.18177083333333333 0.6990740740740741 0.1765625 0.700925925925926 0.17083333333333334 0.7203703703703703 0.16979166666666667 0.737037037037037 0.1734375 0.775
5 0.9661458333333334 0.7203703703703703 0.9697916666666667 0.7277777777777777 0.9744791666666667 0.7287037037037037 0.9828125 0.687037037037037 0.978125 0.6648148148148149 0.9744791666666667 0.662962962962963 0.9729166666666667 0.6657407407407407 0.9671875 0.6851851851851852 0.96875 0.7027777777777777 0.9661458333333334 0.7203703703703703
3 0.3645833333333333 0.5722222222222222 0.3723958333333333 0.5685185185185185 0.3703125 0.55 0.3723958333333333 0.5435185185185185 0.3703125 0.5370370370370371 0.3651041666666667 0.5333333333333333 0.3609375 0.5444444444444444 0.3609375 0.5685185185185185 0.3645833333333333 0.5722222222222222
0 0.46197916666666666 0.8898148148148148 0.4703125 0.8916666666666667 0.475 0.8842592592592593 0.4703125 0.8759259259259259 0.46145833333333336 0.8768518518518519 0.45989583333333334 0.8851851851851852 0.46197916666666666 0.8898148148148148