4 0.88125 0.6148148148148148 0.8848958333333333 0.6092592592592593 0.8875 0.5740740740740741 0.8838541666666667 0.5638888888888889 0.8796875 0.5638888888888889 0.8776041666666666 0.5675925925925925 0.8770833333333333 0.6111111111111112 0.88125 0.6148148148148148
3 0.4395833333333333 0.5657407407407408 0.44947916666666665 0.5657407407407408 0.446875 0.5287037037037037 0.4427083333333333 0.5287037037037037 0.440625 0.5324074074074074 0.43645833333333334 0.549074074074074 0.4359375 0.5564814814814815 0.4395833333333333 0.5657407407407408
4 0.646875 0.5953703703703703 0.6552083333333333 0.5981481481481481 0.659375 0.5601851851851852 0.6546875 0.5481481481481482 0.65 0.55 0.6479166666666667 0.5564814814814815 0.65 0.5722222222222222 0.646875 0.5953703703703703
4 0.4078125 0.5962962962962963 0.40729166666666666 0.6027777777777777 0.41770833333333335 0.5990740740740741 0.4197916666666667 0.6074074074074074 0.4239583333333333 0.6083333333333333 0.425 0.6018518518518519 0.421875 0.562962962962963 0.4197916666666667 0.5592592592592592 0.415625 0.5657407407407408 0.41354166666666664 0.5842592592592593 0.4078125 0.5962962962962963
5 0.6963541666666667 0.7287037037037037 0.709375 0.7296296296296296 0.7119791666666667 0.725 0.7098958333333333 0.712037037037037 0.7130208333333333 0.6962962962962963 0.7067708333333333 0.6712962962962963 0.7015625 0.6722222222222223 0.7015625 0.7055555555555556 0.6963541666666667 0.7287037037037037
4 0.7317708333333334 0.6981481481481482 0.7364583333333333 0.6990740740740741 0.7380208333333333 0.6925925925925925 0.7354166666666667 0.674074074074074 0.7359375 0.6555555555555556 0.7260416666666667 0.6444444444444445 0.7239583333333334 0.6453703703703704 0.7223958333333333 0.6527777777777778 0.721875 0.662962962962963 0.7317708333333334 0.6981481481481482
5 0.46041666666666664 0.6111111111111112 0.46041666666666664 0.6175925925925926 0.4625 0.6194444444444445 0.4713541666666667 0.6157407407407407 0.475 0.5842592592592593 0.4744791666666667 0.5675925925925925 0.4708333333333333 0.5675925925925925 0.46510416666666665 0.5814814814814815 0.46510416666666665 0.5981481481481481 0.46041666666666664 0.6111111111111112
5 0.8572916666666667 0.6277777777777778 0.8583333333333333 0.6222222222222222 0.8546875 0.5907407407407408 0.85 0.5833333333333334 0.8447916666666667 0.5898148148148148 0.846875 0.6268518518518519 0.8572916666666667 0.6277777777777778
5 0.9270833333333334 0.637962962962963 0.9307291666666667 0.6577157407407407 0.9317708333333333 0.6814814814814815 0.9296875 0.6898148148148148 0.93125 0.6916666666666667 0.9375 0.6851851851851852 0.9380208333333333 0.6703703703703704 0.9427083333333334 0.6481481481481481 0.9390625 0.6314814814814815 0.9354166666666667 0.6259259259259259 0.9333333333333333 0.6277777777777778 0.9322916666666666 0.6333333333333333 0.9270833333333334 0.637962962962963
5 0.3463541666666667 0.6296296296296297 0.353125 0.6342592592592593 0.3572916666666667 0.6435185185185185 0.3625 0.6453703703703704 0.3640625 0.6425925925925926 0.36354166666666665 0.5916666666666667 0.3609375 0.5888888888888889 0.3578125 0.5944444444444444 0.353125 0.5916666666666667 0.3489583333333333 0.5953703703703703 0.35 0.6083333333333333 0.3463541666666667 0.6296296296296297
4 0.8515625 0.7555555555555555 0.8588541666666667 0.7527777777777778 0.8598958333333333 0.7462962962962963 0.8557291666666667 0.7287037037037037 0.8588541666666667 0.6981481481481482 0.8520833333333333 0.6805555555555556 0.8494791666666667 0.6796296296296296 0.8473958333333333 0.6851851851851852 0.8479166666666667 0.6990740740740741 0.8447916666666667 0.7203703703703703 0.8442708333333333 0.7518518518518519 0.8515625 0.7555555555555555
0 0.4197916666666667 0.6962962962962963 0.4234375 0.6898148148148148 0.42083333333333334 0.6814814814814815 0.4161458333333333 0.6824074074074075 0.41458333333333336 0.6861111111111111 0.41458333333333336 0.6916666666666667 0.4197916666666667 0.6962962962962963