4 0.16979166666666667 0.6138888888888889 0.17447916666666666 0.6 0.17291666666666666 0.5740740740740741 0.16979166666666667 0.5657407407407408 0.16666666666666666 0.5694444444444444 0.16510416666666666 0.5777777777777777 0.1625 0.6148148148148148 0.16979166666666667 0.6138888888888889
5 0.46979166666666666 0.662962962962963 0.47552083333333334 0.6712962962962963 0.47760416666666666 0.6805555555555556 0.4822916666666667 0.6814814814814815 0.48333333333333334 0.6694444444444444 0.4786458333333333 0.6527777777777778 0.47760416666666666 0.6388888888888888 0.4708333333333333 0.6370370370370371 0.46770833333333334 0.6435185185185185 0.4625 0.6620370370370371 0.46979166666666666 0.662962962962963
5 0.05260416666666667 0.6333333333333333 0.058333333333333334 0.6037037037037037 0.057291666666666664 0.5916666666666667 0.052083333333333336 0.5851851851851851 0.046875 0.5981481481481481 0.04479166666666667 0.6305555555555555 0.05260416666666667 0.6333333333333333
4 0.2765625 0.6425925925925926 0.27760416666666665 0.625 0.275 0.5944444444444444 0.26979166666666665 0.5953703703703703 0.2635416666666667 0.6342592592592593 0.2635416666666667 0.6453703703703704 0.2765625 0.6425925925925926
5 0.29375 0.6083333333333333 0.2989583333333333 0.6148148148148148 0.30052083333333335 0.5981481481481481 0.2984375 0.575 0.29583333333333334 0.5685185185185185 0.2921875 0.5740740740740741 0.2869791666666667 0.6083333333333333 0.29375 0.6083333333333333
3 0.140625 0.6222222222222222 0.1359375 0.6333333333333333 0.1359375 0.637962962962963 0.13854166666666667 0.6398148148148148 0.15104166666666666 0.6240740740740741 0.14895833333333333 0.6129629629629629 0.15 0.5990740740740741 0.14583333333333334 0.587037037037037 0.1421875 0.5879629629629629 0.13697916666666668 0.6064814814814815 0.140625 0.6148148148148148 0.140625 0.6222222222222222
5 0.050520833333333334 0.674074074074074 0.050520833333333334 0.6777777777777778 0.05260416666666667 0.6814814814814815 0.06041666666666667 0.6712962962962963 0.06354166666666666 0.6759259259259259 0.0640625 0.6851851851851852 0.06875 0.6861111111111111 0.06979166666666667 0.6324074074074074 0.06822916666666666 0.6287037037037037 0.06458333333333334 0.6296296296296297 0.06041666666666667 0.6388888888888888 0.058333333333333334 0.6611111111111111 0.050520833333333334 0.674074074074074
5 0.07760416666666667 0.7287037037037037 0.08854166666666667 0.7324074074074074 0.09010416666666667 0.7425925925925926 0.0953125 0.7453703703703703 0.096875 0.7435185185185185 0.0953125 0.7157407407407408 0.09739583333333333 0.7083333333333334 0.09479166666666666 0.7 0.09479166666666666 0.6805555555555556 0.09114583333333333 0.6787037037037037 0.08541666666666667 0.6962962962962963 0.0859375 0.7166666666666667 0.07760416666666667 0.7287037037037037
1 0.6390625 0.6305555555555555 0.6484375 0.6305555555555555 0.6546875 0.6370370370370371 0.65625 0.6324074074074074 0.6526041666666667 0.5981481481481481 0.6473958333333333 0.5851851851851851 0.64375 0.5851851851851851 0.6421875 0.5888888888888889 0.6427083333333333 0.6111111111111112 0.6390625 0.6305555555555555
4 0.14739583333333334 0.6601851851851852 0.1453125 0.674074074074074 0.14635416666666667 0.6777777777777778 0.15 0.6777777777777778 0.1578125 0.6416666666666667 0.153125 0.625 0.14947916666666666 0.6222222222222222 0.1453125 0.6268518518518519 0.14375 0.6398148148148148 0.14739583333333334 0.6601851851851852
4 0.4395833333333333 0.6268518518518519 0.4515625 0.6398148148148148 0.459375 0.6111111111111112 0.4552083333333333 0.5925925925925926 0.4552083333333333 0.5833333333333334 0.4510416666666667 0.5805555555555556 0.45 0.5879629629629629 0.4432291666666667 0.5944444444444444 0.4421875 0.6027777777777777 0.4427083333333333 0.6203703703703703 0.4395833333333333 0.6268518518518519
3 0.4510416666666667 0.6157407407407407 0.4625 0.6194444444444445 0.4635416666666667 0.6138888888888889 0.4557291666666667 0.5796296296296296 0.4505208333333333 0.5787037037037037 0.44947916666666665 0.612037037037037 0.4510416666666667 0.6157407407407407
4 0.4625 0.637962962962963 0.46979166666666666 0.6259259259259259 0.4744791666666667 0.6305555555555555 0.4734375 0.637962962962963 0.47708333333333336 0.6407407407407407 0.4817708333333333 0.6287037037037037 0.4864583333333333 0.6305555555555555 0.4796875 0.6138888888888889 0.4828125 0.6018518518518519 0.4822916666666667 0.5944444444444444 0.4786458333333333 0.5888888888888889 0.471875 0.5916666666666667 0.4661458333333333 0.6046296296296296 0.4671875 0.6111111111111112 0.4630208333333333 0.6148148148148148 0.4609375 0.6314814814814815 0.4625 0.637962962962963
4 0.31979166666666664 0.6018518518518519 0.3260416666666667 0.5981481481481481 0.32864583333333336 0.6055555555555555 0.3307291666666667 0.6055555555555555 0.33229166666666665 0.6037037037037037 0.33229166666666665 0.5925925925925926 0.3302083333333333 0.5694444444444444 0.3260416666666667 0.5601851851851852 0.3229166666666667 0.5638888888888889 0.3171875 0.5990740740740741 0.31979166666666664 0.6018518518518519
3 0.8916666666666667 0.8018518518518518 0.915625 0.799074074074074 0.9078125 0.75 0.9005208333333333 0.7388888888888889 0.8979166666666667 0.7388888888888889 0.89375 0.7527777777777778 0.8953125 0.7731481481481481 0.8916666666666667 0.8018518518518518
0 0.4609375 0.5481481481481482 0.46458333333333335 0.5481481481481482 0.4635416666666667 0.5287037037037037 0.459375 0.5259259259259259 0.4557291666666667 0.5287037037037037 0.4546875 0.5361111111111111 0.4609375 0.5481481481481482