5 0.6875 0.6462962962962963 0.6822916666666666 0.6037037037037037 0.678125 0.6074074074074074 0.6770833333333334 0.6157407407407407 0.675 0.6453703703703704 0.6875 0.6462962962962963
5 0.5651041666666666 0.7046296296296296 0.5708333333333333 0.7055555555555556 0.5739583333333333 0.700925925925926 0.5713541666666667 0.6796296296296296 0.5729166666666666 0.6694444444444444 0.5682291666666667 0.6537037037037037 0.5640625 0.6537037037037037 0.5630208333333333 0.6583333333333333 0.5604166666666667 0.674074074074074 0.5651041666666666 0.7046296296296296
4 0.8786458333333333 0.7490740740740741 0.8802083333333334 0.7421296296296296 0.8864583333333333 0.7398148148148148 0.8921875 0.75 0.89375 0.7435185185185185 0.8869791666666667 0.7212962962962963 0.8859375 0.6990740740740741 0.88125 0.687962962962963 0.8791666666666667 0.6888888888888889 0.8744791666666667 0.7083333333333334 0.8729166666666667 0.7481481481481481 0.8786458333333333 0.7490740740740741
5 0.24635416666666668 0.6694444444444444 0.24791666666666667 0.6703703703703704 0.25052083333333336 0.6620370370370371 0.259375 0.6731481481481482 0.2630208333333333 0.6694444444444444 0.24791666666666667 0.6268518518518519 0.24375 0.6277777777777778 0.24375 0.6583333333333333 0.24635416666666668 0.6694444444444444
4 0.36822916666666666 0.6888888888888889 0.371875 0.7083333333333334 0.3770833333333333 0.7092592592592593 0.3770833333333333 0.6722222222222223 0.36875 0.6592592592592592 0.3651041666666667 0.6666666666666666 0.3651041666666667 0.6833333333333333 0.36822916666666666 0.6888888888888889
3 0.4505208333333333 0.6814814814814815 0.4557291666666667 0.6814814814814815 0.4578125 0.6787037037037037 0.4552083333333333 0.6583333333333333 0.4557291666666667 0.6416666666666667 0.4510416666666667 0.6314814814814815 0.4473958333333333 0.6287037037037037 0.44583333333333336 0.6314814814814815 0.44427083333333334 0.6444444444444445 0.4505208333333333 0.6814814814814815
5 0.4348958333333333 0.675 0.43645833333333334 0.6694444444444444 0.43072916666666666 0.6444444444444445 0.43125 0.6370370370370371 0.4276041666666667 0.625 0.421875 0.625 0.42291666666666666 0.6731481481481482 0.4348958333333333 0.675
4 0.20208333333333334 0.6842592592592592 0.20052083333333334 0.6888888888888889 0.21041666666666667 0.7111111111111111 0.21458333333333332 0.712037037037037 0.2140625 0.6638888888888889 0.20416666666666666 0.649074074074074 0.20104166666666667 0.6462962962962963 0.19895833333333332 0.649074074074074 0.19895833333333332 0.6694444444444444 0.20208333333333334 0.6842592592592592
5 0.3567708333333333 0.6453703703703704 0.3578125 0.637962962962963 0.35208333333333336 0.6185185185185185 0.35208333333333336 0.6074074074074074 0.346875 0.6027777777777777 0.34427083333333336 0.6046296296296296 0.3453125 0.6416666666666667 0.3567708333333333 0.6453703703703704
5 0.528125 0.637962962962963 0.5380208333333333 0.6342592592592593 0.5411458333333333 0.6194444444444445 0.53125 0.6027777777777777 0.528125 0.6018518518518519 0.5265625 0.6055555555555555 0.5260416666666666 0.6268518518518519 0.528125 0.637962962962963
4 0.5557291666666667 0.6296296296296297 0.5635416666666667 0.6231481481481481 0.5703125 0.6231481481481481 0.5661458333333333 0.6148148148148148 0.5640625 0.5925925925925926 0.5604166666666667 0.5879629629629629 0.5588541666666667 0.5907407407407408 0.553125 0.6259259259259259 0.5557291666666667 0.6296296296296297
4 0.6588541666666666 0.6833333333333333 0.6645833333333333 0.6907407407407408 0.6713541666666667 0.6851851851851852 0.6635416666666667 0.6518518518518519 0.6578125 0.6425925925925926 0.6541666666666667 0.6444444444444445 0.6541666666666667 0.662962962962963 0.6588541666666666 0.6833333333333333
5 0.5979166666666667 0.625 0.6083333333333333 0.6240740740740741 0.609375 0.6203703703703703 0.6057291666666667 0.6129629629629629 0.6041666666666666 0.5935185185185186 0.5994791666666667 0.5907407407407408 0.5984375 0.5935185185185186 0.5947916666666667 0.6055555555555555 0.5979166666666667 0.625
4 0.8375 0.6638888888888889 0.8401041666666667 0.662962962962963 0.8416666666666667 0.6611111111111111 0.8427083333333333 0.6342592592592593 0.8401041666666667 0.6231481481481481 0.8354166666666667 0.6166666666666667 0.8328125 0.6166666666666667 0.83125 0.6222222222222222 0.8333333333333334 0.6583333333333333 0.8375 0.6638888888888889
4 0.3880208333333333 0.8574074074074074 0.3921875 0.8564814814814815 0.39427083333333335 0.8490740740740741 0.39791666666666664 0.7981481481481482 0.38958333333333334 0.774074074074074 0.38125 0.7898148148148149 0.384375 0.8481481481481481 0.3880208333333333 0.8574074074074074
5 0.18854166666666666 0.7175925925925926 0.19270833333333334 0.7175925925925926 0.19479166666666667 0.7138888888888889 0.1953125 0.6962962962962963 0.19270833333333334 0.6787037037037037 0.1890625 0.6694444444444444 0.18541666666666667 0.6675925925925926 0.18177083333333333 0.6805555555555556 0.1859375 0.7111111111111111 0.18854166666666666 0.7175925925925926
0 0.3333333333333333 0.6148148148148148 0.3375 0.6148148148148148 0.3390625 0.6064814814814815 0.3338541666666667 0.6055555555555555 0.33229166666666665 0.6064814814814815 0.3333333333333333 0.6148148148148148
5 0.20104166666666667 0.674074074074074 0.2078125 0.6703703703703704 0.21302083333333333 0.674074074074074 0.21354166666666666 0.6620370370370371 0.2078125 0.6518518518518519 0.2 0.6462962962962963 0.19739583333333333 0.6537037037037037 0.19791666666666666 0.6685185185185185 0.20104166666666667 0.674074074074074
5 0.36875 0.6157407407407407 0.36875 0.6101851851851852 0.35989583333333336 0.5879629629629629 0.35520833333333335 0.5879629629629629 0.35625 0.6074074074074074 0.36875 0.6157407407407407
4 0.5307291666666667 0.6092592592592593 0.5328125 0.6148148148148148 0.5322916666666667 0.6268518518518519 0.5338541666666666 0.6333333333333333 0.5369791666666667 0.6351851851851852 0.5447916666666667 0.6222222222222222 0.5369791666666667 0.5935185185185186 0.534375 0.5953703703703703 0.5307291666666667 0.6037037037037037 0.5307291666666667 0.6092592592592593
4 0.16041666666666668 0.8074074074074075 0.16458333333333333 0.8296296296296296 0.16979166666666667 0.8324074074074074 0.171875 0.8296296296296296 0.16979166666666667 0.8069444444444445 0.17395833333333333 0.787962962962963 0.17291666666666666 0.7712962962962963 0.165625 0.7583333333333333 0.16145833333333334 0.7555555555555555 0.1546875 0.7824074074074074 0.1546875 0.7944444444444444 0.16041666666666668 0.8074074074074075
3 0.5927083333333333 0.612037037037037 0.6036458333333333 0.600925925925926 0.603125 0.575925925925926 0.59375 0.5731481481481482 0.5890625 0.575925925925926 0.5885416666666666 0.6111111111111112 0.5927083333333333 0.612037037037037
3 0.29635416666666664 0.5879629629629629 0.29739583333333336 0.6027777777777777 0.3098958333333333 0.6027777777777777 0.30416666666666664 0.5694444444444444 0.2989583333333333 0.5666666666666667 0.29375 0.5712962962962963 0.29270833333333335 0.5833333333333334 0.29635416666666664 0.5879629629629629
4 0.3875 0.612037037037037 0.3927083333333333 0.6111111111111112 0.3953125 0.6046296296296296 0.3927083333333333 0.5981481481481481 0.39375 0.5898148148148148 0.3885416666666667 0.5814814814814815 0.38229166666666664 0.5842592592592593 0.38177083333333334 0.5925925925925926 0.3875 0.612037037037037