5 0.525 0.7962962962962963 0.5286458333333334 0.7907407407407407 0.5265625 0.7703703703703704 0.5296875 0.7601851851851852 0.5255208333333333 0.7333333333333333 0.5213541666666667 0.725925925925926 0.5114583333333333 0.7425925925925926 0.5109375 0.7490740740740741 0.515625 0.7583333333333333 0.5213541666666667 0.7944444444444444 0.525 0.7962962962962963
4 0.40520833333333334 0.6537037037037037 0.40729166666666666 0.6370370370370371 0.4041666666666667 0.6259259259259259 0.4 0.6259259259259259 0.39427083333333335 0.637962962962963 0.39479166666666665 0.6592592592592592 0.3921875 0.6731481481481482 0.396875 0.6768518518518518 0.40520833333333334 0.6537037037037037
4 0.5838541666666667 0.7712962962962963 0.5994791666666667 0.7787037037037037 0.5994791666666667 0.7157407407407408 0.5953125 0.7148148148148148 0.5895833333333333 0.7314814814814815 0.5901041666666667 0.7509259259259259 0.5875 0.7601851851851852 0.5838541666666667 0.762962962962963 0.5838541666666667 0.7712962962962963
4 0.6395833333333333 0.7046296296296296 0.6458333333333334 0.7046296296296296 0.6489583333333333 0.7 0.6479166666666667 0.6555555555555556 0.6432291666666666 0.6416666666666667 0.6401041666666667 0.6425925925925926 0.6364583333333333 0.6537037037037037 0.6354166666666666 0.6712962962962963 0.6395833333333333 0.6925925925925925 0.6385416666666667 0.7018518518518518 0.6395833333333333 0.7046296296296296
5 0.7072916666666667 0.7518518518518519 0.7015625 0.7277777777777777 0.6973958333333333 0.7277777777777777 0.6890625 0.7472222222222222 0.6932291666666667 0.7870370370370371 0.696875 0.7935185185185185 0.7078125 0.7888888888888889 0.7072916666666667 0.7518518518518519
5 0.428125 0.6712962962962963 0.4244791666666667 0.6462962962962963 0.42239583333333336 0.6472222222222223 0.4166666666666667 0.6648148148148149 0.4161458333333333 0.7083333333333334 0.42135416666666664 0.7111111111111111 0.4244791666666667 0.7074074074074074 0.428125 0.6712962962962963
4 0.40625 0.8018518518518518 0.40989583333333335 0.8037037037037037 0.4119791666666667 0.8018518518518518 0.4109375 0.7787037037037037 0.415625 0.7472222222222222 0.4083333333333333 0.7268518518518519 0.4046875 0.7287037037037037 0.4 0.7398148148148148 0.3984375 0.7481481481481481 0.4 0.7574074074074074 0.39895833333333336 0.7777777777777778 0.40625 0.8018518518518518
4 0.4635416666666667 0.8 0.4739583333333333 0.7962962962962963 0.4713541666666667 0.7657407407407407 0.475 0.762962962962963 0.47604166666666664 0.7574074074074074 0.4713541666666667 0.7388888888888889 0.47291666666666665 0.7277777777777777 0.4703125 0.7222222222222222 0.46458333333333335 0.7240740740740741 0.45989583333333334 0.7361111111111112 0.4588541666666667 0.7472222222222222 0.4583333333333333 0.7592592592592593 0.46041666666666664 0.7657407407407407 0.459375 0.7981481481481482 0.4635416666666667 0.8
5 0.2109375 0.5907407407407408 0.2078125 0.5824074074074074 0.2046875 0.5814814814814815 0.2015625 0.587037037037037 0.20104166666666667 0.6037037037037037 0.20416666666666666 0.6240740740740741 0.20885416666666667 0.6259259259259259 0.2109375 0.5907407407407408
5 0.6651041666666667 0.6462962962962963 0.6609375 0.6314814814814815 0.6572916666666667 0.6305555555555555 0.6536458333333334 0.6481481481481481 0.6541666666666667 0.6851851851851852 0.6614583333333334 0.687962962962963 0.6645833333333333 0.6851851851851852 0.6651041666666667 0.6462962962962963
4 0.11666666666666667 0.6055555555555555 0.11145833333333334 0.6027777777777777 0.109375 0.6101851851851852 0.10625 0.6537037037037037 0.11666666666666667 0.6555555555555556 0.11875 0.6537037037037037 0.11666666666666667 0.6055555555555555
5 0.050520833333333334 0.6342592592592593 0.0453125 0.6324074074074074 0.041666666666666664 0.6481481481481481 0.044270833333333336 0.6888888888888889 0.05416666666666667 0.6888888888888889 0.05364583333333333 0.6527777777777778 0.050520833333333334 0.6342592592592593
3 0.26510416666666664 0.5592592592592592 0.2598958333333333 0.5527777777777778 0.25416666666666665 0.5555555555555556 0.2546875 0.5953703703703703 0.2598958333333333 0.5990740740740741 0.2630208333333333 0.5953703703703703 0.26510416666666664 0.5592592592592592
5 0.31302083333333336 0.762962962962963 0.31197916666666664 0.7449074074074075 0.3140625 0.7268518518518519 0.309375 0.6990740740740741 0.3067708333333333 0.6935185185185185 0.3026041666666667 0.6925925925925925 0.2947916666666667 0.7129629629629629 0.2942708333333333 0.7287037037037037 0.296875 0.7379629629629629 0.29791666666666666 0.7611111111111111 0.31302083333333336 0.762962962962963
4 0.20364583333333333 0.8388888888888889 0.20416666666666666 0.8055555555555556 0.20208333333333334 0.7981481481481482 0.196875 0.8009259259259259 0.19322916666666667 0.8157407407407408 0.190625 0.8444444444444444 0.1890625 0.8925925925925926 0.1921875 0.8953703703703704 0.20885416666666667 0.8925925925925926 0.20364583333333333 0.8388888888888889
3 0.07135416666666666 0.5722222222222222 0.06770833333333333 0.5638888888888889 0.06041666666666667 0.5712962962962963 0.06041666666666667 0.6027777777777777 0.06510416666666667 0.6074074074074074 0.06770833333333333 0.600925925925926 0.07135416666666666 0.5722222222222222
5 0.25729166666666664 0.9388888888888889 0.259375 0.9425925925925925 0.2635416666666667 0.9416666666666667 0.26510416666666664 0.937962962962963 0.2609375 0.9222222222222223 0.26197916666666665 0.8574074074074074 0.2598958333333333 0.85 0.25416666666666665 0.8527777777777777 0.25416666666666665 0.8611111111111112 0.24895833333333334 0.8768518518518519 0.25052083333333336 0.9138888888888889 0.24166666666666667 0.9398148148148148 0.246875 0.9444444444444444 0.25729166666666664 0.9388888888888889
3 0.25833333333333336 0.7657407407407407 0.26145833333333335 0.7481481481481481 0.2609375 0.7055555555555556 0.2557291666666667 0.7037037037037037 0.25052083333333336 0.7194444444444444 0.2526041666666667 0.7787037037037037 0.25625 0.7851851851851852 0.2598958333333333 0.7824074074074074 0.25833333333333336 0.7657407407407407
5 0.8416666666666667 0.7592592592592593 0.8447916666666667 0.7583333333333333 0.8447916666666667 0.7092592592592593 0.8401041666666667 0.6925925925925925 0.8375 0.6907407407407408 0.8338541666666667 0.6972222222222222 0.8307291666666666 0.7166666666666667 0.8333333333333334 0.7194444444444444 0.8380208333333333 0.7537037037037037 0.8416666666666667 0.7592592592592593
4 0.024479166666666666 0.6657407407407407 0.0203125 0.6398148148148148 0.017708333333333333 0.6388888888888888 0.013541666666666667 0.649074074074074 0.009375 0.6898148148148148 0.009375 0.7018518518518518 0.024479166666666666 0.7 0.022916666666666665 0.6842592592592592 0.024479166666666666 0.6657407407407407
0 0.7046875 0.7861111111111111 0.7036458333333333 0.7694444444444445 0.6958333333333333 0.7638888888888888 0.6932291666666667 0.7703703703703704 0.6921875 0.7861111111111111 0.696875 0.7935185185185185 0.7010416666666667 0.7925925925925926 0.7046875 0.7861111111111111