5 0.2203125 0.649074074074074 0.228125 0.6481481481481481 0.225 0.6101851851851852 0.2203125 0.6111111111111112 0.21875 0.6194444444444445 0.21875 0.6462962962962963 0.2203125 0.649074074074074
5 0.3015625 0.6287037037037037 0.2989583333333333 0.6305555555555555 0.30572916666666666 0.6370370370370371 0.3125 0.6342592592592593 0.3072916666666667 0.5972222222222222 0.303125 0.5972222222222222 0.30104166666666665 0.6064814814814815 0.3026041666666667 0.6212962962962963 0.3015625 0.6287037037037037
4 0.4270833333333333 0.7240740740740741 0.4317708333333333 0.7240740740740741 0.43385416666666665 0.7175925925925926 0.4354166666666667 0.6777777777777778 0.43072916666666666 0.6648148148148149 0.4270833333333333 0.6648148148148149 0.4234375 0.6759259259259259 0.4239583333333333 0.7157407407407408 0.4270833333333333 0.7240740740740741
5 0.5619791666666667 0.7129629629629629 0.5630208333333333 0.7166666666666667 0.5661458333333333 0.7166666666666667 0.5677083333333334 0.6824074074074075 0.5645833333333333 0.6685185185185185 0.5598958333333334 0.6694444444444444 0.55625 0.6851851851851852 0.5552083333333333 0.7148148148148148 0.5619791666666667 0.7129629629629629
3 0.2911458333333333 0.6694444444444444 0.2947916666666667 0.6694444444444444 0.2984375 0.6768518518518518 0.30104166666666665 0.6768518518518518 0.3046875 0.6370370370370371 0.3020833333333333 0.6314814814814815 0.29739583333333336 0.6305555555555555 0.2921875 0.6407407407407407 0.2942708333333333 0.6574074074074074 0.2911458333333333 0.6694444444444444
5 0.42239583333333336 0.6453703703703704 0.421875 0.65 0.4239583333333333 0.6527777777777778 0.4276041666666667 0.6481481481481481 0.4322916666666667 0.6481481481481481 0.43385416666666665 0.6416666666666667 0.43072916666666666 0.6222222222222222 0.4276041666666667 0.6148148148148148 0.4234375 0.6148148148148148 0.42135416666666664 0.6203703703703703 0.41822916666666665 0.6305555555555555 0.42239583333333336 0.6453703703703704
4 0.475 0.637962962962963 0.478125 0.6407407407407407 0.48541666666666666 0.6324074074074074 0.4859375 0.6277777777777778 0.4822916666666667 0.625 0.4796875 0.6101851851851852 0.47604166666666664 0.6027777777777777 0.4708333333333333 0.6037037037037037 0.4713541666666667 0.6222222222222222 0.475 0.637962962962963
5 0.13072916666666667 0.6240740740740741 0.125 0.5935185185185186 0.12291666666666666 0.5898148148148148 0.1203125 0.5916666666666667 0.11770833333333333 0.6222222222222222 0.13072916666666667 0.6240740740740741
5 0.4973958333333333 0.6370370370370371 0.5020833333333333 0.6064814814814815 0.4984375 0.5944444444444444 0.4953125 0.5990740740740741 0.49166666666666664 0.6342592592592593 0.4973958333333333 0.6370370370370371
4 0.04895833333333333 0.7203703703703703 0.06041666666666667 0.7203703703703703 0.0625 0.7166666666666667 0.058854166666666666 0.6657407407407407 0.057291666666666664 0.662962962962963 0.05364583333333333 0.6648148148148149 0.051041666666666666 0.6759259259259259 0.04791666666666667 0.7175925925925926 0.04895833333333333 0.7203703703703703
5 0.26875 0.6851851851851852 0.27447916666666666 0.6898148148148148 0.2791666666666667 0.6888888888888889 0.27239583333333334 0.6453703703703704 0.26927083333333335 0.6472222222222223 0.2630208333333333 0.6657407407407407 0.2635416666666667 0.6898148148148148 0.26875 0.6851851851851852
4 0.37552083333333336 0.6259259259259259 0.38125 0.6305555555555555 0.3828125 0.6259259259259259 0.3807291666666667 0.6037037037037037 0.3765625 0.5935185185185186 0.3723958333333333 0.5953703703703703 0.37135416666666665 0.6074074074074074 0.37552083333333336 0.6259259259259259
5 0.5489583333333333 0.6583333333333333 0.553125 0.6583333333333333 0.5572916666666666 0.6259259259259259 0.553125 0.6129629629629629 0.5494791666666666 0.6148148148148148 0.5484375 0.6203703703703703 0.5479166666666667 0.6546296296296297 0.5489583333333333 0.6583333333333333
4 0.28229166666666666 0.6314814814814815 0.2869791666666667 0.6333333333333333 0.2869791666666667 0.5972222222222222 0.2828125 0.5972222222222222 0.28072916666666664 0.6046296296296296 0.2796875 0.6148148148148148 0.28229166666666666 0.6314814814814815
4 0.35104166666666664 0.6583333333333333 0.35260416666666666 0.662962962962963 0.3567708333333333 0.6611111111111111 0.365625 0.6407407407407407 0.36666666666666664 0.6305555555555555 0.3645833333333333 0.6222222222222222 0.3609375 0.6194444444444445 0.3536458333333333 0.6370370370370371 0.3541666666666667 0.65 0.35104166666666664 0.6583333333333333
4 0 0.674074074074074 0.0020833333333333333 0.6731481481481482 0.004166666666666667 0.662962962962963 0.004166666666666667 0.6407407407407407 0.0015625 0.625 0 0.625 0 0.674074074074074
4 0.09947916666666666 0.6583333333333333 0.1015625 0.6546296296296297 0.10416666666666667 0.6203703703703703 0.1 0.6101851851851852 0.09635416666666667 0.6166666666666667 0.09583333333333334 0.6555555555555556 0.09947916666666666 0.6583333333333333
3 0.7822916666666667 0.8333333333333334 0.7848958333333333 0.8333333333333334 0.7859375 0.8203703703703704 0.7895833333333333 0.8157407407407408 0.7984375 0.8324074074074074 0.7989583333333333 0.8212962962962963 0.8041666666666667 0.8175925925925925 0.7953125 0.8046296296296296 0.7963541666666667 0.7861111111111111 0.7942708333333334 0.775 0.790625 0.7648148148148148 0.7869791666666667 0.7638888888888888 0.7822916666666667 0.7787037037037037 0.7802083333333333 0.7944444444444444 0.7822916666666667 0.8333333333333334
4 0.5375 0.6768518518518518 0.5395833333333333 0.6731481481481482 0.5380208333333333 0.6435185185185185 0.5328125 0.6342592592592593 0.5291666666666667 0.6342592592592593 0.528125 0.6388888888888888 0.5291666666666667 0.6777777777777778 0.5375 0.6768518518518518
2 0.9197916666666667 0.65 0.9223958333333333 0.6453703703703704 0.9192708333333334 0.6361111111111111 0.91875 0.6092592592592593 0.9161458333333333 0.6027777777777777 0.9114583333333334 0.6055555555555555 0.9088541666666666 0.6462962962962963 0.9197916666666667 0.65
5 0.3875 0.6268518518518519 0.3880208333333333 0.6342592592592593 0.3927083333333333 0.6296296296296297 0.40520833333333334 0.6342592592592593 0.39895833333333336 0.5972222222222222 0.3963541666666667 0.5935185185185186 0.39166666666666666 0.6064814814814815 0.39114583333333336 0.6175925925925926 0.3875 0.6268518518518519
3 0.2328125 0.5814814814814815 0.2375 0.5564814814814815 0.23645833333333333 0.5398148148148149 0.23177083333333334 0.5370370370370371 0.228125 0.5425925925925926 0.22916666666666666 0.5796296296296296 0.2328125 0.5814814814814815
4 0.036458333333333336 0.6435185185185185 0.04114583333333333 0.6425925925925926 0.04114583333333333 0.6037037037037037 0.03697916666666667 0.6027777777777777 0.0328125 0.6138888888888889 0.0296875 0.6388888888888888 0.036458333333333336 0.6435185185185185
5 0.05260416666666667 0.5916666666666667 0.0640625 0.5898148148148148 0.0625 0.5796296296296296 0.06510416666666667 0.575 0.06458333333333334 0.5601851851851852 0.05260416666666667 0.5564814814814815 0.050520833333333334 0.5601851851851852 0.05260416666666667 0.5916666666666667
0 0.4140625 0.6333333333333333 0.415625 0.6342592592592593 0.4171875 0.6333333333333333 0.41875 0.6305555555555555 0.41822916666666665 0.6268518518518519 0.4166666666666667 0.625 0.4140625 0.6259259259259259 0.41302083333333334 0.6277777777777778 0.4125 0.6305555555555555 0.4140625 0.6333333333333333