4 0.7661458333333333 0.6092592592592593 0.7713541666666667 0.6101851851851852 0.7744791666666667 0.6027777777777777 0.7765625 0.562962962962963 0.7708333333333334 0.5518518518518518 0.7682291666666666 0.5518518518518518 0.7630208333333334 0.562037037037037 0.7625 0.5694444444444444 0.7635416666666667 0.6037037037037037 0.7661458333333333 0.6092592592592593
4 0.10416666666666667 0.5962962962962963 0.10260416666666666 0.6046296296296296 0.10729166666666666 0.6074074074074074 0.11510416666666666 0.575 0.115625 0.5648148148148148 0.1109375 0.5601851851851852 0.103125 0.5675925925925925 0.10260416666666666 0.5898148148148148 0.10416666666666667 0.5962962962962963
4 0.3338541666666667 0.6305555555555555 0.3416666666666667 0.6277777777777778 0.34270833333333334 0.5907407407407408 0.33958333333333335 0.5712962962962963 0.334375 0.5712962962962963 0.33177083333333335 0.5805555555555556 0.33229166666666665 0.6277777777777778 0.3338541666666667 0.6305555555555555
4 0.6083333333333333 0.6907407407407408 0.6098958333333333 0.6962962962962963 0.6151041666666667 0.6981481481481482 0.6192708333333333 0.6925925925925925 0.6213541666666667 0.6425925925925926 0.6151041666666667 0.6268518518518519 0.6109375 0.6277777777777778 0.6072916666666667 0.6416666666666667 0.6052083333333333 0.6620370370370371 0.6083333333333333 0.6907407407407408
4 0.6567708333333333 0.5648148148148148 0.65625 0.5879629629629629 0.6619791666666667 0.5898148148148148 0.6645833333333333 0.5546296296296296 0.6604166666666667 0.5444444444444444 0.6526041666666667 0.5416666666666666 0.6515625 0.5444444444444444 0.6567708333333333 0.5648148148148148
3 0 0.587037037037037 0.005729166666666666 0.5888888888888889 0.010416666666666666 0.5638888888888889 0.0067708333333333336 0.5370370370370371 0.0020833333333333333 0.5314814814814814 0 0.5314814814814814 0 0.587037037037037
4 0.5427083333333333 0.5842592592592593 0.5458333333333333 0.587037037037037 0.5510416666666667 0.5833333333333334 0.5520833333333334 0.5444444444444444 0.5489583333333333 0.537962962962963 0.5427083333333333 0.5398148148148149 0.5416666666666666 0.5685185185185185 0.5427083333333333 0.5842592592592593
5 0.36875 0.6148148148148148 0.36666666666666664 0.600925925925926 0.36875 0.5851851851851851 0.36770833333333336 0.5675925925925925 0.3645833333333333 0.562962962962963 0.3614583333333333 0.5638888888888889 0.3572916666666667 0.575925925925926 0.3567708333333333 0.6148148148148148 0.36875 0.6148148148148148
5 0.7177083333333333 0.6407407407407407 0.7166666666666667 0.6620370370370371 0.7223958333333333 0.6638888888888889 0.7255208333333333 0.6611111111111111 0.7244791666666667 0.6444444444444445 0.7276041666666667 0.6305555555555555 0.7260416666666667 0.6129629629629629 0.7229166666666667 0.5990740740740741 0.7203125 0.5990740740740741 0.7161458333333334 0.6092592592592593 0.7145833333333333 0.625 0.7177083333333333 0.6407407407407407
4 0.790625 0.6462962962962963 0.7921875 0.6648148148148149 0.8020833333333334 0.6657407407407407 0.8015625 0.6388888888888888 0.8036458333333333 0.6240740740740741 0.8020833333333334 0.6092592592592593 0.7979166666666667 0.6064814814814815 0.7901041666666667 0.6148148148148148 0.7859375 0.6305555555555555 0.790625 0.6462962962962963
4 0.36041666666666666 0.5564814814814815 0.35989583333333336 0.5731481481481482 0.36822916666666666 0.575 0.375 0.5462962962962963 0.37135416666666665 0.5398148148148149 0.36614583333333334 0.537962962962963 0.35833333333333334 0.549074074074074 0.3572916666666667 0.5518518518518518 0.36041666666666666 0.5564814814814815
5 0.43072916666666666 0.6972222222222222 0.44166666666666665 0.6990740740740741 0.4401041666666667 0.6620370370370371 0.4354166666666667 0.6287037037037037 0.4317708333333333 0.6277777777777778 0.4270833333333333 0.6407407407407407 0.4265625 0.6537037037037037 0.43072916666666666 0.6972222222222222
5 0.5244791666666667 0.5842592592592593 0.5291666666666667 0.587037037037037 0.5317708333333333 0.5685185185185185 0.5317708333333333 0.5444444444444444 0.5296875 0.5388888888888889 0.5229166666666667 0.5425925925925926 0.525 0.5546296296296296 0.5244791666666667 0.5842592592592593
5 0.6151041666666667 0.6064814814814815 0.6192708333333333 0.600925925925926 0.621875 0.562037037037037 0.61875 0.5509259259259259 0.6151041666666667 0.5509259259259259 0.6098958333333333 0.5638888888888889 0.6114583333333333 0.6027777777777777 0.6151041666666667 0.6064814814814815
3 0.5192708333333333 0.6240740740740741 0.5223958333333333 0.6268518518518519 0.5270833333333333 0.6185185185185185 0.5338541666666666 0.6287037037037037 0.5354166666666667 0.6259259259259259 0.53125 0.5953703703703703 0.5291666666666667 0.5555555555555556 0.5229166666666667 0.575 0.5229166666666667 0.6064814814814815 0.5192708333333333 0.6240740740740741
5 0.75625 0.6064814814814815 0.7604166666666666 0.6083333333333333 0.7625 0.600925925925926 0.7651041666666667 0.5601851851851852 0.759375 0.5509259259259259 0.7546875 0.5537037037037037 0.753125 0.5814814814814815 0.75625 0.6064814814814815
5 0.4869791666666667 0.5712962962962963 0.490625 0.575 0.49375 0.5722222222222222 0.49947916666666664 0.5509259259259259 0.49375 0.537962962962963 0.4901041666666667 0.5351851851851852 0.4869791666666667 0.5388888888888889 0.48541666666666666 0.5435185185185185 0.4869791666666667 0.5712962962962963
5 0.058854166666666666 0.6509259259259259 0.059895833333333336 0.6537037037037037 0.06822916666666666 0.6527777777777778 0.0703125 0.65 0.0640625 0.5972222222222222 0.0625 0.5907407407407408 0.0578125 0.5916666666666667 0.05625 0.6148148148148148 0.058854166666666666 0.6509259259259259
5 0.2791666666666667 0.6296296296296297 0.284375 0.6305555555555555 0.2869791666666667 0.6185185185185185 0.284375 0.575 0.2828125 0.5712962962962963 0.2791666666666667 0.5722222222222222 0.2760416666666667 0.5824074074074074 0.27708333333333335 0.625 0.2791666666666667 0.6296296296296297
4 0.6359375 0.5990740740740741 0.6369791666666667 0.6074074074074074 0.6395833333333333 0.6092592592592593 0.6442708333333333 0.6027777777777777 0.6458333333333334 0.5611111111111111 0.6385416666666667 0.55 0.6354166666666666 0.5601851851851852 0.634375 0.5805555555555556 0.6359375 0.5990740740740741
5 0.15677083333333333 0.5842592592592593 0.1578125 0.6037037037037037 0.16197916666666667 0.6083333333333333 0.1640625 0.6064814814814815 0.165625 0.5694444444444444 0.1625 0.5527777777777778 0.15833333333333333 0.5453703703703704 0.1546875 0.5527777777777778 0.15416666666666667 0.575925925925926 0.15677083333333333 0.5842592592592593
4 0.03697916666666667 0.5805555555555556 0.03958333333333333 0.5861111111111111 0.04479166666666667 0.5879629629629629 0.0484375 0.5675925925925925 0.049479166666666664 0.5444444444444444 0.04739583333333333 0.5296296296296297 0.04479166666666667 0.5259259259259259 0.040625 0.5268518518518519 0.0375 0.5370370370370371 0.03854166666666667 0.5712962962962963 0.03697916666666667 0.5805555555555556