4 0.490625 0.600925925925926 0.49375 0.5981481481481481 0.4984375 0.5833333333333334 0.49895833333333334 0.5601851851851852 0.49270833333333336 0.5601851851851852 0.4895833333333333 0.575925925925926 0.48802083333333335 0.5990740740740741 0.490625 0.600925925925926
3 0.409375 0.6546296296296297 0.4161458333333333 0.6712962962962963 0.4203125 0.6694444444444444 0.41822916666666665 0.6583333333333333 0.41822916666666665 0.6398148148148148 0.42135416666666664 0.6287037037037037 0.4197916666666667 0.6101851851851852 0.415625 0.6101851851851852 0.40989583333333335 0.6231481481481481 0.4078125 0.65 0.4 0.6537037037037037 0.4 0.6583333333333333 0.409375 0.6546296296296297
5 0.2916666666666667 0.5935185185185186 0.29375 0.6 0.2984375 0.6 0.3015625 0.5777777777777777 0.30104166666666665 0.5657407407407408 0.2989583333333333 0.5592592592592592 0.29322916666666665 0.5601851851851852 0.2911458333333333 0.575925925925926 0.2916666666666667 0.5935185185185186
5 0.5411458333333333 0.6175925925925926 0.540625 0.6222222222222222 0.55 0.6231481481481481 0.5546875 0.6268518518518519 0.55625 0.6361111111111111 0.5598958333333334 0.6361111111111111 0.5604166666666667 0.5907407407407408 0.55625 0.5898148148148148 0.5526041666666667 0.5962962962962963 0.5484375 0.612037037037037 0.5411458333333333 0.6175925925925926
4 0.32916666666666666 0.65 0.3416666666666667 0.6518518518518519 0.34375 0.6231481481481481 0.35052083333333334 0.6064814814814815 0.3416666666666667 0.5972222222222222 0.33541666666666664 0.6074074074074074 0.32760416666666664 0.6444444444444445 0.32916666666666666 0.65
4 0.5994791666666667 0.6268518518518519 0.603125 0.6296296296296297 0.6057291666666667 0.637962962962963 0.609375 0.6361111111111111 0.6088541666666667 0.5907407407407408 0.6072916666666667 0.5888888888888889 0.6026041666666667 0.5953703703703703 0.596875 0.6194444444444445 0.5932291666666667 0.6231481481481481 0.5947916666666667 0.6296296296296297 0.5994791666666667 0.6268518518518519
5 0.3734375 0.6425925925925926 0.37552083333333336 0.6185185185185185 0.378125 0.6148148148148148 0.3765625 0.5916666666666667 0.3729166666666667 0.5925925925925926 0.36770833333333336 0.6111111111111112 0.3625 0.6398148148148148 0.3734375 0.6425925925925926
4 0.2453125 0.6231481481481481 0.2557291666666667 0.6296296296296297 0.25729166666666664 0.6268518518518519 0.25625 0.6101851851851852 0.25833333333333336 0.5916666666666667 0.2557291666666667 0.5787037037037037 0.2515625 0.5796296296296296 0.24739583333333334 0.5907407407407408 0.24791666666666667 0.6092592592592593 0.2453125 0.6231481481481481
5 0.16197916666666667 0.6953703703703704 0.16614583333333333 0.7027777777777777 0.17291666666666666 0.6620370370370371 0.17083333333333334 0.6462962962962963 0.165625 0.6444444444444445 0.15885416666666666 0.6592592592592592 0.15729166666666666 0.6972222222222222 0.16197916666666667 0.6953703703703704
4 0.3223958333333333 0.6018518518518519 0.32760416666666664 0.5675925925925925 0.32708333333333334 0.5537037037037037 0.321875 0.5509259259259259 0.3182291666666667 0.5564814814814815 0.31666666666666665 0.5675925925925925 0.31614583333333335 0.5962962962962963 0.3223958333333333 0.6018518518518519
5 0.8270833333333333 0.65 0.8291666666666667 0.6574074074074074 0.8375 0.6518518518518519 0.8494791666666667 0.6509259259259259 0.8489583333333334 0.6148148148148148 0.8463541666666666 0.6101851851851852 0.84375 0.6129629629629629 0.8359375 0.6416666666666667 0.8270833333333333 0.65
4 0.825 0.6231481481481481 0.8338541666666667 0.6296296296296297 0.8364583333333333 0.6222222222222222 0.8348958333333333 0.5907407407407408 0.8296875 0.5898148148148148 0.8265625 0.5962962962962963 0.8171875 0.625 0.825 0.6231481481481481
5 0.7119791666666667 0.7018518518518518 0.7109375 0.712037037037037 0.7182291666666667 0.7175925925925926 0.7239583333333334 0.7314814814814815 0.728125 0.7314814814814815 0.7213541666666666 0.7055555555555556 0.721875 0.6935185185185185 0.7265625 0.6888888888888889 0.7177083333333333 0.6694444444444444 0.7119791666666667 0.6685185185185185 0.7098958333333333 0.6731481481481482 0.7083333333333334 0.6888888888888889 0.7119791666666667 0.7018518518518518
5 0.1859375 0.6333333333333333 0.1875 0.6296296296296297 0.1859375 0.6064814814814815 0.190625 0.5953703703703703 0.18125 0.5953703703703703 0.17239583333333333 0.6333333333333333 0.17291666666666666 0.6453703703703704 0.1859375 0.6333333333333333
4 0.6307291666666667 0.7157407407407408 0.6286458333333333 0.7240740740740741 0.646875 0.7222222222222222 0.65 0.7398148148148148 0.65625 0.7407407407407407 0.653125 0.7138888888888889 0.6546875 0.7083333333333334 0.6505208333333333 0.6768518518518518 0.6458333333333334 0.6777777777777778 0.6416666666666667 0.6851851851851852 0.6390625 0.7111111111111111 0.6307291666666667 0.7157407407407408
4 0.8338541666666667 0.7046296296296296 0.8375 0.7064814814814815 0.8458333333333333 0.6916666666666667 0.8536458333333333 0.6620370370370371 0.8458333333333333 0.6453703703703704 0.8390625 0.6537037037037037 0.834375 0.6851851851851852 0.8354166666666667 0.6962962962962963 0.8338541666666667 0.7046296296296296
3 0.3182291666666667 0.5370370370370371 0.32135416666666666 0.5425925925925926 0.3203125 0.549074074074074 0.3260416666666667 0.5592592592592592 0.3302083333333333 0.5388888888888889 0.328125 0.5314814814814814 0.3260416666666667 0.5287037037037037 0.321875 0.5342592592592592 0.3140625 0.5333333333333333 0.3104166666666667 0.5370370370370371 0.3182291666666667 0.5370370370370371
3 0.9625 0.9194444444444444 0.9645833333333333 0.9222222222222223 0.9677083333333333 0.9222222222222223 0.9703125 0.9166666666666666 0.9869791666666666 0.9157407407407407 0.9958333333333333 0.9046296296296297 0.9953125 0.8972222222222223 0.9895833333333334 0.8814814814814815 0.9947916666666666 0.8731481481481481 0.9921875 0.8435185185185186 0.9869791666666666 0.8416666666666667 0.9802083333333333 0.8574074074074074 0.971875 0.9018518518518519 0.9625 0.9194444444444444
4 0.17864583333333334 0.6925925925925925 0.17760416666666667 0.6972222222222222 0.18177083333333333 0.7 0.184375 0.6953703703703704 0.18697916666666667 0.6675925925925926 0.19010416666666666 0.6620370370370371 0.18541666666666667 0.6407407407407407 0.18125 0.6425925925925926 0.17708333333333334 0.6574074074074074 0.17291666666666666 0.6888888888888889 0.17864583333333334 0.6925925925925925
5 0.3541666666666667 0.6175925925925926 0.3578125 0.6185185185185185 0.359375 0.5953703703703703 0.3619791666666667 0.5879629629629629 0.3609375 0.5787037037037037 0.35625 0.5768518518518518 0.35208333333333336 0.5898148148148148 0.3494791666666667 0.6074074074074074 0.3541666666666667 0.6175925925925926
0 0.7270833333333333 0.5842592592592593 0.7322916666666667 0.5824074074074074 0.7317708333333334 0.575 0.725 0.575 0.7244791666666667 0.5796296296296296 0.7270833333333333 0.5842592592592593
4 0.221875 0.6472222222222223 0.22395833333333334 0.6527777777777778 0.228125 0.6537037037037037 0.23020833333333332 0.6425925925925926 0.22916666666666666 0.6194444444444445 0.23072916666666668 0.6055555555555555 0.228125 0.5953703703703703 0.22395833333333334 0.5916666666666667 0.22135416666666666 0.6074074074074074 0.221875 0.6472222222222223
5 0.2171875 0.637962962962963 0.22239583333333332 0.6268518518518519 0.22291666666666668 0.6138888888888889 0.228125 0.5990740740740741 0.2265625 0.5925925925925926 0.22291666666666668 0.5907407407407408 0.21614583333333334 0.6092592592592593 0.21302083333333333 0.6342592592592593 0.2171875 0.637962962962963
5 0.234375 0.6611111111111111 0.2359375 0.6592592592592592 0.23489583333333333 0.649074074074074 0.2375 0.6101851851851852 0.23645833333333333 0.6074074074074074 0.23177083333333334 0.6083333333333333 0.2296875 0.6166666666666667 0.2296875 0.6574074074074074 0.234375 0.6611111111111111