5 0.5734375 0.6175925925925926 0.571875 0.6481481481481481 0.5760416666666667 0.649074074074074 0.5786458333333333 0.6407407407407407 0.5838541666666667 0.6444444444444445 0.5859375 0.6416666666666667 0.5864583333333333 0.6342592592592593 0.5828125 0.6148148148148148 0.584375 0.6027777777777777 0.5760416666666667 0.5861111111111111 0.5729166666666666 0.5888888888888889 0.5713541666666667 0.5972222222222222 0.5713541666666667 0.6101851851851852 0.5734375 0.6175925925925926
5 0.4197916666666667 0.5583333333333333 0.4270833333333333 0.55 0.42552083333333335 0.5277777777777778 0.42291666666666666 0.5203703703703704 0.4197916666666667 0.5194444444444445 0.4171875 0.5287037037037037 0.4161458333333333 0.5574074074074075 0.4197916666666667 0.5583333333333333
5 0.115625 0.5740740740740741 0.11875 0.5675925925925925 0.12395833333333334 0.5657407407407408 0.12552083333333333 0.5287037037037037 0.11770833333333333 0.5296296296296297 0.1140625 0.5416666666666666 0.11302083333333333 0.5722222222222222 0.115625 0.5740740740740741
4 0.4192708333333333 0.5763888888888888 0.4197916666666667 0.5962962962962963 0.4239583333333333 0.600925925925926 0.43020833333333336 0.575 0.43125 0.562037037037037 0.4239583333333333 0.5453703703703704 0.4192708333333333 0.5472222222222223 0.4171875 0.5518518518518518 0.4161458333333333 0.5638888888888889 0.4192708333333333 0.5763888888888888
4 0.21354166666666666 0.7037037037037037 0.21822916666666667 0.7046296296296296 0.22447916666666667 0.6851851851851852 0.22916666666666666 0.687037037037037 0.23229166666666667 0.7018518518518518 0.2359375 0.700925925925926 0.23333333333333334 0.6777777777777778 0.2359375 0.6518518518518519 0.225 0.6351851851851852 0.2203125 0.649074074074074 0.2203125 0.6657407407407407 0.21354166666666666 0.7037037037037037
4 0.5958333333333333 0.6231481481481481 0.5953125 0.6305555555555555 0.5989583333333334 0.6305555555555555 0.603125 0.6203703703703703 0.6098958333333333 0.6203703703703703 0.6057291666666667 0.6074074074074074 0.6078125 0.5898148148148148 0.5994791666666667 0.575 0.5916666666666667 0.5805555555555556 0.5911458333333334 0.5972222222222222 0.5958333333333333 0.6231481481481481
4 0.3020833333333333 0.5666666666666667 0.30625 0.5851851851851851 0.3104166666666667 0.5851851851851851 0.31197916666666664 0.5444444444444444 0.3067708333333333 0.5305555555555556 0.3026041666666667 0.5324074074074074 0.30104166666666665 0.537962962962963 0.2994791666666667 0.5453703703703704 0.3020833333333333 0.5666666666666667
5 0.39739583333333334 0.6111111111111112 0.4010416666666667 0.6138888888888889 0.4005208333333333 0.562037037037037 0.396875 0.5546296296296296 0.3927083333333333 0.5592592592592592 0.39114583333333336 0.5907407407407408 0.39739583333333334 0.6111111111111112
4 0.74375 0.5935185185185186 0.7447916666666666 0.6194444444444445 0.7494791666666667 0.6185185185185185 0.7505208333333333 0.6092592592592593 0.7567708333333333 0.6046296296296296 0.759375 0.5888888888888889 0.7572916666666667 0.5481481481481482 0.7515625 0.5425925925925926 0.746875 0.5546296296296296 0.7458333333333333 0.5861111111111111 0.74375 0.5935185185185186
5 0.11875 0.6296296296296297 0.12552083333333333 0.625 0.13072916666666667 0.5898148148148148 0.13333333333333333 0.587037037037037 0.1265625 0.5685185185185185 0.121875 0.5694444444444444 0.1171875 0.587037037037037 0.115625 0.6259259259259259 0.11875 0.6296296296296297
5 0.7875 0.6037037037037037 0.7895833333333333 0.5981481481481481 0.7864583333333334 0.5879629629629629 0.7864583333333334 0.5592592592592592 0.7833333333333333 0.5462962962962963 0.7786458333333334 0.5481481481481482 0.7765625 0.562037037037037 0.7770833333333333 0.6027777777777777 0.7875 0.6037037037037037
4 0.9869791666666666 0.5481481481481482 0.990625 0.5444444444444444 0.9927083333333333 0.512962962962963 0.990625 0.5046296296296297 0.9864583333333333 0.5046296296296297 0.984375 0.5101851851851852 0.98125 0.5453703703703704 0.9869791666666666 0.5481481481481482
3 0.15833333333333333 0.5509259259259259 0.16197916666666667 0.5518518518518518 0.16354166666666667 0.549074074074074 0.16197916666666667 0.5342592592592592 0.165625 0.5212962962962963 0.16458333333333333 0.512962962962963 0.16197916666666667 0.5111111111111111 0.1625 0.5009259259259259 0.15364583333333334 0.4981481481481482 0.15052083333333333 0.5055555555555555 0.153125 0.5370370370370371 0.15833333333333333 0.5509259259259259
0 0.1171875 0.6296296296296297 0.12552083333333333 0.6259259259259259 0.12395833333333334 0.6148148148148148 0.11875 0.6138888888888889 0.1171875 0.6166666666666667 0.115625 0.6222222222222222 0.1171875 0.6296296296296297
4 0.7526041666666666 0.6305555555555555 0.7515625 0.6462962962962963 0.7567708333333333 0.6509259259259259 0.759375 0.6592592592592592 0.7671875 0.662962962962963 0.7723958333333333 0.65 0.7630208333333334 0.6259259259259259 0.7614583333333333 0.6092592592592593 0.7557291666666667 0.5990740740740741 0.75625 0.5898148148148148 0.7479166666666667 0.5888888888888889 0.7463541666666667 0.5916666666666667 0.7458333333333333 0.6083333333333333 0.7526041666666666 0.6305555555555555
5 0.11875 0.7092592592592593 0.12239583333333333 0.7083333333333334 0.1234375 0.7046296296296296 0.13125 0.7046296296296296 0.134375 0.7129629629629629 0.1359375 0.6722222222222223 0.13385416666666666 0.6546296296296297 0.1296875 0.6425925925925926 0.12604166666666666 0.6425925925925926 0.11979166666666667 0.6657407407407407 0.12239583333333333 0.6935185185185185 0.11875 0.7092592592592593
4 0.7557291666666667 0.5777777777777777 0.759375 0.549074074074074 0.7552083333333334 0.5398148148148149 0.7515625 0.5388888888888889 0.746875 0.5546296296296296 0.7479166666666667 0.5805555555555556 0.7557291666666667 0.5777777777777777
4 0.7583333333333333 0.6601851851851852 0.759375 0.687037037037037 0.7552083333333334 0.700925925925926 0.7572916666666667 0.7037037037037037 0.7619791666666667 0.7018518518518518 0.7651041666666667 0.6861111111111111 0.7682291666666666 0.6833333333333333 0.7791666666666667 0.6953703703703704 0.7796875 0.6861111111111111 0.7729166666666667 0.6787037037037037 0.7697916666666667 0.6666666666666666 0.7723958333333333 0.65 0.7625 0.6296296296296297 0.759375 0.625 0.7557291666666667 0.625 0.7520833333333333 0.6388888888888888 0.7583333333333333 0.6601851851851852
4 0.703125 0.5675925925925925 0.7078125 0.5685185185185185 0.7125 0.5601851851851852 0.7166666666666667 0.562962962962963 0.7177083333333333 0.5564814814814815 0.7135416666666666 0.5453703703703704 0.7145833333333333 0.5287037037037037 0.7130208333333333 0.5222222222222223 0.7088541666666667 0.5157407407407407 0.7015625 0.5194444444444445 0.7057291666666666 0.5509259259259259 0.703125 0.5675925925925925
3 0.5916666666666667 0.5981481481481481 0.5958333333333333 0.5916666666666667 0.596875 0.5833333333333334 0.6020833333333333 0.5777777777777777 0.6046875 0.5796296296296296 0.5958333333333333 0.5546296296296296 0.5921875 0.5555555555555556 0.5901041666666667 0.5638888888888889 0.5895833333333333 0.5842592592592593 0.5916666666666667 0.5981481481481481
5 0.3770833333333333 0.562962962962963 0.38125 0.5601851851851852 0.3854166666666667 0.5231481481481481 0.37916666666666665 0.512962962962963 0.37604166666666666 0.512962962962963 0.3734375 0.5203703703703704 0.3729166666666667 0.5342592592592592 0.3770833333333333 0.562962962962963
4 0.20572916666666666 0.6268518518518519 0.21510416666666668 0.6111111111111112 0.21302083333333333 0.5814814814814815 0.20885416666666667 0.5712962962962963 0.20416666666666666 0.5740740740740741 0.203125 0.6259259259259259 0.20572916666666666 0.6268518518518519
3 0.35052083333333334 0.5370370370370371 0.3567708333333333 0.5361111111111111 0.36041666666666666 0.5064814814814815 0.35885416666666664 0.4898148148148148 0.3572916666666667 0.4861111111111111 0.35260416666666666 0.487962962962963 0.34427083333333336 0.5009259259259259 0.3453125 0.5287037037037037 0.35052083333333334 0.5370370370370371