3 0.5041666666666667 0.6 0.5026041666666666 0.5564814814814815 0.49947916666666664 0.5564814814814815 0.49375 0.5712962962962963 0.49375 0.6148148148148148 0.4953125 0.6203703703703703 0.4979166666666667 0.6212962962962963 0.5041666666666667 0.6
4 0.4010416666666667 0.5722222222222222 0.40208333333333335 0.5574074074074075 0.4015625 0.5407407407407407 0.396875 0.524074074074074 0.390625 0.549074074074074 0.3885416666666667 0.5787037037037037 0.39114583333333336 0.5842592592592593 0.3963541666666667 0.587037037037037 0.4010416666666667 0.5722222222222222
4 0.6541666666666667 0.5509259259259259 0.6609375 0.525 0.6604166666666667 0.512962962962963 0.6536458333333334 0.5055555555555555 0.65 0.5148148148148148 0.6479166666666667 0.525 0.6505208333333333 0.5324074074074074 0.65 0.5481481481481482 0.6541666666666667 0.5509259259259259
4 0.575 0.6537037037037037 0.5869791666666667 0.6574074074074074 0.5911458333333334 0.6111111111111112 0.5880208333333333 0.5907407407407408 0.5833333333333334 0.5861111111111111 0.575 0.5944444444444444 0.5739583333333333 0.6018518518518519 0.5770833333333333 0.6064814814814815 0.5776041666666667 0.6203703703703703 0.575 0.6537037037037037
4 0.2046875 0.6148148148148148 0.20677083333333332 0.612037037037037 0.20833333333333334 0.5990740740740741 0.21145833333333333 0.5601851851851852 0.20989583333333334 0.5564814814814815 0.20364583333333333 0.5601851851851852 0.19947916666666668 0.5824074074074074 0.20052083333333334 0.5944444444444444 0.1984375 0.6064814814814815 0.20104166666666667 0.6129629629629629 0.2046875 0.6148148148148148
5 0.6796875 0.5546296296296296 0.6817708333333333 0.5268518518518519 0.6776041666666667 0.5120370370370371 0.6729166666666667 0.512962962962963 0.6703125 0.525 0.671875 0.5555555555555556 0.6776041666666667 0.5583333333333333 0.6796875 0.5546296296296296
5 0.3453125 0.6064814814814815 0.34739583333333335 0.6027777777777777 0.3463541666666667 0.5787037037037037 0.3489583333333333 0.5601851851851852 0.34739583333333335 0.549074074074074 0.3453125 0.5462962962962963 0.3421875 0.5481481481481482 0.3385416666666667 0.5601851851851852 0.3390625 0.575462962962963 0.3359375 0.5990740740740741 0.3380208333333333 0.6037037037037037 0.3453125 0.6064814814814815
5 0.3171875 0.6157407407407407 0.31927083333333334 0.6074074074074074 0.31614583333333335 0.5833333333333334 0.3104166666666667 0.5814814814814815 0.30520833333333336 0.5944444444444444 0.3098958333333333 0.6416666666666667 0.3145833333333333 0.6425925925925926 0.3177083333333333 0.637962962962963 0.3171875 0.6157407407407407
5 0.3140625 0.5333333333333333 0.3145833333333333 0.5120370370370371 0.3104166666666667 0.5101851851851852 0.3067708333333333 0.5212962962962963 0.3020833333333333 0.5574074074074075 0.3171875 0.5592592592592592 0.3182291666666667 0.5555555555555556 0.3140625 0.5333333333333333
4 0.5255208333333333 0.5814814814814815 0.5296875 0.5518518518518518 0.5276041666666667 0.5333333333333333 0.5244791666666667 0.5305555555555556 0.51875 0.5444444444444444 0.5171875 0.562962962962963 0.5135416666666667 0.5694444444444444 0.521875 0.5805555555555556 0.5255208333333333 0.5814814814814815
4 0.7703125 0.5787037037037037 0.7651041666666667 0.5638888888888889 0.7619791666666667 0.5638888888888889 0.759375 0.5740740740740741 0.7588541666666667 0.6268518518518519 0.7651041666666667 0.6296296296296297 0.7682291666666666 0.6240740740740741 0.7703125 0.5787037037037037
4 0.2755208333333333 0.5814814814814815 0.27395833333333336 0.5370370370370371 0.2713541666666667 0.5333333333333333 0.26927083333333335 0.5351851851851852 0.265625 0.549074074074074 0.2635416666666667 0.5712962962962963 0.259375 0.5888888888888889 0.2734375 0.5916666666666667 0.2755208333333333 0.5814814814814815
5 0.5770833333333333 0.5648148148148148 0.5833333333333334 0.5592592592592592 0.58125 0.5509259259259259 0.5822916666666667 0.5444444444444444 0.5760416666666667 0.5324074074074074 0.5723958333333333 0.5351851851851852 0.5661458333333333 0.55 0.5677083333333334 0.5601851851851852 0.5651041666666666 0.5675925925925925 0.571875 0.575 0.5770833333333333 0.5648148148148148
4 0.4192708333333333 0.5361111111111111 0.42135416666666664 0.5296296296296297 0.4197916666666667 0.5074074074074074 0.415625 0.5027777777777778 0.40572916666666664 0.5185185185185185 0.4041666666666667 0.5351851851851852 0.41041666666666665 0.5537037037037037 0.4192708333333333 0.5518518518518518 0.4192708333333333 0.5361111111111111
5 0.6786458333333333 0.6731481481481482 0.6802083333333333 0.6694444444444444 0.6796875 0.6231481481481481 0.6739583333333333 0.6092592592592593 0.6703125 0.612037037037037 0.6677083333333333 0.6222222222222222 0.6666666666666666 0.6407407407407407 0.6703125 0.6574074074074074 0.6703125 0.6731481481481482 0.6786458333333333 0.6731481481481482
3 0.8447916666666667 0.8824074074074074 0.85 0.8851851851851852 0.8536458333333333 0.9046296296296297 0.8583333333333333 0.8379629629629629 0.85 0.8111111111111111 0.8453125 0.812037037037037 0.84375 0.8212962962962963 0.8390625 0.8296296296296296 0.8364583333333333 0.8546296296296296 0.8359375 0.8777777777777778 0.8390625 0.8870370370370371 0.8411458333333334 0.8916666666666667 0.8447916666666667 0.8824074074074074
3 0.3770833333333333 0.5101851851851852 0.38958333333333334 0.5101851851851852 0.3885416666666667 0.4861111111111111 0.3848958333333333 0.475 0.3640625 0.48148148148148145 0.3645833333333333 0.48518518518518516 0.37552083333333336 0.48518518518518516 0.3776041666666667 0.49444444444444446 0.3770833333333333 0.5101851851851852
5 0.3953125 0.5148148148148148 0.3927083333333333 0.5212962962962963 0.39166666666666666 0.5398148148148149 0.40260416666666665 0.5407407407407407 0.4015625 0.5185185185185185 0.3953125 0.5148148148148148
3 0.7958333333333333 0.525 0.7984375 0.5287037037037037 0.803125 0.512962962962963 0.8026041666666667 0.4666666666666667 0.7901041666666667 0.4685185185185185 0.7885416666666667 0.4777777777777778 0.7890625 0.512962962962963 0.7947916666666667 0.5166666666666667 0.7958333333333333 0.525
5 0.6114583333333333 0.5731481481481482 0.6151041666666667 0.5601851851851852 0.6151041666666667 0.5509259259259259 0.6098958333333333 0.5361111111111111 0.6057291666666667 0.5361111111111111 0.6026041666666667 0.5833333333333334 0.6088541666666667 0.5851851851851851 0.6125 0.5805555555555556 0.6114583333333333 0.5731481481481482
4 0.41041666666666665 0.5138888888888888 0.4078125 0.5111111111111111 0.403125 0.524074074074074 0.403125 0.5638888888888889 0.4078125 0.5685185185185185 0.4119791666666667 0.5518518518518518 0.41041666666666665 0.5138888888888888
5 0.815625 0.6046296296296296 0.8140625 0.5583333333333333 0.8104166666666667 0.5564814814814815 0.8057291666666667 0.5731481481481482 0.8052083333333333 0.6268518518518519 0.8104166666666667 0.6287037037037037 0.8135416666666667 0.6240740740740741 0.815625 0.6046296296296296
5 0.8145833333333333 0.6111111111111112 0.8161458333333333 0.6037037037037037 0.8166666666666667 0.5740740740740741 0.8140625 0.5546296296296296 0.8104166666666667 0.5509259259259259 0.8088541666666667 0.5555555555555556 0.80625 0.5722222222222222 0.80625 0.6064814814814815 0.8114583333333333 0.6129629629629629 0.8145833333333333 0.6111111111111112