4 0.7072916666666667 0.6768518518518518 0.7046875 0.6842592592592592 0.7223958333333333 0.6851851851851852 0.7234375 0.6796296296296296 0.7208333333333333 0.6555555555555556 0.7229166666666667 0.6342592592592593 0.7166666666666667 0.6212962962962963 0.703125 0.6296296296296297 0.7046875 0.6342592592592593 0.709375 0.6351851851851852 0.7109375 0.6425925925925926 0.7072916666666667 0.6768518518518518
5 0.6348958333333333 0.6861111111111111 0.6369791666666667 0.6675925925925926 0.6416666666666667 0.6546296296296297 0.6364583333333333 0.6268518518518519 0.63125 0.625 0.6260416666666667 0.6416666666666667 0.6244791666666667 0.6537037037037037 0.6296875 0.6722222222222223 0.6296875 0.6824074074074075 0.6348958333333333 0.6861111111111111
4 0.5328125 0.6888888888888889 0.534375 0.6907407407407408 0.540625 0.687037037037037 0.5421875 0.6583333333333333 0.5453125 0.6537037037037037 0.5411458333333333 0.6361111111111111 0.5369791666666667 0.6296296296296297 0.5286458333333334 0.6388888888888888 0.5213541666666667 0.6416666666666667 0.5307291666666667 0.6546296296296297 0.5328125 0.6888888888888889
5 0.33697916666666666 0.6805555555555556 0.3421875 0.6814814814814815 0.3421875 0.6851851851851852 0.3484375 0.6861111111111111 0.35 0.6814814814814815 0.3484375 0.6777777777777778 0.34739583333333335 0.6305555555555555 0.3416666666666667 0.6296296296296297 0.3375 0.6444444444444445 0.33697916666666666 0.6611111111111111 0.32916666666666666 0.6824074074074075 0.3338541666666667 0.6851851851851852 0.33697916666666666 0.6805555555555556
5 0.8109375 0.675 0.815625 0.6768518518518518 0.8192708333333333 0.6694444444444444 0.8177083333333334 0.6601851851851852 0.8208333333333333 0.6333333333333333 0.8171875 0.6185185185185185 0.8151041666666666 0.6157407407407407 0.8125 0.6185185185185185 0.8098958333333334 0.6370370370370371 0.8098958333333334 0.6583333333333333 0.8119791666666667 0.6648148148148149 0.8109375 0.675
4 0.4432291666666667 0.7277777777777777 0.446875 0.6925925925925925 0.44635416666666666 0.6620370370370371 0.44427083333333334 0.6583333333333333 0.44166666666666665 0.6583333333333333 0.43697916666666664 0.6685185185185185 0.43385416666666665 0.6851851851851852 0.43645833333333334 0.7083333333333334 0.4322916666666667 0.7240740740740741 0.4348958333333333 0.7277777777777777 0.4432291666666667 0.7277777777777777
5 0.4328125 0.6259259259259259 0.4348958333333333 0.5944444444444444 0.43125 0.575925925925926 0.428125 0.5731481481481482 0.425 0.575925925925926 0.421875 0.5944444444444444 0.42135416666666664 0.6037037037037037 0.4244791666666667 0.6166666666666667 0.4234375 0.6259259259259259 0.4328125 0.6259259259259259
5 0.3145833333333333 0.8925925925925926 0.3171875 0.8888888888888888 0.3171875 0.8574074074074074 0.3223958333333333 0.8490740740740741 0.3177083333333333 0.8280092592592593 0.3182291666666667 0.8055555555555556 0.31666666666666665 0.8018518518518518 0.31197916666666664 0.8027777777777778 0.30364583333333334 0.8324074074074074 0.303125 0.8425925925925926 0.309375 0.862037037037037 0.3072916666666667 0.8916666666666667 0.3145833333333333 0.8925925925925926
0 0.6875 0.7555555555555555 0.6854166666666667 0.7509259259259259 0.6796875 0.7518518518518519 0.6786458333333333 0.7592592592592593 0.6802083333333333 0.7620370370370371 0.6869791666666667 0.7620370370370371 0.6875 0.7555555555555555
5 0.23697916666666666 0.6388888888888888 0.2375 0.6305555555555555 0.2328125 0.600925925925926 0.22916666666666666 0.600925925925926 0.22552083333333334 0.612037037037037 0.2265625 0.6601851851851852 0.24010416666666667 0.6611111111111111 0.24114583333333334 0.6574074074074074 0.23697916666666666 0.6388888888888888
4 0.4119791666666667 0.6388888888888888 0.4140625 0.6342592592592593 0.4119791666666667 0.5944444444444444 0.4078125 0.5851851851851851 0.4046875 0.5888888888888889 0.40260416666666665 0.6222222222222222 0.4036458333333333 0.6351851851851852 0.4041666666666667 0.637962962962963 0.4119791666666667 0.6388888888888888
4 0.5875 0.6148148148148148 0.5880208333333333 0.575925925925926 0.584375 0.5703703703703704 0.5796875 0.5694444444444444 0.5744791666666667 0.5888888888888889 0.5765625 0.600925925925926 0.575 0.6185185185185185 0.5854166666666667 0.6185185185185185 0.5875 0.6148148148148148
5 0.4786458333333333 0.6851851851851852 0.475 0.7 0.4744791666666667 0.7138888888888889 0.4744791666666667 0.7546296296296297 0.48802083333333335 0.7564814814814815 0.48333333333333334 0.6851851851851852 0.4786458333333333 0.6851851851851852
3 0.3578125 0.524074074074074 0.3494791666666667 0.5203703703703704 0.3453125 0.5296296296296297 0.3453125 0.5601851851851852 0.35260416666666666 0.5574074074074075 0.3572916666666667 0.5601851851851852 0.3578125 0.524074074074074
4 0.21666666666666667 0.7564814814814815 0.22083333333333333 0.7574074074074074 0.22239583333333332 0.75 0.2203125 0.6796296296296296 0.215625 0.6805555555555556 0.20989583333333334 0.7046296296296296 0.209375 0.7166666666666667 0.21458333333333332 0.7351851851851852 0.21458333333333332 0.7518518518518519 0.21666666666666667 0.7564814814814815
4 0.4083333333333333 0.7944444444444444 0.415625 0.7944444444444444 0.4171875 0.7138888888888889 0.4119791666666667 0.712037037037037 0.4041666666666667 0.7351851851851852 0.403125 0.7490740740740741 0.40520833333333334 0.7712962962962963 0.4036458333333333 0.7870370370370371 0.4083333333333333 0.7944444444444444
3 0.7015625 0.562962962962963 0.7041666666666667 0.5287037037037037 0.703125 0.5212962962962963 0.7005208333333334 0.5157407407407407 0.6932291666666667 0.5203703703703704 0.69375 0.5611111111111111 0.6958333333333333 0.5648148148148148 0.7 0.5648148148148148 0.7015625 0.562962962962963
5 0.7130208333333333 0.7657407407407407 0.7151041666666667 0.7592592592592593 0.7104166666666667 0.7518518518518519 0.7067708333333333 0.7375 0.70625 0.7111111111111111 0.7010416666666667 0.6935185185185185 0.6958333333333333 0.6935185185185185 0.6953125 0.7222222222222222 0.6989583333333333 0.762962962962963 0.7005208333333334 0.7675925925925926 0.7130208333333333 0.7657407407407407
4 0.2171875 0.6305555555555555 0.21979166666666666 0.6240740740740741 0.21875 0.612037037037037 0.21510416666666668 0.600925925925926 0.2125 0.5990740740740741 0.20989583333333334 0.6037037037037037 0.20572916666666666 0.6185185185185185 0.2046875 0.6620370370370371 0.21510416666666668 0.6620370370370371 0.21770833333333334 0.6509259259259259 0.2171875 0.6305555555555555
3 0.48489583333333336 0.7101851851851851 0.490625 0.712037037037037 0.4942708333333333 0.7092592592592593 0.496875 0.6935185185185185 0.4979166666666667 0.6537037037037037 0.4942708333333333 0.6398148148148148 0.4901041666666667 0.6388888888888888 0.4822916666666667 0.6574074074074074 0.4817708333333333 0.6712962962962963 0.478125 0.6851851851851852 0.484375 0.6907407407407408 0.48489583333333336 0.7101851851851851
4 0.165625 0.6962962962962963 0.17083333333333334 0.6620370370370371 0.16979166666666667 0.6416666666666667 0.16302083333333334 0.6287037037037037 0.15729166666666666 0.6388888888888888 0.1546875 0.6620370370370371 0.1578125 0.687962962962963 0.16197916666666667 0.6972222222222222 0.165625 0.6962962962962963
5 0.13854166666666667 0.7055555555555556 0.14270833333333333 0.7 0.14635416666666667 0.7027777777777777 0.1484375 0.6972222222222222 0.1453125 0.6777777777777778 0.14947916666666666 0.6620370370370371 0.14635416666666667 0.6472222222222223 0.1421875 0.6351851851851852 0.13854166666666667 0.6342592592592593 0.13177083333333334 0.6509259259259259 0.13020833333333334 0.6694444444444444 0.13489583333333333 0.6814814814814815 0.134375 0.7046296296296296 0.13854166666666667 0.7055555555555556
4 0.35572916666666665 0.5601851851851852 0.3453125 0.5601851851851852 0.34375 0.5694444444444444 0.34427083333333336 0.6037037037037037 0.3494791666666667 0.6101851851851852 0.3536458333333333 0.6037037037037037 0.35572916666666665 0.5601851851851852
5 0.4404895833333333 0.552537037037037 0.013583333333333296 0.04589814814814809
3 0.9041145833333334 0.8938425925925925 0.032536458333333226 0.11591666666666672