4 0.28489583333333335 0.7324074074074074 0.28958333333333336 0.7592592592592593 0.2947916666666667 0.762962962962963 0.296875 0.7592592592592593 0.3 0.7240740740740741 0.29322916666666665 0.7037037037037037 0.2911458333333333 0.700925925925926 0.28854166666666664 0.7037037037037037 0.28489583333333335 0.7166666666666667 0.28489583333333335 0.7324074074074074
4 0.31354166666666666 0.674074074074074 0.3140625 0.6814814814814815 0.3265625 0.6824074074074075 0.3302083333333333 0.6657407407407407 0.33489583333333334 0.6611111111111111 0.33541666666666664 0.65 0.32864583333333336 0.6444444444444445 0.328125 0.6388888888888888 0.3229166666666667 0.6305555555555555 0.3177083333333333 0.6416666666666667 0.3171875 0.6666666666666666 0.31354166666666666 0.674074074074074
5 0.5411458333333333 0.7129629629629629 0.540625 0.725925925925926 0.5447916666666667 0.7314814814814815 0.5473958333333333 0.7287037037037037 0.5479166666666667 0.6925925925925925 0.5411458333333333 0.6759259259259259 0.5359375 0.6861111111111111 0.5354166666666667 0.6953703703703704 0.5411458333333333 0.7129629629629629
5 0.25885416666666666 0.7324074074074074 0.26458333333333334 0.7287037037037037 0.26614583333333336 0.7333333333333333 0.2708333333333333 0.7342592592592593 0.2677083333333333 0.674074074074074 0.2635416666666667 0.6722222222222223 0.2598958333333333 0.6851851851851852 0.25677083333333334 0.7287037037037037 0.25885416666666666 0.7324074074074074
4 0.8151041666666666 0.7712962962962963 0.8182291666666667 0.7759259259259259 0.8203125 0.7898148148148149 0.8260416666666667 0.7916666666666666 0.8291666666666667 0.7787037037037037 0.8291666666666667 0.7592592592592593 0.8348958333333333 0.7435185185185185 0.8296875 0.7388888888888889 0.8265625 0.725925925925926 0.8234375 0.725925925925926 0.8213541666666667 0.7277777777777777 0.8161458333333333 0.75 0.8171875 0.7620370370370371 0.8151041666666666 0.7712962962962963
3 0.43333333333333335 0.7537037037037037 0.4348958333333333 0.7722222222222223 0.4395833333333333 0.774074074074074 0.44166666666666665 0.7509259259259259 0.43645833333333334 0.737037037037037 0.43125 0.7092592592592593 0.4276041666666667 0.7074074074074074 0.4234375 0.7222222222222222 0.4234375 0.7351851851851852 0.43333333333333335 0.7537037037037037
4 0.6734375 0.6861111111111111 0.6770833333333334 0.6916666666666667 0.678125 0.7046296296296296 0.6890625 0.7083333333333334 0.6869791666666667 0.6888888888888889 0.68125 0.6685185185185185 0.6770833333333334 0.6592592592592592 0.6723958333333333 0.6620370370370371 0.6713541666666667 0.6731481481481482 0.6734375 0.6861111111111111
5 0.41458333333333336 0.8351851851851851 0.41458333333333336 0.8462962962962963 0.4109375 0.8555555555555555 0.41458333333333336 0.8824074074074074 0.41302083333333334 0.8925925925925926 0.41770833333333335 0.8953703703703704 0.42083333333333334 0.8916666666666667 0.43072916666666666 0.8916666666666667 0.4354166666666667 0.8953703703703704 0.43697916666666664 0.8861111111111111 0.428125 0.8740740740740741 0.4276041666666667 0.8564814814814815 0.42291666666666666 0.8287037037037037 0.4161458333333333 0.8175925925925925 0.4109375 0.8185185185185185 0.4109375 0.8268518518518518 0.41458333333333336 0.8351851851851851
4 0.4822916666666667 0.7407407407407407 0.490625 0.7435185185185185 0.4942708333333333 0.7398148148148148 0.4953125 0.7203703703703703 0.49114583333333334 0.6851851851851852 0.4864583333333333 0.6833333333333333 0.4828125 0.6935185185185185 0.484375 0.725925925925926 0.4822916666666667 0.7407407407407407
4 0.16145833333333334 0.8388888888888889 0.16614583333333333 0.8425925925925926 0.16979166666666667 0.8342592592592593 0.17239583333333333 0.7824074074074074 0.16614583333333333 0.762962962962963 0.1640625 0.7620370370370371 0.16041666666666668 0.7638888888888888 0.15572916666666667 0.7787037037037037 0.15520833333333334 0.7898148148148149 0.16145833333333334 0.8388888888888889
5 0.125 0.7351851851851852 0.12552083333333333 0.7435185185185185 0.13854166666666667 0.7444444444444445 0.1390625 0.7064814814814815 0.1359375 0.6861111111111111 0.13177083333333334 0.6851851851851852 0.12604166666666666 0.700925925925926 0.128125 0.7277777777777777 0.125 0.7351851851851852
5 0.20885416666666667 0.7148148148148148 0.21666666666666667 0.7129629629629629 0.21927083333333333 0.6805555555555556 0.21614583333333334 0.6611111111111111 0.21197916666666666 0.6592592592592592 0.20885416666666667 0.6620370370370371 0.2046875 0.675 0.20052083333333334 0.700925925925926 0.20885416666666667 0.7148148148148148
5 0.1015625 0.7805555555555556 0.10208333333333333 0.8 0.103125 0.8027777777777778 0.1125 0.8027777777777778 0.1140625 0.8009259259259259 0.11302083333333333 0.7787037037037037 0.1078125 0.7314814814814815 0.103125 0.7324074074074074 0.09947916666666666 0.7435185185185185 0.09791666666666667 0.7564814814814815 0.1015625 0.7805555555555556
4 0.06354166666666666 0.7083333333333334 0.06979166666666667 0.7074074074074074 0.071875 0.7046296296296296 0.0703125 0.6972222222222222 0.0734375 0.674074074074074 0.06822916666666666 0.6472222222222223 0.0640625 0.6481481481481481 0.059895833333333336 0.6657407407407407 0.06041666666666667 0.7037037037037037 0.06354166666666666 0.7083333333333334
3 0.8416666666666667 0.9453703703703704 0.8432291666666667 0.9425925925925925 0.8505208333333333 0.9462962962962963 0.8494791666666667 0.9657407407407408 0.853125 0.9648148148148148 0.8588541666666667 0.9444444444444444 0.8630208333333333 0.9472222222222222 0.8661458333333333 0.9648148148148148 0.8703125 0.9657407407407408 0.8677083333333333 0.9074074074074074 0.8651041666666667 0.8962962962962963 0.8598958333333333 0.8898148148148148 0.8572916666666667 0.8805555555555555 0.853125 0.8833333333333333 0.846875 0.912962962962963 0.8359375 0.9231481481481482 0.8364583333333333 0.9342592592592592 0.8416666666666667 0.9453703703703704
5 0.3255208333333333 0.6814814814814815 0.32760416666666664 0.6759259259259259 0.3375 0.6796296296296296 0.3411458333333333 0.6759259259259259 0.3380208333333333 0.6388888888888888 0.334375 0.6240740740740741 0.33125 0.6268518518518519 0.3265625 0.6416666666666667 0.325 0.6574074074074074 0.32395833333333335 0.6759259259259259 0.3255208333333333 0.6814814814814815
4 0.32447916666666665 0.7194444444444444 0.32447916666666665 0.7240740740740741 0.3328125 0.725925925925926 0.3385416666666667 0.7324074074074074 0.3411458333333333 0.7435185185185185 0.34375 0.7435185185185185 0.3458333333333333 0.7379629629629629 0.34270833333333334 0.7185185185185186 0.3411458333333333 0.6851851851851852 0.3375 0.6796296296296296 0.334375 0.6842592592592592 0.33177083333333335 0.7092592592592593 0.32447916666666665 0.7194444444444444
3 0.3140625 0.6074074074074074 0.315625 0.6037037037037037 0.315625 0.5824074074074074 0.3104166666666667 0.575 0.3067708333333333 0.5851851851851851 0.30364583333333334 0.6027777777777777 0.3140625 0.6074074074074074
5 0.2046875 0.7842592592592592 0.21041666666666667 0.7861111111111111 0.21510416666666668 0.7824074074074074 0.21510416666666668 0.775 0.21822916666666667 0.7657407407407407 0.21614583333333334 0.7194444444444444 0.21145833333333333 0.7175925925925926 0.20729166666666668 0.7379629629629629 0.20364583333333333 0.7796296296296297 0.2046875 0.7842592592592592
4 0.5713541666666667 0.8925925925925926 0.5765625 0.8935185185185185 0.5833333333333334 0.8861111111111111 0.5885416666666666 0.8916666666666667 0.5911458333333334 0.9148148148148149 0.5973958333333333 0.924074074074074 0.5984375 0.9425925925925925 0.603125 0.9462962962962963 0.6109375 0.9416666666666667 0.6072916666666667 0.9305555555555556 0.6072916666666667 0.9083333333333333 0.6 0.8842592592592593 0.6026041666666667 0.8805555555555555 0.6135416666666667 0.8805555555555555 0.6151041666666667 0.8768518518518519 0.6005208333333333 0.8731481481481481 0.5916666666666667 0.8574074074074074 0.5880208333333333 0.8601851851851852 0.5885416666666666 0.8685185185185185 0.5713541666666667 0.8925925925925926
4 0.6020833333333333 0.7944444444444444 0.603125 0.7981481481481482 0.6140625 0.8018518518518518 0.6161458333333333 0.8175925925925925 0.6197916666666666 0.8203703703703704 0.6223958333333334 0.8101851851851852 0.6197916666666666 0.7898148148148149 0.6234375 0.7712962962962963 0.6151041666666667 0.7481481481481481 0.6109375 0.7509259259259259 0.6067708333333334 0.7648148148148148 0.6052083333333333 0.787962962962963 0.6020833333333333 0.7944444444444444
5 0.2942708333333333 0.6851851851851852 0.3078125 0.687037037037037 0.309375 0.6851851851851852 0.3078125 0.6537037037037037 0.3026041666666667 0.6388888888888888 0.2989583333333333 0.6407407407407407 0.296875 0.6527777777777778 0.29739583333333336 0.6638888888888889 0.2942708333333333 0.6851851851851852