4 0.4875 0.6407407407407407 0.48854166666666665 0.6361111111111111 0.48333333333333334 0.6092592592592593 0.47708333333333336 0.6064814814814815 0.47760416666666666 0.6416666666666667 0.4875 0.6407407407407407
3 0.384375 0.6925925925925925 0.3927083333333333 0.6972222222222222 0.39010416666666664 0.6462962962962963 0.3880208333333333 0.6425925925925926 0.3802083333333333 0.6462962962962963 0.3802083333333333 0.6962962962962963 0.384375 0.6925925925925925
4 0.1 0.7796296296296297 0.103125 0.7842592592592592 0.10625 0.7805555555555556 0.11197916666666667 0.7805555555555556 0.11458333333333333 0.7888888888888889 0.11770833333333333 0.7888888888888889 0.11979166666666667 0.7861111111111111 0.11927083333333334 0.7240740740740741 0.11510416666666666 0.7240740740740741 0.1109375 0.7342592592592593 0.10833333333333334 0.762962962962963 0.1 0.7796296296296297
4 0.7442708333333333 0.6805555555555556 0.7479166666666667 0.6814814814814815 0.7505208333333333 0.6768518518518518 0.7510416666666667 0.6481481481481481 0.7447916666666666 0.6333333333333333 0.7411458333333333 0.6370370370370371 0.7432291666666667 0.6768518518518518 0.7442708333333333 0.6805555555555556
5 0.18697916666666667 0.762962962962963 0.190625 0.7685185185185185 0.19791666666666666 0.7712962962962963 0.19947916666666668 0.7675925925925926 0.19739583333333333 0.7592592592592593 0.19947916666666668 0.7129629629629629 0.196875 0.7092592592592593 0.18802083333333333 0.7231481481481481 0.19010416666666666 0.7527777777777778 0.18697916666666667 0.762962962962963
4 0.5046875 0.7277777777777777 0.5067708333333333 0.7175925925925926 0.50625 0.6851851851851852 0.5020833333333333 0.6731481481481482 0.4979166666666667 0.6814814814814815 0.4973958333333333 0.7268518518518519 0.5046875 0.7277777777777777
5 0.221875 0.7046296296296296 0.22760416666666666 0.712037037037037 0.23177083333333334 0.712037037037037 0.23385416666666667 0.7083333333333334 0.23489583333333333 0.6944444444444444 0.23489583333333333 0.6620370370370371 0.23125 0.6592592592592592 0.22760416666666666 0.6694444444444444 0.22708333333333333 0.6851851851851852 0.221875 0.7046296296296296
4 0.23229166666666667 0.85 0.23541666666666666 0.8462962962962963 0.24010416666666667 0.8175925925925925 0.23697916666666666 0.7731481481481481 0.23229166666666667 0.7712962962962963 0.2265625 0.787962962962963 0.22760416666666666 0.8453703703703703 0.23229166666666667 0.85
5 0.35833333333333334 0.7203703703703703 0.3645833333333333 0.7194444444444444 0.36614583333333334 0.7166666666666667 0.36614583333333334 0.700925925925926 0.3619791666666667 0.6620370370370371 0.3572916666666667 0.6666666666666666 0.35520833333333335 0.6925925925925925 0.3546875 0.7166666666666667 0.35833333333333334 0.7203703703703703
4 0.2630208333333333 0.700925925925926 0.26614583333333336 0.6990740740740741 0.26979166666666665 0.6527777777777778 0.26510416666666664 0.6472222222222223 0.26197916666666665 0.6481481481481481 0.25885416666666666 0.6564814814814814 0.2578125 0.6722222222222223 0.25833333333333336 0.6962962962962963 0.2630208333333333 0.700925925925926
5 0.46770833333333334 0.7324074074074074 0.4859375 0.7351851851851852 0.48333333333333334 0.712037037037037 0.48333333333333334 0.6805555555555556 0.4786458333333333 0.6796296296296296 0.47552083333333334 0.6888888888888889 0.47552083333333334 0.7018518518518518 0.46770833333333334 0.7324074074074074
5 0.4234375 0.6453703703703704 0.4296875 0.6444444444444445 0.43333333333333335 0.6370370370370371 0.4390625 0.6351851851851852 0.4390625 0.6203703703703703 0.43125 0.6231481481481481 0.4239583333333333 0.6083333333333333 0.4197916666666667 0.612037037037037 0.4192708333333333 0.6222222222222222 0.4234375 0.6453703703703704
5 0.5807291666666666 0.637962962962963 0.5822916666666667 0.6416666666666667 0.5911458333333334 0.6407407407407407 0.5880208333333333 0.6064814814814815 0.5838541666666667 0.6018518518518519 0.5802083333333333 0.6027777777777777 0.578125 0.6074074074074074 0.5807291666666666 0.637962962962963
4 0.5859375 0.6111111111111112 0.5901041666666667 0.6203703703703703 0.5911458333333334 0.6370370370370371 0.603125 0.6342592592592593 0.6 0.6148148148148148 0.6036458333333333 0.6064814814814815 0.5958333333333333 0.5981481481481481 0.5895833333333333 0.6027777777777777 0.5880208333333333 0.6101851851851852 0.5859375 0.6111111111111112
0 0.7223958333333333 0.6787037037037037 0.7244791666666667 0.6805555555555556 0.7276041666666667 0.6768518518518518 0.7260416666666667 0.6703703703703704 0.721875 0.6703703703703704 0.7208333333333333 0.6759259259259259 0.7223958333333333 0.6787037037037037
5 0.16614583333333333 0.7425925925925926 0.17083333333333334 0.7518518518518519 0.1734375 0.7509259259259259 0.17916666666666667 0.7166666666666667 0.17708333333333334 0.7101851851851851 0.17864583333333334 0.6981481481481482 0.1734375 0.6962962962962963 0.16927083333333334 0.7055555555555556 0.16197916666666667 0.7407407407407407 0.16614583333333333 0.7425925925925926
3 0.934375 0.9537037037037037 0.9375 0.9518518518518518 0.9395833333333333 0.9342592592592592 0.9432291666666667 0.9268518518518518 0.9473958333333333 0.9305555555555556 0.9505208333333334 0.950925925925926 0.9552083333333333 0.9537037037037037 0.9515625 0.9194444444444444 0.9541666666666667 0.8944444444444445 0.94375 0.8712962962962963 0.940625 0.8731481481481481 0.9354166666666667 0.8888888888888888 0.9369791666666667 0.9074074074074074 0.9333333333333333 0.9333333333333333 0.9328125 0.950925925925926 0.934375 0.9537037037037037
5 0.27239583333333334 0.6842592592592592 0.2828125 0.6888888888888889 0.27708333333333335 0.6416666666666667 0.2734375 0.6370370370370371 0.2682291666666667 0.6462962962962963 0.26666666666666666 0.6583333333333333 0.27239583333333334 0.6842592592592592
3 0.30625 0.6148148148148148 0.30520833333333336 0.5981481481481481 0.309375 0.5879629629629629 0.2994791666666667 0.5824074074074074 0.2942708333333333 0.5861111111111111 0.2947916666666667 0.6148148148148148 0.30625 0.6148148148148148
4 0.7286458333333333 0.7870370370370371 0.7322916666666667 0.7907407407407407 0.7359375 0.7851851851851852 0.7411458333333333 0.787962962962963 0.7442708333333333 0.7944444444444444 0.7463541666666667 0.7916666666666666 0.7473958333333334 0.7787037037037037 0.7447916666666666 0.7574074074074074 0.7479166666666667 0.7472222222222222 0.7390625 0.7268518518518519 0.7359375 0.725925925925926 0.7307291666666667 0.7361111111111112 0.73125 0.7722222222222223 0.7286458333333333 0.7870370370370371
4 0.3890625 0.6527777777777778 0.3927083333333333 0.6435185185185185 0.3921875 0.6240740740740741 0.3880208333333333 0.6212962962962963 0.384375 0.6259259259259259 0.3802083333333333 0.6425925925925926 0.3807291666666667 0.6537037037037037 0.3890625 0.6527777777777778
4 0.17760416666666667 0.7064814814814815 0.17916666666666667 0.7148148148148148 0.18541666666666667 0.7175925925925926 0.1875 0.7148148148148148 0.190625 0.7055555555555556 0.19166666666666668 0.6796296296296296 0.19010416666666666 0.6703703703703704 0.18541666666666667 0.6731481481481482 0.18072916666666666 0.6935185185185185 0.17395833333333333 0.6972222222222222 0.1734375 0.7018518518518518 0.17760416666666667 0.7064814814814815