5 0.34010416666666665 0.6962962962962963 0.3390625 0.6555555555555556 0.3338541666666667 0.6324074074074074 0.32916666666666666 0.6351851851851852 0.3255208333333333 0.649074074074074 0.32916666666666666 0.6962962962962963 0.34010416666666665 0.6962962962962963
4 0.7182291666666667 0.5879629629629629 0.7166666666666667 0.5481481481481482 0.7119791666666667 0.5435185185185185 0.7098958333333333 0.549074074074074 0.7088541666666667 0.5879629629629629 0.7182291666666667 0.5879629629629629
4 0.8645833333333334 0.6657407407407407 0.8671875 0.6546296296296297 0.8671875 0.6324074074074074 0.8625 0.6240740740740741 0.8541666666666666 0.6268518518518519 0.8557291666666667 0.6657407407407407 0.8645833333333334 0.6657407407407407
4 0.5989583333333334 0.6462962962962963 0.5973958333333333 0.6537037037037037 0.5984375 0.6861111111111111 0.603125 0.6898148148148148 0.60625 0.687037037037037 0.60625 0.6712962962962963 0.6114583333333333 0.6546296296296297 0.6109375 0.6444444444444445 0.6088541666666667 0.6342592592592593 0.6036458333333333 0.625 0.5994791666666667 0.6259259259259259 0.596875 0.6305555555555555 0.5989583333333334 0.6462962962962963
5 0.6770833333333334 0.612037037037037 0.6822916666666666 0.6148148148148148 0.6859375 0.6064814814814815 0.6895833333333333 0.6064814814814815 0.6875 0.5731481481481482 0.6817708333333333 0.5638888888888889 0.6770833333333334 0.5722222222222222 0.6755208333333333 0.5833333333333334 0.6770833333333334 0.612037037037037
4 0.2947916666666667 0.5972222222222222 0.2984375 0.6027777777777777 0.3015625 0.6027777777777777 0.303125 0.5666666666666667 0.30520833333333336 0.5601851851851852 0.30416666666666664 0.55 0.3015625 0.5472222222222223 0.29583333333333334 0.5555555555555556 0.2942708333333333 0.5601851851851852 0.2947916666666667 0.5972222222222222
3 0.2515625 0.5842592592592593 0.2552083333333333 0.5851851851851851 0.2598958333333333 0.5722222222222222 0.2598958333333333 0.5444444444444444 0.2552083333333333 0.5333333333333333 0.25 0.5435185185185185 0.25 0.5796296296296296 0.2515625 0.5842592592592593
5 0.6005208333333333 0.5796296296296296 0.6010416666666667 0.5879629629629629 0.6026041666666667 0.5953703703703703 0.6125 0.5990740740740741 0.6151041666666667 0.5944444444444444 0.6083333333333333 0.5537037037037037 0.6067708333333334 0.5518518518518518 0.6041666666666666 0.5574074074074075 0.6041666666666666 0.575 0.6005208333333333 0.5796296296296296
4 0.8114583333333333 0.5824074074074074 0.8104166666666667 0.5879629629629629 0.8140625 0.6002314814814815 0.8140625 0.6148148148148148 0.8182291666666667 0.6166666666666667 0.8223958333333333 0.612037037037037 0.8234375 0.5601851851851852 0.81875 0.5574074074074075 0.8135416666666667 0.5601851851851852 0.809375 0.5712962962962963 0.8114583333333333 0.5824074074074074
4 0.6869791666666667 0.6074074074074074 0.6885416666666667 0.6101851851851852 0.7005208333333334 0.6092592592592593 0.696875 0.5916666666666667 0.6979166666666666 0.5824074074074074 0.6953125 0.5675925925925925 0.6927083333333334 0.5611111111111111 0.6869791666666667 0.5648148148148148 0.684375 0.5712962962962963 0.6869791666666667 0.6074074074074074
5 0.43125 0.6064814814814815 0.43333333333333335 0.6027777777777777 0.4348958333333333 0.5833333333333334 0.4328125 0.5583333333333333 0.42916666666666664 0.5574074074074075 0.425 0.5685185185185185 0.4265625 0.6037037037037037 0.43125 0.6064814814814815
5 0.4822916666666667 0.6694444444444444 0.48802083333333335 0.6722222222222223 0.48854166666666665 0.6518518518518519 0.49583333333333335 0.6333333333333333 0.4947916666666667 0.6305555555555555 0.48489583333333336 0.6314814814814815 0.4791666666666667 0.637962962962963 0.4786458333333333 0.6462962962962963 0.4822916666666667 0.6694444444444444
4 0.5458333333333333 0.5740740740740741 0.546875 0.5796296296296296 0.5526041666666667 0.5814814814814815 0.5552083333333333 0.5722222222222222 0.5552083333333333 0.5472222222222223 0.5526041666666667 0.537962962962963 0.546875 0.5370370370370371 0.5447916666666667 0.5444444444444444 0.5458333333333333 0.5740740740740741
4 0.5015625 0.6055555555555555 0.5057291666666667 0.6018518518518519 0.5041666666666667 0.5638888888888889 0.49895833333333334 0.5564814814814815 0.49375 0.5583333333333333 0.49375 0.5953703703703703 0.5015625 0.6055555555555555
4 0.596875 0.6305555555555555 0.5994791666666667 0.6268518518518519 0.5994791666666667 0.5805555555555556 0.5942708333333333 0.575925925925926 0.590625 0.5916666666666667 0.590625 0.6222222222222222 0.596875 0.6305555555555555
3 0.5869791666666667 0.6222222222222222 0.5921875 0.6231481481481481 0.596875 0.5796296296296296 0.5921875 0.5666666666666667 0.5895833333333333 0.5675925925925925 0.5854166666666667 0.5777777777777777 0.5838541666666667 0.5981481481481481 0.5869791666666667 0.6222222222222222
4 0.8197916666666667 0.5898148148148148 0.8239583333333333 0.5814814814814815 0.8260416666666667 0.5527777777777778 0.81875 0.5416666666666666 0.8151041666666666 0.5472222222222223 0.8140625 0.5861111111111111 0.8197916666666667 0.5898148148148148
5 0.246875 0.6305555555555555 0.24791666666666667 0.6342592592592593 0.2520833333333333 0.6342592592592593 0.25677083333333334 0.575925925925926 0.25104166666666666 0.575 0.24791666666666667 0.5805555555555556 0.24583333333333332 0.5916666666666667 0.246875 0.6305555555555555
5 0.2520833333333333 0.5888888888888889 0.2552083333333333 0.587037037037037 0.25833333333333336 0.5787037037037037 0.25833333333333336 0.5435185185185185 0.2557291666666667 0.537962962962963 0.2515625 0.5416666666666666 0.25 0.5518518518518518 0.24947916666666667 0.5824074074074074 0.2520833333333333 0.5888888888888889
5 0.4942708333333333 0.6314814814814815 0.5052083333333334 0.6314814814814815 0.5015625 0.6185185185185185 0.5036458333333333 0.5898148148148148 0.49947916666666664 0.5787037037037037 0.49583333333333335 0.5805555555555556 0.49270833333333336 0.5962962962962963 0.49270833333333336 0.6287037037037037 0.4942708333333333 0.6314814814814815