5 0.4625 0.7101851851851851 0.47239583333333335 0.7194444444444444 0.4708333333333333 0.6990740740740741 0.4671875 0.6861111111111111 0.4703125 0.6768518518518518 0.4661458333333333 0.675 0.4661458333333333 0.6620370370370371 0.4635416666666667 0.6574074074074074 0.46145833333333336 0.6583333333333333 0.4588541666666667 0.6685185185185185 0.45677083333333335 0.7037037037037037 0.45260416666666664 0.7138888888888889 0.4552083333333333 0.7175925925925926 0.4625 0.7101851851851851
3 0.334375 0.6148148148148148 0.33229166666666665 0.6064814814814815 0.32864583333333336 0.6037037037037037 0.32135416666666666 0.6185185185185185 0.3229166666666667 0.6620370370370371 0.3302083333333333 0.6685185185185185 0.33645833333333336 0.6351851851851852 0.334375 0.6148148148148148
5 0.4625 0.5777777777777777 0.4583333333333333 0.5888888888888889 0.4583333333333333 0.625 0.46875 0.6231481481481481 0.4666666666666667 0.5796296296296296 0.4625 0.5777777777777777
4 0.440625 0.5361111111111111 0.4354166666666667 0.5277777777777778 0.4317708333333333 0.5296296296296297 0.43020833333333336 0.5351851851851852 0.43125 0.5657407407407408 0.4354166666666667 0.5703703703703704 0.440625 0.5472222222222223 0.440625 0.5361111111111111
5 0.6130208333333333 0.7425925925925926 0.6161458333333333 0.725925925925926 0.6229166666666667 0.7101851851851851 0.6234375 0.6990740740740741 0.6208333333333333 0.687037037037037 0.6182291666666667 0.6861111111111111 0.6114583333333333 0.6953703703703704 0.6057291666666667 0.7287037037037037 0.6005208333333333 0.7324074074074074 0.5994791666666667 0.7407407407407407 0.6130208333333333 0.7425925925925926
5 0.39010416666666664 0.6509259259259259 0.3932291666666667 0.6388888888888888 0.3927083333333333 0.6148148148148148 0.3885416666666667 0.6129629629629629 0.38229166666666664 0.6268518518518519 0.3765625 0.65 0.37916666666666665 0.6694444444444444 0.39427083333333335 0.6703703703703704 0.39010416666666664 0.6509259259259259
5 0.15625 0.6842592592592592 0.15833333333333333 0.6925925925925925 0.1640625 0.6925925925925925 0.15833333333333333 0.6648148148148149 0.15833333333333333 0.6574074074074074 0.1609375 0.6518518518518519 0.1578125 0.6305555555555555 0.15364583333333334 0.6314814814814815 0.14947916666666666 0.65 0.14947916666666666 0.6703703703703704 0.14635416666666667 0.6916666666666667 0.15052083333333333 0.6935185185185185 0.15625 0.6842592592592592
5 0.20364583333333333 0.6425925925925926 0.2078125 0.6148148148148148 0.20416666666666666 0.5907407407407408 0.20104166666666667 0.5879629629629629 0.196875 0.5981481481481481 0.19479166666666667 0.6083333333333333 0.1953125 0.6194444444444445 0.19166666666666668 0.6333333333333333 0.18958333333333333 0.6342592592592593 0.18958333333333333 0.6388888888888888 0.19739583333333333 0.637962962962963 0.20104166666666667 0.6462962962962963 0.20364583333333333 0.6425925925925926
5 0.659375 0.625 0.6677083333333333 0.6203703703703703 0.6682291666666667 0.6148148148148148 0.6635416666666667 0.600925925925926 0.6645833333333333 0.5833333333333334 0.6625 0.5712962962962963 0.6583333333333333 0.5712962962962963 0.6567708333333333 0.575925925925926 0.6541666666666667 0.5907407407407408 0.65625 0.6064814814814815 0.6546875 0.6231481481481481 0.659375 0.625
4 0.7401041666666667 0.5907407407407408 0.7390625 0.5722222222222222 0.7322916666666667 0.562037037037037 0.728125 0.5703703703703704 0.7286458333333333 0.6083333333333333 0.7317708333333334 0.6111111111111112 0.7364583333333333 0.6092592592592593 0.7401041666666667 0.5907407407407408
4 0.20572916666666666 0.5787037037037037 0.20104166666666667 0.5796296296296296 0.1984375 0.5898148148148148 0.19947916666666668 0.6055555555555555 0.2046875 0.6064814814814815 0.20885416666666667 0.6027777777777777 0.20572916666666666 0.5787037037037037
3 0.275 0.5462962962962963 0.278125 0.525 0.2713541666666667 0.5120370370370371 0.26875 0.5157407407407407 0.26614583333333336 0.5212962962962963 0.2677083333333333 0.5472222222222223 0.2713541666666667 0.5518518518518518 0.275 0.5462962962962963
0 0.6723958333333333 0.7222222222222222 0.66875 0.7203703703703703 0.665625 0.7240740740740741 0.6661458333333333 0.7324074074074074 0.6692708333333334 0.7351851851851852 0.6739583333333333 0.7324074074074074 0.6723958333333333 0.7222222222222222
4 0.8348958333333333 0.637962962962963 0.8296875 0.6231481481481481 0.8260416666666667 0.6277777777777778 0.81875 0.6851851851851852 0.8333333333333334 0.687962962962963 0.8354166666666667 0.6851851851851852 0.8348958333333333 0.637962962962963
4 0.23072916666666668 0.6805555555555556 0.23072916666666668 0.6231481481481481 0.22447916666666667 0.6203703703703703 0.22083333333333333 0.6361111111111111 0.221875 0.6583333333333333 0.21666666666666667 0.6777777777777778 0.21979166666666666 0.6814814814814815 0.23072916666666668 0.6805555555555556
4 0.7276041666666667 0.7361111111111112 0.7260416666666667 0.7157407407407408 0.7296875 0.6972222222222222 0.721875 0.6768518518518518 0.7177083333333333 0.6796296296296296 0.7083333333333334 0.7324074074074074 0.7151041666666667 0.7314814814814815 0.725 0.7398148148148148 0.7276041666666667 0.7361111111111112
4 0.6765625 0.8416666666666667 0.6776041666666667 0.8238425925925926 0.684375 0.8185185185185185 0.6880208333333333 0.837037037037037 0.690625 0.837037037037037 0.690625 0.8212962962962963 0.6869791666666667 0.8046296296296296 0.6848958333333334 0.7712962962962963 0.6776041666666667 0.7527777777777778 0.6734375 0.7527777777777778 0.6692708333333334 0.7666666666666667 0.6682291666666667 0.7796296296296297 0.671875 0.812962962962963 0.6697916666666667 0.8416666666666667 0.6765625 0.8416666666666667
4 0.4864583333333333 0.6537037037037037 0.4822916666666667 0.6537037037037037 0.4786458333333333 0.6657407407407407 0.47760416666666666 0.6796296296296296 0.4786458333333333 0.6981481481481482 0.475 0.7203703703703703 0.4901041666666667 0.7166666666666667 0.4864583333333333 0.6537037037037037
4 0.22552083333333334 0.5722222222222222 0.22395833333333334 0.5666666666666667 0.22083333333333333 0.5666666666666667 0.21614583333333334 0.575925925925926 0.21145833333333333 0.5944444444444444 0.20989583333333334 0.6111111111111112 0.21197916666666666 0.6185185185185185 0.225 0.6203703703703703 0.22552083333333334 0.5722222222222222
4 0.35 0.7675925925925926 0.35052083333333334 0.7592592592592593 0.34739583333333335 0.7518518518518519 0.3536458333333333 0.7342592592592593 0.3494791666666667 0.7018518518518518 0.3453125 0.700925925925926 0.33697916666666666 0.7148148148148148 0.33958333333333335 0.7490740740740741 0.33697916666666666 0.7592592592592593 0.3375 0.7675925925925926 0.35 0.7675925925925926
5 0.3109375 0.7407407407407407 0.30833333333333335 0.7129629629629629 0.30625 0.7101851851851851 0.3026041666666667 0.712037037037037 0.29322916666666665 0.7342592592592593 0.2916666666666667 0.7444444444444445 0.2947916666666667 0.7824074074074074 0.2989583333333333 0.7833333333333333 0.3109375 0.7407407407407407
5 0.5328125 0.8101851851851852 0.5416666666666666 0.7944444444444444 0.5411458333333333 0.774074074074074 0.5427083333333333 0.7694444444444445 0.55625 0.762962962962963 0.5510416666666667 0.7583333333333333 0.5447916666666667 0.7398148148148148 0.5411458333333333 0.7407407407407407 0.5286458333333334 0.7620370370370371 0.5276041666666667 0.7722222222222223 0.5291666666666667 0.7787037037037037 0.5213541666666667 0.8037037037037037 0.5328125 0.8101851851851852