4 0.5359375 0.5694444444444444 0.5380208333333333 0.5592592592592592 0.5333333333333333 0.5546296296296296 0.528125 0.5583333333333333 0.5276041666666667 0.587037037037037 0.5291666666666667 0.5898148148148148 0.5385416666666667 0.575925925925926 0.5359375 0.5694444444444444
5 0.5015625 0.625 0.509375 0.6222222222222222 0.509375 0.6185185185185185 0.50625 0.6166666666666667 0.49947916666666664 0.5953703703703703 0.4953125 0.5990740740740741 0.4942708333333333 0.5944444444444444 0.49583333333333335 0.6046296296296296 0.4947916666666667 0.6342592592592593 0.4973958333333333 0.6351851851851852 0.5015625 0.625
4 0.7453125 0.6944444444444444 0.7473958333333334 0.6925925925925925 0.7458333333333333 0.6722222222222223 0.7479166666666667 0.6462962962962963 0.7401041666666667 0.6333333333333333 0.7359375 0.637962962962963 0.734375 0.649074074074074 0.7375 0.675 0.7359375 0.6925925925925925 0.7453125 0.6944444444444444
4 0.6114583333333333 0.6064814814814815 0.6072916666666667 0.5972222222222222 0.6010416666666667 0.6064814814814815 0.6020833333333333 0.6231481481481481 0.60625 0.6407407407407407 0.6114583333333333 0.6425925925925926 0.6114583333333333 0.6064814814814815
5 0.7411458333333333 0.6074074074074074 0.7369791666666666 0.6055555555555555 0.7348958333333333 0.6101851851851852 0.7348958333333333 0.6453703703703704 0.7369791666666666 0.6472222222222223 0.7453125 0.6425925925925926 0.7411458333333333 0.6074074074074074
5 0.40677083333333336 0.637962962962963 0.4036458333333333 0.6259259259259259 0.4041666666666667 0.6148148148148148 0.3958333333333333 0.5944444444444444 0.39166666666666666 0.5953703703703703 0.3932291666666667 0.6222222222222222 0.396875 0.6416666666666667 0.4 0.6462962962962963 0.40677083333333336 0.637962962962963
0 0.5213541666666667 0.5796296296296296 0.5171875 0.5833333333333334 0.5171875 0.5916666666666667 0.5255208333333333 0.5916666666666667 0.5286458333333334 0.5879629629629629 0.5213541666666667 0.5796296296296296
5 0.5052083333333334 0.6185185185185185 0.5015625 0.5990740740740741 0.496875 0.5907407407407408 0.4947916666666667 0.5787037037037037 0.4901041666666667 0.5685185185185185 0.4869791666666667 0.5740740740740741 0.4869791666666667 0.6037037037037037 0.49114583333333334 0.6055555555555555 0.5005208333333333 0.6194444444444445 0.5052083333333334 0.6185185185185185
3 0.6911458333333333 0.5703703703703704 0.6947916666666667 0.5611111111111111 0.6942708333333333 0.5481481481481482 0.6854166666666667 0.5425925925925926 0.6822916666666666 0.5527777777777778 0.6817708333333333 0.5666666666666667 0.6854166666666667 0.5787037037037037 0.6895833333333333 0.5833333333333334 0.6911458333333333 0.5703703703703704
4 0.2703125 0.7046296296296296 0.27447916666666666 0.6935185185185185 0.28229166666666666 0.6962962962962963 0.28541666666666665 0.6935185185185185 0.2838541666666667 0.687037037037037 0.2796875 0.6851851851851852 0.278125 0.6712962962962963 0.2786458333333333 0.6620370370370371 0.2828125 0.6527777777777778 0.2713541666666667 0.6527777777777778 0.2682291666666667 0.6666666666666666 0.26666666666666666 0.6935185185185185 0.2640625 0.700925925925926 0.26510416666666664 0.7046296296296296 0.2703125 0.7046296296296296
3 0.371875 0.5481481481481482 0.3692708333333333 0.5435185185185185 0.3645833333333333 0.5462962962962963 0.3625 0.5611111111111111 0.3697916666666667 0.5712962962962963 0.371875 0.5685185185185185 0.371875 0.5481481481481482
4 0.37135416666666665 0.5925925925925926 0.36875 0.587037037037037 0.3651041666666667 0.5935185185185186 0.3645833333333333 0.6185185185185185 0.3723958333333333 0.6296296296296297 0.3765625 0.6287037037037037 0.37135416666666665 0.5925925925925926
4 0.6703125 0.7398148148148148 0.6744791666666666 0.7416666666666667 0.6786458333333333 0.7314814814814815 0.6755208333333333 0.6962962962962963 0.6697916666666667 0.6814814814814815 0.665625 0.6851851851851852 0.6635416666666667 0.700925925925926 0.6661458333333333 0.7092592592592593 0.6661458333333333 0.7240740740740741 0.6703125 0.7398148148148148
3 0.9947916666666666 0.9064814814814814 0.9994791666666667 0.9083333333333333 0.9994791666666667 0.8296296296296296 0.99375 0.8296296296296296 0.9916666666666667 0.8342592592592593 0.9901041666666667 0.8657407407407407 0.9921875 0.8731481481481481 0.9901041666666667 0.8916666666666667 0.9947916666666666 0.9064814814814814
5 0.275 0.5842592592592593 0.2713541666666667 0.5824074074074074 0.26666666666666666 0.5935185185185186 0.26666666666666666 0.6212962962962963 0.28072916666666664 0.6185185185185185 0.278125 0.6138888888888889 0.275 0.5842592592592593
5 0.2515625 0.6388888888888888 0.2515625 0.6296296296296297 0.246875 0.6208333333333333 0.24739583333333334 0.6037037037037037 0.24322916666666666 0.6018518518518519 0.23802083333333332 0.6185185185185185 0.240625 0.6314814814814815 0.23854166666666668 0.65 0.24479166666666666 0.6546296296296297 0.2515625 0.6388888888888888
4 0.3046875 0.587037037037037 0.3 0.5796296296296296 0.29739583333333336 0.5833333333333334 0.29583333333333334 0.6037037037037037 0.2947916666666667 0.6185185185185185 0.2989583333333333 0.6194444444444445 0.3078125 0.6083333333333333 0.3046875 0.587037037037037
5 0.3151041666666667 0.6074074074074074 0.31666666666666665 0.5842592592592593 0.3140625 0.5694444444444444 0.3098958333333333 0.575925925925926 0.309375 0.5925925925925926 0.30625 0.6 0.3104166666666667 0.6129629629629629 0.3151041666666667 0.6074074074074074
4 0.43385416666666665 0.6175925925925926 0.425 0.5888888888888889 0.42239583333333336 0.5898148148148148 0.4197916666666667 0.6027777777777777 0.41875 0.6333333333333333 0.42135416666666664 0.6342592592592593 0.4270833333333333 0.6231481481481481 0.43385416666666665 0.6175925925925926
5 0.640625 0.6148148148148148 0.6348958333333333 0.6055555555555555 0.6317708333333333 0.6129629629629629 0.634375 0.65 0.6395833333333333 0.6509259259259259 0.6421875 0.6453703703703704 0.640625 0.6148148148148148
5 0.2515625 0.6722222222222223 0.2546875 0.6583333333333333 0.2526041666666667 0.65 0.25364583333333335 0.6305555555555555 0.2515625 0.6259259259259259 0.24739583333333334 0.6287037037037037 0.24427083333333333 0.6222222222222222 0.2421875 0.6268518518518519 0.2390625 0.649074074074074 0.24479166666666666 0.6537037037037037 0.24739583333333334 0.6694444444444444 0.2515625 0.6722222222222223
4 0.2833333333333333 0.6555555555555556 0.28229166666666666 0.6342592592592593 0.28489583333333335 0.6212962962962963 0.2828125 0.6175925925925926 0.2765625 0.6185185185185185 0.275 0.6148148148148148 0.271875 0.625 0.2734375 0.6435185185185185 0.2713541666666667 0.6546296296296297 0.2791666666666667 0.6583333333333333 0.2833333333333333 0.6555555555555556
3 0.4432291666666667 0.6481481481481481 0.4453125 0.6416666666666667 0.4510416666666667 0.6425925925925926 0.44635416666666666 0.6268518518518519 0.4479166666666667 0.6129629629629629 0.4427083333333333 0.6 0.43802083333333336 0.6037037037037037 0.4348958333333333 0.6185185185185185 0.4375 0.625 0.4390625 0.6462962962962963 0.4432291666666667 0.6481481481481481
4 0.8463541666666666 0.6101851851851852 0.8432291666666667 0.6175925925925926 0.84375 0.6564814814814814 0.85625 0.6555555555555556 0.8515625 0.6194444444444445 0.8463541666666666 0.6101851851851852