5 0.09270833333333334 0.7046296296296296 0.09166666666666666 0.7185185185185186 0.09635416666666667 0.7212962962962963 0.09895833333333333 0.7185185185185186 0.1015625 0.7037037037037037 0.10833333333333334 0.6953703703703704 0.09947916666666666 0.6851851851851852 0.09114583333333333 0.6851851851851852 0.0890625 0.6898148148148148 0.09270833333333334 0.7046296296296296
4 0.7697916666666667 0.6787037037037037 0.771875 0.6814814814814815 0.7755208333333333 0.6777777777777778 0.7807291666666667 0.6435185185185185 0.7786458333333334 0.6305555555555555 0.7729166666666667 0.6203703703703703 0.7692708333333333 0.6222222222222222 0.7661458333333333 0.6333333333333333 0.7661458333333333 0.6537037037037037 0.7697916666666667 0.6787037037037037
4 0.21354166666666666 0.6509259259259259 0.215625 0.6481481481481481 0.21770833333333334 0.6231481481481481 0.22083333333333333 0.6111111111111112 0.2171875 0.587037037037037 0.2125 0.5916666666666667 0.20833333333333334 0.6018518518518519 0.20885416666666667 0.649074074074074 0.21354166666666666 0.6509259259259259
5 0.3765625 0.7037037037037037 0.3807291666666667 0.7037037037037037 0.3828125 0.6981481481481482 0.38333333333333336 0.6796296296296296 0.38697916666666665 0.6703703703703704 0.384375 0.6462962962962963 0.37916666666666665 0.6453703703703704 0.3729166666666667 0.662962962962963 0.375 0.7 0.3765625 0.7037037037037037
5 0.153125 0.674074074074074 0.159375 0.6768518518518518 0.159375 0.6592592592592592 0.16510416666666666 0.649074074074074 0.15885416666666666 0.6407407407407407 0.15208333333333332 0.6416666666666667 0.14947916666666666 0.6509259259259259 0.153125 0.674074074074074
5 0.41510416666666666 0.6222222222222222 0.42239583333333336 0.6222222222222222 0.4234375 0.6175925925925926 0.4192708333333333 0.5768518518518518 0.4140625 0.5712962962962963 0.4119791666666667 0.5712962962962963 0.41041666666666665 0.5768518518518518 0.41302083333333334 0.6185185185185185 0.41510416666666666 0.6222222222222222
3 0.3541666666666667 0.6444444444444445 0.35885416666666664 0.6148148148148148 0.3572916666666667 0.5953703703703703 0.35208333333333336 0.5888888888888889 0.3463541666666667 0.6046296296296296 0.3484375 0.6407407407407407 0.3541666666666667 0.6444444444444445
4 0.4796875 0.6564814814814814 0.47708333333333336 0.6694444444444444 0.478125 0.6731481481481482 0.48333333333333334 0.6731481481481482 0.48802083333333335 0.6694444444444444 0.4864583333333333 0.65 0.4890625 0.6305555555555555 0.4859375 0.6194444444444445 0.4822916666666667 0.6148148148148148 0.47760416666666666 0.6268518518518519 0.4744791666666667 0.6425925925925926 0.4796875 0.6564814814814814
4 0.7083333333333334 0.5944444444444444 0.7125 0.5953703703703703 0.7197916666666667 0.5601851851851852 0.7098958333333333 0.5527777777777778 0.70625 0.5555555555555556 0.7046875 0.5648148148148148 0.7083333333333334 0.5944444444444444
5 0.5145833333333333 0.6546296296296297 0.515625 0.6157407407407407 0.5135416666666667 0.600925925925926 0.509375 0.6 0.5057291666666667 0.6111111111111112 0.5057291666666667 0.6537037037037037 0.5145833333333333 0.6546296296296297
4 0.3182291666666667 0.6314814814814815 0.3223958333333333 0.6342592592592593 0.3255208333333333 0.6296296296296297 0.32708333333333334 0.612037037037037 0.3260416666666667 0.5898148148148148 0.3229166666666667 0.5824074074074074 0.3177083333333333 0.5898148148148148 0.3171875 0.6268518518518519 0.3182291666666667 0.6314814814814815
4 0.5291666666666667 0.6481481481481481 0.53125 0.6453703703703704 0.5328125 0.6222222222222222 0.5286458333333334 0.6157407407407407 0.5213541666666667 0.6185185185185185 0.5223958333333333 0.6453703703703704 0.5291666666666667 0.6481481481481481
5 0.5942708333333333 0.6388888888888888 0.6 0.6398148148148148 0.6026041666666667 0.6342592592592593 0.603125 0.5916666666666667 0.5984375 0.5879629629629629 0.5942708333333333 0.6037037037037037 0.5927083333333333 0.6351851851851852 0.5942708333333333 0.6388888888888888
4 0.3489583333333333 0.7361111111111112 0.35208333333333336 0.7472222222222222 0.3484375 0.7675925925925926 0.35989583333333336 0.7666666666666667 0.3614583333333333 0.762962962962963 0.359375 0.7462962962962963 0.3645833333333333 0.7203703703703703 0.3572916666666667 0.6981481481481482 0.353125 0.6990740740740741 0.34739583333333335 0.7166666666666667 0.34479166666666666 0.7342592592592593 0.3489583333333333 0.7361111111111112
4 0.65625 0.7240740740740741 0.6546875 0.7435185185185185 0.6604166666666667 0.7472222222222222 0.665625 0.7157407407407408 0.6666666666666666 0.6962962962962963 0.6619791666666667 0.6805555555555556 0.6583333333333333 0.6777777777777778 0.6526041666666667 0.6935185185185185 0.6505208333333333 0.7148148148148148 0.65625 0.7240740740740741
4 0.5682291666666667 0.5805555555555556 0.5760416666666667 0.5805555555555556 0.5755208333333334 0.5453703703703704 0.5713541666666667 0.5388888888888889 0.5661458333333333 0.5398148148148149 0.565625 0.5601851851851852 0.5682291666666667 0.5805555555555556
5 0.21145833333333333 0.612037037037037 0.21614583333333334 0.6203703703703703 0.21927083333333333 0.6185185185185185 0.22083333333333333 0.6037037037037037 0.21875 0.5814814814814815 0.215625 0.5796296296296296 0.20885416666666667 0.5981481481481481 0.20885416666666667 0.612037037037037 0.21145833333333333 0.612037037037037
5 0.5994791666666667 0.5842592592592593 0.603125 0.5824074074074074 0.6010416666666667 0.5425925925925926 0.596875 0.5407407407407407 0.5947916666666667 0.5472222222222223 0.5947916666666667 0.5796296296296296 0.5994791666666667 0.5842592592592593
3 0.16614583333333333 0.5833333333333334 0.16979166666666667 0.5805555555555556 0.171875 0.562037037037037 0.17447916666666666 0.5601851851851852 0.17447916666666666 0.5407407407407407 0.16666666666666666 0.5398148148148149 0.16197916666666667 0.549074074074074 0.1625 0.575925925925926 0.16614583333333333 0.5833333333333334
0 0.5135416666666667 0.5777777777777777 0.5171875 0.575 0.5171875 0.5675925925925925 0.5114583333333333 0.5675925925925925 0.5109375 0.5722222222222222 0.5135416666666667 0.5777777777777777
5 0.27239583333333334 0.5777777777777777 0.2755208333333333 0.5898148148148148 0.28229166666666666 0.575925925925926 0.28072916666666664 0.5555555555555556 0.27395833333333336 0.55 0.271875 0.5518518518518518 0.27239583333333334 0.5777777777777777
5 0.2609375 0.5657407407407408 0.26145833333333335 0.575 0.26458333333333334 0.5768518518518518 0.26927083333333335 0.5564814814814815 0.2682291666666667 0.5370370370370371 0.26614583333333336 0.5342592592592592 0.2677083333333333 0.5287037037037037 0.2598958333333333 0.5287037037037037 0.25885416666666666 0.5361111111111111 0.2578125 0.5601851851851852 0.2609375 0.5657407407407408
5 0.4119791666666667 0.5842592592592593 0.415625 0.575925925925926 0.415625 0.5527777777777778 0.4119791666666667 0.5425925925925926 0.4078125 0.5472222222222223 0.40729166666666666 0.5796296296296296 0.4119791666666667 0.5842592592592593
5 0.4161458333333333 0.5824074074074074 0.41875 0.5796296296296296 0.42083333333333334 0.5601851851851852 0.415625 0.5444444444444444 0.4109375 0.5472222222222223 0.41041666666666665 0.5796296296296296 0.4161458333333333 0.5824074074074074