5 0.22291666666666668 0.7055555555555556 0.2328125 0.700925925925926 0.2375 0.6620370370370371 0.2359375 0.6537037037037037 0.23177083333333334 0.6527777777777778 0.228125 0.6592592592592592 0.221875 0.6962962962962963 0.22135416666666666 0.7046296296296296 0.22291666666666668 0.7055555555555556
4 0.7442708333333333 0.712037037037037 0.7447916666666666 0.6796296296296296 0.7401041666666667 0.6592592592592592 0.7348958333333333 0.6574074074074074 0.7296875 0.6768518518518518 0.7322916666666667 0.7101851851851851 0.7442708333333333 0.712037037037037
4 0.7005208333333334 0.674074074074074 0.7020833333333333 0.6796296296296296 0.7072916666666667 0.6805555555555556 0.7114583333333333 0.6555555555555556 0.7109375 0.6444444444444445 0.7052083333333333 0.6314814814814815 0.7 0.6398148148148148 0.6984375 0.6546296296296297 0.7005208333333334 0.674074074074074
5 0.2828125 0.6814814814814815 0.2864583333333333 0.6638888888888889 0.2864583333333333 0.6518518518518519 0.29010416666666666 0.6444444444444445 0.2833333333333333 0.6296296296296297 0.278125 0.637962962962963 0.278125 0.6805555555555556 0.2828125 0.6814814814814815
5 0.2911458333333333 0.7722222222222223 0.29375 0.7592592592592593 0.3 0.7574074074074074 0.3020833333333333 0.7712962962962963 0.30625 0.7712962962962963 0.3072916666666667 0.7666666666666667 0.3026041666666667 0.7444444444444445 0.3072916666666667 0.7361111111111112 0.2989583333333333 0.7074074074074074 0.2947916666666667 0.7083333333333334 0.28958333333333336 0.7268518518518519 0.28802083333333334 0.7703703703703704 0.2911458333333333 0.7722222222222223
5 0.3572916666666667 0.6796296296296296 0.35572916666666665 0.6944444444444444 0.3609375 0.7 0.3640625 0.6972222222222222 0.36770833333333336 0.6694444444444444 0.3614583333333333 0.6444444444444445 0.3572916666666667 0.6481481481481481 0.35572916666666665 0.6574074074074074 0.35520833333333335 0.6712962962962963 0.3572916666666667 0.6796296296296296
4 0.4869791666666667 0.8212962962962963 0.4901041666666667 0.8138888888888889 0.4953125 0.8101851851851852 0.4979166666666667 0.8212962962962963 0.5015625 0.8212962962962963 0.49895833333333334 0.7666666666666667 0.49375 0.7509259259259259 0.48854166666666665 0.7537037037037037 0.4828125 0.8185185185185185 0.4869791666666667 0.8212962962962963
3 0.375 0.7194444444444444 0.3734375 0.7351851851851852 0.375 0.7416666666666667 0.3807291666666667 0.7453703703703703 0.38229166666666664 0.7194444444444444 0.38645833333333335 0.7064814814814815 0.3848958333333333 0.6842592592592592 0.37916666666666665 0.6731481481481482 0.37604166666666666 0.6722222222222223 0.371875 0.687962962962963 0.3692708333333333 0.712037037037037 0.375 0.7194444444444444
4 0.3536458333333333 0.637962962962963 0.3567708333333333 0.6481481481481481 0.35625 0.6537037037037037 0.3619791666666667 0.6555555555555556 0.3640625 0.6509259259259259 0.3651041666666667 0.6342592592592593 0.3619791666666667 0.6157407407407407 0.3578125 0.6148148148148148 0.3541666666666667 0.6231481481481481 0.3494791666666667 0.6268518518518519 0.3494791666666667 0.6388888888888888 0.3536458333333333 0.637962962962963
4 0.21927083333333333 0.825925925925926 0.22447916666666667 0.8333333333333334 0.23020833333333332 0.825925925925926 0.23125 0.8194444444444444 0.240625 0.8185185185185185 0.24322916666666666 0.812962962962963 0.24010416666666667 0.8074074074074075 0.23489583333333333 0.8064814814814815 0.23333333333333334 0.7907407407407407 0.23958333333333334 0.7833333333333333 0.23229166666666667 0.7546296296296297 0.22760416666666666 0.7564814814814815 0.22708333333333333 0.762962962962963 0.2203125 0.7787037037037037 0.22395833333333334 0.8074074074074075 0.21927083333333333 0.825925925925926
2 0.14114583333333333 0.6342592592592593 0.1421875 0.6462962962962963 0.14583333333333334 0.6574074074074074 0.14635416666666667 0.6675925925925926 0.15520833333333334 0.6675925925925926 0.15677083333333333 0.637962962962963 0.15260416666666668 0.6231481481481481 0.15 0.6148148148148148 0.14739583333333334 0.6138888888888889 0.14166666666666666 0.6231481481481481 0.14322916666666666 0.6277777777777778 0.14114583333333333 0.6342592592592593
3 0.46822916666666664 0.5916666666666667 0.46822916666666664 0.5712962962962963 0.4640625 0.5712962962962963 0.46458333333333335 0.5888888888888889 0.46822916666666664 0.5916666666666667
3 0.46927083333333336 0.5953703703703703 0.4713541666666667 0.5990740740740741 0.48072916666666665 0.5990740740740741 0.48072916666666665 0.5712962962962963 0.47708333333333336 0.5675925925925925 0.47239583333333335 0.5740740740740741 0.47291666666666665 0.5828703703703704 0.46927083333333336 0.5953703703703703
4 0.4088541666666667 0.6564814814814814 0.40989583333333335 0.6435185185185185 0.40572916666666664 0.6231481481481481 0.4015625 0.6148148148148148 0.39895833333333336 0.6148148148148148 0.39479166666666665 0.6287037037037037 0.3921875 0.6592592592592592 0.4088541666666667 0.6564814814814814
4 0.40260416666666665 0.6814814814814815 0.4078125 0.6851851851851852 0.4114583333333333 0.6657407407407407 0.4083333333333333 0.637962962962963 0.4046875 0.6370370370370371 0.4015625 0.649074074074074 0.4005208333333333 0.6583333333333333 0.40260416666666665 0.6814814814814815
4 0.3703125 0.6694444444444444 0.3729166666666667 0.6814814814814815 0.37864583333333335 0.6814814814814815 0.3807291666666667 0.6694444444444444 0.3802083333333333 0.65 0.3765625 0.6407407407407407 0.371875 0.6462962962962963 0.3697916666666667 0.6537037037037037 0.3703125 0.6694444444444444
4 0.3223958333333333 0.6731481481481482 0.33177083333333335 0.6731481481481482 0.33177083333333335 0.6342592592592593 0.328125 0.6194444444444445 0.32447916666666665 0.6185185185185185 0.31875 0.6342592592592593 0.3182291666666667 0.6657407407407407 0.3223958333333333 0.6731481481481482
5 0.09583333333333334 0.7870370370370371 0.09895833333333333 0.7972222222222223 0.11145833333333334 0.7953703703703704 0.11302083333333333 0.7796296296296297 0.11197916666666667 0.762962962962963 0.11354166666666667 0.7583333333333333 0.11927083333333334 0.7555555555555555 0.11458333333333333 0.7314814814814815 0.11041666666666666 0.7314814814814815 0.10572916666666667 0.7481481481481481 0.10208333333333333 0.7777777777777778 0.09583333333333334 0.7870370370370371
5 0.33541666666666664 0.6777777777777778 0.3385416666666667 0.6787037037037037 0.3458333333333333 0.6648148148148149 0.34791666666666665 0.6425925925925926 0.346875 0.6212962962962963 0.34479166666666666 0.6194444444444445 0.3338541666666667 0.6361111111111111 0.33229166666666665 0.6703703703703704 0.33541666666666664 0.6777777777777778
5 0.31927083333333334 0.6712962962962963 0.321875 0.6666666666666666 0.3223958333333333 0.6268518518518519 0.3177083333333333 0.6175925925925926 0.31302083333333336 0.6305555555555555 0.31354166666666666 0.6666666666666666 0.31927083333333334 0.6712962962962963
5 0.3015625 0.6731481481481482 0.3072916666666667 0.675 0.3125 0.6694444444444444 0.31354166666666666 0.6416666666666667 0.3104166666666667 0.6222222222222222 0.3067708333333333 0.6212962962962963 0.30364583333333334 0.6333333333333333 0.30416666666666664 0.6509259259259259 0.3015625 0.6731481481481482
0 0.24375 0.8166666666666667 0.24270833333333333 0.8092592592592592 0.2359375 0.8092592592592592 0.23697916666666666 0.8185185185185185 0.24375 0.8166666666666667