4 0.6333333333333333 0.5805555555555556 0.6348958333333333 0.5842592592592593 0.6385416666666667 0.5833333333333334 0.6390625 0.562962962962963 0.6421875 0.5444444444444444 0.63125 0.5435185185185185 0.6302083333333334 0.5518518518518518 0.6333333333333333 0.5805555555555556
4 0.7276041666666667 0.6703703703703704 0.7333333333333333 0.6722222222222223 0.7359375 0.6694444444444444 0.7364583333333333 0.625 0.7322916666666667 0.6138888888888889 0.7291666666666666 0.6138888888888889 0.725 0.6259259259259259 0.7244791666666667 0.6472222222222223 0.7276041666666667 0.6703703703703704
5 0.3385416666666667 0.5981481481481481 0.3421875 0.5935185185185186 0.34270833333333334 0.5796296296296296 0.34791666666666665 0.5638888888888889 0.35052083333333334 0.5638888888888889 0.3390625 0.5518518518518518 0.3338541666666667 0.5611111111111111 0.33541666666666664 0.5898148148148148 0.3385416666666667 0.5981481481481481
5 0.396875 0.6453703703703704 0.3984375 0.6435185185185185 0.4 0.6055555555555555 0.3963541666666667 0.5925925925925926 0.39114583333333336 0.5944444444444444 0.39114583333333336 0.6425925925925926 0.396875 0.6453703703703704
5 0.10729166666666666 0.575 0.1109375 0.575925925925926 0.11354166666666667 0.562962962962963 0.11197916666666667 0.5472222222222223 0.11614583333333334 0.5324074074074074 0.1109375 0.5305555555555556 0.1046875 0.5351851851851852 0.10625 0.5703703703703704 0.10729166666666666 0.575
4 0.7421875 0.5944444444444444 0.746875 0.5990740740740741 0.7484375 0.6111111111111112 0.7520833333333333 0.6111111111111112 0.7541666666666667 0.6027777777777777 0.7541666666666667 0.5703703703703704 0.7479166666666667 0.5546296296296296 0.74375 0.5527777777777778 0.7411458333333333 0.5592592592592592 0.7401041666666667 0.5796296296296296 0.7421875 0.5944444444444444
4 0.30520833333333336 0.5888888888888889 0.31145833333333334 0.5851851851851851 0.3140625 0.5898148148148148 0.3177083333333333 0.587037037037037 0.31354166666666666 0.5601851851851852 0.3140625 0.5509259259259259 0.3109375 0.5462962962962963 0.3078125 0.5537037037037037 0.303125 0.5833333333333334 0.3026041666666667 0.587037037037037 0.30520833333333336 0.5888888888888889
5 0.20572916666666666 0.6148148148148148 0.21145833333333333 0.6101851851851852 0.20833333333333334 0.5722222222222222 0.2046875 0.5648148148148148 0.20104166666666667 0.5722222222222222 0.20104166666666667 0.6037037037037037 0.20572916666666666 0.6148148148148148
4 0.5192708333333333 0.6620370370370371 0.525 0.6648148148148149 0.5270833333333333 0.6592592592592592 0.5291666666666667 0.6212962962962963 0.5255208333333333 0.6092592592592593 0.5213541666666667 0.6092592592592593 0.5171875 0.6148148148148148 0.5177083333333333 0.6574074074074074 0.5192708333333333 0.6620370370370371
4 0.5057291666666667 0.5861111111111111 0.5057291666666667 0.5972222222222222 0.5104166666666666 0.5981481481481481 0.5177083333333333 0.5648148148148148 0.5161458333333333 0.5444444444444444 0.5088541666666667 0.5407407407407407 0.5020833333333333 0.5601851851851852 0.5015625 0.5796296296296296 0.5057291666666667 0.5861111111111111
5 0.20833333333333334 0.6518518518518519 0.21666666666666667 0.6537037037037037 0.21458333333333332 0.6320990740740741 0.21875 0.6111111111111112 0.21666666666666667 0.6083333333333333 0.20885416666666667 0.6092592592592593 0.20520833333333333 0.6148148148148148 0.2046875 0.6268518518518519 0.20833333333333334 0.6518518518518519
4 0.6 0.5722222222222222 0.5994791666666667 0.5925925925925926 0.6088541666666667 0.5953703703703703 0.6114583333333333 0.5648148148148148 0.6098958333333333 0.5555555555555556 0.6067708333333334 0.5518518518518518 0.603125 0.5527777777777778 0.6 0.5592592592592592 0.5984375 0.5675925925925925 0.6 0.5722222222222222
4 0.2328125 0.587037037037037 0.240625 0.5898148148148148 0.24270833333333333 0.587037037037037 0.24166666666666667 0.5675925925925925 0.24479166666666666 0.5601851851851852 0.24166666666666667 0.5546296296296296 0.24270833333333333 0.5472222222222223 0.23645833333333333 0.5398148148148149 0.23177083333333334 0.5472222222222223 0.23072916666666668 0.5601851851851852 0.2328125 0.587037037037037
3 0.12604166666666666 0.5592592592592592 0.134375 0.5638888888888889 0.1359375 0.5333333333333333 0.13020833333333334 0.524074074074074 0.1265625 0.5361111111111111 0.128125 0.5481481481481482 0.12604166666666666 0.5592592592592592
4 0.4864583333333333 0.5916666666666667 0.48802083333333335 0.5953703703703703 0.4947916666666667 0.5953703703703703 0.4979166666666667 0.5916666666666667 0.4973958333333333 0.5861111111111111 0.503125 0.5796296296296296 0.5026041666666666 0.562962962962963 0.49375 0.5518518518518518 0.4901041666666667 0.5518518518518518 0.48802083333333335 0.5675925925925925 0.4890625 0.5740740740740741 0.4864583333333333 0.5916666666666667
3 0.5208333333333334 0.6101851851851852 0.53125 0.6074074074074074 0.5328125 0.6037037037037037 0.5302083333333333 0.5962962962962963 0.53125 0.5675925925925925 0.5244791666666667 0.5583333333333333 0.5203125 0.575 0.5197916666666667 0.6074074074074074 0.5208333333333334 0.6101851851851852