5 0.5171875 0.6129629629629629 0.5229166666666667 0.6055555555555555 0.5291666666666667 0.6148148148148148 0.5322916666666667 0.6138888888888889 0.5270833333333333 0.5805555555555556 0.5276041666666667 0.5712962962962963 0.5255208333333333 0.5666666666666667 0.5208333333333334 0.575 0.5208333333333334 0.5842592592592593 0.5161458333333333 0.5962962962962963 0.5151041666666667 0.6111111111111112 0.5171875 0.6129629629629629
5 0.6635416666666667 0.8101851851851852 0.66875 0.7925925925925926 0.6739583333333333 0.799074074074074 0.6744791666666666 0.8064814814814815 0.6796875 0.8064814814814815 0.6838541666666667 0.7870370370370371 0.6848958333333334 0.737037037037037 0.68125 0.737037037037037 0.6692708333333334 0.7638888888888888 0.6598958333333333 0.8018518518518518 0.6598958333333333 0.8083333333333333 0.6635416666666667 0.8101851851851852
4 0.6286458333333333 0.649074074074074 0.628125 0.6583333333333333 0.6307291666666667 0.6648148148148149 0.6348958333333333 0.6583333333333333 0.6390625 0.6175925925925926 0.6359375 0.6074074074074074 0.63125 0.6018518518518519 0.6255208333333333 0.6157407407407407 0.625 0.6296296296296297 0.6286458333333333 0.649074074074074
4 0.6880208333333333 0.5907407407407408 0.6979166666666666 0.5907407407407408 0.7020833333333333 0.587037037037037 0.6989583333333333 0.5601851851851852 0.696875 0.5574074074074075 0.6932291666666667 0.5574074074074075 0.6901041666666666 0.5712962962962963 0.6854166666666667 0.5768518518518518 0.6854166666666667 0.5879629629629629 0.6880208333333333 0.5907407407407408
4 0.8296875 0.6953703703703704 0.8338541666666667 0.6953703703703704 0.8380208333333333 0.6833333333333333 0.8395833333333333 0.6453703703703704 0.8338541666666667 0.6296296296296297 0.8296875 0.6296296296296297 0.825 0.6472222222222223 0.8265625 0.6907407407407408 0.8296875 0.6953703703703704
3 0.5604166666666667 0.6425925925925926 0.5630208333333333 0.6462962962962963 0.5723958333333333 0.6472222222222223 0.5729166666666666 0.6203703703703703 0.575 0.6148148148148148 0.5723958333333333 0.587037037037037 0.5677083333333334 0.5861111111111111 0.5619791666666667 0.6027777777777777 0.5630208333333333 0.6240740740740741 0.5604166666666667 0.6425925925925926
4 0.30833333333333335 0.5962962962962963 0.3104166666666667 0.6 0.3145833333333333 0.5990740740740741 0.3177083333333333 0.5962962962962963 0.31614583333333335 0.5787037037037037 0.3177083333333333 0.5555555555555556 0.3145833333333333 0.55 0.30885416666666665 0.5546296296296296 0.3072916666666667 0.5601851851851852 0.30833333333333335 0.5962962962962963
5 0.6729166666666667 0.6398148148148148 0.6776041666666667 0.637962962962963 0.6807291666666667 0.6305555555555555 0.6895833333333333 0.6314814814814815 0.6869791666666667 0.6212962962962963 0.6890625 0.6083333333333333 0.6869791666666667 0.5861111111111111 0.6833333333333333 0.5861111111111111 0.6807291666666667 0.6055555555555555 0.6721354166666667 0.625 0.6671875 0.6277777777777778 0.6671875 0.6324074074074074 0.6729166666666667 0.6398148148148148
5 0.39479166666666665 0.6768518518518518 0.39895833333333336 0.6824074074074075 0.4036458333333333 0.6814814814814815 0.40260416666666665 0.6712962962962963 0.40572916666666664 0.6620370370370371 0.4041666666666667 0.6203703703703703 0.3984375 0.6222222222222222 0.3953125 0.6370370370370371 0.396875 0.6615740740740741 0.39479166666666665 0.6768518518518518
4 0.47239583333333335 0.6231481481481481 0.47760416666666666 0.6342592592592593 0.4822916666666667 0.6351851851851852 0.4901041666666667 0.5861111111111111 0.4817708333333333 0.5824074074074074 0.478125 0.5879629629629629 0.47760416666666666 0.6111111111111112 0.47239583333333335 0.6231481481481481
3 0.16822916666666668 0.5657407407407408 0.165625 0.5777777777777777 0.1734375 0.5805555555555556 0.17604166666666668 0.5731481481481482 0.17395833333333333 0.5370370370370371 0.16770833333333332 0.5444444444444444 0.165625 0.5601851851851852 0.16822916666666668 0.5657407407407408
4 0.7979166666666667 0.637962962962963 0.8010416666666667 0.6509259259259259 0.8067708333333333 0.6527777777777778 0.8125 0.6268518518518519 0.8125 0.6166666666666667 0.8098958333333334 0.6027777777777777 0.80625 0.5962962962962963 0.8026041666666667 0.5953703703703703 0.8015625 0.5990740740740741 0.8010416666666667 0.6287037037037037 0.7979166666666667 0.637962962962963
5 0.26197916666666665 0.6018518518518519 0.2625 0.6064814814814815 0.2786458333333333 0.6064814814814815 0.28072916666666664 0.6027777777777777 0.28072916666666664 0.5898148148148148 0.27708333333333335 0.575925925925926 0.2713541666666667 0.5657407407407408 0.2677083333333333 0.5685185185185185 0.26614583333333336 0.575925925925926 0.265625 0.5925925925925926 0.26197916666666665 0.6018518518518519
4 0.24791666666666667 0.6796296296296296 0.25104166666666666 0.6768518518518518 0.2484375 0.6333333333333333 0.24947916666666667 0.6148148148148148 0.24427083333333333 0.6129629629629629 0.23958333333333334 0.6268518518518519 0.2390625 0.6768518518518518 0.24791666666666667 0.6796296296296296
5 0.4744791666666667 0.5694444444444444 0.4713541666666667 0.5805555555555556 0.4744791666666667 0.5907407407407408 0.478125 0.5898148148148148 0.4791666666666667 0.5861111111111111 0.4828125 0.5592592592592592 0.48072916666666665 0.5453703703703704 0.4765625 0.5444444444444444 0.4713541666666667 0.5518518518518518 0.4744791666666667 0.5694444444444444
0 0.6729166666666667 0.6388888888888888 0.6765625 0.6342592592592593 0.6755208333333333 0.6240740740740741 0.6697916666666667 0.6240740740740741 0.6666666666666666 0.6277777777777778 0.6666666666666666 0.6333333333333333 0.6729166666666667 0.6388888888888888
5 0.7807291666666667 0.674074074074074 0.78125 0.6805555555555556 0.7833333333333333 0.6814814814814815 0.7895833333333333 0.6703703703703704 0.7932291666666667 0.6722222222222223 0.7947916666666667 0.6842592592592592 0.7984375 0.6842592592592592 0.8010416666666667 0.65 0.7947916666666667 0.6268518518518519 0.7895833333333333 0.6277777777777778 0.7838541666666666 0.65 0.7859375 0.6583333333333333 0.7807291666666667 0.674074074074074
5 0.171875 0.6805555555555556 0.17708333333333334 0.6814814814814815 0.17864583333333334 0.6703703703703704 0.1828125 0.6694444444444444 0.18645833333333334 0.6805555555555556 0.19010416666666666 0.6814814814814815 0.19270833333333334 0.6777777777777778 0.1828125 0.6222222222222222 0.17916666666666667 0.6222222222222222 0.17708333333333334 0.6314814814814815 0.17552083333333332 0.6592592592592592 0.171875 0.6805555555555556
5 0.17708333333333334 0.6166666666666667 0.17916666666666667 0.6231481481481481 0.1890625 0.6277777777777778 0.19114583333333332 0.6194444444444445 0.19270833333333334 0.587037037037037 0.18958333333333333 0.575 0.18385416666666668 0.5814814814814815 0.1828125 0.5981481481481481 0.17708333333333334 0.6166666666666667
5 0.6734375 0.5675925925925925 0.678125 0.5740740740740741 0.678125 0.5814814814814815 0.6817708333333333 0.5851851851851851 0.6859375 0.5842592592592593 0.6822916666666666 0.5518518518518518 0.6776041666666667 0.5462962962962963 0.6713541666666667 0.5462962962962963 0.6697916666666667 0.5518518518518518 0.6734375 0.5675925925925925
4 0.4901041666666667 0.5879629629629629 0.4901041666666667 0.5833333333333334 0.49375 0.5796296296296296 0.4921875 0.562962962962963 0.4942708333333333 0.5518518518518518 0.4901041666666667 0.5453703703703704 0.4859375 0.5453703703703704 0.48333333333333334 0.5555555555555556 0.4817708333333333 0.5805555555555556 0.4901041666666667 0.5879629629629629
4 0.5135416666666667 0.7037037037037037 0.5135416666666667 0.7101851851851851 0.5171875 0.7148148148148148 0.5229166666666667 0.7157407407407408 0.5255208333333333 0.7111111111111111 0.5296875 0.687037037037037 0.53125 0.6611111111111111 0.5291666666666667 0.6518518518518519 0.5255208333333333 0.6518518518518519 0.5203125 0.6648148148148149 0.5192708333333333 0.6962962962962963 0.5135416666666667 0.7037037037037037
5 0.7046875 0.6314814814814815 0.7125 0.6268518518518519 0.7166666666666667 0.6324074074074074 0.7192708333333333 0.6305555555555555 0.709375 0.5925925925925926 0.7052083333333333 0.5861111111111111 0.6984375 0.5879629629629629 0.7020833333333333 0.6268518518518519 0.7046875 0.6314814814814815