4 0.8520833333333333 0.6222222222222222 0.846875 0.6046296296296296 0.8421875 0.6074074074074074 0.8416666666666667 0.6194444444444445 0.8453125 0.6481481481481481 0.8494791666666667 0.65 0.8520833333333333 0.6222222222222222
5 0.4234375 0.7231481481481481 0.4375 0.7203703703703703 0.4354166666666667 0.7064814814814815 0.43854166666666666 0.6944444444444444 0.43333333333333335 0.6694444444444444 0.4276041666666667 0.6648148148148149 0.4244791666666667 0.6731481481481482 0.42239583333333336 0.6916666666666667 0.42604166666666665 0.7083333333333334 0.42239583333333336 0.7203703703703703 0.4234375 0.7231481481481481
4 0.6416666666666667 0.6064814814814815 0.6385416666666667 0.6018518518518519 0.6333333333333333 0.6092592592592593 0.6328125 0.6370370370370371 0.6432291666666666 0.6398148148148148 0.6453125 0.6342592592592593 0.6416666666666667 0.6064814814814815
4 0.5854166666666667 0.5916666666666667 0.584375 0.5796296296296296 0.5802083333333333 0.5712962962962963 0.5760416666666667 0.5768518518518518 0.5729166666666666 0.5953703703703703 0.5760416666666667 0.6064814814814815 0.5807291666666666 0.6074074074074074 0.5854166666666667 0.5916666666666667
5 0.6973958333333333 0.7268518518518519 0.6994791666666667 0.7231481481481481 0.6973958333333333 0.7077157407407407 0.6979166666666666 0.6898148148148148 0.6932291666666667 0.675 0.6895833333333333 0.6768518518518518 0.6869791666666667 0.6851851851851852 0.6864583333333333 0.7287037037037037 0.6901041666666666 0.7333333333333333 0.69375 0.725 0.6973958333333333 0.7268518518518519
4 0.9203125 0.7768518518518519 0.921875 0.7814814814814814 0.9255208333333333 0.7814814814814814 0.9276041666666667 0.7777777777777778 0.9239583333333333 0.725 0.9161458333333333 0.7138888888888889 0.9135416666666667 0.7157407407407408 0.9125 0.725 0.9125 0.7555555555555555 0.9098958333333333 0.7787037037037037 0.9151041666666667 0.7805555555555556 0.9203125 0.7768518518518519
4 0.2171875 0.7388888888888889 0.221875 0.7361111111111112 0.22291666666666668 0.725925925925926 0.22395833333333334 0.6962962962962963 0.22083333333333333 0.6796296296296296 0.21666666666666667 0.6787037037037037 0.21197916666666666 0.6935185185185185 0.21145833333333333 0.7064814814814815 0.2140625 0.7240740740740741 0.21302083333333333 0.7361111111111112 0.2171875 0.7388888888888889
4 0.4041666666666667 0.5777777777777777 0.4005208333333333 0.5796296296296296 0.3963541666666667 0.5907407407407408 0.3953125 0.6185185185185185 0.40520833333333334 0.6185185185185185 0.40677083333333336 0.5814814814814815 0.4041666666666667 0.5777777777777777
5 0.3067708333333333 0.6537037037037037 0.30833333333333335 0.6351851851851852 0.31145833333333334 0.6259259259259259 0.30833333333333335 0.6101851851851852 0.3026041666666667 0.6083333333333333 0.29791666666666666 0.6259259259259259 0.30104166666666665 0.6518518518518519 0.3046875 0.6546296296296297 0.3067708333333333 0.6537037037037037
5 0.26927083333333335 0.6796296296296296 0.2708333333333333 0.6777777777777778 0.2713541666666667 0.6296296296296297 0.26614583333333336 0.6305555555555555 0.2604166666666667 0.6462962962962963 0.2640625 0.6583333333333333 0.2635416666666667 0.6768518518518518 0.26927083333333335 0.6796296296296296
4 0.4390625 0.6342592592592593 0.43802083333333336 0.5935185185185186 0.434375 0.5916666666666667 0.43072916666666666 0.6018518518518519 0.42604166666666665 0.6231481481481481 0.4270833333333333 0.6268518518518519 0.4317708333333333 0.625 0.4390625 0.6342592592592593
5 0.5125 0.5907407407407408 0.5104166666666666 0.5851851851851851 0.5057291666666667 0.5851851851851851 0.5020833333333333 0.5981481481481481 0.496875 0.6055555555555555 0.4979166666666667 0.6101851851851852 0.5026041666666666 0.6074074074074074 0.5125 0.6101851851851852 0.5125 0.5907407407407408
5 0.6234375 0.6222222222222222 0.6213541666666667 0.6074074074074074 0.61875 0.600925925925926 0.6140625 0.6027777777777777 0.6135416666666667 0.6222222222222222 0.6182291666666667 0.637962962962963 0.6223958333333334 0.637962962962963 0.6234375 0.6222222222222222
3 0.4276041666666667 0.6759259259259259 0.43125 0.6694444444444444 0.4317708333333333 0.6546296296296297 0.4375 0.6333333333333333 0.43333333333333335 0.6212962962962963 0.4276041666666667 0.6185185185185185 0.42604166666666665 0.6222222222222222 0.42239583333333336 0.6324074074074074 0.42239583333333336 0.6435185185185185 0.4239583333333333 0.6703703703703704 0.4276041666666667 0.6759259259259259
5 0.42291666666666666 0.6222222222222222 0.4203125 0.5944444444444444 0.415625 0.5916666666666667 0.4125 0.6027777777777777 0.4088541666666667 0.6268518518518519 0.4114583333333333 0.6305555555555555 0.41770833333333335 0.6305555555555555 0.42291666666666666 0.6222222222222222
5 0.37395833333333334 0.6148148148148148 0.37083333333333335 0.6185185185185185 0.36770833333333336 0.6361111111111111 0.3671875 0.6583333333333333 0.37552083333333336 0.6583333333333333 0.3765625 0.6203703703703703 0.37395833333333334 0.6148148148148148
4 0.4875 0.8055555555555556 0.49114583333333334 0.8027777777777778 0.49166666666666664 0.7472222222222222 0.4864583333333333 0.7324074074074074 0.4822916666666667 0.7398148148148148 0.4791666666666667 0.7694444444444445 0.48125 0.7888888888888889 0.48020833333333335 0.8018518518518518 0.4875 0.8055555555555556
4 0.2421875 0.6861111111111111 0.2546875 0.6861111111111111 0.2526041666666667 0.6518518518518519 0.2552083333333333 0.6472222222222223 0.2609375 0.6462962962962963 0.2484375 0.6314814814814815 0.24479166666666666 0.6388888888888888 0.24375 0.6518518518518519 0.23854166666666668 0.6694444444444444 0.23958333333333334 0.6814814814814815 0.2421875 0.6861111111111111
4 0.31354166666666666 0.6509259259259259 0.31927083333333334 0.6537037037037037 0.321875 0.65 0.3229166666666667 0.6407407407407407 0.3223958333333333 0.6129629629629629 0.3177083333333333 0.6083333333333333 0.31302083333333336 0.6194444444444445 0.3104166666666667 0.6268518518518519 0.31354166666666666 0.6314814814814815 0.3151041666666667 0.6425925925925926 0.31354166666666666 0.6509259259259259
3 0.37135416666666665 0.5851851851851851 0.371875 0.5648148148148148 0.36822916666666666 0.5537037037037037 0.3651041666666667 0.5518518518518518 0.36354166666666665 0.5546296296296296 0.3619791666666667 0.5601851851851852 0.3625 0.5796296296296296 0.36875 0.5888888888888889 0.37135416666666665 0.5851851851851851
4 0.24270833333333333 0.7138888888888889 0.24322916666666666 0.6888888888888889 0.2453125 0.6851851851851852 0.24635416666666668 0.6712962962962963 0.24375 0.6601851851851852 0.23697916666666666 0.6648148148148149 0.23385416666666667 0.6796296296296296 0.23489583333333333 0.7018518518518518 0.23333333333333334 0.7092592592592593 0.24114583333333334 0.7157407407407408 0.24270833333333333 0.7138888888888889
0 0.6380208333333334 0.6259259259259259 0.6380208333333334 0.637962962962963 0.64375 0.6398148148148148 0.6432291666666666 0.6231481481481481 0.6380208333333334 0.6259259259259259