4 0.45260416666666664 0.649074074074074 0.45677083333333335 0.6453703703703704 0.45989583333333334 0.6472222222222223 0.4625 0.662962962962963 0.4671875 0.6620370370370371 0.459375 0.6018518518518519 0.4546875 0.600925925925926 0.4510416666666667 0.6148148148148148 0.44947916666666665 0.6416666666666667 0.4432291666666667 0.6611111111111111 0.446875 0.6638888888888889 0.45260416666666664 0.649074074074074
4 0.16197916666666667 0.5777777777777777 0.16302083333333334 0.5361111111111111 0.1578125 0.525 0.15364583333333334 0.5296296296296297 0.1515625 0.5453703703703704 0.15677083333333333 0.562037037037037 0.15677083333333333 0.575925925925926 0.16197916666666667 0.5777777777777777
4 0.7213541666666666 0.6277777777777778 0.7177083333333333 0.6435185185185185 0.7203125 0.6518518518518519 0.7302083333333333 0.6416666666666667 0.7359375 0.6425925925925926 0.73125 0.6166666666666667 0.7322916666666667 0.5944444444444444 0.7265625 0.5833333333333334 0.7239583333333334 0.5833333333333334 0.7213541666666666 0.5907407407407408 0.7203125 0.6018518518518519 0.7177083333333333 0.6055555555555555 0.721875 0.6101851851851852 0.7213541666666666 0.6277777777777778
4 0.65 0.7046296296296296 0.6583333333333333 0.725 0.6619791666666667 0.7212962962962963 0.6583333333333333 0.7092592592592593 0.6578125 0.6972222222222222 0.6619791666666667 0.6861111111111111 0.6630208333333333 0.6694444444444444 0.6541666666666667 0.65 0.6510416666666666 0.6527777777777778 0.6484375 0.6657407407407407 0.6442708333333333 0.6731481481481482 0.6494791666666667 0.687037037037037 0.65 0.7046296296296296
3 0.05625 0.5518518518518518 0.058333333333333334 0.5481481481481482 0.05625 0.5324074074074074 0.058333333333333334 0.5287037037037037 0.05520833333333333 0.5185185185185185 0.04791666666666667 0.5175925925925926 0.04375 0.5287037037037037 0.043229166666666666 0.5481481481481482 0.04479166666666667 0.5509259259259259 0.05364583333333333 0.549074074074074 0.05625 0.5518518518518518
4 0 0.6675925925925926 0.00625 0.675 0.0078125 0.6731481481481482 0.010416666666666666 0.6398148148148148 0.0078125 0.6046296296296296 0.005208333333333333 0.5981481481481481 0.003125 0.5990740740740741 0 0.600925925925926 0 0.6675925925925926
5 0.04479166666666667 0.625 0.049479166666666664 0.6203703703703703 0.050520833333333334 0.5916666666666667 0.0484375 0.5685185185185185 0.0453125 0.5657407407407408 0.042708333333333334 0.5685185185185185 0.040625 0.575925925925926 0.040625 0.6037037037037037 0.041666666666666664 0.6203703703703703 0.04479166666666667 0.625
5 0.15416666666666667 0.7074074074074074 0.15625 0.7046296296296296 0.15520833333333334 0.695987962962963 0.1578125 0.6537037037037037 0.15625 0.6462962962962963 0.153125 0.637962962962963 0.14895833333333333 0.6351851851851852 0.140625 0.6518518518518519 0.1421875 0.6851851851851852 0.1453125 0.7046296296296296 0.14635416666666667 0.7083333333333334 0.15416666666666667 0.7074074074074074
3 0.3015625 0.7138888888888889 0.3 0.7018518518518518 0.30104166666666665 0.6583333333333333 0.2947916666666667 0.6388888888888888 0.28958333333333336 0.6416666666666667 0.2890625 0.6944444444444444 0.29322916666666665 0.7185185185185186 0.2984375 0.7203703703703703 0.3015625 0.7138888888888889
5 0.16927083333333334 0.6138888888888889 0.165625 0.6111111111111112 0.15989583333333332 0.6287037037037037 0.16145833333333334 0.6814814814814815 0.16614583333333333 0.6851851851851852 0.16927083333333334 0.6814814814814815 0.16927083333333334 0.6138888888888889
4 0.09114583333333333 0.5861111111111111 0.08697916666666666 0.5861111111111111 0.08333333333333333 0.5925925925925926 0.08072916666666667 0.6064814814814815 0.0796875 0.6453703703703704 0.08229166666666667 0.6481481481481481 0.09427083333333333 0.6462962962962963 0.09114583333333333 0.5861111111111111
5 0.3302083333333333 0.6185185185185185 0.33125 0.5796296296296296 0.32864583333333336 0.5638888888888889 0.32447916666666665 0.5611111111111111 0.31979166666666664 0.5768518518518518 0.31927083333333334 0.5879629629629629 0.3223958333333333 0.6 0.32083333333333336 0.6111111111111112 0.3302083333333333 0.6185185185185185
5 0.509375 0.7898148148148149 0.5114583333333333 0.7833333333333333 0.5057291666666667 0.7546296296296297 0.5072916666666667 0.7379629629629629 0.5104166666666666 0.7324074074074074 0.509375 0.7222222222222222 0.5015625 0.7037037037037037 0.4979166666666667 0.7064814814814815 0.4947916666666667 0.7175925925925926 0.4942708333333333 0.7333333333333333 0.4984375 0.7555555555555555 0.5005208333333333 0.7861111111111111 0.509375 0.7898148148148149
4 0.9765625 0.8518518518518519 0.9822916666666667 0.85 0.9838541666666667 0.7712962962962963 0.978125 0.7518518518518519 0.9755208333333333 0.75 0.971875 0.7555555555555555 0.9708333333333333 0.7953703703703704 0.9682291666666667 0.8064814814814815 0.9677083333333333 0.8222222222222222 0.9739583333333334 0.8425925925925926 0.9729166666666667 0.8490740740740741 0.9765625 0.8518518518518519
0 0.6302083333333334 0.7129629629629629 0.63125 0.7194444444444444 0.6390625 0.7185185185185186 0.6354166666666666 0.7074074074074074 0.6302083333333334 0.7129629629629629
5 0.31354166666666666 0.6796296296296296 0.31927083333333334 0.6768518518518518 0.3296875 0.6796296296296296 0.33177083333333335 0.6768518518518518 0.3307291666666667 0.6148148148148148 0.3255208333333333 0.6083333333333333 0.321875 0.6138888888888889 0.3177083333333333 0.6296296296296297 0.31927083333333334 0.6574074074074074 0.31197916666666664 0.6712962962962963 0.31197916666666664 0.6768518518518518 0.31354166666666666 0.6796296296296296
4 0.021354166666666667 0.674074074074074 0.025520833333333333 0.6648148148148149 0.0296875 0.6333333333333333 0.027604166666666666 0.6064814814814815 0.024479166666666666 0.6046296296296296 0.020833333333333332 0.6092592592592593 0.016145833333333335 0.6287037037037037 0.019791666666666666 0.65 0.018229166666666668 0.6685185185185185 0.021354166666666667 0.674074074074074
5 0.3796875 0.7166666666666667 0.384375 0.7157407407407408 0.38333333333333336 0.7046296296296296 0.3859375 0.6916666666666667 0.38645833333333335 0.6592592592592592 0.38958333333333334 0.6462962962962963 0.3875 0.6425925925925926 0.3828125 0.6416666666666667 0.37552083333333336 0.6620370370370371 0.3723958333333333 0.687037037037037 0.36666666666666664 0.7046296296296296 0.36666666666666664 0.7166666666666667 0.37083333333333335 0.7157407407407408 0.371875 0.7111111111111111 0.3796875 0.7166666666666667
4 0 0.7157407407407408 0.007291666666666667 0.7138888888888889 0.009895833333333333 0.7018518518518518 0.009895833333333333 0.6694444444444444 0.0046875 0.6592592592592592 0 0.6611111111111111 0 0.7157407407407408
4 0 0.7888888888888889 0.0020833333333333333 0.787962962962963 0.004166666666666667 0.7731481481481481 0.009895833333333333 0.7648148148148148 0.0078125 0.712037037037037 0.0067708333333333336 0.7046296296296296 0.0036458333333333334 0.7046296296296296 0 0.7092592592592593 0 0.7888888888888889