4 0.6979166666666666 0.5675925925925925 0.6932291666666667 0.5453703703703704 0.6911458333333333 0.5462962962962963 0.6875 0.562962962962963 0.6875 0.575925925925926 0.6942708333333333 0.5888888888888889 0.6979166666666666 0.5898148148148148 0.6979166666666666 0.5675925925925925
3 0.6682291666666667 0.6240740740740741 0.6708333333333333 0.6259259259259259 0.6734375 0.6222222222222222 0.675 0.6111111111111112 0.671875 0.5986111111111111 0.671875 0.5833333333333334 0.665625 0.5703703703703704 0.6619791666666667 0.5722222222222222 0.6614583333333334 0.5916666666666667 0.6640625 0.5981481481481481 0.6640625 0.6083333333333333 0.6682291666666667 0.6240740740740741
4 0.8380208333333333 0.5981481481481481 0.8447916666666667 0.5981481481481481 0.8458333333333333 0.5944444444444444 0.8427083333333333 0.5861111111111111 0.8401041666666667 0.5611111111111111 0.8338541666666667 0.5518518518518518 0.8317708333333333 0.5592592592592592 0.8322916666666667 0.5879629629629629 0.8302083333333333 0.5990740740740741 0.8338541666666667 0.6027777777777777 0.8380208333333333 0.5981481481481481
5 0.3302083333333333 0.6888888888888889 0.3328125 0.6962962962962963 0.33489583333333334 0.6953703703703704 0.3307291666666667 0.6444444444444445 0.3260416666666667 0.6333333333333333 0.32083333333333336 0.6435185185185185 0.32083333333333336 0.6620370370370371 0.3182291666666667 0.6712962962962963 0.3182291666666667 0.6916666666666667 0.3229166666666667 0.6925925925925925 0.32447916666666665 0.687037037037037 0.3302083333333333 0.6888888888888889
5 0.6447916666666667 0.5722222222222222 0.6395833333333333 0.562962962962963 0.6364583333333333 0.5666666666666667 0.6364583333333333 0.6101851851851852 0.65 0.6092592592592593 0.6458333333333334 0.5925925925925926 0.6447916666666667 0.5722222222222222
4 0.9739583333333334 0.6824074074074075 0.9713541666666666 0.6305555555555555 0.9666666666666667 0.6240740740740741 0.9583333333333334 0.625 0.9588541666666667 0.6731481481481482 0.9635416666666666 0.687962962962963 0.971875 0.6907407407407408 0.9739583333333334 0.6824074074074075
4 0.4010416666666667 0.7268518518518519 0.396875 0.7148148148148148 0.4005208333333333 0.7037037037037037 0.4 0.6851851851851852 0.3921875 0.6675925925925926 0.39010416666666664 0.6694444444444444 0.3885416666666667 0.6796296296296296 0.3859375 0.7027777777777777 0.3921875 0.7398148148148148 0.4005208333333333 0.7398148148148148 0.4010416666666667 0.7268518518518519
4 0.4708333333333333 0.5537037037037037 0.47239583333333335 0.5407407407407407 0.46979166666666666 0.5314814814814814 0.4640625 0.5296296296296297 0.4609375 0.5444444444444444 0.46197916666666666 0.5574074074074075 0.45989583333333334 0.5694444444444444 0.47239583333333335 0.5675925925925925 0.4708333333333333 0.5537037037037037
5 0.48541666666666666 0.5638888888888889 0.484375 0.5481481481481482 0.4869791666666667 0.5407407407407407 0.4864583333333333 0.5324074074074074 0.4822916666666667 0.5324074074074074 0.47760416666666666 0.5407407407407407 0.4734375 0.5638888888888889 0.4744791666666667 0.5740740740740741 0.4786458333333333 0.5740740740740741 0.48541666666666666 0.5638888888888889
5 0.6291666666666667 0.6212962962962963 0.625 0.6055555555555555 0.6239583333333333 0.5879629629629629 0.61875 0.5777777777777777 0.6166666666666667 0.5824074074074074 0.6182291666666667 0.6194444444444445 0.6229166666666667 0.6333333333333333 0.6270833333333333 0.6342592592592593 0.6291666666666667 0.6212962962962963
5 0.3098958333333333 0.5925925925925926 0.31354166666666666 0.5916666666666667 0.31614583333333335 0.5861111111111111 0.31614583333333335 0.5574074074074075 0.31354166666666666 0.549074074074074 0.3046875 0.5435185185185185 0.3072916666666667 0.5583333333333333 0.30520833333333336 0.5657407407407408 0.3078125 0.5879629629629629 0.3098958333333333 0.5925925925925926
5 0.4276041666666667 0.5851851851851851 0.43125 0.5851851851851851 0.4276041666666667 0.5555555555555556 0.4234375 0.5481481481481482 0.41822916666666665 0.5555555555555556 0.41458333333333336 0.5722222222222222 0.41510416666666666 0.5842592592592593 0.4244791666666667 0.5768518518518518 0.4276041666666667 0.5851851851851851
0 0.45677083333333335 0.5657407407407408 0.4557291666666667 0.5722222222222222 0.4630208333333333 0.5712962962962963 0.46197916666666666 0.5657407407407408 0.45677083333333335 0.5657407407407408
5 0.7609375 0.5990740740740741 0.7671875 0.6 0.7682291666666666 0.5944444444444444 0.7625 0.5851851851851851 0.7614583333333333 0.5675925925925925 0.7583333333333333 0.5564814814814815 0.7552083333333334 0.5546296296296296 0.753125 0.5592592592592592 0.753125 0.5833333333333334 0.7489583333333333 0.6027777777777777 0.7526041666666666 0.6046296296296296 0.7609375 0.5990740740740741
4 0.7130208333333333 0.6435185185185185 0.715625 0.6398148148148148 0.7135416666666666 0.6101851851851852 0.7109375 0.600925925925926 0.7041666666666667 0.5935185185185186 0.7026041666666667 0.5962962962962963 0.703125 0.6240740740740741 0.7088541666666667 0.6407407407407407 0.7130208333333333 0.6435185185185185
5 0.9942708333333333 0.6370370370370371 0.9994791666666667 0.6231481481481481 0.9994791666666667 0.5787037037037037 0.9942708333333333 0.5851851851851851 0.9953125 0.5953703703703703 0.9880208333333333 0.6342592592592593 0.9901041666666667 0.6370370370370371 0.9942708333333333 0.6370370370370371
4 0.5822916666666667 0.5472222222222223 0.5791666666666667 0.5277777777777778 0.5760416666666667 0.525 0.5713541666666667 0.5314814814814814 0.5708333333333333 0.5666666666666667 0.5729166666666666 0.5722222222222222 0.5807291666666666 0.562037037037037 0.5822916666666667 0.5472222222222223
5 0.2838541666666667 0.5796296296296296 0.2796875 0.5703703703703704 0.27760416666666665 0.5703703703703704 0.27447916666666666 0.5796296296296296 0.2755208333333333 0.6027777777777777 0.284375 0.6185185185185185 0.2859375 0.6111111111111112 0.2838541666666667 0.5796296296296296
4 0.3338541666666667 0.6046296296296296 0.3338541666666667 0.5972222222222222 0.32864583333333336 0.5879629629629629 0.32447916666666665 0.5675925925925925 0.3182291666666667 0.5564814814814815 0.3145833333333333 0.5574074074074075 0.3140625 0.5787037037037037 0.3182291666666667 0.5953703703703703 0.321875 0.6027777777777777 0.3338541666666667 0.6046296296296296
4 0.9442708333333333 0.6351851851851852 0.9458333333333333 0.6305555555555555 0.9401041666666666 0.6212962962962963 0.9390625 0.5990740740740741 0.9354166666666667 0.5898148148148148 0.93125 0.5888888888888889 0.9307291666666667 0.5916666666666667 0.9296875 0.6416666666666667 0.9317708333333333 0.6435185185185185 0.9364583333333333 0.6351851851851852 0.9442708333333333 0.6351851851851852
5 0.42135416666666664 0.5518518518518518 0.4171875 0.537962962962963 0.41458333333333336 0.537962962962963 0.4119791666666667 0.5435185185185185 0.4114583333333333 0.5703703703703704 0.4161458333333333 0.5814814814814815 0.4197916666666667 0.5712962962962963 0.42135416666666664 0.5518518518518518
4 0.9708333333333333 0.6398148148148148 0.9713541666666666 0.6240740740740741 0.9635416666666666 0.5907407407407408 0.9583333333333334 0.587037037037037 0.9567708333333333 0.5935185185185186 0.9557291666666666 0.6268518518518519 0.9588541666666667 0.6398148148148148 0.9640625 0.6351851851851852 0.9708333333333333 0.6398148148148148