4 0.5796875 0.7185185185185186 0.5838541666666667 0.7203703703703703 0.5875 0.7138888888888889 0.5994791666666667 0.7166666666666667 0.6005208333333333 0.7111111111111111 0.59375 0.6694444444444444 0.5880208333333333 0.6564814814814814 0.5833333333333334 0.6611111111111111 0.5833333333333334 0.7018518518518518 0.5796875 0.7185185185185186
4 0.4395833333333333 0.5638888888888889 0.4421875 0.5722222222222222 0.44479166666666664 0.5731481481481482 0.44895833333333335 0.5648148148148148 0.45416666666666666 0.5444444444444444 0.45364583333333336 0.5388888888888889 0.44583333333333336 0.5333333333333333 0.44114583333333335 0.5435185185185185 0.44166666666666665 0.5546296296296296 0.4395833333333333 0.5638888888888889
4 0.5463541666666667 0.6509259259259259 0.5489583333333333 0.6564814814814814 0.553125 0.6564814814814814 0.5552083333333333 0.6537037037037037 0.5619791666666667 0.6148148148148148 0.55625 0.600925925925926 0.55 0.6074074074074074 0.5479166666666667 0.6166666666666667 0.5489583333333333 0.6314814814814815 0.5463541666666667 0.6509259259259259
4 0.12083333333333333 0.6185185185185185 0.125 0.6074074074074074 0.12760416666666666 0.5648148148148148 0.11770833333333333 0.5657407407407408 0.11354166666666667 0.5925925925925926 0.1140625 0.6185185185185185 0.12083333333333333 0.6185185185185185
5 0.1359375 0.6157407407407407 0.13802083333333334 0.6231481481481481 0.14270833333333333 0.6231481481481481 0.1484375 0.6064814814814815 0.14947916666666666 0.5824074074074074 0.14635416666666667 0.575925925925926 0.1390625 0.587037037037037 0.13854166666666667 0.6055555555555555 0.1359375 0.6157407407407407
5 0.821875 0.6851851851851852 0.8260416666666667 0.6888888888888889 0.8328125 0.6694444444444444 0.8338541666666667 0.6481481481481481 0.8291666666666667 0.6268518518518519 0.8260416666666667 0.625 0.8208333333333333 0.6398148148148148 0.8229166666666666 0.6731481481481482 0.821875 0.6851851851851852
5 0.184375 0.6814814814814815 0.17760416666666667 0.6231481481481481 0.171875 0.625 0.16927083333333334 0.65 0.16875 0.6842592592592592 0.184375 0.6814814814814815
3 0.3921875 0.7083333333333334 0.4 0.7083333333333334 0.39791666666666664 0.6907407407407408 0.3984375 0.6657407407407407 0.4005208333333333 0.6574074074074074 0.39947916666666666 0.6453703703703704 0.3958333333333333 0.6370370370370371 0.3921875 0.6351851851851852 0.3859375 0.649074074074074 0.3854166666666667 0.6574074074074074 0.3921875 0.7083333333333334
5 0.49375 0.6268518518518519 0.5 0.612037037037037 0.5010416666666667 0.5907407407407408 0.49947916666666664 0.5805555555555556 0.4953125 0.5796296296296296 0.4901041666666667 0.5916666666666667 0.49114583333333334 0.6222222222222222 0.49375 0.6268518518518519
4 0.228125 0.6481481481481481 0.24010416666666667 0.6472222222222223 0.24114583333333334 0.6398148148148148 0.23697916666666666 0.6240740740740741 0.23854166666666668 0.5953703703703703 0.23177083333333334 0.5916666666666667 0.22760416666666666 0.6046296296296296 0.225 0.6453703703703704 0.228125 0.6481481481481481
4 0.11875 0.7048944444444444 0.11927083333333334 0.7388888888888889 0.12395833333333334 0.7425925925925926 0.12708333333333333 0.7398148148148148 0.1328125 0.7 0.13072916666666667 0.6805555555555556 0.1265625 0.6703703703703704 0.12239583333333333 0.6722222222222223 0.11614583333333334 0.6907407407407408 0.11875 0.7048944444444444
5 0.28802083333333334 0.6675925925925926 0.2942708333333333 0.6675925925925926 0.296875 0.6620370370370371 0.29635416666666664 0.6074074074074074 0.29010416666666666 0.6055555555555555 0.28541666666666665 0.6157407407407407 0.28489583333333335 0.6620370370370371 0.28802083333333334 0.6675925925925926
5 0.4192708333333333 0.6935185185185185 0.4203125 0.712037037037037 0.42552083333333335 0.7138888888888889 0.4276041666666667 0.7101851851851851 0.42604166666666665 0.687037037037037 0.428125 0.6601851851851852 0.4234375 0.6481481481481481 0.4192708333333333 0.6481481481481481 0.41510416666666666 0.6583333333333333 0.41458333333333336 0.6675925925925926 0.4192708333333333 0.6935185185185185
3 0.12083333333333333 0.5675925925925925 0.12708333333333333 0.5675925925925925 0.13020833333333334 0.5638888888888889 0.1265625 0.549074074074074 0.12552083333333333 0.5333333333333333 0.11927083333333334 0.5287037037037037 0.11614583333333334 0.5351851851851852 0.1171875 0.5638888888888889 0.12083333333333333 0.5675925925925925
5 0.05260416666666667 0.7361111111111112 0.05260416666666667 0.7453703703703703 0.05625 0.7462962962962963 0.06145833333333333 0.7398148148148148 0.0671875 0.75 0.07083333333333333 0.7490740740740741 0.06666666666666667 0.725925925925926 0.06927083333333334 0.700925925925926 0.06458333333333334 0.6796296296296296 0.06145833333333333 0.6814814814814815 0.0546875 0.700925925925926 0.0578125 0.7212962962962963 0.05260416666666667 0.7361111111111112
5 0.4375 0.8018518518518518 0.4375 0.8277777777777777 0.4390625 0.8333333333333334 0.4432291666666667 0.8342592592592593 0.4453125 0.8064814814814815 0.45 0.7870370370370371 0.44583333333333336 0.7472222222222222 0.4421875 0.7444444444444445 0.4390625 0.7481481481481481 0.4328125 0.7722222222222223 0.4322916666666667 0.7842592592592592 0.4375 0.8018518518518518
4 0.5020833333333333 0.8592592592592593 0.5010416666666667 0.8907407407407407 0.5041666666666667 0.8953703703703704 0.5078125 0.8953703703703704 0.5109375 0.8916666666666667 0.5114583333333333 0.8787037037037037 0.5182291666666666 0.8453703703703703 0.5177083333333333 0.8157407407407408 0.5140625 0.8064814814814815 0.5135416666666667 0.7972222222222223 0.509375 0.7953703703703704 0.5072916666666667 0.799074074074074 0.5 0.8240740740740741 0.49895833333333334 0.8416666666666667 0.5020833333333333 0.8592592592592593
3 0.25 0.5537037037037037 0.25416666666666665 0.5546296296296296 0.2557291666666667 0.5527777777777778 0.25729166666666664 0.5175925925925926 0.2520833333333333 0.5101851851851852 0.24739583333333334 0.5157407407407407 0.2484375 0.549074074074074 0.25 0.5537037037037037
4 0.9067708333333333 0.6342592592592593 0.9119791666666667 0.6453703703703704 0.915625 0.6453703703703704 0.91875 0.637962962962963 0.9177083333333333 0.6037037037037037 0.9135416666666667 0.5935185185185186 0.9078125 0.5925925925925926 0.90625 0.5953703703703703 0.9067708333333333 0.6342592592592593
5 0.08489583333333334 0.775 0.08958333333333333 0.7870370370370371 0.0953125 0.787962962962963 0.096875 0.7861111111111111 0.09583333333333334 0.774074074074074 0.1 0.7398148148148148 0.09791666666666667 0.712037037037037 0.09270833333333334 0.7129629629629629 0.08697916666666666 0.7435185185185185 0.08854166666666667 0.7611111111111111 0.08489583333333334 0.775
5 0.684375 0.7296296296296296 0.6864583333333333 0.7351851851851852 0.6916666666666667 0.7324074074074074 0.6942708333333333 0.725 0.6911458333333333 0.712037037037037 0.6953125 0.6861111111111111 0.6895833333333333 0.6675925925925926 0.6848958333333334 0.6694444444444444 0.6828125 0.687037037037037 0.684375 0.7296296296296296
4 0.9348958333333334 0.8212962962962963 0.9395833333333333 0.8064814814814815 0.9473958333333333 0.812037037037037 0.95 0.8203703703703704 0.9546875 0.8212962962962963 0.9572916666666667 0.8009259259259259 0.95625 0.7490740740740741 0.9515625 0.7342592592592593 0.9432291666666667 0.7472222222222222 0.9390625 0.7842592592592592 0.93125 0.8101851851851852 0.93125 0.8166666666666667 0.9348958333333334 0.8212962962962963
0 0.9114583333333334 0.6453703703703704 0.915625 0.6453703703703704 0.9171875 0.6416666666666667 0.915625 0.6314814814814815 0.9109375 0.6296296296296297 0.9072916666666667 0.6324074074074074 0.9072916666666667 0.637962962962963 0.9114583333333334 0.6453703703703704