5 0.6520833333333333 0.7453703703703703 0.6557291666666667 0.7453703703703703 0.6583333333333333 0.7527777777777778 0.6625 0.7537037037037037 0.6567708333333333 0.7101851851851851 0.6536458333333334 0.7101851851851851 0.6463541666666667 0.7416666666666667 0.6463541666666667 0.7527777777777778 0.6520833333333333 0.7453703703703703
2 0.23333333333333334 0.7138888888888889 0.23697916666666666 0.7157407407407408 0.2421875 0.712037037037037 0.24427083333333333 0.6842592592592592 0.240625 0.6787037037037037 0.23229166666666667 0.6805555555555556 0.23125 0.6898148148148148 0.23333333333333334 0.7138888888888889
4 0.9 0.6962962962962963 0.9078125 0.6962962962962963 0.909375 0.6851851851851852 0.9072916666666667 0.6537037037037037 0.9020833333333333 0.6527777777777778 0.8994791666666667 0.6620370370370371 0.8973958333333333 0.6925925925925925 0.9 0.6962962962962963
4 0.6432291666666666 0.7166666666666667 0.6479166666666667 0.7092592592592593 0.6484375 0.6685185185185185 0.6463541666666667 0.6657407407407407 0.6421875 0.6675925925925926 0.6395833333333333 0.6805555555555556 0.6385416666666667 0.7129629629629629 0.6432291666666666 0.7166666666666667
5 0.8463541666666666 0.6925925925925925 0.8572916666666667 0.7 0.8604166666666667 0.6768518518518518 0.8588541666666667 0.6537037037037037 0.8572916666666667 0.6509259259259259 0.8489583333333334 0.6537037037037037 0.846875 0.6712962962962963 0.8479166666666667 0.6851851851851852 0.8463541666666666 0.6925925925925925
3 0.5135416666666667 0.6342592592592593 0.515625 0.6101851851851852 0.5140625 0.5990740740740741 0.5078125 0.600925925925926 0.5057291666666667 0.6185185185185185 0.5052083333333334 0.6259259259259259 0.5135416666666667 0.6342592592592593
5 0.4119791666666667 0.7898148148148149 0.415625 0.7944444444444444 0.4171875 0.7907407407407407 0.421875 0.7907407407407407 0.42291666666666666 0.7953703703703704 0.4276041666666667 0.7944444444444444 0.425 0.7691361111111111 0.42604166666666665 0.7574074074074074 0.42864583333333334 0.7555555555555555 0.42864583333333334 0.7518518518518519 0.4270833333333333 0.7509259259259259 0.425 0.7333333333333333 0.42083333333333334 0.7351851851851852 0.41770833333333335 0.7425925925925926 0.41458333333333336 0.7611111111111111 0.4161458333333333 0.774074074074074 0.4119791666666667 0.7898148148148149
5 0.79375 0.7481481481481481 0.8067708333333333 0.7555555555555555 0.8083333333333333 0.7518518518518519 0.80625 0.7083333333333334 0.7989583333333333 0.7074074074074074 0.7973958333333333 0.7166666666666667 0.7973958333333333 0.7333333333333333 0.79375 0.7481481481481481
4 0.7963541666666667 0.712037037037037 0.7984375 0.7148148148148148 0.80625 0.7138888888888889 0.8078125 0.7074074074074074 0.80625 0.6824074074074075 0.8015625 0.6759259259259259 0.7958333333333333 0.6888888888888889 0.7947916666666667 0.7018518518518518 0.7963541666666667 0.712037037037037
4 0.8802083333333334 0.837037037037037 0.8817708333333333 0.8148148148148148 0.8770833333333333 0.7675925925925926 0.8729166666666667 0.7694444444444445 0.86875 0.7898148148148149 0.8682291666666667 0.8342592592592593 0.8802083333333334 0.837037037037037
5 0.6223958333333334 0.6777777777777778 0.6192708333333333 0.637962962962963 0.6151041666666667 0.6361111111111111 0.6125 0.6388888888888888 0.609375 0.6657407407407407 0.6104166666666667 0.6759259259259259 0.6223958333333334 0.6777777777777778
5 0.5958333333333333 0.7129629629629629 0.59375 0.6675925925925926 0.5911458333333334 0.6638888888888889 0.5869791666666667 0.675 0.58125 0.7083333333333334 0.5958333333333333 0.7129629629629629
5 0.4203125 0.6768518518518518 0.4270833333333333 0.6805555555555556 0.4348958333333333 0.6731481481481482 0.43072916666666666 0.6509259259259259 0.43125 0.6361111111111111 0.4276041666666667 0.6324074074074074 0.42239583333333336 0.6509259259259259 0.4192708333333333 0.6731481481481482 0.4203125 0.6768518518518518
5 0.4010416666666667 0.7305555555555555 0.4083333333333333 0.7287037037037037 0.403125 0.7092592592592593 0.40208333333333335 0.6814814814814815 0.4 0.6805555555555556 0.3963541666666667 0.6888888888888889 0.3921875 0.7157407407407408 0.3921875 0.7212962962962963 0.4010416666666667 0.7305555555555555
4 0.8255208333333334 0.7601851851851852 0.8296875 0.7611111111111111 0.8328125 0.7527777777777778 0.8333333333333334 0.7129629629629629 0.8296875 0.7027777777777777 0.8260416666666667 0.7046296296296296 0.8255208333333334 0.7083333333333334 0.8239583333333333 0.7490740740740741 0.8255208333333334 0.7601851851851852
3 0.44479166666666664 0.6916666666666667 0.44479166666666664 0.7175925925925926 0.4510416666666667 0.7203703703703703 0.45416666666666666 0.7138888888888889 0.4515625 0.7046296296296296 0.453125 0.675 0.44895833333333335 0.6648148148148149 0.44479166666666664 0.6648148148148149 0.4401041666666667 0.6731481481481482 0.44479166666666664 0.6916666666666667
5 0.9796875 0.7574074074074074 0.9869791666666666 0.762962962962963 0.9890625 0.7583333333333333 0.9838541666666667 0.7092592592592593 0.9822916666666667 0.7064814814814815 0.9791666666666666 0.7083333333333334 0.975 0.7212962962962963 0.9739583333333334 0.7592592592592593 0.9796875 0.7574074074074074
5 0.6619791666666667 0.8138888888888889 0.6625 0.8064814814814815 0.6661458333333333 0.8009259259259259 0.6708333333333333 0.8055555555555556 0.6734375 0.8166666666666667 0.6776041666666667 0.8175925925925925 0.6786458333333333 0.812962962962963 0.6729166666666667 0.7555555555555555 0.6697916666666667 0.7509259259259259 0.6677083333333333 0.7527777777777778 0.6640625 0.7666666666666667 0.6557291666666667 0.8101851851851852 0.6619791666666667 0.8138888888888889
4 0.38697916666666665 0.7657407407407407 0.3963541666666667 0.774074074074074 0.39895833333333336 0.7703703703703704 0.39791666666666664 0.7518518518518519 0.39947916666666666 0.7379629629629629 0.4036458333333333 0.7314814814814815 0.4036458333333333 0.7203703703703703 0.39791666666666664 0.7157407407407408 0.3921875 0.7194444444444444 0.3875 0.7416666666666667 0.3890625 0.75 0.38697916666666665 0.7657407407407407
4 0.3260416666666667 0.7166666666666667 0.3223958333333333 0.6962962962962963 0.321875 0.6685185185185185 0.3182291666666667 0.662962962962963 0.31197916666666664 0.687962962962963 0.3098958333333333 0.7175925925925926 0.3260416666666667 0.7166666666666667