3 0.5255208333333333 0.6657407407407407 0.5260416666666666 0.6527777777777778 0.5302083333333333 0.637962962962963 0.5302083333333333 0.6259259259259259 0.5276041666666667 0.6148148148148148 0.5197916666666667 0.6138888888888889 0.5125 0.6314814814814815 0.5119791666666667 0.6416666666666667 0.5182291666666666 0.6527777777777778 0.5192708333333333 0.6657407407407407 0.5255208333333333 0.6657407407407407
4 0.18697916666666667 0.6703703703703704 0.19114583333333332 0.6305555555555555 0.18541666666666667 0.6148148148148148 0.18125 0.6185185185185185 0.17760416666666667 0.6333333333333333 0.178125 0.6388888888888888 0.175 0.6462962962962963 0.17447916666666666 0.6537037037037037 0.17604166666666668 0.6537037037037037 0.17864583333333334 0.6657407407407407 0.18697916666666667 0.6703703703703704
4 0.3494791666666667 0.6037037037037037 0.3494791666666667 0.5675925925925925 0.34427083333333336 0.5675925925925925 0.34010416666666665 0.5777777777777777 0.3385416666666667 0.5916666666666667 0.3411458333333333 0.6027777777777777 0.3453125 0.6064814814814815 0.3494791666666667 0.6037037037037037
5 0.27395833333333336 0.6620370370370371 0.271875 0.6416666666666667 0.2671875 0.6407407407407407 0.2625 0.6537037037037037 0.265625 0.6925925925925925 0.2671875 0.6962962962962963 0.2713541666666667 0.6962962962962963 0.27395833333333336 0.6620370370370371
4 0.696875 0.6398148148148148 0.6989583333333333 0.6361111111111111 0.696875 0.5990740740740741 0.6932291666666667 0.5944444444444444 0.6885416666666667 0.5962962962962963 0.6854166666666667 0.6185185185185185 0.6864583333333333 0.6333333333333333 0.6885416666666667 0.6388888888888888 0.696875 0.6398148148148148
3 0.6302083333333334 0.6185185185185185 0.6328125 0.6129629629629629 0.6541666666666667 0.6111111111111112 0.6552083333333333 0.5944444444444444 0.6520833333333333 0.5898148148148148 0.65 0.575925925925926 0.6223958333333334 0.5731481481481482 0.609375 0.5740740740740741 0.6057291666666667 0.5777777777777777 0.6072916666666667 0.6037037037037037 0.6151041666666667 0.6111111111111112 0.6166666666666667 0.6092592592592593 0.6302083333333334 0.6185185185185185
4 0.7130208333333333 0.6805555555555556 0.7151041666666667 0.6518518518518519 0.7088541666666667 0.6361111111111111 0.70625 0.637962962962963 0.7046875 0.6453703703703704 0.7046875 0.6944444444444444 0.7088541666666667 0.6981481481481482 0.7151041666666667 0.6888888888888889 0.7130208333333333 0.6805555555555556
4 0.7270833333333333 0.6694444444444444 0.7260416666666667 0.6527777777777778 0.7239583333333334 0.6425925925925926 0.7192708333333333 0.6425925925925926 0.7177083333333333 0.6518518518518519 0.7182291666666667 0.6962962962962963 0.7244791666666667 0.7 0.7270833333333333 0.6694444444444444
5 0.7265625 0.6481481481481481 0.7291666666666666 0.6574074074074074 0.728125 0.6657407407407407 0.7380208333333333 0.6703703703703704 0.7401041666666667 0.6694444444444444 0.7432291666666667 0.637962962962963 0.7401041666666667 0.6231481481481481 0.7348958333333333 0.6194444444444445 0.7296875 0.6425925925925926 0.7192708333333333 0.6425925925925926 0.7213541666666666 0.6481481481481481 0.7265625 0.6481481481481481
4 0.021354166666666667 0.6805555555555556 0.025 0.6675925925925926 0.022916666666666665 0.6305555555555555 0.021354166666666667 0.6259259259259259 0.0171875 0.6268518518518519 0.013020833333333334 0.6342592592592593 0.013541666666666667 0.6833333333333333 0.016666666666666666 0.6851851851851852 0.021354166666666667 0.6805555555555556
5 0.3463541666666667 0.6083333333333333 0.3494791666666667 0.6037037037037037 0.34791666666666665 0.5898148148148148 0.340625 0.5851851851851851 0.3375 0.5898148148148148 0.33697916666666666 0.5972222222222222 0.3385416666666667 0.6231481481481481 0.340625 0.6268518518518519 0.34375 0.6259259259259259 0.3463541666666667 0.6083333333333333
5 0.23802083333333332 0.6194444444444445 0.24010416666666667 0.6027777777777777 0.24010416666666667 0.5851851851851851 0.2359375 0.5814814814814815 0.2296875 0.5916666666666667 0.23177083333333334 0.6194444444444445 0.23541666666666666 0.6231481481481481 0.23802083333333332 0.6194444444444445
5 0.2234375 0.5925925925925926 0.2203125 0.5981481481481481 0.21979166666666666 0.6129629629629629 0.22447916666666667 0.6148148148148148 0.22552083333333334 0.5944444444444444 0.2234375 0.5925925925925926
5 0.7244791666666667 0.6953703703703704 0.71875 0.6944444444444444 0.7171875 0.6962962962962963 0.71875 0.7 0.725 0.7 0.7244791666666667 0.6953703703703704
5 0.6942708333333333 0.7287037037037037 0.6927083333333334 0.6972222222222222 0.6895833333333333 0.6851851851851852 0.6880208333333333 0.6861111111111111 0.6880208333333333 0.7240740740740741 0.6890625 0.7314814814814815 0.6927083333333334 0.7333333333333333 0.6942708333333333 0.7287037037037037
5 0.4708333333333333 0.6777777777777778 0.4739583333333333 0.65 0.4708333333333333 0.6425925925925926 0.4708333333333333 0.6361111111111111 0.465625 0.6342592592592593 0.4630208333333333 0.637962962962963 0.4640625 0.6462962962962963 0.4609375 0.675 0.46197916666666666 0.6777777777777778 0.4708333333333333 0.6777777777777778
5 0.7109375 0.7268518518518519 0.7072916666666667 0.700925925925926 0.7130208333333333 0.7018518518518518 0.7151041666666667 0.6972222222222222 0.7125 0.6907407407407408 0.7104166666666667 0.6953703703703704 0.7072916666666667 0.6953703703703704 0.7052083333333333 0.6888888888888889 0.703125 0.6962962962962963 0.7041666666666667 0.7175925925925926 0.7010416666666667 0.7287037037037037 0.7088541666666667 0.7314814814814815 0.7109375 0.7268518518518519
5 0.3151041666666667 0.6731481481481482 0.3140625 0.65 0.315625 0.6296296296296297 0.3140625 0.6222222222222222 0.3098958333333333 0.6194444444444445 0.30625 0.6305555555555555 0.30572916666666666 0.6444444444444445 0.30833333333333335 0.6574074074074074 0.3072916666666667 0.6703703703703704 0.3151041666666667 0.6731481481481482
4 0.47291666666666665 0.6324074074074074 0.4708333333333333 0.6157407407407407 0.4671875 0.6083333333333333 0.46145833333333336 0.6111111111111112 0.45989583333333334 0.625 0.46145833333333336 0.6314814814814815 0.4703125 0.637962962962963 0.47291666666666665 0.6324074074074074
4 0.5671875 0.7240740740740741 0.5630208333333333 0.700925925925926 0.5578125 0.700925925925926 0.553125 0.7185185185185186 0.55 0.7675925925925926 0.5526041666666667 0.7722222222222223 0.5640625 0.7722222222222223 0.5671875 0.7240740740740741
4 0.15520833333333334 0.7620370370370371 0.1578125 0.7592592592592593 0.15989583333333332 0.7453703703703703 0.16197916666666667 0.7083333333333334 0.15364583333333334 0.6916666666666667 0.14479166666666668 0.7092592592592593 0.14479166666666668 0.7175925925925926 0.14947916666666666 0.7361111111111112 0.15 0.7592592592592593 0.15520833333333334 0.7620370370370371
4 0.303125 0.6240740740740741 0.30520833333333336 0.6194444444444445 0.3067708333333333 0.600925925925926 0.30625 0.5824074074074074 0.3015625 0.575925925925926 0.2947916666666667 0.575 0.2942708333333333 0.5879629629629629 0.29791666666666666 0.5953703703703703 0.2984375 0.6203703703703703 0.303125 0.6240740740740741