5 0.18645833333333334 0.5953703703703703 0.18802083333333333 0.5703703703703704 0.1859375 0.5611111111111111 0.18125 0.5611111111111111 0.178125 0.5722222222222222 0.17760416666666667 0.5953703703703703 0.17916666666666667 0.6027777777777777 0.18177083333333333 0.6046296296296296 0.18645833333333334 0.5953703703703703
4 0.5192708333333333 0.5601851851851852 0.5177083333333333 0.5574074074074075 0.5135416666666667 0.5592592592592592 0.5098958333333333 0.5740740740740741 0.509375 0.5953703703703703 0.5182291666666666 0.5990740740740741 0.5208333333333334 0.575925925925926 0.5192708333333333 0.5601851851851852
3 0.5911458333333334 0.649074074074074 0.6 0.6592592592592592 0.6 0.6129629629629629 0.5979166666666667 0.6027777777777777 0.5947916666666667 0.6018518518518519 0.5901041666666667 0.6138888888888889 0.590625 0.6324074074074074 0.5854166666666667 0.6537037037037037 0.5885416666666666 0.6574074074074074 0.5911458333333334 0.649074074074074
4 0.7869791666666667 0.6342592592592593 0.7875 0.6212962962962963 0.7828125 0.6101851851851852 0.7791666666666667 0.612037037037037 0.7734375 0.6240740740740741 0.7734375 0.6435185185185185 0.7703125 0.6592592592592592 0.7791666666666667 0.6611111111111111 0.7869791666666667 0.6342592592592593
4 0.5713541666666667 0.6888888888888889 0.5713541666666667 0.6712962962962963 0.5739583333333333 0.6546296296296297 0.5682291666666667 0.6370370370370371 0.5640625 0.6370370370370371 0.5604166666666667 0.6601851851851852 0.5526041666666667 0.6675925925925926 0.5526041666666667 0.6787037037037037 0.5578125 0.6851851851851852 0.5671875 0.6907407407407408 0.5713541666666667 0.6888888888888889
4 0.2984375 0.5805555555555556 0.2947916666666667 0.5805555555555556 0.2911458333333333 0.6064814814814815 0.290625 0.6268518518518519 0.3020833333333333 0.6296296296296297 0.30364583333333334 0.6231481481481481 0.2984375 0.5805555555555556
4 0.1140625 0.6703703703703704 0.11979166666666667 0.6703703703703704 0.12239583333333333 0.6657407407407407 0.12135416666666667 0.6472222222222223 0.1265625 0.6425925925925926 0.12552083333333333 0.6287037037037037 0.11875 0.6092592592592593 0.115625 0.6111111111111112 0.11145833333333334 0.6222222222222222 0.10885416666666667 0.6398148148148148 0.1125 0.6481481481481481 0.109375 0.6657407407407407 0.1140625 0.6703703703703704
5 0.7713541666666667 0.6175925925925926 0.7765625 0.5898148148148148 0.7723958333333333 0.575 0.765625 0.5768518518518518 0.7640625 0.5916666666666667 0.7661458333333333 0.6129629629629629 0.7671875 0.6166666666666667 0.7713541666666667 0.6175925925925926
5 0.4244791666666667 0.5675925925925925 0.4197916666666667 0.5472222222222223 0.415625 0.5555555555555556 0.41510416666666666 0.5842592592592593 0.415625 0.5879629629629629 0.4197916666666667 0.5888888888888889 0.4244791666666667 0.5675925925925925
4 0.3651041666666667 0.6833333333333333 0.36666666666666664 0.6731481481481482 0.3645833333333333 0.662962962962963 0.36770833333333336 0.6537037037037037 0.365625 0.6398148148148148 0.3572916666666667 0.6212962962962963 0.3536458333333333 0.637962962962963 0.35104166666666664 0.6805555555555556 0.35520833333333335 0.6814814814814815 0.3609375 0.6768518518518518 0.3651041666666667 0.6833333333333333
5 0.621875 0.6638888888888889 0.6229166666666667 0.6231481481481481 0.6192708333333333 0.6129629629629629 0.6151041666666667 0.6111111111111112 0.6135416666666667 0.6148148148148148 0.6109375 0.6324074074074074 0.6166666666666667 0.6638888888888889 0.6192708333333333 0.6675925925925926 0.621875 0.6638888888888889
4 0.8807291666666667 0.6768518518518518 0.8848958333333333 0.6518518518518519 0.884375 0.6407407407407407 0.8802083333333334 0.6296296296296297 0.8760416666666667 0.6277777777777778 0.8708333333333333 0.6416666666666667 0.871875 0.6601851851851852 0.86875 0.6805555555555556 0.8770833333333333 0.6851851851851852 0.8807291666666667 0.6768518518518518
5 0.0921875 0.674074074074074 0.09166666666666666 0.6574074074074074 0.0953125 0.6425925925925926 0.09322916666666667 0.6185185185185185 0.09166666666666666 0.6157407407407407 0.08854166666666667 0.6175925925925926 0.08333333333333333 0.6333333333333333 0.08333333333333333 0.6583333333333333 0.08125 0.6703703703703704 0.09010416666666667 0.6759259259259259 0.0921875 0.674074074074074
4 0.86875 0.7861111111111111 0.8729166666666667 0.7722222222222223 0.8744791666666667 0.7509259259259259 0.8796875 0.7435185185185185 0.8796875 0.7361111111111112 0.8677083333333333 0.7157407407407408 0.8567708333333334 0.7398148148148148 0.8609375 0.7435185185185185 0.8609375 0.7481481481481481 0.8552083333333333 0.7796296296296297 0.86875 0.7861111111111111
5 0.3546875 0.6212962962962963 0.3578125 0.625 0.3619791666666667 0.6092592592592593 0.36354166666666665 0.5861111111111111 0.3609375 0.575925925925926 0.3567708333333333 0.5777777777777777 0.353125 0.5898148148148148 0.353125 0.6027777777777777 0.35520833333333335 0.6101851851851852 0.3546875 0.6212962962962963
4 0.3338541666666667 0.762962962962963 0.33697916666666666 0.7601851851851852 0.3390625 0.7509259259259259 0.3390625 0.7111111111111111 0.3328125 0.6944444444444444 0.32916666666666666 0.6925925925925925 0.3255208333333333 0.7018518518518518 0.32135416666666666 0.7296296296296296 0.31927083333333334 0.7555555555555555 0.3223958333333333 0.7583333333333333 0.32447916666666665 0.7546296296296297 0.3338541666666667 0.762962962962963
5 0.8447916666666667 0.6777777777777778 0.8510416666666667 0.6777777777777778 0.8489583333333334 0.6564814814814814 0.8541666666666666 0.6416666666666667 0.853125 0.6314814814814815 0.8489583333333334 0.6203703703703703 0.8453125 0.6203703703703703 0.8390625 0.6425925925925926 0.8385416666666666 0.649074074074074 0.8411458333333334 0.6518518518518519 0.8390625 0.6731481481481482 0.8447916666666667 0.6777777777777778
3 0.3098958333333333 0.5518518518518518 0.30885416666666665 0.5305555555555556 0.30364583333333334 0.525 0.3 0.5287037037037037 0.2989583333333333 0.5518518518518518 0.3020833333333333 0.5601851851851852 0.30625 0.5601851851851852 0.3098958333333333 0.5518518518518518
5 0.3260416666666667 0.687962962962963 0.32864583333333336 0.6824074074074075 0.32864583333333336 0.6648148148148149 0.33229166666666665 0.65 0.3229166666666667 0.6324074074074074 0.315625 0.6425925925925926 0.31354166666666666 0.6537037037037037 0.31875 0.6657407407407407 0.31927083333333334 0.6851851851851852 0.3260416666666667 0.687962962962963
2 0.008333333333333333 0.65 0.013020833333333334 0.649074074074074 0.015625 0.6453703703703704 0.0140625 0.6333333333333333 0.016145833333333335 0.6157407407407407 0.013541666666666667 0.5916666666666667 0.009375 0.5888888888888889 0.0036458333333333334 0.6083333333333333 0.003125 0.6231481481481481 0.005208333333333333 0.6305555555555555 0.0036458333333333334 0.6435185185185185 0.008333333333333333 0.65
5 0.1578125 0.7805555555555556 0.159375 0.7787037037037037 0.1578125 0.7592592592592593 0.15520833333333334 0.7518518518518519 0.15625 0.7472222222222222 0.1515625 0.7361111111111112 0.15208333333333332 0.7148148148148148 0.14739583333333334 0.7148148148148148 0.1421875 0.7305555555555555 0.1390625 0.7481481481481481 0.14791666666666667 0.7611111111111111 0.14583333333333334 0.7796296296296297 0.1578125 0.7805555555555556
5 0.8296875 0.7944444444444444 0.8411458333333334 0.7861111111111111 0.8479166666666667 0.7962962962962963 0.8489583333333334 0.8064814814814815 0.8536458333333333 0.8083333333333333 0.8515625 0.7824074074074074 0.8489583333333334 0.7787037037037037 0.846875 0.7666666666666667 0.8479166666666667 0.762962962962963 0.8541666666666666 0.7620370370370371 0.8479166666666667 0.737037037037037 0.8442708333333333 0.7351851851851852 0.8348958333333333 0.7555555555555555 0.8369791666666667 0.762962962962963 0.8369791666666667 0.7768518518518519 0.8291666666666667 0.7907407407407407 0.8296875 0.7944444444444444
5 0.8046875 0.5907407407407408 0.7984375 0.5796296296296296 0.7947916666666667 0.5861111111111111 0.7947916666666667 0.625 0.7989583333333333 0.6287037037037037 0.8015625 0.625 0.8046875 0.5907407407407408