5 0.7864583333333334 0.5861111111111111 0.7848958333333333 0.6027777777777777 0.7973958333333333 0.6027777777777777 0.7989583333333333 0.5972222222222222 0.7958333333333333 0.562037037037037 0.790625 0.549074074074074 0.7864583333333334 0.5472222222222223 0.7848958333333333 0.5518518518518518 0.784375 0.575925925925926 0.7864583333333334 0.5861111111111111
4 0.3619791666666667 0.6166666666666667 0.3645833333333333 0.6302472222222223 0.3645833333333333 0.6453703703703704 0.36875 0.6462962962962963 0.37083333333333335 0.6212962962962963 0.3770833333333333 0.6111111111111112 0.3723958333333333 0.5842592592592593 0.3697916666666667 0.5796296296296296 0.36666666666666664 0.5814814814814815 0.35885416666666664 0.6046296296296296 0.3578125 0.612037037037037 0.3619791666666667 0.6166666666666667
5 0.7171875 0.5675925925925925 0.7125 0.5203703703703704 0.7083333333333334 0.5222222222222223 0.7036458333333333 0.5555555555555556 0.7036458333333333 0.5675925925925925 0.7171875 0.5675925925925925
4 0.93125 0.7240740740740741 0.9354166666666667 0.7342592592592593 0.9354166666666667 0.7435185185185185 0.9390625 0.7462962962962963 0.9416666666666667 0.7398148148148148 0.9421875 0.7194444444444444 0.9473958333333333 0.7083333333333334 0.9473958333333333 0.6861111111111111 0.9421875 0.6657407407407407 0.9385416666666667 0.6657407407407407 0.9380208333333333 0.674074074074074 0.9348958333333334 0.6768518518518518 0.9322916666666666 0.6888888888888889 0.9296875 0.7037037037037037 0.93125 0.7240740740740741
4 0.53125 0.5953703703703703 0.540625 0.5916666666666667 0.5385416666666667 0.5768518518518518 0.5411458333333333 0.5592592592592592 0.5385416666666667 0.55 0.53125 0.5398148148148149 0.5291666666666667 0.5425925925925926 0.528125 0.5546296296296296 0.5265625 0.5916666666666667 0.53125 0.5953703703703703
5 0.5416666666666666 0.5638888888888889 0.5494791666666666 0.5638888888888889 0.5489583333333333 0.5166666666666667 0.5447916666666667 0.5148148148148148 0.540625 0.5277777777777778 0.5401041666666667 0.5601851851851852 0.5416666666666666 0.5638888888888889
5 0.6838541666666667 0.6148148148148148 0.6890625 0.6175925925925926 0.6921875 0.612037037037037 0.690625 0.5935185185185186 0.6916666666666667 0.5648148148148148 0.6895833333333333 0.5592592592592592 0.6848958333333334 0.5601851851851852 0.6828125 0.600925925925926 0.6838541666666667 0.6148148148148148
4 0.39479166666666665 0.5888888888888889 0.4 0.5916666666666667 0.40260416666666665 0.5777777777777777 0.4041666666666667 0.5444444444444444 0.4005208333333333 0.5333333333333333 0.3958333333333333 0.5388888888888889 0.39427083333333335 0.5444444444444444 0.39479166666666665 0.5888888888888889
3 0.42135416666666664 0.5796296296296296 0.4197916666666667 0.5953703703703703 0.4244791666666667 0.6037037037037037 0.42864583333333334 0.6055555555555555 0.43072916666666666 0.6027777777777777 0.42864583333333334 0.5925925925925926 0.4296875 0.5861111111111111 0.4359375 0.5805555555555556 0.43645833333333334 0.5361111111111111 0.4296875 0.5268518518518519 0.4244791666666667 0.5388888888888889 0.4197916666666667 0.5777777777777777 0.42135416666666664 0.5796296296296296
4 0.5135416666666667 0.5305555555555556 0.5182291666666666 0.5351851851851852 0.5203125 0.5333333333333333 0.521875 0.5157407407407407 0.5213541666666667 0.4981481481481482 0.5171875 0.49074074074074076 0.5130208333333334 0.49444444444444446 0.5109375 0.5046296296296297 0.5135416666666667 0.5305555555555556
4 0.5963541666666666 0.5953703703703703 0.5984375 0.5796296296296296 0.5984375 0.55 0.5958333333333333 0.5361111111111111 0.5932291666666667 0.537962962962963 0.590625 0.549074074074074 0.5901041666666667 0.5944444444444444 0.5963541666666666 0.5953703703703703
5 0.8739583333333333 0.6611111111111111 0.8723958333333334 0.6694444444444444 0.8776041666666666 0.6712962962962963 0.8802083333333334 0.6657407407407407 0.8817708333333333 0.6268518518518519 0.8786458333333333 0.6101851851851852 0.8770833333333333 0.6074074074074074 0.8729166666666667 0.6101851851851852 0.8713541666666667 0.65 0.8739583333333333 0.6611111111111111
5 0.7317708333333334 0.587037037037037 0.7359375 0.5898148148148148 0.7401041666666667 0.562037037037037 0.7401041666666667 0.5425925925925926 0.7348958333333333 0.5324074074074074 0.7307291666666667 0.5444444444444444 0.7296875 0.575925925925926 0.7317708333333334 0.587037037037037
5 0.8166666666666667 0.6212962962962963 0.8192708333333333 0.6185185185185185 0.8166666666666667 0.5958333333333333 0.8166666666666667 0.5712962962962963 0.8140625 0.5611111111111111 0.8098958333333334 0.562962962962963 0.8098958333333334 0.6194444444444445 0.8166666666666667 0.6212962962962963
3 0.3046875 0.5203703703703704 0.3104166666666667 0.5222222222222223 0.3145833333333333 0.49907407407407406 0.3145833333333333 0.48148148148148145 0.3109375 0.4777777777777778 0.30416666666666664 0.48055555555555557 0.303125 0.5055555555555555 0.3046875 0.5203703703703704
3 0.28854166666666664 0.525 0.2916666666666667 0.4888888888888889 0.2869791666666667 0.4824074074074074 0.28072916666666664 0.49074074074074076 0.2833333333333333 0.5203703703703704 0.28854166666666664 0.525
4 0.7192708333333333 0.6888888888888889 0.7208333333333333 0.6925925925925925 0.7260416666666667 0.6925925925925925 0.728125 0.7032407407407407 0.728125 0.7425925925925926 0.7317708333333334 0.7425925925925926 0.7348958333333333 0.7351851851851852 0.7390625 0.7407407407407407 0.7427083333333333 0.7379629629629629 0.7411458333333333 0.6962962962962963 0.7463541666666667 0.6925925925925925 0.7375 0.662962962962963 0.7322916666666667 0.6620370370370371 0.725 0.6814814814814815 0.7192708333333333 0.6888888888888889
5 0.7671875 0.6944444444444444 0.765625 0.6796296296296296 0.7666666666666667 0.6435185185185185 0.7635416666666667 0.6268518518518519 0.7588541666666667 0.6305555555555555 0.7557291666666667 0.6722222222222223 0.7557291666666667 0.6962962962962963 0.7671875 0.6944444444444444
5 0.4895833333333333 0.6166666666666667 0.49375 0.6305555555555555 0.4979166666666667 0.6314814814814815 0.5010416666666667 0.6268518518518519 0.5 0.6129629629629629 0.5036458333333333 0.5879629629629629 0.4979166666666667 0.5666666666666667 0.49166666666666664 0.5675925925925925 0.4895833333333333 0.5712962962962963 0.4869791666666667 0.5907407407407408 0.4895833333333333 0.6166666666666667
4 0.478125 0.6157407407407407 0.4895833333333333 0.6212962962962963 0.49166666666666664 0.5879629629629629 0.4901041666666667 0.562962962962963 0.4859375 0.562962962962963 0.4828125 0.575 0.4828125 0.600925925925926 0.478125 0.6157407407407407
4 0.7239583333333334 0.5787037037037037 0.7296875 0.5768518518518518 0.7328125 0.5370370370370371 0.728125 0.5231481481481481 0.7244791666666667 0.525 0.7213541666666666 0.5398148148148149 0.7213541666666666 0.575 0.7239583333333334 0.5787037037037037