4 0.7286458333333333 0.6305555555555555 0.7322916666666667 0.6305555555555555 0.7385416666666667 0.6 0.7385416666666667 0.5888888888888889 0.7359375 0.5814814814814815 0.7322916666666667 0.5796296296296296 0.7265625 0.5925925925925926 0.7270833333333333 0.6259259259259259 0.7286458333333333 0.6305555555555555
5 0.5875 0.6555555555555556 0.5916666666666667 0.6564814814814814 0.59375 0.6537037037037037 0.5984375 0.6268518518518519 0.5947916666666667 0.6111111111111112 0.590625 0.6111111111111112 0.5869791666666667 0.6268518518518519 0.5854166666666667 0.65 0.5875 0.6555555555555556
5 0.5020833333333333 0.6666666666666666 0.5140625 0.6388888888888888 0.5145833333333333 0.6259259259259259 0.509375 0.6203703703703703 0.5046875 0.6212962962962963 0.5010416666666667 0.6277777777777778 0.49947916666666664 0.6398148148148148 0.49947916666666664 0.6657407407407407 0.5020833333333333 0.6666666666666666
5 0.7151041666666667 0.6648148148148149 0.71875 0.6388888888888888 0.7177083333333333 0.6259259259259259 0.7119791666666667 0.6175925925925926 0.7052083333333333 0.6351851851851852 0.7041666666666667 0.6601851851851852 0.7151041666666667 0.6648148148148149
4 0.6223958333333334 0.6685185185185185 0.6302083333333334 0.6722222222222223 0.6338541666666667 0.6657407407407407 0.6359375 0.6296296296296297 0.6307291666666667 0.6166666666666667 0.6265625 0.6157407407407407 0.6239583333333333 0.6203703703703703 0.6213541666666667 0.637962962962963 0.6223958333333334 0.6685185185185185
4 0.4510416666666667 0.6731481481481482 0.45729166666666665 0.6592592592592592 0.46197916666666666 0.6305555555555555 0.46145833333333336 0.6185185185185185 0.4546875 0.6148148148148148 0.44895833333333335 0.6361111111111111 0.4484375 0.6712962962962963 0.4510416666666667 0.6731481481481482
5 0.5364583333333334 0.6305555555555555 0.5421875 0.6287037037037037 0.5484375 0.612037037037037 0.5484375 0.5907407407407408 0.5447916666666667 0.5879629629629629 0.5390625 0.5990740740740741 0.5348958333333333 0.6212962962962963 0.534375 0.6268518518518519 0.5364583333333334 0.6305555555555555
4 0.6932291666666667 0.6861111111111111 0.696875 0.6768518518518518 0.6994791666666667 0.6425925925925926 0.696875 0.6333333333333333 0.6927083333333334 0.6305555555555555 0.6885416666666667 0.6370370370370371 0.6869791666666667 0.6453703703703704 0.6854166666666667 0.675 0.6932291666666667 0.6861111111111111
5 0.42239583333333336 0.6185185185185185 0.4234375 0.6342592592592593 0.42916666666666664 0.6305555555555555 0.434375 0.6046296296296296 0.43125 0.5851851851851851 0.42604166666666665 0.5935185185185186 0.425 0.6101851851851852 0.42239583333333336 0.6185185185185185
4 0.4817708333333333 0.6259259259259259 0.48854166666666665 0.6 0.48802083333333335 0.5944444444444444 0.4822916666666667 0.5833333333333334 0.47760416666666666 0.587037037037037 0.4739583333333333 0.5990740740740741 0.471875 0.6268518518518519 0.4817708333333333 0.6259259259259259
4 0.5744791666666667 0.7231481481481481 0.5796875 0.7416666666666667 0.5864583333333333 0.7509259259259259 0.5921875 0.75 0.5932291666666667 0.7453703703703703 0.5880208333333333 0.7194444444444444 0.5885416666666666 0.7027777777777777 0.5833333333333334 0.6898148148148148 0.5796875 0.6898148148148148 0.5729166666666666 0.6981481481481482 0.5713541666666667 0.700925925925926 0.5744791666666667 0.7231481481481481
5 0.5135416666666667 0.6370370370370371 0.5166666666666667 0.6324074074074074 0.521875 0.6074074074074074 0.5213541666666667 0.5990740740740741 0.5182291666666666 0.5916666666666667 0.5135416666666667 0.5944444444444444 0.5104166666666666 0.6092592592592593 0.509375 0.6277777777777778 0.5135416666666667 0.6370370370370371
5 0.3416666666666667 0.6527777777777778 0.35572916666666665 0.6305555555555555 0.3572916666666667 0.6148148148148148 0.353125 0.6074074074074074 0.3494791666666667 0.6055555555555555 0.34739583333333335 0.6083333333333333 0.3416666666666667 0.6361111111111111 0.34010416666666665 0.649074074074074 0.3416666666666667 0.6527777777777778
5 0.5057291666666667 0.7138888888888889 0.509375 0.7342592592592593 0.5135416666666667 0.7305555555555555 0.51875 0.6944444444444444 0.515625 0.6722222222222223 0.5140625 0.6694444444444444 0.5109375 0.6712962962962963 0.5052083333333334 0.6851851851851852 0.5057291666666667 0.7138888888888889
2 0.4083333333333333 0.6361111111111111 0.4161458333333333 0.6277777777777778 0.41822916666666665 0.6185185185185185 0.41770833333333335 0.5962962962962963 0.4161458333333333 0.5888888888888889 0.4125 0.5851851851851851 0.40677083333333336 0.5907407407407408 0.40260416666666665 0.6268518518518519 0.4083333333333333 0.6361111111111111
4 0.6109375 0.6296296296296297 0.6145833333333334 0.6333333333333333 0.6208333333333333 0.6305555555555555 0.6276041666666666 0.6185185185185185 0.6229166666666667 0.5814814814814815 0.6166666666666667 0.5953703703703703 0.6109375 0.6259259259259259 0.6109375 0.6296296296296297
3 0.6104166666666667 0.6611111111111111 0.6125 0.6694444444444444 0.6109375 0.6833333333333333 0.6119791666666666 0.6972222222222222 0.615625 0.7 0.6182291666666667 0.6962962962962963 0.6171875 0.6805555555555556 0.621875 0.6703703703703704 0.6244791666666667 0.6509259259259259 0.621875 0.6370370370370371 0.6114583333333333 0.6305555555555555 0.6130208333333333 0.6444444444444445 0.6104166666666667 0.6611111111111111
3 0.6614583333333334 0.5648148148148148 0.6625 0.5675925925925925 0.6697916666666667 0.5675925925925925 0.671875 0.5361111111111111 0.665625 0.5296296296296297 0.6614583333333334 0.537962962962963 0.6598958333333333 0.5481481481481482 0.6614583333333334 0.5648148148148148
4 0.05416666666666667 0.7425925925925926 0.05520833333333333 0.7268518518518519 0.06041666666666667 0.7212962962962963 0.06302083333333333 0.7277777777777777 0.0640625 0.7407407407407407 0.06927083333333334 0.7435185185185185 0.07135416666666666 0.7398148148148148 0.06822916666666666 0.7314814814814815 0.0640625 0.7018518518518518 0.0671875 0.687962962962963 0.06666666666666667 0.6814814814814815 0.06145833333333333 0.6805555555555556 0.05260416666666667 0.7055555555555556 0.049479166666666664 0.7425925925925926 0.05416666666666667 0.7425925925925926
5 0.4390625 0.649074074074074 0.44479166666666664 0.637962962962963 0.4479166666666667 0.6074074074074074 0.4427083333333333 0.5972222222222222 0.4375 0.6101851851851852 0.4354166666666667 0.6444444444444445 0.4390625 0.649074074074074
5 0.4005208333333333 0.6666666666666666 0.4088541666666667 0.6416666666666667 0.41041666666666665 0.6277777777777778 0.4088541666666667 0.6222222222222222 0.4041666666666667 0.6222222222222222 0.39895833333333336 0.6287037037037037 0.39739583333333334 0.6620370370370371 0.4005208333333333 0.6666666666666666