4 0.7822916666666667 0.6842592592592592 0.7833333333333333 0.7083333333333334 0.7864583333333334 0.7129629629629629 0.790625 0.7129629629629629 0.7911458333333333 0.6944444444444444 0.7963541666666667 0.6851851851851852 0.7942708333333334 0.6657407407407407 0.7869791666666667 0.6537037037037037 0.7833333333333333 0.6546296296296297 0.7807291666666667 0.662962962962963 0.7791666666666667 0.674074074074074 0.7822916666666667 0.6842592592592592
4 0.7 0.7333333333333333 0.7067708333333333 0.7305555555555555 0.7151041666666667 0.7342592592592593 0.7166666666666667 0.7333333333333333 0.7166666666666667 0.7231481481481481 0.7130208333333333 0.6768518518518518 0.7088541666666667 0.6657407407407407 0.7052083333333333 0.6694444444444444 0.6979166666666666 0.7296296296296296 0.7 0.7333333333333333
4 0.16875 0.7037037037037037 0.17864583333333334 0.7046296296296296 0.18125 0.7018518518518518 0.178125 0.6722222222222223 0.17916666666666667 0.6583333333333333 0.17447916666666666 0.6462962962962963 0.16979166666666667 0.6462962962962963 0.16770833333333332 0.6555555555555556 0.165625 0.6694444444444444 0.16875 0.7037037037037037
4 0.3927083333333333 0.6601851851851852 0.4010416666666667 0.6212962962962963 0.39739583333333334 0.6083333333333333 0.3927083333333333 0.6064814814814815 0.3885416666666667 0.6222222222222222 0.3885416666666667 0.6574074074074074 0.3927083333333333 0.6601851851851852
5 0.40208333333333335 0.5953703703703703 0.40260416666666665 0.575925925925926 0.4005208333333333 0.5638888888888889 0.39479166666666665 0.5712962962962963 0.3880208333333333 0.5907407407407408 0.3885416666666667 0.5990740740740741 0.40208333333333335 0.5953703703703703
4 0.016666666666666666 0.7638888888888888 0.019791666666666666 0.7907407407407407 0.01875 0.799074074074074 0.025 0.8092592592592592 0.028645833333333332 0.8046296296296296 0.027604166666666666 0.7722222222222223 0.035416666666666666 0.7666666666666667 0.03333333333333333 0.7518518518518519 0.025 0.7277777777777777 0.021354166666666667 0.7277777777777777 0.013020833333333334 0.7518518518518519 0.0125 0.7592592592592593 0.016666666666666666 0.7638888888888888
4 0.2 0.6703703703703704 0.2046875 0.6731481481481482 0.2078125 0.662962962962963 0.21666666666666667 0.675 0.21875 0.6675925925925926 0.21458333333333332 0.625 0.2125 0.6157407407407407 0.209375 0.6138888888888889 0.20677083333333332 0.6222222222222222 0.2046875 0.6481481481481481 0.2 0.6703703703703704
5 0.09010416666666667 0.6990740740740741 0.08958333333333333 0.712037037037037 0.0953125 0.7157407407407408 0.09739583333333333 0.687037037037037 0.10052083333333334 0.6777777777777778 0.10052083333333334 0.6527777777777778 0.09791666666666667 0.65 0.09166666666666666 0.6574074074074074 0.08697916666666666 0.6694444444444444 0.09010416666666667 0.6990740740740741
5 0.2682291666666667 0.6157407407407407 0.26875 0.5768518518518518 0.26197916666666665 0.5787037037037037 0.2552083333333333 0.6111111111111112 0.2557291666666667 0.6175925925925926 0.2682291666666667 0.6157407407407407
5 0.13489583333333333 0.687962962962963 0.14114583333333333 0.6509259259259259 0.14010416666666667 0.6296296296296297 0.13854166666666667 0.6259259259259259 0.134375 0.6259259259259259 0.13072916666666667 0.6361111111111111 0.13020833333333334 0.6824074074074075 0.13489583333333333 0.687962962962963
4 0.421875 0.8138888888888889 0.42604166666666665 0.8175925925925925 0.43072916666666666 0.8166666666666667 0.4328125 0.8111111111111111 0.43072916666666666 0.7953703703703704 0.4348958333333333 0.7796296296296297 0.4348958333333333 0.7657407407407407 0.43385416666666665 0.7546296296296297 0.4276041666666667 0.737037037037037 0.4197916666666667 0.7509259259259259 0.41770833333333335 0.762962962962963 0.4171875 0.7759259259259259 0.421875 0.8138888888888889
3 0.3651041666666667 0.6990740740740741 0.3692708333333333 0.700925925925926 0.3734375 0.687962962962963 0.3807291666666667 0.6953703703703704 0.38125 0.6888888888888889 0.37552083333333336 0.674074074074074 0.37916666666666665 0.6583333333333333 0.3776041666666667 0.6462962962962963 0.3734375 0.6361111111111111 0.37135416666666665 0.6361111111111111 0.365625 0.65 0.36875 0.6759259259259259 0.3651041666666667 0.6990740740740741
0 0.5130208333333334 0.6018518518518519 0.5151041666666667 0.5972222222222222 0.5135416666666667 0.5935185185185186 0.5083333333333333 0.5944444444444444 0.5088541666666667 0.6027777777777777 0.5130208333333334 0.6018518518518519