4 0.6572916666666667 0.7490740740740741 0.6625 0.7518518518518519 0.6682291666666667 0.7314814814814815 0.665625 0.725 0.6671875 0.7166666666666667 0.659375 0.7055555555555556 0.6541666666666667 0.7129629629629629 0.6536458333333334 0.7222222222222222 0.6572916666666667 0.7490740740740741
4 0.29635416666666664 0.8601851851851852 0.2984375 0.8583333333333333 0.2994791666666667 0.8490740740740741 0.3 0.8074074074074075 0.2947916666666667 0.7925925925925926 0.2911458333333333 0.7925925925925926 0.2864583333333333 0.8092592592592592 0.2859375 0.8537037037037037 0.29635416666666664 0.8601851851851852
5 0.85625 0.6962962962962963 0.8630208333333333 0.7 0.8666666666666667 0.6722222222222223 0.8630208333333333 0.6601851851851852 0.8588541666666667 0.6611111111111111 0.85625 0.6694444444444444 0.85625 0.6962962962962963
4 0.32083333333333336 0.7083333333333334 0.32916666666666666 0.7074074074074074 0.3302083333333333 0.7037037037037037 0.32760416666666664 0.6888888888888889 0.3338541666666667 0.6814814814814815 0.3333333333333333 0.6731481481481482 0.3255208333333333 0.6638888888888889 0.32135416666666666 0.6694444444444444 0.31979166666666664 0.6805555555555556 0.31875 0.7055555555555556 0.32083333333333336 0.7083333333333334
4 0.16041666666666668 0.7675925925925926 0.16302083333333334 0.7731481481481481 0.1609375 0.7925925925925926 0.165625 0.7972222222222223 0.1734375 0.7935185185185185 0.175 0.7870370370370371 0.17135416666666667 0.7407407407407407 0.1671875 0.7398148148148148 0.1625 0.7509259259259259 0.16041666666666668 0.7611111111111111 0.16041666666666668 0.7675925925925926
5 0.8239583333333333 0.7472222222222222 0.8322916666666667 0.7490740740740741 0.8328125 0.7583333333333333 0.8296875 0.7666666666666667 0.8302083333333333 0.7787037037037037 0.8338541666666667 0.7944444444444444 0.8411458333333334 0.7935185185185185 0.84375 0.7907407407407407 0.8432291666666667 0.7555555555555555 0.8375 0.7407407407407407 0.8322916666666667 0.7416666666666667 0.8302083333333333 0.7462962962962963 0.8239583333333333 0.7472222222222222
5 0.35260416666666666 0.7435185185185185 0.3578125 0.7435185185185185 0.35989583333333336 0.7231481481481481 0.3572916666666667 0.6925925925925925 0.353125 0.6944444444444444 0.35104166666666664 0.7027777777777777 0.35104166666666664 0.7379629629629629 0.35260416666666666 0.7435185185185185
4 0.3723958333333333 0.7388888888888889 0.38229166666666664 0.737037037037037 0.3854166666666667 0.700925925925926 0.37864583333333335 0.6935185185185185 0.3723958333333333 0.7046296296296296 0.37083333333333335 0.7361111111111112 0.3723958333333333 0.7388888888888889
3 0.5057291666666667 0.6907407407407408 0.5098958333333333 0.6935185185185185 0.5140625 0.7185185185185186 0.5171875 0.7222222222222222 0.5197916666666667 0.7175925925925926 0.51875 0.7027777777777777 0.5213541666666667 0.6805555555555556 0.5135416666666667 0.674074074074074 0.5057291666666667 0.6805555555555556 0.5057291666666667 0.6907407407407408
4 0.39114583333333336 0.6935185185185185 0.3880208333333333 0.6972222222222222 0.39010416666666664 0.7046296296296296 0.4 0.7092592592592593 0.4015625 0.7055555555555556 0.4005208333333333 0.6694444444444444 0.3932291666666667 0.6675925925925926 0.3932291666666667 0.6759259259259259 0.3885416666666667 0.6805555555555556 0.39114583333333336 0.6861111111111111 0.39114583333333336 0.6935185185185185
5 0.41770833333333335 0.7666666666666667 0.41770833333333335 0.7824074074074074 0.42083333333333334 0.7842592592592592 0.4234375 0.7824074074074074 0.42604166666666665 0.7509259259259259 0.42291666666666666 0.7342592592592593 0.4197916666666667 0.7305555555555555 0.4171875 0.7351851851851852 0.41510416666666666 0.7574074074074074 0.41770833333333335 0.7666666666666667
4 0.634375 0.6842592592592592 0.6385416666666667 0.6833333333333333 0.6411458333333333 0.6768518518518518 0.640625 0.6527777777777778 0.6385416666666667 0.6481481481481481 0.6338541666666667 0.6462962962962963 0.63125 0.6546296296296297 0.6307291666666667 0.6796296296296296 0.634375 0.6842592592592592
4 0.7145833333333333 0.837037037037037 0.7197916666666667 0.8689814814814815 0.7192708333333333 0.8768518518518519 0.7239583333333334 0.8805555555555555 0.7260416666666667 0.8768518518518519 0.7296875 0.8453703703703703 0.7296875 0.825925925925926 0.7234375 0.8055555555555556 0.7197916666666667 0.8037037037037037 0.7177083333333333 0.8064814814814815 0.7140625 0.8222222222222222 0.7145833333333333 0.837037037037037
5 0.4661458333333333 0.7 0.475 0.700925925925926 0.4765625 0.6981481481481482 0.475 0.6685185185185185 0.4713541666666667 0.6648148148148149 0.46875 0.6675925925925926 0.46927083333333336 0.687037037037037 0.4661458333333333 0.7
4 0.7651041666666667 0.7333333333333333 0.7677083333333333 0.737037037037037 0.771875 0.7324074074074074 0.7744791666666667 0.6981481481481482 0.7713541666666667 0.687962962962963 0.7677083333333333 0.6842592592592592 0.7630208333333334 0.6944444444444444 0.7630208333333334 0.7157407407407408 0.7651041666666667 0.7333333333333333
5 0.378125 0.6962962962962963 0.3848958333333333 0.7 0.3885416666666667 0.6814814814814815 0.3848958333333333 0.662962962962963 0.3802083333333333 0.6648148148148149 0.3770833333333333 0.6768518518518518 0.378125 0.6962962962962963
5 0.5494791666666666 0.6759259259259259 0.5520833333333334 0.6953703703703704 0.55625 0.6962962962962963 0.5578125 0.6537037037037037 0.5510416666666667 0.6527777777777778 0.5484375 0.6537037037037037 0.5494791666666666 0.6759259259259259
3 0.6203125 0.6731481481481482 0.6234375 0.6694444444444444 0.6223958333333334 0.6462962962962963 0.6203125 0.6351851851851852 0.6171875 0.6361111111111111 0.6166666666666667 0.6703703703703704 0.6203125 0.6731481481481482
5 0.6734375 0.6759259259259259 0.6734375 0.6462962962962963 0.6697916666666667 0.6398148148148148 0.6661458333333333 0.6444444444444445 0.6651041666666667 0.675 0.6734375 0.6759259259259259
0 0.6557291666666667 0.6731481481481482 0.6536458333333334 0.6638888888888889 0.6494791666666667 0.6648148148148149 0.6489583333333333 0.674074074074074 0.6557291666666667 0.6731481481481482
5 0.6734375 0.7462962962962963 0.6755208333333333 0.7351851851851852 0.6760416666666667 0.7074074074074074 0.6734375 0.6981481481481482 0.6697916666666667 0.6981481481481482 0.6671875 0.7046296296296296 0.6697916666666667 0.7453703703703703 0.6734375 0.7462962962962963
5 0.821875 0.7472222222222222 0.8270833333333333 0.7472222222222222 0.8317708333333333 0.7416666666666667 0.8328125 0.7138888888888889 0.8302083333333333 0.7018518518518518 0.8260416666666667 0.6972222222222222 0.8223958333333333 0.7092592592592593 0.8213541666666667 0.7435185185185185 0.821875 0.7472222222222222