5 0.03802083333333333 0.6111111111111112 0.044270833333333336 0.6129629629629629 0.04635416666666667 0.6101851851851852 0.04479166666666667 0.5796296296296296 0.0421875 0.5685185185185185 0.0359375 0.5712962962962963 0.034895833333333334 0.5861111111111111 0.03802083333333333 0.6111111111111112
4 0.029166666666666667 0.7361111111111112 0.03229166666666667 0.7388888888888889 0.03697916666666667 0.737037037037037 0.0390625 0.7333333333333333 0.03854166666666667 0.6851851851851852 0.0328125 0.6666666666666666 0.028645833333333332 0.6685185185185185 0.023958333333333335 0.6805555555555556 0.023958333333333335 0.7046296296296296 0.029166666666666667 0.7361111111111112
4 0.5625 0.65 0.5651041666666666 0.6527777777777778 0.5697916666666667 0.6351851851851852 0.5697916666666667 0.6148148148148148 0.5640625 0.600925925925926 0.5598958333333334 0.600925925925926 0.5567708333333333 0.6166666666666667 0.5625 0.65
4 0.665625 0.6231481481481481 0.6713541666666667 0.6231481481481481 0.6734375 0.6185185185185185 0.6739583333333333 0.5824074074074074 0.6697916666666667 0.5731481481481482 0.665625 0.5731481481481482 0.6625 0.5879629629629629 0.6630208333333333 0.6185185185185185 0.665625 0.6231481481481481
5 0.47708333333333336 0.7685185185185185 0.4765625 0.7833333333333333 0.478125 0.7888888888888889 0.4828125 0.7907407407407407 0.48489583333333336 0.7870370370370371 0.48489583333333336 0.7398148148148148 0.4822916666666667 0.7148148148148148 0.47708333333333336 0.7129629629629629 0.4744791666666667 0.725 0.47239583333333335 0.7490740740740741 0.47708333333333336 0.7685185185185185
3 0.35208333333333336 0.6685185185185185 0.35520833333333335 0.6694444444444444 0.35520833333333335 0.6222222222222222 0.35 0.6129629629629629 0.3453125 0.612037037037037 0.3411458333333333 0.6231481481481481 0.3416666666666667 0.6370370370370371 0.35208333333333336 0.6685185185185185
4 0.40260416666666665 0.8333333333333334 0.409375 0.850925925925926 0.40625 0.8685185185185185 0.4119791666666667 0.8712962962962963 0.42135416666666664 0.8648148148148148 0.4197916666666667 0.8592592592592593 0.4203125 0.8203703703703704 0.41302083333333334 0.7824074074074074 0.40729166666666666 0.7842592592592592 0.39739583333333334 0.8148148148148148 0.396875 0.825925925925926 0.40260416666666665 0.8333333333333334
5 0.2635416666666667 0.6435185185185185 0.2682291666666667 0.6472222222222223 0.26979166666666665 0.6444444444444445 0.26927083333333335 0.6 0.2640625 0.5916666666666667 0.25833333333333336 0.5990740740740741 0.25677083333333334 0.6074074074074074 0.2635416666666667 0.6435185185185185
4 0.07604166666666666 0.6546296296296297 0.08020833333333334 0.6546296296296297 0.08333333333333333 0.649074074074074 0.08229166666666667 0.5981481481481481 0.0796875 0.5916666666666667 0.078125 0.5925925925925926 0.071875 0.6046296296296296 0.0734375 0.65 0.07604166666666666 0.6546296296296297
5 0.025520833333333333 0.65 0.029166666666666667 0.6601851851851852 0.0328125 0.6601851851851852 0.0359375 0.6324074074074074 0.033854166666666664 0.6148148148148148 0.028645833333333332 0.6083333333333333 0.022395833333333334 0.6212962962962963 0.021354166666666667 0.6305555555555555 0.025520833333333333 0.65
5 0.5307291666666667 0.6342592592592593 0.5401041666666667 0.6370370370370371 0.5416666666666666 0.6324074074074074 0.5369791666666667 0.5990740740740741 0.5307291666666667 0.587037037037037 0.528125 0.5925925925925926 0.5276041666666667 0.6148148148148148 0.5307291666666667 0.6342592592592593
1 0.984375 0.6287037037037037 0.9838541666666667 0.6361111111111111 0.9864583333333333 0.6435185185185185 0.9901041666666667 0.6462962962962963 0.9963541666666667 0.6157407407407407 0.9953125 0.5990740740740741 0.9890625 0.5833333333333334 0.9854166666666667 0.5879629629629629 0.9817708333333334 0.600925925925926 0.9807291666666667 0.6157407407407407 0.984375 0.6287037037037037
4 0.008854166666666666 0.8425925925925926 0.0234375 0.8444444444444444 0.025 0.8407407407407408 0.022395833333333334 0.8287037037037037 0.022395833333333334 0.7935185185185185 0.0171875 0.7796296296296297 0.0171875 0.7546296296296297 0.0140625 0.7490740740740741 0.009895833333333333 0.7509259259259259 0.00625 0.7648148148148148 0.005729166666666666 0.8111111111111111 0.008854166666666666 0.8425925925925926
5 0.5973958333333333 0.6574074074074074 0.6072916666666667 0.6620370370370371 0.6088541666666667 0.6574074074074074 0.6052083333333333 0.6453703703703704 0.6010416666666667 0.6157407407407407 0.5953125 0.612037037037037 0.5932291666666667 0.6166666666666667 0.5927083333333333 0.6324074074074074 0.5973958333333333 0.6574074074074074
4 0.240625 0.6962962962962963 0.24322916666666666 0.6925925925925925 0.24479166666666666 0.6787037037037037 0.24322916666666666 0.6388888888888888 0.2390625 0.6342592592592593 0.234375 0.6407407407407407 0.23541666666666666 0.6935185185185185 0.240625 0.6962962962962963
4 0.8651041666666667 0.75 0.8630208333333333 0.7231481481481481 0.8645833333333334 0.6925925925925925 0.8572916666666667 0.675 0.8536458333333333 0.6833333333333333 0.853125 0.700925925925926 0.8494791666666667 0.7203703703703703 0.8473958333333333 0.7490740740740741 0.8651041666666667 0.75
5 0 0.6768518518518518 0.007291666666666667 0.7092592592592593 0.011458333333333333 0.712037037037037 0.015104166666666667 0.7083333333333334 0.0140625 0.6907407407407408 0.0171875 0.6768518518518518 0.0125 0.6537037037037037 0.005729166666666666 0.65 0 0.6601851851851852 0 0.6768518518518518
5 0.21666666666666667 0.6925925925925925 0.22239583333333332 0.6935185185185185 0.22395833333333334 0.6925925925925925 0.22604166666666667 0.6592592592592592 0.22447916666666667 0.6351851851851852 0.2203125 0.6305555555555555 0.21666666666666667 0.6444444444444445 0.2140625 0.687962962962963 0.21666666666666667 0.6925925925925925
0 0.7479166666666667 0.7111111111111111 0.7546875 0.7055555555555556 0.7515625 0.6962962962962963 0.7479166666666667 0.6953703703703704 0.7442708333333333 0.7 0.74375 0.7074074074074074 0.7479166666666667 0.7111111111111111
3 0.0171875 0.5675925925925925 0.021354166666666667 0.5675925925925925 0.026041666666666668 0.5444444444444444 0.024479166666666666 0.5314814814814814 0.018229166666666668 0.5185185185185185 0.013020833333333334 0.525 0.013541666666666667 0.5555555555555556 0.0171875 0.5675925925925925
5 0.6505208333333333 0.6212962962962963 0.6520833333333333 0.6185185185185185 0.6510416666666666 0.575925925925926 0.6463541666666667 0.5675925925925925 0.6411458333333333 0.5768518518518518 0.6416666666666667 0.6175925925925926 0.6505208333333333 0.6212962962962963
4 0.075 0.5944444444444444 0.08020833333333334 0.5972222222222222 0.08229166666666667 0.5944444444444444 0.08489583333333334 0.5740740740740741 0.0796875 0.5546296296296296 0.075 0.5574074074074075 0.0734375 0.5638888888888889 0.075 0.5944444444444444
5 0.471875 0.5657407407407408 0.475 0.5703703703703704 0.478125 0.5666666666666667 0.478125 0.5277777777777778 0.4765625 0.5138888888888888 0.4744791666666667 0.5111111111111111 0.4708333333333333 0.5138888888888888 0.46875 0.5287037037037037 0.471875 0.5657407407407408
3 0.1265625 0.5583333333333333 0.12864583333333332 0.55 0.13333333333333333 0.5444444444444444 0.134375 0.5194444444444445 0.1265625 0.5046296296296297 0.12604166666666666 0.5092592592592593 0.121875 0.512962962962963 0.12135416666666667 0.5564814814814815 0.1265625 0.5583333333333333