4 0.5760416666666667 0.5777777777777777 0.5786458333333333 0.5731481481481482 0.5760416666666667 0.5444444444444444 0.5697916666666667 0.5398148148148149 0.5682291666666667 0.5407407407407407 0.56875 0.562962962962963 0.5708333333333333 0.575 0.5760416666666667 0.5777777777777777
5 0.5239583333333333 0.5601851851851852 0.5208333333333334 0.5509259259259259 0.5161458333333333 0.5527777777777778 0.5161458333333333 0.5888888888888889 0.5177083333333333 0.5925925925925926 0.5213541666666667 0.5925925925925926 0.5239583333333333 0.5601851851851852
3 0.546875 0.5212962962962963 0.5442708333333334 0.5203703703703704 0.5411458333333333 0.5361111111111111 0.5401041666666667 0.5583333333333333 0.5484375 0.5592592592592592 0.5489583333333333 0.5277777777777778 0.546875 0.5212962962962963
4 0.35 0.5351851851851852 0.34427083333333336 0.5527777777777778 0.3411458333333333 0.5712962962962963 0.3536458333333333 0.5722222222222222 0.35625 0.5361111111111111 0.35 0.5351851851851852
4 0.4114583333333333 0.5518518518518518 0.40729166666666666 0.5592592592592592 0.40729166666666666 0.5925925925925926 0.4166666666666667 0.5953703703703703 0.4161458333333333 0.5564814814814815 0.4114583333333333 0.5518518518518518
4 0.1390625 0.6231481481481481 0.1421875 0.6203703703703703 0.14479166666666668 0.5981481481481481 0.14427083333333332 0.5787037037037037 0.13958333333333334 0.5740740740740741 0.13385416666666666 0.5777777777777777 0.13125 0.5833333333333334 0.13489583333333333 0.5990740740740741 0.13333333333333333 0.6185185185185185 0.1390625 0.6231481481481481
3 0.26979166666666665 0.5962962962962963 0.27291666666666664 0.5601851851851852 0.2703125 0.5518518518518518 0.26666666666666666 0.5509259259259259 0.26197916666666665 0.562037037037037 0.2604166666666667 0.5833333333333334 0.2625 0.5990740740740741 0.2677083333333333 0.600925925925926 0.26979166666666665 0.5962962962962963
3 0.190625 0.524074074074074 0.18541666666666667 0.5166666666666667 0.18229166666666666 0.5268518518518519 0.18125 0.5509259259259259 0.18958333333333333 0.5509259259259259 0.19114583333333332 0.5481481481481482 0.190625 0.524074074074074
4 0.11145833333333334 0.5509259259259259 0.10677083333333333 0.5518518518518518 0.10260416666666666 0.5712962962962963 0.10208333333333333 0.5953703703703703 0.10729166666666666 0.5981481481481481 0.11302083333333333 0.5722222222222222 0.11145833333333334 0.5509259259259259
4 0.2552083333333333 0.6509259259259259 0.25625 0.6055555555555555 0.2515625 0.5972222222222222 0.24635416666666668 0.6074074074074074 0.24583333333333332 0.6509259259259259 0.24791666666666667 0.6555555555555556 0.2520833333333333 0.6546296296296297 0.2552083333333333 0.6509259259259259
4 0.20729166666666668 0.5833333333333334 0.20729166666666668 0.5462962962962963 0.20260416666666667 0.5453703703703704 0.19895833333333332 0.5592592592592592 0.19635416666666666 0.5851851851851851 0.19739583333333333 0.5879629629629629 0.20572916666666666 0.587037037037037 0.20729166666666668 0.5833333333333334
5 0.5838541666666667 0.6805555555555556 0.5864583333333333 0.6546296296296297 0.5864583333333333 0.637962962962963 0.5838541666666667 0.6268518518518519 0.5796875 0.6259259259259259 0.5755208333333334 0.6388888888888888 0.5739583333333333 0.6537037037037037 0.578125 0.6768518518518518 0.5796875 0.6805555555555556 0.5838541666666667 0.6805555555555556
5 0.6442708333333333 0.6259259259259259 0.6453125 0.6212962962962963 0.6427083333333333 0.6083333333333333 0.6453125 0.5990740740740741 0.6427083333333333 0.5953703703703703 0.6421875 0.587037037037037 0.6375 0.5842592592592593 0.634375 0.5907407407407408 0.6307291666666667 0.5879629629629629 0.6286458333333333 0.5925925925925926 0.6244791666666667 0.6157407407407407 0.6364583333333333 0.6194444444444445 0.6380208333333334 0.6277777777777778 0.6442708333333333 0.6259259259259259
5 0.23229166666666667 0.587037037037037 0.22864583333333333 0.5685185185185185 0.225 0.5703703703703704 0.221875 0.5796296296296296 0.22083333333333333 0.6111111111111112 0.22447916666666667 0.6157407407407407 0.228125 0.612037037037037 0.23229166666666667 0.587037037037037
5 0.6234375 0.5518518518518518 0.6307291666666667 0.5481481481481482 0.6239583333333333 0.5370370370370371 0.6192708333333333 0.5361111111111111 0.6161458333333333 0.5425925925925926 0.615625 0.5601851851851852 0.6192708333333333 0.5740740740740741 0.6213541666666667 0.5722222222222222 0.6234375 0.5518518518518518
4 0.2989583333333333 0.562037037037037 0.30052083333333335 0.5518518518518518 0.3072916666666667 0.5407407407407407 0.3067708333333333 0.5351851851851852 0.3020833333333333 0.5324074074074074 0.2994791666666667 0.525 0.29375 0.5277777777777778 0.29375 0.549074074074074 0.2916666666666667 0.5564814814814815 0.2947916666666667 0.562037037037037 0.2989583333333333 0.562037037037037
3 0.7484375 0.850925925925926 0.7479166666666667 0.8648148148148148 0.7427083333333333 0.8768518518518519 0.7416666666666667 0.887962962962963 0.7442708333333333 0.8898148148148148 0.7473958333333334 0.8824074074074074 0.7567708333333333 0.8777777777777778 0.759375 0.887962962962963 0.7640625 0.8916666666666667 0.7583333333333333 0.8546296296296296 0.759375 0.8212962962962963 0.7557291666666667 0.8064814814814815 0.7505208333333333 0.8064814814814815 0.7473958333333334 0.8314814814814815 0.7359375 0.8416666666666667 0.74375 0.8425925925925926 0.7484375 0.850925925925926
5 0.1390625 0.5444444444444444 0.134375 0.5425925925925926 0.13177083333333334 0.549074074074074 0.13072916666666667 0.5814814814814815 0.14270833333333333 0.5731481481481482 0.1390625 0.5638888888888889 0.1390625 0.5444444444444444
5 0.4432291666666667 0.6148148148148148 0.4395833333333333 0.6018518518518519 0.4390625 0.5777777777777777 0.4348958333333333 0.5666666666666667 0.4317708333333333 0.5675925925925925 0.4328125 0.5879629629629629 0.43072916666666666 0.6185185185185185 0.44114583333333335 0.6185185185185185 0.4432291666666667 0.6148148148148148
4 0.15625 0.5592592592592592 0.15416666666666667 0.5351851851851852 0.14947916666666666 0.5398148148148149 0.14739583333333334 0.5481481481481482 0.14322916666666666 0.575 0.1546875 0.5777777777777777 0.15625 0.575 0.15625 0.5592592592592592
5 0.6552083333333333 0.5944444444444444 0.6546875 0.5601851851851852 0.6515625 0.5564814814814815 0.6484375 0.5601851851851852 0.6458333333333334 0.5972222222222222 0.6489583333333333 0.6027777777777777 0.6536458333333334 0.6027777777777777 0.6552083333333333 0.5944444444444444
4 0.6427083333333333 0.6240740740740741 0.64375 0.5981481481481481 0.6421875 0.5833333333333334 0.6333333333333333 0.5694444444444444 0.6296875 0.5694444444444444 0.6244791666666667 0.6157407407407407 0.6348958333333333 0.6157407407407407 0.6385416666666667 0.6240740740740741 0.6427083333333333 0.6240740740740741
5 0.43125 0.5685185185185185 0.4348958333333333 0.5675925925925925 0.4354166666666667 0.5398148148148149 0.43072916666666666 0.5388888888888889 0.4265625 0.5444444444444444 0.42604166666666665 0.5527777777777778 0.42864583333333334 0.5592592592592592 0.4265625 0.5638888888888889 0.43125 0.5685185185185185