1 0.6213541666666667 0.6148148148148148 0.6229166666666667 0.6101851851851852 0.6203125 0.5675925925925925 0.6151041666666667 0.562962962962963 0.609375 0.575925925925926 0.6104166666666667 0.6064814814814815 0.6088541666666667 0.6111111111111112 0.6114583333333333 0.6157407407407407 0.6213541666666667 0.6148148148148148
5 0.18125 0.5990740740740741 0.17395833333333333 0.5638888888888889 0.16927083333333334 0.5555555555555556 0.16510416666666666 0.5601851851851852 0.1671875 0.5740740740740741 0.1609375 0.5907407407407408 0.17760416666666667 0.6027777777777777 0.18125 0.5990740740740741
4 0.17083333333333334 0.600925925925926 0.17395833333333333 0.5916666666666667 0.16354166666666667 0.587037037037037 0.159375 0.5907407407407408 0.15885416666666666 0.6435185185185185 0.1625 0.649074074074074 0.16770833333333332 0.6425925925925926 0.17083333333333334 0.600925925925926
4 0.13802083333333334 0.7268518518518519 0.13854166666666667 0.6944444444444444 0.14166666666666666 0.6768518518518518 0.13333333333333333 0.6592592592592592 0.13020833333333334 0.6611111111111111 0.1265625 0.6777777777777778 0.12604166666666666 0.7175925925925926 0.12291666666666666 0.7333333333333333 0.13125 0.7342592592592593 0.13802083333333334 0.7268518518518519
5 0.28854166666666664 0.5879629629629629 0.29635416666666664 0.5768518518518518 0.29322916666666665 0.5537037037037037 0.2869791666666667 0.5425925925925926 0.2786458333333333 0.537962962962963 0.2786458333333333 0.5787037037037037 0.28489583333333335 0.5796296296296296 0.2864583333333333 0.587037037037037 0.28854166666666664 0.5879629629629629
3 0.7489583333333333 0.7962962962962963 0.7505208333333333 0.8314814814814815 0.7520833333333333 0.8342592592592593 0.7541666666666667 0.8287037037037037 0.759375 0.825925925925926 0.7635416666666667 0.8305555555555556 0.7651041666666667 0.825 0.7588541666666667 0.8046296296296296 0.7619791666666667 0.762962962962963 0.7557291666666667 0.7509259259259259 0.7515625 0.7490740740740741 0.7489583333333333 0.7527777777777778 0.7494791666666667 0.7620370370370371 0.7416666666666667 0.775 0.7416666666666667 0.7796296296296297 0.7489583333333333 0.7962962962962963
3 0.23802083333333332 0.5907407407407408 0.24427083333333333 0.5842592592592593 0.2453125 0.5787037037037037 0.24114583333333334 0.5722222222222222 0.24270833333333333 0.5675925925925925 0.23854166666666668 0.5564814814814815 0.23229166666666667 0.5509259259259259 0.22864583333333333 0.5592592592592592 0.22864583333333333 0.6037037037037037 0.23229166666666667 0.6083333333333333 0.23802083333333332 0.600925925925926 0.23802083333333332 0.5907407407407408
5 0.3260416666666667 0.5370370370370371 0.3229166666666667 0.5287037037037037 0.3182291666666667 0.5324074074074074 0.31875 0.5731481481481482 0.321875 0.5787037037037037 0.32708333333333334 0.5722222222222222 0.3260416666666667 0.5370370370370371
5 0.2171875 0.6064814814814815 0.21979166666666666 0.5833333333333334 0.2171875 0.5712962962962963 0.21354166666666666 0.5601851851851852 0.20729166666666668 0.562962962962963 0.20729166666666668 0.5888888888888889 0.20520833333333333 0.5990740740740741 0.20833333333333334 0.6064814814814815 0.2171875 0.6064814814814815
5 0.3338541666666667 0.5370370370370371 0.33177083333333335 0.5305555555555556 0.328125 0.5287037037037037 0.3260416666666667 0.5305555555555556 0.32447916666666665 0.5407407407407407 0.3260416666666667 0.5722222222222222 0.3302083333333333 0.575925925925926 0.33489583333333334 0.5685185185185185 0.3338541666666667 0.5370370370370371
5 0.28541666666666665 0.5435185185185185 0.2796875 0.5351851851851852 0.27708333333333335 0.5425925925925926 0.27708333333333335 0.5787037037037037 0.2828125 0.5814814814814815 0.28541666666666665 0.5722222222222222 0.28541666666666665 0.5435185185185185
4 0.06302083333333333 0.5916666666666667 0.057291666666666664 0.5777777777777777 0.05364583333333333 0.5796296296296296 0.0515625 0.587037037037037 0.053125 0.6314814814814815 0.05520833333333333 0.6342592592592593 0.0640625 0.6324074074074074 0.06302083333333333 0.5916666666666667
4 0.15520833333333334 0.6796296296296296 0.1546875 0.6305555555555555 0.15052083333333333 0.6175925925925926 0.14583333333333334 0.6175925925925926 0.1453125 0.6555555555555556 0.14739583333333334 0.6824074074074075 0.1515625 0.6851851851851852 0.15520833333333334 0.6796296296296296
5 0.321875 0.5685185185185185 0.31927083333333334 0.549074074074074 0.3104166666666667 0.5324074074074074 0.3067708333333333 0.5333333333333333 0.3067708333333333 0.5731481481481482 0.3098958333333333 0.5768518518518518 0.3145833333333333 0.575925925925926 0.321875 0.5685185185185185
5 0.24635416666666668 0.5796296296296296 0.24583333333333332 0.5509259259259259 0.24010416666666667 0.5370370370370371 0.234375 0.5527777777777778 0.23177083333333334 0.5546296296296296 0.23229166666666667 0.5583333333333333 0.23645833333333333 0.5592592592592592 0.24114583333333334 0.5796296296296296 0.24635416666666668 0.5796296296296296