1 0.6234375 0.6037037037037037 0.6208333333333333 0.5722222222222222 0.6151041666666667 0.5694444444444444 0.6098958333333333 0.575925925925926 0.6098958333333333 0.6027777777777777 0.6234375 0.6037037037037037
4 0.11927083333333334 0.7231481481481481 0.12291666666666666 0.7194444444444444 0.12291666666666666 0.7101851851851851 0.11979166666666667 0.7 0.121875 0.6675925925925926 0.11510416666666666 0.65 0.1109375 0.649074074074074 0.10989583333333333 0.6518518518518519 0.109375 0.7203703703703703 0.11927083333333334 0.7231481481481481
4 0.0421875 0.6194444444444445 0.04739583333333333 0.6222222222222222 0.05 0.6185185185185185 0.049479166666666664 0.5768518518518518 0.04479166666666667 0.5657407407407408 0.04114583333333333 0.5666666666666667 0.04010416666666667 0.5712962962962963 0.03958333333333333 0.5972222222222222 0.0421875 0.6194444444444445
3 0.20520833333333333 0.6027777777777777 0.209375 0.5972222222222222 0.21041666666666667 0.5546296296296296 0.20729166666666668 0.5481481481481482 0.20052083333333334 0.5481481481481482 0.20208333333333334 0.5916666666666667 0.20520833333333333 0.6027777777777777
5 0.11458333333333333 0.6074074074074074 0.12395833333333334 0.6083333333333333 0.12604166666666666 0.6064814814814815 0.12604166666666666 0.5990740740740741 0.12291666666666666 0.5712962962962963 0.11822916666666666 0.5574074074074075 0.11510416666666666 0.5555555555555556 0.1125 0.5592592592592592 0.11145833333333334 0.5916666666666667 0.11458333333333333 0.6074074074074074
3 0.7125 0.7787037037037037 0.7244791666666667 0.8212962962962963 0.7354166666666667 0.7694444444444445 0.734375 0.7592592592592593 0.7276041666666667 0.7453703703703703 0.7234375 0.7435185185185185 0.7192708333333333 0.7638888888888888 0.7088541666666667 0.7685185185185185 0.7083333333333334 0.775 0.7125 0.7787037037037037
5 0.06041666666666667 0.6148148148148148 0.06510416666666667 0.6166666666666667 0.06770833333333333 0.6092592592592593 0.071875 0.6092592592592593 0.07395833333333333 0.6148148148148148 0.07708333333333334 0.6157407407407407 0.07864583333333333 0.6111111111111112 0.07291666666666667 0.5953703703703703 0.071875 0.575 0.06822916666666666 0.5648148148148148 0.0640625 0.5648148148148148 0.06354166666666666 0.5675925925925925 0.06302083333333333 0.6 0.06041666666666667 0.6148148148148148
5 0.0036458333333333334 0.5907407407407408 0.009375 0.5981481481481481 0.01875 0.5925925925925926 0.019270833333333334 0.5879629629629629 0.015104166666666667 0.5842592592592593 0.0125 0.5638888888888889 0.0067708333333333336 0.5564814814814815 0.004166666666666667 0.5611111111111111 0.0020833333333333333 0.5833333333333334 0.0036458333333333334 0.5907407407407408
4 0 0.6916666666666667 0.005729166666666666 0.6916666666666667 0.0078125 0.6861111111111111 0.008854166666666666 0.6388888888888888 0.0015625 0.6212962962962963 0 0.6212962962962963 0 0.6916666666666667
4 0.15104166666666666 0.6731481481481482 0.1546875 0.6694444444444444 0.1546875 0.6462962962962963 0.15885416666666666 0.6305555555555555 0.15052083333333333 0.6046296296296296 0.14635416666666667 0.6037037037037037 0.1453125 0.6129629629629629 0.146875 0.6694444444444444 0.15104166666666666 0.6731481481481482
5 0.24791666666666667 0.575925925925926 0.2526041666666667 0.5675925925925925 0.25052083333333336 0.5361111111111111 0.24791666666666667 0.5277777777777778 0.24010416666666667 0.5333333333333333 0.23958333333333334 0.575 0.24791666666666667 0.575925925925926
5 0.22708333333333333 0.575925925925926 0.23072916666666668 0.575925925925926 0.23489583333333333 0.5675925925925925 0.234375 0.5472222222222223 0.23229166666666667 0.5314814814814814 0.228125 0.5287037037037037 0.22708333333333333 0.5324074074074074 0.22604166666666667 0.5722222222222222 0.22708333333333333 0.575925925925926
5 0.24010416666666667 0.5787037037037037 0.24427083333333333 0.5685185185185185 0.24322916666666666 0.5564814814814815 0.24479166666666666 0.5472222222222223 0.2421875 0.5324074074074074 0.2390625 0.5324074074074074 0.2375 0.5425925925925926 0.23802083333333332 0.575 0.24010416666666667 0.5787037037037037
5 0.1859375 0.5851851851851851 0.18958333333333333 0.5805555555555556 0.1859375 0.5370370370370371 0.18229166666666666 0.5370370370370371 0.18072916666666666 0.5444444444444444 0.18177083333333333 0.5833333333333334 0.1859375 0.5851851851851851