2 0.3140625 0.5861111111111111 0.30885416666666665 0.5861111111111111 0.3026041666666667 0.5953703703703703 0.3015625 0.6388888888888888 0.3177083333333333 0.6388888888888888 0.315625 0.5898148148148148 0.3140625 0.5861111111111111
5 0.7484375 0.825925925925926 0.7515625 0.8296296296296296 0.75625 0.8287037037037037 0.75625 0.8175925925925925 0.759375 0.8027777777777778 0.7588541666666667 0.7898148148148149 0.7630208333333334 0.7814814814814814 0.7604166666666666 0.7712962962962963 0.7598958333333333 0.7527777777777778 0.7557291666666667 0.7537037037037037 0.7515625 0.7694444444444445 0.7473958333333334 0.8009259259259259 0.7395833333333334 0.8009259259259259 0.7364583333333333 0.8055555555555556 0.7364583333333333 0.8111111111111111 0.74375 0.8092592592592592 0.7505208333333333 0.8138888888888889 0.7484375 0.825925925925926
4 0.6375 0.6388888888888888 0.6354166666666666 0.6222222222222222 0.6364583333333333 0.6037037037037037 0.634375 0.5944444444444444 0.6296875 0.5944444444444444 0.625 0.6212962962962963 0.621875 0.6453703703703704 0.628125 0.6472222222222223 0.6359375 0.6435185185185185 0.6375 0.6388888888888888
4 0.8338541666666667 0.725 0.8322916666666667 0.7490740740740741 0.8380208333333333 0.7509259259259259 0.8453125 0.7055555555555556 0.8442708333333333 0.6953703703703704 0.8473958333333333 0.687037037037037 0.8494791666666667 0.6898148148148148 0.8494791666666667 0.6814814814814815 0.8333333333333334 0.6759259259259259 0.8223958333333333 0.7046296296296296 0.821875 0.7083333333333334 0.8265625 0.7064814814814815 0.8322916666666667 0.7129629629629629 0.8338541666666667 0.725
5 0.7619791666666667 0.600925925925926 0.7598958333333333 0.6148148148148148 0.7583333333333333 0.6388888888888888 0.7666666666666667 0.6407407407407407 0.7661458333333333 0.6 0.7619791666666667 0.600925925925926
3 0.7520833333333333 0.6907407407407408 0.7557291666666667 0.6814814814814815 0.7619791666666667 0.6796296296296296 0.7635416666666667 0.6888888888888889 0.7677083333333333 0.6925925925925925 0.7692708333333333 0.6888888888888889 0.7666666666666667 0.6722222222222223 0.7666666666666667 0.6305555555555555 0.7635416666666667 0.6166666666666667 0.75625 0.637962962962963 0.7567708333333333 0.6620370370370371 0.75 0.6814814814814815 0.75 0.687037037037037 0.7520833333333333 0.6907407407407408
5 0.4473958333333333 0.7222222222222222 0.446875 0.7111111111111111 0.4510416666666667 0.6759259259259259 0.4432291666666667 0.6703703703703704 0.43645833333333334 0.6851851851851852 0.43645833333333334 0.7092592592592593 0.43125 0.7203703703703703 0.4432291666666667 0.7324074074074074 0.4473958333333333 0.7222222222222222
4 0.671875 0.7416666666666667 0.6817708333333333 0.7481481481481481 0.684375 0.7435185185185185 0.6822916666666666 0.725925925925926 0.6854166666666667 0.7148148148148148 0.6859375 0.6944444444444444 0.678125 0.6768518518518518 0.678125 0.6694444444444444 0.6760416666666667 0.6694444444444444 0.6755208333333333 0.6814814814814815 0.6734375 0.6842592592592592 0.675 0.6898148148148148 0.6708333333333333 0.7083333333333334 0.675 0.725 0.671875 0.7416666666666667
5 0.5953125 0.6212962962962963 0.6005208333333333 0.6027777777777777 0.5947916666666667 0.6046296296296296 0.5927083333333333 0.5962962962962963 0.59375 0.5907407407407408 0.5916666666666667 0.587037037037037 0.5875 0.5916666666666667 0.5864583333333333 0.5972222222222222 0.5838541666666667 0.6314814814814815 0.5890625 0.637962962962963 0.5953125 0.6305555555555555 0.5953125 0.6212962962962963
5 0.6645833333333333 0.6657407407407407 0.6619791666666667 0.6370370370370371 0.6640625 0.6268518518518519 0.6614583333333334 0.6231481481481481 0.6604166666666667 0.612037037037037 0.6567708333333333 0.6111111111111112 0.653125 0.6277777777777778 0.653125 0.6481481481481481 0.6505208333333333 0.6620370370370371 0.6609375 0.6675925925925926 0.6645833333333333 0.6657407407407407
4 0.8505208333333333 0.6851851851851852 0.8505208333333333 0.6685185185185185 0.8536458333333333 0.6620370370370371 0.853125 0.65 0.8520833333333333 0.6462962962962963 0.8416666666666667 0.6416666666666667 0.8416666666666667 0.6888888888888889 0.8453125 0.7037037037037037 0.853125 0.7027777777777777 0.8505208333333333 0.6851851851851852
4 0.6005208333333333 0.6592592592592592 0.6057291666666667 0.6453703703703704 0.60625 0.6324074074074074 0.6052083333333333 0.6148148148148148 0.6010416666666667 0.6018518518518519 0.596875 0.6037037037037037 0.59375 0.6185185185185185 0.5932291666666667 0.6314814814814815 0.5963541666666666 0.6407407407407407 0.5947916666666667 0.6583333333333333 0.6005208333333333 0.6592592592592592
5 0.44375 0.6222222222222222 0.43854166666666666 0.6157407407407407 0.4354166666666667 0.6037037037037037 0.42916666666666664 0.6064814814814815 0.42604166666666665 0.6148148148148148 0.4270833333333333 0.6268518518518519 0.4432291666666667 0.6259259259259259 0.44375 0.6222222222222222