4 0.6578125 0.5666666666666667 0.6541666666666667 0.5648148148148148 0.6520833333333333 0.5712962962962963 0.6515625 0.6074074074074074 0.6614583333333334 0.6074074074074074 0.6625 0.5777777777777777 0.6578125 0.5666666666666667
5 0.23385416666666667 0.6666666666666666 0.23072916666666668 0.6546296296296297 0.23229166666666667 0.637962962962963 0.228125 0.6148148148148148 0.22395833333333334 0.6166666666666667 0.221875 0.6287037037037037 0.21822916666666667 0.6694444444444444 0.22864583333333333 0.6675925925925926 0.2328125 0.6703703703703704 0.23385416666666667 0.6666666666666666
4 0.24010416666666667 0.5805555555555556 0.2359375 0.5916666666666667 0.234375 0.6314814814814815 0.2484375 0.6314814814814815 0.2421875 0.5833333333333334 0.24010416666666667 0.5805555555555556
5 0.21666666666666667 0.6027777777777777 0.2125 0.5842592592592593 0.20833333333333334 0.5861111111111111 0.20520833333333333 0.6064814814814815 0.2046875 0.6342592592592593 0.21666666666666667 0.6342592592592593 0.21458333333333332 0.6194444444444445 0.21666666666666667 0.6027777777777777
5 0.28020833333333334 0.5601851851851852 0.27708333333333335 0.562037037037037 0.2755208333333333 0.575 0.27447916666666666 0.6037037037037037 0.2796875 0.6064814814814815 0.28177083333333336 0.5925925925925926 0.28020833333333334 0.5601851851851852
4 0.34010416666666665 0.6074074074074074 0.3453125 0.5907407407407408 0.33541666666666664 0.5935185185185186 0.33177083333333335 0.6064814814814815 0.3307291666666667 0.6453703703703704 0.3333333333333333 0.65 0.3380208333333333 0.65 0.34010416666666665 0.6074074074074074
4 0.7041666666666667 0.7046296296296296 0.7020833333333333 0.6898148148148148 0.7067708333333333 0.6768518518518518 0.70625 0.6648148148148149 0.6979166666666666 0.6462962962962963 0.6932291666666667 0.65 0.6921875 0.6722222222222223 0.6953125 0.7046296296296296 0.7010416666666667 0.7074074074074074 0.7041666666666667 0.7046296296296296
3 0.4401041666666667 0.6370370370370371 0.446875 0.6416666666666667 0.4484375 0.637962962962963 0.44427083333333334 0.6231481481481481 0.4432291666666667 0.587037037037037 0.4395833333333333 0.5879629629629629 0.43645833333333334 0.5990740740740741 0.43645833333333334 0.6203703703703703 0.43333333333333335 0.6398148148148148 0.4359375 0.6425925925925926 0.4401041666666667 0.6370370370370371
5 0.384375 0.6611111111111111 0.3828125 0.6564814814814814 0.38333333333333336 0.6342592592592593 0.3875 0.6305555555555555 0.38697916666666665 0.6138888888888889 0.384375 0.6083333333333333 0.3807291666666667 0.6092592592592593 0.37604166666666666 0.6185185185185185 0.3729166666666667 0.637962962962963 0.37083333333333335 0.6620370370370371 0.3729166666666667 0.6638888888888889 0.375 0.6583333333333333 0.384375 0.6611111111111111
4 0.5005208333333333 0.6574074074074074 0.5036458333333333 0.6416666666666667 0.5015625 0.6083333333333333 0.4979166666666667 0.6046296296296296 0.4953125 0.612037037037037 0.49635416666666665 0.6435185185185185 0.4947916666666667 0.6527777777777778 0.496875 0.6574074074074074 0.5005208333333333 0.6574074074074074
5 0.30625 0.7203703703703703 0.3104166666666667 0.6944444444444444 0.30833333333333335 0.6638888888888889 0.30416666666666664 0.6638888888888889 0.2984375 0.6796296296296296 0.29635416666666664 0.7231481481481481 0.29791666666666666 0.7287037037037037 0.30104166666666665 0.7287037037037037 0.30625 0.7203703703703703
0 0.5604166666666667 0.5814814814814815 0.5588541666666667 0.5842592592592593 0.5583333333333333 0.5916666666666667 0.5630208333333333 0.5935185185185186 0.5630208333333333 0.5861111111111111 0.5604166666666667 0.5814814814814815
3 0.36041666666666666 0.5342592592592592 0.3567708333333333 0.5398148148148149 0.3572916666666667 0.5731481481481482 0.3619791666666667 0.575925925925926 0.365625 0.5388888888888889 0.36041666666666666 0.5342592592592592
4 0.5734375 0.6203703703703703 0.5755208333333334 0.6101851851851852 0.5723958333333333 0.5962962962962963 0.5682291666666667 0.5990740740740741 0.5630208333333333 0.6231481481481481 0.5619791666666667 0.6407407407407407 0.5635416666666667 0.6472222222222223 0.5765625 0.6444444444444445 0.5734375 0.6203703703703703
5 0.39010416666666664 0.6268518518518519 0.3885416666666667 0.6203703703703703 0.3885416666666667 0.5833333333333334 0.3848958333333333 0.5824074074074074 0.3807291666666667 0.5953703703703703 0.3796875 0.6212962962962963 0.38333333333333336 0.6314814814814815 0.3880208333333333 0.6314814814814815 0.39010416666666664 0.6268518518518519
5 0.5916666666666667 0.6425925925925926 0.5942708333333333 0.6314814814814815 0.5921875 0.6231481481481481 0.5932291666666667 0.6027777777777777 0.590625 0.6 0.5838541666666667 0.6037037037037037 0.5817708333333333 0.6101851851851852 0.5776041666666667 0.6361111111111111 0.578125 0.6444444444444445 0.5822916666666667 0.6462962962962963 0.5916666666666667 0.6425925925925926
5 0.678125 0.7342592592592593 0.6828125 0.7046296296296296 0.6828125 0.6888888888888889 0.6786458333333333 0.6694444444444444 0.6739583333333333 0.6694444444444444 0.6723958333333333 0.674074074074074 0.6708333333333333 0.6861111111111111 0.6729166666666667 0.7194444444444444 0.6744791666666666 0.7314814814814815 0.678125 0.7342592592592593
4 0.3494791666666667 0.6018518518518519 0.35052083333333334 0.5740740740740741 0.3489583333333333 0.5601851851851852 0.3458333333333333 0.5574074074074075 0.34322916666666664 0.5675925925925925 0.34322916666666664 0.5842592592592593 0.34010416666666665 0.5962962962962963 0.3416666666666667 0.6 0.3494791666666667 0.6018518518518519
3 0.22604166666666667 0.5805555555555556 0.225 0.5398148148148149 0.215625 0.5398148148148149 0.2125 0.5444444444444444 0.21875 0.5740740740740741 0.21666666666666667 0.5796296296296296 0.22604166666666667 0.5805555555555556
3 0.9635416666666666 0.912962962962963 0.9651041666666667 0.9148148148148149 0.9682291666666667 0.9138888888888889 0.9760416666666667 0.8972222222222223 0.9817708333333334 0.8925925925925926 0.9864583333333333 0.8972222222222223 0.9885416666666667 0.9148148148148149 0.9916666666666667 0.912962962962963 0.9927083333333333 0.8768518518518519 0.996875 0.8722222222222222 0.9958333333333333 0.8601851851851852 0.9864583333333333 0.8342592592592593 0.9817708333333334 0.8342592592592593 0.9677083333333333 0.887962962962963 0.9567708333333333 0.8962962962962963 0.9645833333333333 0.9074074074074074 0.9635416666666666 0.912962962962963
4 0.5973958333333333 0.6092592592592593 0.5927083333333333 0.5990740740740741 0.5848958333333333 0.6074074074074074 0.5854166666666667 0.6268518518518519 0.5916666666666667 0.6425925925925926 0.5994791666666667 0.6268518518518519 0.5973958333333333 0.6092592592592593
5 0.5473958333333333 0.587037037037037 0.5453125 0.5638888888888889 0.5432291666666667 0.5601851851851852 0.5390625 0.5601851851851852 0.534375 0.5796296296296296 0.5333333333333333 0.5972222222222222 0.5369791666666667 0.6046296296296296 0.5421875 0.5916666666666667 0.5473958333333333 0.587037037037037
5 0.5416666666666666 0.6194444444444445 0.5416666666666666 0.6092592592592593 0.5463541666666667 0.5907407407407408 0.5453125 0.5833333333333334 0.5369791666666667 0.5777777777777777 0.5333333333333333 0.5972222222222222 0.534375 0.6055555555555555 0.5307291666666667 0.6194444444444445 0.5369791666666667 0.6305555555555555 0.5416666666666666 0.6194444444444445
4 0.5489583333333333 0.6268518518518519 0.5526041666666667 0.6074074074074074 0.55 0.5879629629629629 0.5432291666666667 0.5851851851851851 0.5359375 0.5990740740740741 0.5348958333333333 0.6268518518518519 0.5364583333333334 0.6296296296296297 0.5432291666666667 0.6240740740740741 0.5489583333333333 0.6268518518518519
4 0.5953125 0.6314814814814815 0.5994791666666667 0.6314814814814815 0.6026041666666667 0.6240740740740741 0.6036458333333333 0.600925925925926 0.5994791666666667 0.5824074074074074 0.596875 0.5796296296296296 0.5942708333333333 0.5824074074074074 0.5921875 0.6027777777777777 0.5942708333333333 0.6185185185185185 0.5932291666666667 0.6268518518518519 0.5953125 0.6314814814814815