5 0.3182291666666667 0.8064814814814815 0.32135416666666666 0.8027777777777778 0.328125 0.8101851851851852 0.33177083333333335 0.8101851851851852 0.334375 0.8064814814814815 0.33697916666666666 0.7638888888888888 0.3338541666666667 0.737037037037037 0.3296875 0.737037037037037 0.32395833333333335 0.7592592592592593 0.32447916666666665 0.7851851851851852 0.31666666666666665 0.7962962962962963 0.31614583333333335 0.8027777777777778 0.3182291666666667 0.8064814814814815
5 0.7354166666666667 0.7111111111111111 0.7416666666666667 0.7018518518518518 0.7484375 0.7037037037037037 0.7489583333333333 0.7138888888888889 0.7541666666666667 0.7129629629629629 0.7557291666666667 0.6648148148148149 0.7515625 0.6638888888888889 0.7463541666666667 0.6712962962962963 0.7395833333333334 0.6925925925925925 0.7322916666666667 0.7046296296296296 0.7322916666666667 0.7111111111111111 0.7354166666666667 0.7111111111111111
5 0.9479166666666666 0.8 0.9510416666666667 0.7953703703703704 0.95625 0.7953703703703704 0.959375 0.8018518518518518 0.9614583333333333 0.7953703703703704 0.959375 0.7833333333333333 0.9588541666666667 0.7435185185185185 0.9510416666666667 0.725 0.946875 0.725925925925926 0.9453125 0.7314814814814815 0.9416666666666667 0.762962962962963 0.9453125 0.7814814814814814 0.9442708333333333 0.7981481481481482 0.9479166666666666 0.8
3 0.21197916666666666 0.5675925925925925 0.20885416666666667 0.5537037037037037 0.2015625 0.5537037037037037 0.20104166666666667 0.5907407407407408 0.20572916666666666 0.5990740740740741 0.2109375 0.5888888888888889 0.21197916666666666 0.5675925925925925
4 0.6619791666666667 0.7175925925925926 0.6619791666666667 0.7240740740740741 0.6671875 0.7240740740740741 0.6723958333333333 0.6703703703703704 0.66875 0.6685185185185185 0.6661458333333333 0.6712962962962963 0.6557291666666667 0.6888888888888889 0.653125 0.700925925925926 0.6473958333333333 0.7083333333333334 0.6463541666666667 0.7129629629629629 0.65 0.7166666666666667 0.6572916666666667 0.7083333333333334 0.6619791666666667 0.7175925925925926
4 0.16197916666666667 0.7203703703703703 0.16302083333333334 0.6972222222222222 0.16666666666666666 0.6861111111111111 0.1625 0.6537037037037037 0.15833333333333333 0.6555555555555556 0.15364583333333334 0.6675925925925926 0.153125 0.6777777777777778 0.15572916666666667 0.6907407407407408 0.1546875 0.7166666666666667 0.16197916666666667 0.7203703703703703
4 0.22135416666666666 0.8194444444444444 0.2265625 0.8212962962962963 0.22708333333333333 0.7981481481481482 0.234375 0.7712962962962963 0.23229166666666667 0.7537037037037037 0.228125 0.7398148148148148 0.22395833333333334 0.7398148148148148 0.21614583333333334 0.7657407407407407 0.21458333333333332 0.7787037037037037 0.2203125 0.7944444444444444 0.21875 0.8138888888888889 0.22135416666666666 0.8194444444444444
5 0.06979166666666667 0.7046296296296296 0.06510416666666667 0.6935185185185185 0.06354166666666666 0.6814814814814815 0.06666666666666667 0.6685185185185185 0.0640625 0.6527777777777778 0.06041666666666667 0.6462962962962963 0.05572916666666667 0.6592592592592592 0.05416666666666667 0.6805555555555556 0.053125 0.7046296296296296 0.05572916666666667 0.7083333333333334 0.06875 0.7083333333333334 0.06979166666666667 0.7046296296296296
5 0.5614583333333333 0.7787037037037037 0.5645833333333333 0.7805555555555556 0.5671875 0.7712962962962963 0.571875 0.7657407407407407 0.5703125 0.7490740740740741 0.571875 0.7472222222222222 0.5692708333333333 0.7435185185185185 0.5713541666666667 0.7240740740740741 0.5692708333333333 0.7203703703703703 0.5661458333333333 0.7222222222222222 0.5583333333333333 0.7472222222222222 0.55625 0.7638888888888888 0.55 0.7814814814814814 0.5515625 0.7870370370370371 0.5614583333333333 0.7787037037037037
4 0.09166666666666666 0.7 0.08802083333333334 0.6916666666666667 0.08125 0.700925925925926 0.08020833333333334 0.7111111111111111 0.0796875 0.7648148148148148 0.08854166666666667 0.7675925925925926 0.09427083333333333 0.7388888888888889 0.09166666666666666 0.7
5 0.6041666666666666 0.6472222222222223 0.6104166666666667 0.6555555555555556 0.6109375 0.6601851851851852 0.6169270833333333 0.6555555555555556 0.6229166666666667 0.6592592592592592 0.628125 0.6462962962962963 0.6270833333333333 0.6185185185185185 0.6192708333333333 0.612037037037037 0.6151041666666667 0.6138888888888889 0.6104166666666667 0.6305555555555555 0.6109375 0.6361111111111111 0.6072916666666667 0.637962962962963 0.6041666666666666 0.6472222222222223
4 0.7447916666666666 0.8592592592592593 0.7515625 0.8675925925925926 0.7536458333333333 0.8601851851851852 0.75 0.837037037037037 0.7536458333333333 0.825 0.7536458333333333 0.8009259259259259 0.7442708333333333 0.7805555555555556 0.7401041666666667 0.7833333333333333 0.7390625 0.7925925925925926 0.7395833333333334 0.8453703703703703 0.7338541666666667 0.8685185185185185 0.740625 0.8703703703703703 0.7447916666666666 0.8592592592592593
5 0.6140625 0.8527777777777777 0.61875 0.8546296296296296 0.6296875 0.8296296296296296 0.6328125 0.8305555555555556 0.6395833333333333 0.85 0.6453125 0.8490740740740741 0.6463541666666667 0.8453703703703703 0.6364583333333333 0.825925925925926 0.6421875 0.8037037037037037 0.6385416666666667 0.7907407407407407 0.6348958333333333 0.7861111111111111 0.6296875 0.7861111111111111 0.6229166666666667 0.7962962962962963 0.615625 0.8361111111111111 0.6104166666666667 0.8416666666666667 0.6145833333333334 0.8453703703703703 0.6140625 0.8527777777777777
0 0.6380208333333334 0.8296296296296296 0.6390625 0.8490740740740741 0.64375 0.8518518518518519 0.646875 0.8453703703703703 0.6380208333333334 0.8296296296296296
3 0.43020833333333336 0.5944444444444444 0.4317708333333333 0.5444444444444444 0.42135416666666664 0.5444444444444444 0.42239583333333336 0.5925925925925926 0.42604166666666665 0.5962962962962963 0.43020833333333336 0.5944444444444444
4 0.6265625 0.6444444444444445 0.6270833333333333 0.6185185185185185 0.6208333333333333 0.6055555555555555 0.6171875 0.6055555555555555 0.6114583333333333 0.6194444444444445 0.6041666666666666 0.6453703703703704 0.6052083333333333 0.65 0.6135416666666667 0.6444444444444445 0.6265625 0.6444444444444445
4 0.3703125 0.7444444444444445 0.371875 0.7212962962962963 0.37395833333333334 0.7157407407407408 0.37083333333333335 0.6842592592592592 0.3609375 0.6907407407407408 0.3609375 0.6990740740740741 0.35104166666666664 0.7083333333333334 0.35 0.712037037037037 0.35572916666666665 0.7138888888888889 0.359375 0.7398148148148148 0.3703125 0.7444444444444445
3 0.37135416666666665 0.687962962962963 0.3703125 0.662962962962963 0.365625 0.6648148148148149 0.35989583333333336 0.674074074074074 0.35572916666666665 0.7037037037037037 0.3494791666666667 0.7101851851851851 0.3494791666666667 0.7138888888888889 0.35885416666666664 0.7240740740740741 0.3671875 0.6907407407407408 0.37135416666666665 0.687962962962963
5 0.0875 0.6509259259259259 0.08385416666666666 0.6425925925925926 0.0796875 0.6425925925925926 0.0765625 0.6574074074074074 0.07604166666666666 0.6972222222222222 0.0890625 0.6953703703703704 0.090625 0.6657407407407407 0.0875 0.6509259259259259
4 0.22135416666666666 0.6592592592592592 0.22239583333333332 0.6148148148148148 0.2203125 0.6064814814814815 0.21614583333333334 0.6018518518518519 0.21197916666666666 0.6166666666666667 0.21197916666666666 0.6462962962962963 0.20833333333333334 0.6620370370370371 0.21666666666666667 0.6648148148148149 0.22135416666666666 0.6592592592592592
4 0.4625 0.7981481481481482 0.46770833333333334 0.7685185185185185 0.47239583333333335 0.7555555555555555 0.471875 0.7398148148148148 0.46770833333333334 0.7231481481481481 0.4630208333333333 0.7212962962962963 0.4552083333333333 0.7435185185185185 0.4546875 0.7620370370370371 0.4583333333333333 0.7768518518518519 0.45625 0.7953703703703704 0.4625 0.7981481481481482
5 0.43072916666666666 0.7444444444444445 0.4359375 0.7444444444444445 0.44427083333333334 0.7037037037037037 0.4432291666666667 0.6796296296296296 0.4390625 0.6796296296296296 0.4328125 0.6990740740740741 0.4322916666666667 0.7231481481481481 0.4270833333333333 0.7314814814814815 0.4265625 0.7379629629629629 0.43072916666666666 0.7444444444444445
4 0.6151041666666667 0.8546296296296296 0.61875 0.8546296296296296 0.6291666666666667 0.8305555555555556 0.6317708333333333 0.8296296296296296 0.6401041666666667 0.850925925925926 0.6458333333333334 0.8490740740740741 0.6463541666666667 0.8444444444444444 0.6401041666666667 0.8333333333333334 0.6375 0.8222222222222222 0.6421875 0.8055555555555556 0.640625 0.7907407407407407 0.6302083333333334 0.7851851851851852 0.6234375 0.7944444444444444 0.61875 0.8296296296296296 0.6078125 0.8407407407407408 0.6072916666666667 0.8453703703703703 0.6151041666666667 0.8546296296296296