5 0.6578125 0.7166666666666667 0.6619791666666667 0.7111111111111111 0.6588541666666666 0.7018518518518518 0.659375 0.675 0.6541666666666667 0.6592592592592592 0.6510416666666666 0.6620370370370371 0.6463541666666667 0.6768518518518518 0.6510416666666666 0.6888888888888889 0.6473958333333333 0.7166666666666667 0.6578125 0.7166666666666667
4 0.503125 0.6240740740740741 0.5010416666666667 0.6037037037037037 0.4979166666666667 0.5962962962962963 0.49270833333333336 0.5953703703703703 0.4921875 0.6416666666666667 0.5072916666666667 0.6416666666666667 0.5083333333333333 0.6351851851851852 0.503125 0.6240740740740741
5 0.5135416666666667 0.737037037037037 0.5161458333333333 0.7324074074074074 0.5182291666666666 0.6851851851851852 0.5114583333333333 0.6675925925925926 0.5083333333333333 0.6694444444444444 0.5052083333333334 0.6805555555555556 0.5041666666666667 0.6851851851851852 0.5083333333333333 0.7129629629629629 0.5088541666666667 0.7324074074074074 0.5135416666666667 0.737037037037037
4 0.084375 0.6555555555555556 0.09270833333333334 0.6462962962962963 0.0921875 0.6416666666666667 0.0875 0.6342592592592593 0.08489583333333334 0.6166666666666667 0.08020833333333334 0.6092592592592593 0.07552083333333333 0.6092592592592593 0.071875 0.6268518518518519 0.075 0.6296296296296297 0.0796875 0.6537037037037037 0.084375 0.6555555555555556
5 0.565625 0.6055555555555555 0.5640625 0.6018518518518519 0.559375 0.6027777777777777 0.5604166666666667 0.6462962962962963 0.5682291666666667 0.6481481481481481 0.5692708333333333 0.6425925925925926 0.565625 0.6055555555555555
4 0.2046875 0.6787037037037037 0.20104166666666667 0.6944444444444444 0.20416666666666666 0.6972222222222222 0.2140625 0.6953703703703704 0.21666666666666667 0.6925925925925925 0.2140625 0.6787037037037037 0.21354166666666666 0.6537037037037037 0.20885416666666667 0.6398148148148148 0.20520833333333333 0.6425925925925926 0.203125 0.6546296296296297 0.19739583333333333 0.6648148148148149 0.20026041666666666 0.6657407407407407 0.2046875 0.6787037037037037
4 0.10729166666666666 0.737037037037037 0.11041666666666666 0.7324074074074074 0.1125 0.6888888888888889 0.10729166666666666 0.6703703703703704 0.10260416666666666 0.6722222222222223 0.09947916666666666 0.6833333333333333 0.09947916666666666 0.7083333333333334 0.10260416666666666 0.7351851851851852 0.10729166666666666 0.737037037037037
3 0.34270833333333334 0.7046296296296296 0.3453125 0.6990740740740741 0.35885416666666664 0.700925925925926 0.35885416666666664 0.6972222222222222 0.3546875 0.6953703703703704 0.3484375 0.6768518518518518 0.3458333333333333 0.6611111111111111 0.3411458333333333 0.6527777777777778 0.33697916666666666 0.6527777777777778 0.33958333333333335 0.6851851851851852 0.33697916666666666 0.7166666666666667 0.3416666666666667 0.7175925925925926 0.34270833333333334 0.7046296296296296
4 0.2833333333333333 0.7768518518518519 0.2875 0.7842592592592592 0.2875 0.7907407407407407 0.2911458333333333 0.7925925925925926 0.29322916666666665 0.7907407407407407 0.2953125 0.7768518518518519 0.2947916666666667 0.7175925925925926 0.290625 0.7166666666666667 0.28541666666666665 0.7314814814814815 0.2838541666666667 0.7638888888888888 0.275 0.7712962962962963 0.275 0.7759259259259259 0.2833333333333333 0.7768518518518519
5 0.4578125 0.8018518518518518 0.46041666666666664 0.7981481481481482 0.45677083333333335 0.7759259259259259 0.4588541666666667 0.762962962962963 0.453125 0.7314814814814815 0.44947916666666665 0.7287037037037037 0.4427083333333333 0.7435185185185185 0.44166666666666665 0.7546296296296297 0.446875 0.7981481481481482 0.4515625 0.8027777777777778 0.4578125 0.8018518518518518
5 0.61875 0.6601851851851852 0.61875 0.6537037037037037 0.6135416666666667 0.6425925925925926 0.6125 0.6064814814814815 0.6114583333333333 0.6027777777777777 0.6072916666666667 0.6027777777777777 0.60625 0.6101851851851852 0.6026041666666667 0.6157407407407407 0.603125 0.6657407407407407 0.61875 0.6601851851851852