4 0.3802083333333333 0.6305555555555555 0.3807291666666667 0.6222222222222222 0.37916666666666665 0.5898148148148148 0.3765625 0.5833333333333334 0.3729166666666667 0.5833333333333334 0.371875 0.5898148148148148 0.3703125 0.6148148148148148 0.37447916666666664 0.6305555555555555 0.3770833333333333 0.6333333333333333 0.3802083333333333 0.6305555555555555
4 0.32083333333333336 0.7472222222222222 0.3203125 0.7416666666666667 0.3109375 0.7 0.30520833333333336 0.6907407407407408 0.3026041666666667 0.6888888888888889 0.30052083333333335 0.6925925925925925 0.3026041666666667 0.7361111111111112 0.3078125 0.7509259259259259 0.3182291666666667 0.7518518518518519 0.32083333333333336 0.7472222222222222
5 0.46875 0.637962962962963 0.4744791666666667 0.6416666666666667 0.4765625 0.6324074074074074 0.471875 0.6018518518518519 0.4666666666666667 0.5935185185185186 0.46510416666666665 0.5990740740740741 0.465625 0.6157407407407407 0.4625 0.6398148148148148 0.4671875 0.6416666666666667 0.46875 0.637962962962963
5 0.6026041666666667 0.6537037037037037 0.6072916666666667 0.6537037037037037 0.6088541666666667 0.6138888888888889 0.6036458333333333 0.600925925925926 0.6 0.6018518518518519 0.5973958333333333 0.6111111111111112 0.596875 0.6231481481481481 0.6010416666666667 0.6398148148148148 0.6010416666666667 0.65 0.6026041666666667 0.6537037037037037
5 0.20104166666666667 0.7527777777777778 0.203125 0.762962962962963 0.20677083333333332 0.7648148148148148 0.20677083333333332 0.7537037037037037 0.19947916666666668 0.7101851851851851 0.19270833333333334 0.7 0.1890625 0.7129629629629629 0.1875 0.7666666666666667 0.19322916666666667 0.7685185185185185 0.19427083333333334 0.7606481481481482 0.20104166666666667 0.7527777777777778
4 0.7359375 0.7481481481481481 0.7390625 0.7509259259259259 0.74375 0.7490740740740741 0.740625 0.6981481481481482 0.7322916666666667 0.6888888888888889 0.7260416666666667 0.6916666666666667 0.7234375 0.7 0.7239583333333334 0.712037037037037 0.73125 0.7203703703703703 0.7359375 0.7481481481481481
4 0.12708333333333333 0.6222222222222222 0.12239583333333333 0.6083333333333333 0.11927083333333334 0.6064814814814815 0.1171875 0.6101851851851852 0.11614583333333334 0.6435185185185185 0.12291666666666666 0.662962962962963 0.12552083333333333 0.6583333333333333 0.12708333333333333 0.6222222222222222
4 0.17083333333333334 0.6703703703703704 0.17395833333333333 0.6638888888888889 0.17135416666666667 0.6462962962962963 0.1671875 0.6342592592592593 0.16458333333333333 0.6333333333333333 0.15885416666666666 0.649074074074074 0.15885416666666666 0.6694444444444444 0.16510416666666666 0.6898148148148148 0.16979166666666667 0.6898148148148148 0.17083333333333334 0.6703703703703704
5 0.71875 0.6574074074074074 0.7130208333333333 0.6453703703703704 0.7098958333333333 0.6537037037037037 0.7104166666666667 0.6898148148148148 0.7177083333333333 0.7018518518518518 0.7244791666666667 0.7 0.71875 0.6574074074074074
4 0.8338541666666667 0.6657407407407407 0.834375 0.6324074074074074 0.8328125 0.6222222222222222 0.8302083333333333 0.6138888888888889 0.8260416666666667 0.6101851851851852 0.8208333333333333 0.6231481481481481 0.8197916666666667 0.6416666666666667 0.8265625 0.6675925925925926 0.8322916666666667 0.6694444444444444 0.8338541666666667 0.6657407407407407
4 0.3489583333333333 0.8101851851851852 0.353125 0.812962962962963 0.35572916666666665 0.8101851851851852 0.35520833333333335 0.7944444444444444 0.35833333333333334 0.7861111111111111 0.3651041666666667 0.7953703703703704 0.36875 0.7944444444444444 0.36302083333333335 0.7768518518518519 0.3619791666666667 0.7472222222222222 0.35989583333333336 0.7379629629629629 0.3572916666666667 0.7333333333333333 0.353125 0.7361111111111112 0.35208333333333336 0.7731481481481481 0.3489583333333333 0.7888888888888889 0.35052083333333334 0.8037037037037037 0.3489583333333333 0.8101851851851852
5 0.7755208333333333 0.7888888888888889 0.778125 0.7814814814814814 0.7734375 0.7509259259259259 0.7786458333333334 0.7481481481481481 0.7703125 0.7194444444444444 0.7682291666666666 0.7157407407407408 0.7651041666666667 0.7166666666666667 0.7578125 0.737037037037037 0.7572916666666667 0.7398148148148148 0.7630208333333334 0.75 0.7598958333333333 0.7861111111111111 0.7755208333333333 0.7888888888888889
5 0 0.875 0.009895833333333333 0.8564814814814815 0.011458333333333333 0.8157407407407408 0.009895833333333333 0.812037037037037 0.005208333333333333 0.812037037037037 0 0.8212962962962963 0 0.875
4 0.5677083333333334 0.6972222222222222 0.5713541666666667 0.6888888888888889 0.575 0.687037037037037 0.5833333333333334 0.6925925925925925 0.5828125 0.6851851851851852 0.5760416666666667 0.675 0.5729166666666666 0.649074074074074 0.56875 0.6398148148148148 0.565625 0.6407407407407407 0.5640625 0.6481481481481481 0.5609375 0.65 0.5661458333333333 0.6648148148148149 0.5677083333333334 0.6972222222222222
5 0.5598958333333334 0.7129629629629629 0.5651041666666666 0.7148148148148148 0.5682291666666667 0.6962962962962963 0.5666666666666667 0.6574074074074074 0.5619791666666667 0.6444444444444445 0.5515625 0.65 0.55 0.6546296296296297 0.55625 0.6814814814814815 0.55625 0.6944444444444444 0.5598958333333334 0.7129629629629629
5 0.4828125 0.7379629629629629 0.47760416666666666 0.7 0.4744791666666667 0.6888888888888889 0.4708333333333333 0.687962962962963 0.46875 0.6925925925925925 0.46822916666666664 0.7518518518518519 0.4703125 0.7546296296296297 0.4817708333333333 0.7546296296296297 0.4828125 0.7379629629629629
4 0.06458333333333334 0.8324074074074074 0.071875 0.85 0.071875 0.8546296296296296 0.078125 0.8537037037037037 0.07708333333333334 0.8305555555555556 0.07135416666666666 0.8194444444444444 0.06927083333333334 0.8055555555555556 0.07083333333333333 0.7962962962962963 0.06927083333333334 0.7833333333333333 0.06458333333333334 0.7842592592592592 0.059895833333333336 0.7953703703703704 0.051041666666666666 0.8388888888888889 0.0421875 0.8546296296296296 0.043229166666666666 0.8601851851851852 0.0484375 0.8574074074074074 0.06041666666666667 0.8351851851851851 0.06458333333333334 0.8324074074074074
5 0.1578125 0.6694444444444444 0.15885416666666666 0.6601851851851852 0.15572916666666667 0.6342592592592593 0.15 0.6231481481481481 0.14635416666666667 0.6231481481481481 0.14635416666666667 0.674074074074074 0.15 0.675 0.15208333333333332 0.6703703703703704 0.1578125 0.6694444444444444
3 0.3536458333333333 0.7175925925925926 0.35572916666666665 0.7148148148148148 0.35625 0.7064814814814815 0.35208333333333336 0.6916666666666667 0.353125 0.6694444444444444 0.3453125 0.6527777777777778 0.3416666666666667 0.6527777777777778 0.3411458333333333 0.6805555555555556 0.34375 0.6981481481481482 0.35052083333333334 0.7157407407407408 0.3536458333333333 0.7175925925925926
5 0.4546875 0.8185185185185185 0.4666666666666667 0.8185185185185185 0.46875 0.8101851851851852 0.4640625 0.7925925925925926 0.4640625 0.7703703703703704 0.4552083333333333 0.7342592592592593 0.4510416666666667 0.7361111111111112 0.45 0.7472222222222222 0.44947916666666665 0.7925925925925926 0.45364583333333336 0.8083333333333333 0.453125 0.8138888888888889 0.4546875 0.8185185185185185
3 0 0.5925925925925926 0.005208333333333333 0.5972222222222222 0.008333333333333333 0.5953703703703703 0.0078125 0.5907407407407408 0.012239583333333333 0.5796296296296296 0.0171875 0.575925925925926 0.017708333333333333 0.5518518518518518 0.0125 0.5462962962962963 0.00625 0.5527777777777778 0 0.5518518518518518 0 0.5925925925925926
2 0.8578125 0.6703703703703704 0.8609375 0.6620370370370371 0.859375 0.6509259259259259 0.8604166666666667 0.6203703703703703 0.8583333333333333 0.6092592592592593 0.8541666666666666 0.6018518518518519 0.8505208333333333 0.6064814814814815 0.85 0.6148148148148148 0.8494791666666667 0.6361111111111111 0.8526041666666667 0.6620370370370371 0.8536458333333333 0.6685185185185185 0.8578125 0.6703703703703704