4 0.5057291666666667 0.6666666666666666 0.5072916666666667 0.662962962962963 0.5067708333333333 0.6453703703703704 0.5088541666666667 0.6388888888888888 0.5083333333333333 0.6222222222222222 0.5015625 0.6111111111111112 0.4984375 0.6111111111111112 0.496875 0.6305555555555555 0.496875 0.6666666666666666 0.5057291666666667 0.6666666666666666
2 0.31354166666666666 0.6324074074074074 0.31927083333333334 0.6388888888888888 0.3234375 0.6314814814814815 0.3223958333333333 0.6166666666666667 0.3296875 0.6064814814814815 0.31354166666666666 0.6 0.309375 0.6046296296296296 0.30520833333333336 0.6185185185185185 0.303125 0.637962962962963 0.31354166666666666 0.6324074074074074
5 0.3640625 0.6546296296296297 0.3625 0.6620370370370371 0.365625 0.6935185185185185 0.37395833333333334 0.6851851851851852 0.3729166666666667 0.6722222222222223 0.3770833333333333 0.6620370370370371 0.378125 0.649074074074074 0.375 0.6407407407407407 0.378125 0.637962962962963 0.37395833333333334 0.6342592592592593 0.3651041666666667 0.6342592592592593 0.3625 0.6388888888888888 0.3640625 0.6546296296296297
4 0.8708333333333333 0.7398148148148148 0.8760416666666667 0.7444444444444445 0.8807291666666667 0.7435185185185185 0.8817708333333333 0.6962962962962963 0.8802083333333334 0.6814814814814815 0.8765625 0.6731481481481482 0.8723958333333334 0.6777777777777778 0.8713541666666667 0.700925925925926 0.8723958333333334 0.7333333333333333 0.8708333333333333 0.7398148148148148
3 0.5880208333333333 0.5638888888888889 0.5864583333333333 0.5351851851851852 0.5796875 0.5305555555555556 0.5770833333333333 0.5388888888888889 0.5776041666666667 0.5638888888888889 0.5880208333333333 0.5638888888888889
5 0.4640625 0.6462962962962963 0.4671875 0.6425925925925926 0.46875 0.6296296296296297 0.47291666666666665 0.6240740740740741 0.4734375 0.6129629629629629 0.4671875 0.5972222222222222 0.46197916666666666 0.6074074074074074 0.46145833333333336 0.6425925925925926 0.4640625 0.6462962962962963
4 0.41302083333333334 0.6666666666666666 0.415625 0.6703703703703704 0.425 0.662962962962963 0.4276041666666667 0.6712962962962963 0.43125 0.6694444444444444 0.42916666666666664 0.6546296296296297 0.4296875 0.6342592592592593 0.425 0.6240740740740741 0.4197916666666667 0.6222222222222222 0.41875 0.625 0.41875 0.6435185185185185 0.41302083333333334 0.6666666666666666
5 0.421875 0.6203703703703703 0.43125 0.6314814814814815 0.4354166666666667 0.6268518518518519 0.4375 0.5953703703703703 0.43125 0.5833333333333334 0.4276041666666667 0.5824074074074074 0.42291666666666666 0.5990740740740741 0.4239583333333333 0.6092592592592593 0.421875 0.6203703703703703
4 0.40625 0.6342592592592593 0.4088541666666667 0.637962962962963 0.4083333333333333 0.5972222222222222 0.40520833333333334 0.587037037037037 0.40208333333333335 0.5888888888888889 0.39739583333333334 0.6055555555555555 0.3963541666666667 0.6398148148148148 0.40625 0.6342592592592593
4 0.5859375 0.65 0.5916666666666667 0.6509259259259259 0.5953125 0.6462962962962963 0.5953125 0.6203703703703703 0.6020833333333333 0.6074074074074074 0.5989583333333334 0.5990740740740741 0.5947916666666667 0.5962962962962963 0.5875 0.5990740740740741 0.5875 0.6416666666666667 0.5859375 0.65
4 0.2921875 0.6861111111111111 0.29791666666666666 0.687037037037037 0.30104166666666665 0.6814814814814815 0.30052083333333335 0.6342592592592593 0.29270833333333335 0.6333333333333333 0.28958333333333336 0.637962962962963 0.2890625 0.6462962962962963 0.2890625 0.6787037037037037 0.2921875 0.6861111111111111
5 0.4390625 0.6453703703703704 0.4432291666666667 0.6472222222222223 0.44895833333333335 0.6138888888888889 0.446875 0.5944444444444444 0.4427083333333333 0.5935185185185186 0.4390625 0.5972222222222222 0.43697916666666664 0.612037037037037 0.4359375 0.6342592592592593 0.4390625 0.6453703703703704
5 0.3723958333333333 0.6185185185185185 0.3770833333333333 0.6175925925925926 0.3802083333333333 0.6111111111111112 0.378125 0.5935185185185186 0.3765625 0.5907407407407408 0.37135416666666665 0.5935185185185186 0.36875 0.6111111111111112 0.3723958333333333 0.6185185185185185
4 0.4390625 0.6092592592592593 0.4453125 0.6074074074074074 0.4473958333333333 0.5944444444444444 0.44427083333333334 0.5768518518518518 0.44114583333333335 0.5768518518518518 0.43802083333333336 0.587037037037037 0.43697916666666664 0.5962962962962963 0.4390625 0.6092592592592593
4 0.5958333333333333 0.6148148148148148 0.6015625 0.6111111111111112 0.6010416666666667 0.575925925925926 0.5989583333333334 0.5666666666666667 0.5953125 0.5666666666666667 0.59375 0.5712962962962963 0.5890625 0.6064814814814815 0.5958333333333333 0.6148148148148148
5 0.36822916666666666 0.6388888888888888 0.3723958333333333 0.65 0.3807291666666667 0.6509259259259259 0.38229166666666664 0.6324074074074074 0.37916666666666665 0.6055555555555555 0.37552083333333336 0.5981481481481481 0.3723958333333333 0.5981481481481481 0.3692708333333333 0.6055555555555555 0.3703125 0.6166666666666667 0.36822916666666666 0.6388888888888888
5 0.2755208333333333 0.6722222222222223 0.275 0.6796296296296296 0.28489583333333335 0.6759259259259259 0.2916666666666667 0.6851851851851852 0.2989583333333333 0.6777777777777778 0.3 0.6342592592592593 0.2869791666666667 0.6342592592592593 0.2838541666666667 0.6657407407407407 0.2755208333333333 0.6722222222222223
0 0.30520833333333336 0.6824074074074075 0.3020833333333333 0.675 0.29739583333333336 0.6768518518518518 0.2984375 0.6861111111111111 0.30520833333333336 0.6824074074074075
4 0.4036458333333333 0.725 0.40208333333333335 0.7333333333333333 0.4036458333333333 0.7444444444444445 0.4078125 0.7444444444444445 0.4125 0.7398148148148148 0.41510416666666666 0.725 0.4140625 0.7185185185185186 0.4171875 0.7055555555555556 0.4171875 0.6898148148148148 0.4088541666666667 0.6731481481481482 0.40677083333333336 0.674074074074074 0.40260416666666665 0.6888888888888889 0.4015625 0.7101851851851851 0.4036458333333333 0.725
5 0.5583333333333333 0.6425925925925926 0.5598958333333334 0.6518518518518519 0.5567708333333333 0.6768518518518518 0.559375 0.6796296296296296 0.5677083333333334 0.6787037037037037 0.565625 0.637962962962963 0.5604166666666667 0.625 0.5567708333333333 0.6277777777777778 0.5552083333333333 0.637962962962963 0.5583333333333333 0.6425925925925926
4 0.4114583333333333 0.625 0.4171875 0.6222222222222222 0.41875 0.5916666666666667 0.4114583333333333 0.5796296296296296 0.4088541666666667 0.5824074074074074 0.4078125 0.5944444444444444 0.4078125 0.6222222222222222 0.4114583333333333 0.625
3 0.446875 0.7037037037037037 0.446875 0.7157407407407408 0.4505208333333333 0.7157407407407408 0.45260416666666664 0.7092592592592593 0.4609375 0.712037037037037 0.4609375 0.6972222222222222 0.46458333333333335 0.6907407407407408 0.4630208333333333 0.6722222222222223 0.4552083333333333 0.6601851851851852 0.45 0.6638888888888889 0.45208333333333334 0.6824074074074075 0.446875 0.7037037037037037
4 0.35208333333333336 0.6546296296296297 0.35572916666666665 0.649074074074074 0.3651041666666667 0.649074074074074 0.36770833333333336 0.637962962962963 0.3609375 0.6129629629629629 0.3541666666666667 0.6185185185185185 0.35104166666666664 0.6342592592592593 0.35 0.6509259259259259 0.35208333333333336 0.6546296296296297