5 0.7708333333333334 0.625 0.7833333333333333 0.6277777777777778 0.7880208333333333 0.6222222222222222 0.7869791666666667 0.5925925925925926 0.7895833333333333 0.5907407407407408 0.7885416666666667 0.5861111111111111 0.790625 0.575 0.7822916666666667 0.5638888888888889 0.7739583333333333 0.5833333333333334 0.7776041666666667 0.6018518518518519 0.7708333333333334 0.625
3 0.044270833333333336 0.5361111111111111 0.052083333333333336 0.5361111111111111 0.0546875 0.5324074074074074 0.05520833333333333 0.5092592592592593 0.051041666666666666 0.4898148148148148 0.046875 0.4898148148148148 0.044270833333333336 0.5046296296296297 0.043229166666666666 0.5333333333333333 0.044270833333333336 0.5361111111111111
4 0.35885416666666664 0.6666666666666666 0.3572916666666667 0.6842592592592592 0.359375 0.6898148148148148 0.3645833333333333 0.6907407407407408 0.3671875 0.6888888888888889 0.3729166666666667 0.65 0.37135416666666665 0.6342592592592593 0.3651041666666667 0.6138888888888889 0.3609375 0.6166666666666667 0.35625 0.6361111111111111 0.35572916666666665 0.6555555555555556 0.35885416666666664 0.6666666666666666
4 0.6734375 0.6185185185185185 0.6734375 0.6240740740740741 0.678125 0.6268518518518519 0.6822916666666666 0.6157407407407407 0.6890625 0.6287037037037037 0.6932291666666667 0.6277777777777778 0.690625 0.5601851851851852 0.6875 0.5601851851851852 0.684375 0.5685185185185185 0.6807291666666667 0.5990740740740741 0.6734375 0.6185185185185185
4 0.1890625 0.5675925925925925 0.19427083333333334 0.5712962962962963 0.196875 0.5777777777777777 0.20052083333333334 0.5777777777777777 0.203125 0.5601851851851852 0.20104166666666667 0.525 0.196875 0.524074074074074 0.19322916666666667 0.5370370370370371 0.19270833333333334 0.5527777777777778 0.1890625 0.5675925925925925
5 0.5635416666666667 0.695987962962963 0.5625 0.7277777777777777 0.5760416666666667 0.7324074074074074 0.5786458333333333 0.6796296296296296 0.5760416666666667 0.6666666666666666 0.5703125 0.6537037037037037 0.5661458333333333 0.6537037037037037 0.5598958333333334 0.6805555555555556 0.5635416666666667 0.695987962962963
4 0.016145833333333335 0.6990740740740741 0.0203125 0.6990740740740741 0.023958333333333335 0.687037037037037 0.0328125 0.687037037037037 0.033854166666666664 0.6962962962962963 0.0375 0.7 0.040625 0.6962962962962963 0.03697916666666667 0.6787037037037037 0.035416666666666666 0.6620370370370371 0.03697916666666667 0.6537037037037037 0.033854166666666664 0.6444444444444445 0.03333333333333333 0.6231481481481481 0.027604166666666666 0.6231481481481481 0.023958333333333335 0.637962962962963 0.022916666666666665 0.6638888888888889 0.016145833333333335 0.6990740740740741
5 0.8869791666666667 0.6907407407407408 0.8875 0.6990740740740741 0.8885416666666667 0.7018518518518518 0.8973958333333333 0.6962962962962963 0.9005208333333333 0.7037037037037037 0.9026041666666667 0.700925925925926 0.9010416666666666 0.6703703703703704 0.9052083333333333 0.6574074074074074 0.9052083333333333 0.6462962962962963 0.9 0.6342592592592593 0.8963541666666667 0.6333333333333333 0.8895833333333333 0.6527777777777778 0.8911458333333333 0.6805555555555556 0.8869791666666667 0.6907407407407408
5 0.5401041666666667 0.6287037037037037 0.5458333333333333 0.6287037037037037 0.5489583333333333 0.6305555555555555 0.5526041666666667 0.6444444444444445 0.5583333333333333 0.6425925925925926 0.5536458333333333 0.6185185185185185 0.55625 0.612037037037037 0.5640625 0.6083333333333333 0.5604166666666667 0.5777777777777777 0.5515625 0.5796296296296296 0.5447916666666667 0.5879629629629629 0.5432291666666667 0.5981481481481481 0.5447916666666667 0.6101851851851852 0.5401041666666667 0.6222222222222222 0.5359375 0.625 0.5369791666666667 0.6333333333333333 0.5401041666666667 0.6287037037037037
4 0.8526041666666667 0.7175925925925926 0.8557291666666667 0.7203703703703703 0.8588541666666667 0.7166666666666667 0.8645833333333334 0.6601851851851852 0.8567708333333334 0.6416666666666667 0.8526041666666667 0.6416666666666667 0.8489583333333334 0.6546296296296297 0.846875 0.6703703703703704 0.8526041666666667 0.7175925925925926
4 0.40729166666666666 0.5638888888888889 0.4171875 0.5638888888888889 0.4203125 0.5518518518518518 0.42083333333333334 0.525 0.41875 0.512962962962963 0.41458333333333336 0.5120370370370371 0.4109375 0.5259259259259259 0.40625 0.5601851851851852 0.40729166666666666 0.5638888888888889
4 0.759375 0.5638888888888889 0.7635416666666667 0.5648148148148148 0.7708333333333334 0.5407407407407407 0.7708333333333334 0.5324074074074074 0.7635416666666667 0.5166666666666667 0.759375 0.5175925925925926 0.7557291666666667 0.5277777777777778 0.7552083333333334 0.5361111111111111 0.759375 0.5638888888888889
5 0.665625 0.5453703703703704 0.6692708333333334 0.5444444444444444 0.6760416666666667 0.5305555555555556 0.6760416666666667 0.5074074074074074 0.6734375 0.49907407407407406 0.6666666666666666 0.5212962962962963 0.6635416666666667 0.5407407407407407 0.665625 0.5453703703703704
5 0.26510416666666664 0.5981481481481481 0.26666666666666666 0.6027777777777777 0.2713541666666667 0.6027777777777777 0.27395833333333336 0.562037037037037 0.2677083333333333 0.5425925925925926 0.2640625 0.5444444444444444 0.26197916666666665 0.5527777777777778 0.26145833333333335 0.5657407407407408 0.26510416666666664 0.5981481481481481
5 0.6989583333333333 0.5666666666666667 0.7005208333333334 0.5722222222222222 0.7046875 0.5722222222222222 0.7078125 0.5685185185185185 0.7098958333333333 0.5592592592592592 0.7104166666666667 0.5444444444444444 0.70625 0.5212962962962963 0.7005208333333334 0.5222222222222223 0.6989583333333333 0.5287037037037037 0.6989583333333333 0.5666666666666667
3 0.5411458333333333 0.5731481481481482 0.546875 0.5777777777777777 0.5510416666666667 0.5703703703703704 0.5609375 0.5685185185185185 0.5604166666666667 0.5453703703703704 0.5526041666666667 0.5453703703703704 0.5489583333333333 0.5314814814814814 0.5447916666666667 0.5277777777777778 0.5390625 0.5398148148148149 0.5380208333333333 0.549074074074074 0.5411458333333333 0.5731481481481482
4 0.8135416666666667 0.8018518518518518 0.8130208333333333 0.8222222222222222 0.81875 0.825 0.8239583333333333 0.8148148148148148 0.8223958333333333 0.7925925925925926 0.8265625 0.762962962962963 0.8260416666666667 0.75 0.8151041666666666 0.725 0.8114583333333333 0.7287037037037037 0.8083333333333333 0.75 0.80625 0.7759259259259259 0.8135416666666667 0.8018518518518518
4 0.521875 0.5212962962962963 0.5244791666666667 0.524074074074074 0.5260416666666666 0.5361111111111111 0.5302083333333333 0.5370370370370371 0.5354166666666667 0.4962962962962963 0.5291666666666667 0.4935185185185185 0.5265625 0.4981481481481482 0.5265625 0.5055555555555555 0.521875 0.5212962962962963
5 0.2552083333333333 0.6638888888888889 0.25625 0.6888888888888889 0.26510416666666664 0.6888888888888889 0.26666666666666666 0.6842592592592592 0.2640625 0.6592592592592592 0.26666666666666666 0.6305555555555555 0.259375 0.6092592592592593 0.2557291666666667 0.6092592592592593 0.25104166666666666 0.6231481481481481 0.25052083333333336 0.6333333333333333 0.2552083333333333 0.6638888888888889
4 0.23385416666666667 0.5861111111111111 0.2359375 0.5990740740740741 0.234375 0.6037037037037037 0.23541666666666666 0.6342592592592593 0.24427083333333333 0.6351851851851852 0.24739583333333334 0.6268518518518519 0.24739583333333334 0.5787037037037037 0.24322916666666666 0.5675925925925925 0.23958333333333334 0.5666666666666667 0.23854166666666668 0.5796296296296296 0.23385416666666667 0.5861111111111111
5 0.5546875 0.6037037037037037 0.5583333333333333 0.6111111111111112 0.5640625 0.6101851851851852 0.5625 0.5657407407407408 0.5598958333333334 0.5462962962962963 0.5546875 0.5481481481481482 0.553125 0.562962962962963 0.5515625 0.5879629629629629 0.5546875 0.6037037037037037
0 0.7385416666666667 0.5398148148148149 0.74375 0.537962962962963 0.7427083333333333 0.5305555555555556 0.7380208333333333 0.5296296296296297 0.7364583333333333 0.5333333333333333 0.7385416666666667 0.5398148148148149