4 0.621875 0.7175925925925926 0.61875 0.7472222222222222 0.6213541666666667 0.7537037037037037 0.6223958333333334 0.7675925925925926 0.6265625 0.7712962962962963 0.6302083333333334 0.7638888888888888 0.63125 0.7407407407407407 0.6338541666666667 0.7287037037037037 0.6333333333333333 0.7166666666666667 0.6291666666666667 0.700925925925926 0.6229166666666667 0.6907407407407408 0.6192708333333333 0.6907407407407408 0.61875 0.700925925925926 0.621875 0.7175925925925926
4 0.6348958333333333 0.6462962962962963 0.6390625 0.6472222222222223 0.6489583333333333 0.600925925925926 0.6427083333333333 0.5851851851851851 0.6375 0.5907407407407408 0.6348958333333333 0.600925925925926 0.634375 0.6425925925925926 0.6348958333333333 0.6462962962962963
5 0.11979166666666667 0.6685185185185185 0.13072916666666667 0.6185185185185185 0.12760416666666666 0.6055555555555555 0.12291666666666666 0.6027777777777777 0.11666666666666667 0.6203703703703703 0.1171875 0.6648148148148149 0.11979166666666667 0.6685185185185185
5 0.5447916666666667 0.7287037037037037 0.5515625 0.7138888888888889 0.5583333333333333 0.7222222222222222 0.5598958333333334 0.7351851851851852 0.5635416666666667 0.7333333333333333 0.5609375 0.6777777777777778 0.5567708333333333 0.6620370370370371 0.5526041666666667 0.6620370370370371 0.5510416666666667 0.6657407407407407 0.5484375 0.6777777777777778 0.5484375 0.7 0.5421875 0.7222222222222222 0.5416666666666666 0.7277777777777777 0.5447916666666667 0.7287037037037037
3 0.5848958333333333 0.6685185185185185 0.5875 0.6703703703703704 0.5958333333333333 0.6148148148148148 0.5916666666666667 0.6027777777777777 0.5875 0.6 0.5791666666666667 0.6175925925925926 0.5822916666666667 0.6546296296296297 0.5848958333333333 0.6685185185185185
5 0.6973958333333333 0.6287037037037037 0.7052083333333333 0.6231481481481481 0.7078125 0.5944444444444444 0.7046875 0.5833333333333334 0.7010416666666667 0.5805555555555556 0.6963541666666667 0.5916666666666667 0.6947916666666667 0.6185185185185185 0.6973958333333333 0.6287037037037037
5 0.7614583333333333 0.7444444444444445 0.7661458333333333 0.7564814814814815 0.7713541666666667 0.7564814814814815 0.7661458333333333 0.737037037037037 0.7666666666666667 0.7074074074074074 0.7640625 0.6888888888888889 0.759375 0.687962962962963 0.7552083333333334 0.7018518518518518 0.7520833333333333 0.7388888888888889 0.7614583333333333 0.7444444444444445
4 0.6994791666666667 0.6916666666666667 0.7020833333333333 0.6888888888888889 0.7104166666666667 0.6444444444444445 0.7010416666666667 0.6231481481481481 0.6973958333333333 0.6222222222222222 0.69375 0.6342592592592593 0.6947916666666667 0.6888888888888889 0.6994791666666667 0.6916666666666667
4 0.865625 0.6972222222222222 0.8703125 0.700925925925926 0.8723958333333334 0.6990740740740741 0.8755208333333333 0.6842592592592592 0.8802083333333334 0.6453703703703704 0.8765625 0.6314814814814815 0.8734375 0.6277777777777778 0.8651041666666667 0.6425925925925926 0.8666666666666667 0.6620370370370371 0.865625 0.6972222222222222
4 0.384375 0.6638888888888889 0.384375 0.6962962962962963 0.3885416666666667 0.700925925925926 0.39375 0.6916666666666667 0.39739583333333334 0.6472222222222223 0.3921875 0.6305555555555555 0.3885416666666667 0.6305555555555555 0.38333333333333336 0.6444444444444445 0.38177083333333334 0.6537037037037037 0.384375 0.6638888888888889
5 0.4744791666666667 0.825 0.47708333333333336 0.8333333333333334 0.4822916666666667 0.8296296296296296 0.48854166666666665 0.8175925925925925 0.496875 0.7888888888888889 0.5026041666666666 0.7870370370370371 0.49635416666666665 0.7472222222222222 0.49270833333333336 0.7462962962962963 0.484375 0.7666666666666667 0.48072916666666665 0.8055555555555556 0.4744791666666667 0.825
0 0.35572916666666665 0.7462962962962963 0.35989583333333336 0.75 0.36302083333333335 0.7481481481481481 0.36354166666666665 0.7342592592592593 0.3572916666666667 0.7361111111111112 0.3546875 0.7398148148148148 0.35572916666666665 0.7462962962962963
4 0.8026041666666667 0.6666666666666666 0.8078125 0.6694444444444444 0.8114583333333333 0.6657407407407407 0.8140625 0.6564814814814814 0.8203125 0.6222222222222222 0.8151041666666666 0.6064814814814815 0.8104166666666667 0.600925925925926 0.8057291666666667 0.6222222222222222 0.8072916666666666 0.6314814814814815 0.8026041666666667 0.6666666666666666
4 0.26666666666666666 0.7074074074074074 0.26666666666666666 0.7277777777777777 0.271875 0.7314814814814815 0.2755208333333333 0.7287037037037037 0.27760416666666665 0.7203703703703703 0.27708333333333335 0.6944444444444444 0.2828125 0.6851851851851852 0.271875 0.6546296296296297 0.2677083333333333 0.6583333333333333 0.2630208333333333 0.6712962962962963 0.2598958333333333 0.6851851851851852 0.26666666666666666 0.7074074074074074
5 0.27708333333333335 0.7212962962962963 0.2833333333333333 0.7231481481481481 0.2875 0.7203703703703703 0.290625 0.7379629629629629 0.2947916666666667 0.7398148148148148 0.296875 0.7361111111111112 0.2953125 0.7138888888888889 0.29739583333333336 0.7037037037037037 0.3026041666666667 0.6972222222222222 0.2984375 0.6768518518518518 0.2947916666666667 0.6731481481481482 0.28125 0.6888888888888889 0.2838541666666667 0.7037037037037037 0.27708333333333335 0.7212962962962963
5 0.4552083333333333 0.6129629629629629 0.4588541666666667 0.6101851851851852 0.4588541666666667 0.5638888888888889 0.45364583333333336 0.5592592592592592 0.4505208333333333 0.562962962962963 0.44947916666666665 0.5712962962962963 0.44947916666666665 0.5981481481481481 0.4552083333333333 0.6129629629629629
4 0.7416666666666667 0.6055555555555555 0.7458333333333333 0.5916666666666667 0.7432291666666667 0.5740740740740741 0.7395833333333334 0.5703703703703704 0.7322916666666667 0.5814814814814815 0.7322916666666667 0.6037037037037037 0.7416666666666667 0.6055555555555555
5 0.7796875 0.6453703703703704 0.7838541666666666 0.6462962962962963 0.7875 0.6398148148148148 0.7916666666666666 0.5990740740740741 0.7869791666666667 0.5842592592592593 0.7828125 0.587037037037037 0.7791666666666667 0.5981481481481481 0.778125 0.6398148148148148 0.7796875 0.6453703703703704
3 0.12604166666666666 0.5712962962962963 0.12552083333333333 0.587037037037037 0.13177083333333334 0.5888888888888889 0.13489583333333333 0.587037037037037 0.1359375 0.5703703703703704 0.14739583333333334 0.5648148148148148 0.14583333333333334 0.5574074074074075 0.15 0.5509259259259259 0.13854166666666667 0.5407407407407407 0.13020833333333334 0.5416666666666666 0.12552083333333333 0.5444444444444444 0.11875 0.5592592592592592 0.11875 0.5666666666666667 0.12604166666666666 0.5712962962962963
5 0.41458333333333336 0.6694444444444444 0.42291666666666666 0.6712962962962963 0.42239583333333336 0.6222222222222222 0.4166666666666667 0.6129629629629629 0.41302083333333334 0.6138888888888889 0.40989583333333335 0.6222222222222222 0.409375 0.6305555555555555 0.41458333333333336 0.6694444444444444
4 0.8317708333333333 0.7194444444444444 0.8296875 0.7407407407407407 0.8328125 0.7435185185185185 0.8432291666666667 0.7203703703703703 0.840625 0.7111111111111111 0.8473958333333333 0.6888888888888889 0.8395833333333333 0.6638888888888889 0.8375 0.6620370370370371 0.8338541666666667 0.6666666666666666 0.8291666666666667 0.6814814814814815 0.8317708333333333 0.7194444444444444
4 0.4661458333333333 0.6148148148148148 0.4703125 0.6138888888888889 0.471875 0.6092592592592593 0.46770833333333334 0.5981481481481481 0.46979166666666666 0.5685185185185185 0.4666666666666667 0.562037037037037 0.4625 0.5601851851851852 0.4578125 0.5712962962962963 0.4588541666666667 0.5990740740740741 0.4661458333333333 0.6148148148148148
4 0.7322916666666667 0.6453703703703704 0.7359375 0.649074074074074 0.7385416666666667 0.6453703703703704 0.7421875 0.6259259259259259 0.74375 0.5990740740740741 0.740625 0.5935185185185186 0.7348958333333333 0.5916666666666667 0.73125 0.6046296296296296 0.7302083333333333 0.6305555555555555 0.7322916666666667 0.6453703703703704