5 0.36875 0.637962962962963 0.365625 0.6333333333333333 0.3625 0.6342592592592593 0.35572916666666665 0.6481481481481481 0.35989583333333336 0.6962962962962963 0.3729166666666667 0.6972222222222222 0.37135416666666665 0.649074074074074 0.36875 0.637962962962963
4 0.9364583333333333 0.6111111111111112 0.9333333333333333 0.6 0.9234375 0.5981481481481481 0.9192708333333334 0.6101851851851852 0.91875 0.6509259259259259 0.9276041666666667 0.6574074074074074 0.9348958333333334 0.6564814814814814 0.9364583333333333 0.6111111111111112
5 0.2708333333333333 0.7222222222222222 0.26927083333333335 0.6555555555555556 0.2630208333333333 0.6537037037037037 0.25833333333333336 0.6675925925925926 0.25729166666666664 0.6990740740740741 0.253125 0.7166666666666667 0.2552083333333333 0.7203703703703703 0.2708333333333333 0.7222222222222222
4 0.7635416666666667 0.712037037037037 0.765625 0.7092592592592593 0.7645833333333333 0.6898148148148148 0.7697916666666667 0.6712962962962963 0.7682291666666666 0.6601851851851852 0.7708333333333334 0.6462962962962963 0.7645833333333333 0.6435185185185185 0.7578125 0.65 0.7557291666666667 0.6564814814814814 0.753125 0.6712962962962963 0.7552083333333334 0.7046296296296296 0.7578125 0.7111111111111111 0.7635416666666667 0.712037037037037
5 0.7177083333333333 0.6574074074074074 0.71875 0.6148148148148148 0.7151041666666667 0.6046296296296296 0.7114583333333333 0.6037037037037037 0.7057291666666666 0.6157407407407407 0.7057291666666666 0.6620370370370371 0.7177083333333333 0.6657407407407407 0.7192708333333333 0.662962962962963 0.7177083333333333 0.6574074074074074
2 0 0.6759259259259259 0.004166666666666667 0.6731481481481482 0.0046875 0.662962962962963 0.009895833333333333 0.6546296296296297 0.008333333333333333 0.6111111111111112 0.010416666666666666 0.5953703703703703 0.008333333333333333 0.5925925925925926 0 0.5925925925925926 0 0.6759259259259259
3 0.33958333333333335 0.6 0.3380208333333333 0.5601851851851852 0.3338541666666667 0.5564814814814815 0.33229166666666665 0.5638888888888889 0.3260416666666667 0.5703703703703704 0.32395833333333335 0.5768518518518518 0.3255208333333333 0.5916666666666667 0.3229166666666667 0.6185185185185185 0.3375 0.6222222222222222 0.33958333333333335 0.6
5 0.30520833333333336 0.6601851851851852 0.31145833333333334 0.6537037037037037 0.31302083333333336 0.6472222222222223 0.3067708333333333 0.6407407407407407 0.3 0.6407407407407407 0.29375 0.649074074074074 0.29583333333333334 0.6842592592592592 0.3 0.687037037037037 0.3078125 0.6851851851851852 0.30520833333333336 0.6601851851851852
3 0.6197916666666666 0.5833333333333334 0.6265625 0.5518518518518518 0.6265625 0.5444444444444444 0.6234375 0.5416666666666666 0.6234375 0.5324074074074074 0.6197916666666666 0.5287037037037037 0.6109375 0.5287037037037037 0.6067708333333334 0.5407407407407407 0.6067708333333334 0.5611111111111111 0.6130208333333333 0.5666666666666667 0.615625 0.5796296296296296 0.6197916666666666 0.5833333333333334
5 0.3411458333333333 0.5675925925925925 0.33958333333333335 0.5527777777777778 0.3338541666666667 0.5481481481481482 0.3307291666666667 0.5509259259259259 0.3255208333333333 0.5722222222222222 0.3260416666666667 0.6083333333333333 0.334375 0.6111111111111112 0.34010416666666665 0.6 0.3411458333333333 0.5675925925925925
5 0.7614583333333333 0.6074074074074074 0.7572916666666667 0.5972222222222222 0.7520833333333333 0.5953703703703703 0.746875 0.6111111111111112 0.74375 0.6472222222222223 0.7552083333333334 0.6462962962962963 0.759375 0.6388888888888888 0.7614583333333333 0.6074074074074074
5 0.265625 0.562037037037037 0.26197916666666665 0.5583333333333333 0.25677083333333334 0.5592592592592592 0.25364583333333335 0.5694444444444444 0.2515625 0.5888888888888889 0.259375 0.5981481481481481 0.265625 0.5879629629629629 0.265625 0.562037037037037
4 0.809375 0.6925925925925925 0.8072916666666666 0.6527777777777778 0.8026041666666667 0.6518518518518519 0.7979166666666667 0.6583333333333333 0.7947916666666667 0.6925925925925925 0.7911458333333333 0.7046296296296296 0.790625 0.7129629629629629 0.79375 0.7157407407407408 0.8140625 0.7157407407407408 0.809375 0.6925925925925925
5 0.509375 0.6518518518518519 0.5046875 0.6407407407407407 0.5010416666666667 0.6388888888888888 0.4953125 0.6537037037037037 0.49635416666666665 0.700925925925926 0.5052083333333334 0.7027777777777777 0.509375 0.6768518518518518 0.509375 0.6518518518518519
5 0.68125 0.6851851851851852 0.6807291666666667 0.6537037037037037 0.6776041666666667 0.6481481481481481 0.6739583333333333 0.6481481481481481 0.66875 0.6611111111111111 0.6682291666666667 0.7129629629629629 0.6729166666666667 0.7166666666666667 0.678125 0.7157407407407408 0.68125 0.6851851851851852
4 0.8354166666666667 0.6888888888888889 0.8375 0.6453703703703704 0.8354166666666667 0.6277777777777778 0.8296875 0.6111111111111112 0.8255208333333334 0.6111111111111112 0.8213541666666667 0.6203703703703703 0.821875 0.6444444444444445 0.8197916666666667 0.6574074074074074 0.8213541666666667 0.6675925925925926 0.8197916666666667 0.6833333333333333 0.8286458333333333 0.6898148148148148 0.8354166666666667 0.6888888888888889
5 0.25885416666666666 0.6138888888888889 0.2640625 0.5990740740740741 0.2640625 0.5925925925925926 0.2609375 0.5833333333333334 0.2557291666666667 0.5814814814814815 0.24791666666666667 0.5944444444444444 0.24895833333333334 0.6342592592592593 0.25625 0.6361111111111111 0.2578125 0.6342592592592593 0.25885416666666666 0.6138888888888889
4 0.9916666666666667 0.6944444444444444 0.9916666666666667 0.675 0.9890625 0.6666666666666666 0.9822916666666667 0.6648148148148149 0.9765625 0.7074074074074074 0.975 0.7324074074074074 0.9770833333333333 0.7351851851851852 0.9885416666666667 0.7333333333333333 0.9916666666666667 0.6944444444444444
4 0.9838541666666667 0.6657407407407407 0.9786458333333333 0.6509259259259259 0.9739583333333334 0.65 0.971875 0.6537037037037037 0.9692708333333333 0.6731481481481482 0.9703125 0.7055555555555556 0.9744791666666667 0.7111111111111111 0.9786458333333333 0.7018518518518518 0.9838541666666667 0.6657407407407407
3 0.4354166666666667 0.5314814814814814 0.4276041666666667 0.5407407407407407 0.4276041666666667 0.5722222222222222 0.43854166666666666 0.5731481481481482 0.43854166666666666 0.55 0.4354166666666667 0.5314814814814814