5 0.7401041666666667 0.6175925925925926 0.7369791666666666 0.6018518518518519 0.73125 0.6055555555555555 0.7307291666666667 0.6537037037037037 0.7359375 0.6564814814814814 0.7395833333333334 0.6435185185185185 0.7401041666666667 0.6175925925925926
4 0.3229166666666667 0.7046296296296296 0.32083333333333336 0.6620370370370371 0.3182291666666667 0.6583333333333333 0.3151041666666667 0.6601851851851852 0.3109375 0.6722222222222223 0.31145833333333334 0.7212962962962963 0.31302083333333336 0.7277777777777777 0.31875 0.7296296296296296 0.3229166666666667 0.7046296296296296
3 0.3692708333333333 0.662962962962963 0.37083333333333335 0.6509259259259259 0.3765625 0.637962962962963 0.3776041666666667 0.6296296296296297 0.36875 0.6055555555555555 0.3651041666666667 0.6046296296296296 0.3609375 0.6157407407407407 0.35989583333333336 0.6314814814814815 0.36302083333333335 0.6592592592592592 0.365625 0.6657407407407407 0.3692708333333333 0.662962962962963
4 0.4557291666666667 0.6074074074074074 0.45416666666666666 0.5851851851851851 0.4505208333333333 0.5814814814814815 0.44375 0.5907407407407408 0.4473958333333333 0.6268518518518519 0.4505208333333333 0.6314814814814815 0.453125 0.6305555555555555 0.4557291666666667 0.6074074074074074
4 0.5651041666666666 0.5638888888888889 0.5604166666666667 0.5546296296296296 0.5552083333333333 0.5611111111111111 0.5567708333333333 0.5990740740740741 0.5604166666666667 0.600925925925926 0.5630208333333333 0.5972222222222222 0.5651041666666666 0.5638888888888889
5 0.6604166666666667 0.7083333333333334 0.6619791666666667 0.712037037037037 0.6703125 0.712037037037037 0.6729166666666667 0.7074074074074074 0.6682291666666667 0.6953703703703704 0.6692708333333334 0.6685185185185185 0.6619791666666667 0.6527777777777778 0.6578125 0.6518518518518519 0.6552083333333333 0.6555555555555556 0.6546875 0.6731481481481482 0.6572916666666667 0.6787037037037037 0.6572916666666667 0.6935185185185185 0.6604166666666667 0.7083333333333334
4 0.33645833333333336 0.5601851851851852 0.3333333333333333 0.5583333333333333 0.33125 0.5611111111111111 0.32760416666666664 0.5777777777777777 0.32760416666666664 0.6046296296296296 0.3302083333333333 0.6083333333333333 0.340625 0.6027777777777777 0.33645833333333336 0.5601851851851852
4 0.16041666666666668 0.6037037037037037 0.15572916666666667 0.6027777777777777 0.15104166666666666 0.6157407407407407 0.1515625 0.6537037037037037 0.15520833333333334 0.6592592592592592 0.1609375 0.6583333333333333 0.16041666666666668 0.6037037037037037
5 0.7088541666666667 0.6074074074074074 0.7088541666666667 0.575 0.70625 0.5675925925925925 0.7010416666666667 0.5712962962962963 0.6994791666666667 0.575925925925926 0.6994791666666667 0.6074074074074074 0.7046875 0.6111111111111112 0.7088541666666667 0.6074074074074074
5 0.58125 0.5944444444444444 0.5770833333333333 0.5953703703703703 0.5708333333333333 0.6287037037037037 0.5713541666666667 0.6388888888888888 0.5796875 0.6370370370370371 0.5854166666666667 0.6083333333333333 0.58125 0.5944444444444444
4 0.49375 0.6101851851851852 0.4890625 0.6111111111111112 0.4859375 0.6212962962962963 0.48541666666666666 0.6351851851851852 0.4859375 0.6657407407407407 0.496875 0.6666666666666666 0.49635416666666665 0.6222222222222222 0.49375 0.6101851851851852
5 0.23541666666666666 0.6305555555555555 0.2359375 0.5814814814814815 0.23177083333333334 0.5814814814814815 0.22708333333333333 0.6 0.225 0.6305555555555555 0.22708333333333333 0.6342592592592593 0.2328125 0.6342592592592593 0.23541666666666666 0.6305555555555555
4 0.21666666666666667 0.6268518518518519 0.22083333333333333 0.5990740740740741 0.21666666666666667 0.5796296296296296 0.2125 0.5777777777777777 0.20833333333333334 0.5879629629629629 0.20729166666666668 0.6074074074074074 0.20989583333333334 0.6259259259259259 0.21354166666666666 0.6314814814814815 0.21666666666666667 0.6268518518518519
5 0.47708333333333336 0.6203703703703703 0.478125 0.6111111111111112 0.47708333333333336 0.575925925925926 0.47291666666666665 0.575 0.46875 0.5861111111111111 0.46927083333333336 0.6157407407407407 0.4708333333333333 0.6203703703703703 0.475 0.6222222222222222 0.47708333333333336 0.6203703703703703
4 0.39166666666666666 0.6453703703703704 0.3927083333333333 0.6398148148148148 0.3885416666666667 0.5953703703703703 0.38385416666666666 0.6 0.3796875 0.6148148148148148 0.37604166666666666 0.6287037037037037 0.3776041666666667 0.637962962962963 0.384375 0.6462962962962963 0.39166666666666666 0.6453703703703704
4 0.13020833333333334 0.6814814814814815 0.1328125 0.6796296296296296 0.134375 0.6768518518518518 0.13385416666666666 0.6472222222222223 0.13541666666666666 0.6388888888888888 0.13385416666666666 0.6222222222222222 0.13072916666666667 0.6203703703703703 0.12864583333333332 0.6231481481481481 0.12239583333333333 0.649074074074074 0.12552083333333333 0.6620370370370371 0.12239583333333333 0.6694444444444444 0.12239583333333333 0.6759259259259259 0.13020833333333334 0.6814814814814815
3 0.8135416666666667 0.8935185185185185 0.8192708333333333 0.8916666666666667 0.8223958333333333 0.9 0.8260416666666667 0.9009259259259259 0.8286458333333333 0.8314814814814815 0.8229166666666666 0.8157407407407408 0.8182291666666667 0.812037037037037 0.8104166666666667 0.8287037037037037 0.809375 0.837037037037037 0.8109375 0.8638888888888889 0.8088541666666667 0.899074074074074 0.8114583333333333 0.9 0.8135416666666667 0.8935185185185185
5 0.2947916666666667 0.687962962962963 0.2989583333333333 0.6583333333333333 0.2989583333333333 0.6416666666666667 0.2947916666666667 0.6268518518518519 0.2890625 0.6333333333333333 0.2869791666666667 0.6509259259259259 0.28958333333333336 0.6814814814814815 0.290625 0.687962962962963 0.2947916666666667 0.687962962962963
3 0.5979166666666667 0.5435185185185185 0.6005208333333333 0.525 0.5963541666666666 0.5194444444444445 0.5911458333333334 0.5231481481481481 0.5927083333333333 0.5555555555555556 0.5963541666666666 0.5592592592592592 0.5984375 0.5564814814814815 0.5979166666666667 0.5435185185185185
5 0.3765625 0.6601851851851852 0.3770833333333333 0.6666666666666666 0.38125 0.6675925925925926 0.38645833333333335 0.6472222222222223 0.39114583333333336 0.6425925925925926 0.3890625 0.6259259259259259 0.3807291666666667 0.6194444444444445 0.36875 0.6231481481481481 0.3671875 0.6296296296296297 0.36354166666666665 0.6296296296296297 0.3651041666666667 0.6648148148148149 0.36875 0.6620370370370371 0.3703125 0.6537037037037037 0.3765625 0.6601851851851852
5 0.4036458333333333 0.8 0.403125 0.7833333333333333 0.4078125 0.7537037037037037 0.4015625 0.7296296296296296 0.3963541666666667 0.7296296296296296 0.39166666666666666 0.7509259259259259 0.39114583333333336 0.7685185185185185 0.396875 0.7842592592592592 0.3958333333333333 0.7981481481481482 0.4036458333333333 0.8
5 0.14479166666666668 0.6722222222222223 0.14322916666666666 0.6560185185185186 0.14739583333333334 0.6435185185185185 0.14375 0.6157407407407407 0.14010416666666667 0.6148148148148148 0.13385416666666666 0.6296296296296297 0.13385416666666666 0.674074074074074 0.13697916666666668 0.6787037037037037 0.14166666666666666 0.6777777777777778 0.14479166666666668 0.6722222222222223
4 0.3338541666666667 0.6425925925925926 0.3338541666666667 0.6185185185185185 0.33177083333333335 0.6064814814814815 0.32864583333333336 0.6074074074074074 0.32395833333333335 0.6231481481481481 0.3234375 0.6592592592592592 0.32760416666666664 0.662962962962963 0.3302083333333333 0.6611111111111111 0.3338541666666667 0.6425925925925926