5 0.3458333333333333 0.5990740740740741 0.3484375 0.5666666666666667 0.3416666666666667 0.5555555555555556 0.3375 0.5601851851851852 0.3359375 0.5657407407407408 0.33645833333333336 0.5907407407407408 0.3416666666666667 0.6018518518518519 0.3458333333333333 0.5990740740740741
5 0.3776041666666667 0.6388888888888888 0.38229166666666664 0.5916666666666667 0.3807291666666667 0.5879629629629629 0.3765625 0.5888888888888889 0.3729166666666667 0.5953703703703703 0.371875 0.6074074074074074 0.371875 0.6259259259259259 0.3697916666666667 0.6342592592592593 0.3729166666666667 0.6398148148148148 0.3776041666666667 0.6388888888888888
5 0.5083333333333333 0.5638888888888889 0.5026041666666666 0.5518518518518518 0.4973958333333333 0.5611111111111111 0.4953125 0.5916666666666667 0.49947916666666664 0.5953703703703703 0.5026041666666666 0.5935185185185186 0.5083333333333333 0.5638888888888889
3 0.5510416666666667 0.5694444444444444 0.55 0.5611111111111111 0.5484375 0.5564814814814815 0.5442708333333334 0.5546296296296296 0.540625 0.5638888888888889 0.5401041666666667 0.6037037037037037 0.5484375 0.6046296296296296 0.5489583333333333 0.5787037037037037 0.5510416666666667 0.5694444444444444
5 0.21197916666666666 0.6101851851851852 0.2078125 0.5675925925925925 0.203125 0.5657407407407408 0.19947916666666668 0.575925925925926 0.20260416666666667 0.6101851851851852 0.2046875 0.6138888888888889 0.21041666666666667 0.6138888888888889 0.21197916666666666 0.6101851851851852
4 0.6208333333333333 0.5518518518518518 0.61875 0.5453703703703704 0.6145833333333334 0.5462962962962963 0.6104166666666667 0.5574074074074075 0.609375 0.587037037037037 0.61875 0.5907407407407408 0.6208333333333333 0.587037037037037 0.6208333333333333 0.5518518518518518
4 0.5265625 0.6138888888888889 0.5213541666666667 0.6037037037037037 0.515625 0.6157407407407407 0.515625 0.6583333333333333 0.5255208333333333 0.662962962962963 0.5270833333333333 0.6583333333333333 0.5265625 0.6138888888888889
4 0.23854166666666668 0.5453703703703704 0.23645833333333333 0.5407407407407407 0.23125 0.5444444444444444 0.23020833333333332 0.5611111111111111 0.23229166666666667 0.5879629629629629 0.23958333333333334 0.5888888888888889 0.23854166666666668 0.5453703703703704
4 0.7401041666666667 0.5990740740740741 0.7416666666666667 0.5703703703703704 0.7369791666666666 0.5574074074074075 0.7307291666666667 0.5574074074074075 0.7286458333333333 0.5916666666666667 0.7317708333333334 0.6064814814814815 0.7364583333333333 0.6092592592592593 0.7401041666666667 0.5990740740740741
5 0.11875 0.5287037037037037 0.10729166666666666 0.5314814814814814 0.1046875 0.5351851851851852 0.10625 0.5722222222222222 0.1109375 0.5740740740740741 0.11197916666666667 0.5457407407407407 0.11875 0.5287037037037037
5 0.22395833333333334 0.6342592592592593 0.21770833333333334 0.6231481481481481 0.20885416666666667 0.6231481481481481 0.20885416666666667 0.6527777777777778 0.21666666666666667 0.6537037037037037 0.21979166666666666 0.6388888888888888 0.22395833333333334 0.6342592592592593
5 0.47239583333333335 0.537962962962963 0.46979166666666666 0.5435185185185185 0.46979166666666666 0.575925925925926 0.475 0.5796296296296296 0.475 0.5388888888888889 0.47239583333333335 0.537962962962963
5 0.45625 0.5296296296296297 0.4546875 0.5231481481481481 0.4510416666666667 0.5259259259259259 0.4484375 0.5361111111111111 0.44947916666666665 0.5638888888888889 0.4578125 0.5648148148148148 0.45625 0.5296296296296297
3 0.13072916666666667 0.5231481481481481 0.12708333333333333 0.5342592592592592 0.12552083333333333 0.5574074074074075 0.134375 0.562962962962963 0.13541666666666666 0.5324074074074074 0.13072916666666667 0.5231481481481481
4 0.7369791666666666 0.662962962962963 0.7380208333333333 0.6259259259259259 0.7322916666666667 0.612037037037037 0.7244791666666667 0.6240740740740741 0.7276041666666667 0.6703703703703704 0.7322916666666667 0.6722222222222223 0.7359375 0.6694444444444444 0.7369791666666666 0.662962962962963
4 0.5203125 0.5990740740740741 0.521875 0.5796296296296296 0.5208333333333334 0.5592592592592592 0.51875 0.5564814814814815 0.5098958333333333 0.5574074074074075 0.5057291666666667 0.5648148148148148 0.5046875 0.5768518518518518 0.5067708333333333 0.5805555555555556 0.5088541666666667 0.6027777777777777 0.5203125 0.5990740740740741
5 0.5260416666666666 0.5370370370370371 0.5213541666666667 0.5361111111111111 0.5213541666666667 0.5898148148148148 0.5270833333333333 0.5796296296296296 0.5302083333333333 0.5509259259259259 0.5260416666666666 0.5370370370370371
4 0.6401041666666667 0.5768518518518518 0.6416666666666667 0.5444444444444444 0.6359375 0.5361111111111111 0.6322916666666667 0.5435185185185185 0.6333333333333333 0.5796296296296296 0.634375 0.5833333333333334 0.6380208333333334 0.5833333333333334 0.6401041666666667 0.5768518518518518