4 0.334375 0.6611111111111111 0.33489583333333334 0.6268518518518519 0.3296875 0.6157407407407407 0.3255208333333333 0.6166666666666667 0.32135416666666666 0.6268518518518519 0.325 0.6462962962962963 0.3260416666666667 0.6666666666666666 0.3302083333333333 0.6685185185185185 0.334375 0.6611111111111111
5 0.4 0.6814814814814815 0.4036458333333333 0.6787037037037037 0.40572916666666664 0.6592592592592592 0.4036458333333333 0.6370370370370371 0.4 0.6361111111111111 0.39739583333333334 0.6444444444444445 0.39479166666666665 0.6444444444444445 0.3885416666666667 0.6351851851851852 0.38645833333333335 0.637962962962963 0.3848958333333333 0.6537037037037037 0.384375 0.6851851851851852 0.38958333333333334 0.6861111111111111 0.3932291666666667 0.6777777777777778 0.4 0.6814814814814815
4 0.30052083333333335 0.6388888888888888 0.2989583333333333 0.6231481481481481 0.29583333333333334 0.6148148148148148 0.29322916666666665 0.6138888888888889 0.2890625 0.6194444444444445 0.2864583333333333 0.6453703703703704 0.2859375 0.6648148148148149 0.2947916666666667 0.6657407407407407 0.29739583333333336 0.6611111111111111 0.30052083333333335 0.6388888888888888
5 0.13541666666666666 0.6731481481481482 0.134375 0.662962962962963 0.13645833333333332 0.6333333333333333 0.13385416666666666 0.6194444444444445 0.12604166666666666 0.6212962962962963 0.1265625 0.6703703703703704 0.128125 0.675 0.13229166666666667 0.6759259259259259 0.13541666666666666 0.6731481481481482
4 0.4015625 0.6833333333333333 0.40520833333333334 0.675 0.40625 0.6416666666666667 0.4041666666666667 0.6361111111111111 0.4 0.6342592592592593 0.39479166666666665 0.6481481481481481 0.39375 0.6574074074074074 0.3984375 0.6685185185185185 0.4 0.6833333333333333 0.4015625 0.6833333333333333
4 0.6583333333333333 0.7388888888888889 0.6609375 0.7351851851851852 0.6635416666666667 0.7083333333333334 0.6598958333333333 0.6814814814814815 0.6567708333333333 0.6814814814814815 0.6536458333333334 0.6888888888888889 0.653125 0.7129629629629629 0.6489583333333333 0.7342592592592593 0.6505208333333333 0.7379629629629629 0.6583333333333333 0.7388888888888889
3 0.240625 0.65 0.23333333333333334 0.6444444444444445 0.22708333333333333 0.6564814814814814 0.2296875 0.7018518518518518 0.24322916666666666 0.700925925925926 0.24427083333333333 0.6592592592592592 0.240625 0.65
4 0.6739583333333333 0.6898148148148148 0.6755208333333333 0.687037037037037 0.6760416666666667 0.6527777777777778 0.6739583333333333 0.6435185185185185 0.6697916666666667 0.6407407407407407 0.6671875 0.6518518518518519 0.6661458333333333 0.6694444444444444 0.66875 0.6861111111111111 0.6697916666666667 0.6898148148148148 0.6739583333333333 0.6898148148148148
5 0.19895833333333332 0.6796296296296296 0.20104166666666667 0.6481481481481481 0.196875 0.6351851851851852 0.19270833333333334 0.6388888888888888 0.190625 0.65 0.19114583333333332 0.6824074074074075 0.196875 0.6851851851851852 0.19895833333333332 0.6796296296296296
5 0.17083333333333334 0.6675925925925926 0.171875 0.6361111111111111 0.17135416666666667 0.6296296296296297 0.1671875 0.6231481481481481 0.16302083333333334 0.6287037037037037 0.16145833333333334 0.6370370370370371 0.1625 0.6712962962962963 0.165625 0.6722222222222223 0.17083333333333334 0.6675925925925926
4 0.24375 0.7 0.25104166666666666 0.7083333333333334 0.25625 0.7083333333333334 0.25885416666666666 0.7046296296296296 0.25677083333333334 0.6574074074074074 0.2515625 0.6472222222222223 0.24791666666666667 0.6472222222222223 0.24375 0.6592592592592592 0.24322916666666666 0.675 0.2484375 0.687037037037037 0.2484375 0.6953703703703704 0.24375 0.7
4 0.6734375 0.6805555555555556 0.6739583333333333 0.6759259259259259 0.6703125 0.674074074074074 0.6697916666666667 0.6925925925925925 0.6734375 0.6925925925925925 0.6765625 0.6888888888888889 0.6734375 0.6805555555555556
4 0.6854166666666667 0.7342592592592593 0.6890625 0.7277777777777777 0.6890625 0.6842592592592592 0.6854166666666667 0.6722222222222223 0.68125 0.674074074074074 0.678125 0.6888888888888889 0.6802083333333333 0.6925925925925925 0.68125 0.7324074074074074 0.6854166666666667 0.7342592592592593
3 0.4 0.5574074074074075 0.3963541666666667 0.5546296296296296 0.39010416666666664 0.5703703703703704 0.39010416666666664 0.5953703703703703 0.3932291666666667 0.5990740740740741 0.39739583333333334 0.5925925925925926 0.4 0.5574074074074075
5 0.1875 0.6472222222222223 0.18697916666666667 0.6333333333333333 0.184375 0.6268518518518519 0.1796875 0.6268518518518519 0.17760416666666667 0.6416666666666667 0.17708333333333334 0.6814814814814815 0.18177083333333333 0.6824074074074075 0.1859375 0.6759259259259259 0.1875 0.6472222222222223