4 0.8890625 0.7101851851851851 0.8963541666666667 0.7129629629629629 0.8994791666666667 0.6962962962962963 0.9026041666666667 0.6935185185185185 0.9104166666666667 0.7 0.9119791666666667 0.7083333333333334 0.915625 0.7083333333333334 0.9161458333333333 0.6990740740740741 0.9109375 0.6907407407407408 0.9067708333333333 0.6759259259259259 0.9057291666666667 0.6583333333333333 0.9015625 0.6388888888888888 0.8984375 0.637962962962963 0.8963541666666667 0.6416666666666667 0.8947916666666667 0.6916666666666667 0.8890625 0.7101851851851851
4 0.35260416666666666 0.6416666666666667 0.3572916666666667 0.662962962962963 0.3609375 0.6638888888888889 0.365625 0.6509259259259259 0.36302083333333335 0.6425925925925926 0.3651041666666667 0.6185185185185185 0.3578125 0.600925925925926 0.353125 0.6037037037037037 0.35052083333333334 0.6222222222222222 0.35260416666666666 0.6416666666666667
5 0.5828125 0.6314814814814815 0.5817708333333333 0.637962962962963 0.5953125 0.6370370370370371 0.5953125 0.6305555555555555 0.5916666666666667 0.6222222222222222 0.5901041666666667 0.5925925925925926 0.5869791666666667 0.5888888888888889 0.5760416666666667 0.6 0.5760416666666667 0.6129629629629629 0.5828125 0.6314814814814815
5 0.4739583333333333 0.7666666666666667 0.478125 0.7481481481481481 0.4822916666666667 0.7537037037037037 0.4859375 0.7675925925925926 0.4901041666666667 0.7666666666666667 0.49166666666666664 0.762962962962963 0.4869791666666667 0.7490740740740741 0.48385416666666664 0.7287037037037037 0.48385416666666664 0.7046296296296296 0.4796875 0.687962962962963 0.47760416666666666 0.687037037037037 0.475 0.6935185185185185 0.4666666666666667 0.7648148148148148 0.4739583333333333 0.7666666666666667
5 0.65625 0.7203703703703703 0.659375 0.725 0.6692708333333334 0.7240740740740741 0.6697916666666667 0.6638888888888889 0.665625 0.6509259259259259 0.6619791666666667 0.6518518518518519 0.6588541666666666 0.6611111111111111 0.6604166666666667 0.6824074074074075 0.65625 0.7203703703703703
5 0.5291666666666667 0.6712962962962963 0.5291666666666667 0.6648148148148149 0.5239583333333333 0.6537037037037037 0.5265625 0.6425925925925926 0.5239583333333333 0.6212962962962963 0.5197916666666667 0.6092592592592593 0.5166666666666667 0.6083333333333333 0.5151041666666667 0.612037037037037 0.5151041666666667 0.6731481481481482 0.5291666666666667 0.6712962962962963
3 0.46979166666666666 0.6555555555555556 0.4739583333333333 0.6759259259259259 0.478125 0.6759259259259259 0.48125 0.6694444444444444 0.4791666666666667 0.649074074074074 0.4822916666666667 0.6231481481481481 0.478125 0.6055555555555555 0.4744791666666667 0.6055555555555555 0.47291666666666665 0.6092592592592593 0.46927083333333336 0.6342592592592593 0.46979166666666666 0.6555555555555556
5 0.23125 0.700925925925926 0.23958333333333334 0.700925925925926 0.23854166666666668 0.6888888888888889 0.24635416666666668 0.687037037037037 0.25 0.6935185185185185 0.25364583333333335 0.6935185185185185 0.25416666666666665 0.6851851851851852 0.2515625 0.6814814814814815 0.24791666666666667 0.6824074074074075 0.24270833333333333 0.6733796296296296 0.24427083333333333 0.6509259259259259 0.24010416666666667 0.6333333333333333 0.23541666666666666 0.6305555555555555 0.23385416666666667 0.6351851851851852 0.23333333333333334 0.6935185185185185 0.23125 0.700925925925926
5 0.44166666666666665 0.687037037037037 0.4401041666666667 0.7046296296296296 0.4479166666666667 0.7046296296296296 0.453125 0.700925925925926 0.4505208333333333 0.6907407407407408 0.4505208333333333 0.6731481481481482 0.4557291666666667 0.6425925925925926 0.44479166666666664 0.6361111111111111 0.4421875 0.637962962962963 0.4401041666666667 0.649074074074074 0.4390625 0.675 0.44166666666666665 0.687037037037037
3 0.9609375 0.9314814814814815 0.9635416666666666 0.9416666666666667 0.9651041666666667 0.9990740740740741 0.9734375 0.9990740740740741 0.9723958333333333 0.9824074074074074 0.9760416666666667 0.9740740740740741 0.9864583333333333 0.987037037037037 0.9890625 0.9777777777777777 0.9885416666666667 0.9703703703703703 0.9796875 0.9537037037037037 0.9807291666666667 0.9157407407407407 0.971875 0.887962962962963 0.9666666666666667 0.8907407407407407 0.95625 0.9231481481481482 0.9557291666666666 0.9277777777777778 0.9609375 0.9314814814814815
5 0.6338541666666667 0.6851851851851852 0.6375 0.687962962962963 0.6442708333333333 0.6833333333333333 0.6515625 0.6851851851851852 0.6536458333333334 0.6814814814814815 0.6489583333333333 0.6648148148148149 0.646875 0.6240740740740741 0.6421875 0.6212962962962963 0.640625 0.6268518518518519 0.6380208333333334 0.6731481481481482 0.6338541666666667 0.6851851851851852
4 0.5348958333333333 0.7592592592592593 0.5385416666666667 0.7601851851851852 0.5395833333333333 0.75 0.5380208333333333 0.7416666666666667 0.5401041666666667 0.7324074074074074 0.5463541666666667 0.7240740740740741 0.546875 0.7166666666666667 0.5369791666666667 0.6824074074074075 0.5328125 0.6833333333333333 0.5265625 0.6990740740740741 0.525 0.7203703703703703 0.5348958333333333 0.7592592592592593
4 0.54375 0.6462962962962963 0.5395833333333333 0.6564814814814814 0.540625 0.6592592592592592 0.5453125 0.6583333333333333 0.5515625 0.6416666666666667 0.5604166666666667 0.6444444444444445 0.5640625 0.649074074074074 0.5661458333333333 0.6472222222222223 0.5640625 0.6388888888888888 0.5567708333333333 0.6342592592592593 0.5546875 0.6148148148148148 0.5479166666666667 0.5981481481481481 0.54375 0.5981481481481481 0.5421875 0.6148148148148148 0.5447916666666667 0.6324074074074074 0.54375 0.6462962962962963
4 0.7755208333333333 0.7333333333333333 0.7796875 0.7324074074074074 0.7822916666666667 0.7240740740740741 0.7885416666666667 0.6851851851851852 0.7869791666666667 0.6712962962962963 0.7807291666666667 0.6564814814814814 0.7770833333333333 0.6583333333333333 0.7744791666666667 0.6814814814814815 0.7739583333333333 0.7314814814814815 0.7755208333333333 0.7333333333333333
4 0.5395833333333333 0.8055555555555556 0.5421875 0.8490740740740741 0.5442708333333334 0.8518518518518519 0.5489583333333333 0.85 0.5515625 0.837037037037037 0.5515625 0.8236111111111111 0.5546875 0.8101851851851852 0.5604166666666667 0.8074074074074075 0.5604166666666667 0.8 0.5552083333333333 0.775 0.5484375 0.7583333333333333 0.5427083333333333 0.7592592592592593 0.534375 0.7907407407407407 0.5338541666666666 0.7953703703703704 0.5395833333333333 0.8055555555555556
4 0.5755208333333334 0.6166666666666667 0.5817708333333333 0.6222222222222222 0.5838541666666667 0.6194444444444445 0.5828125 0.575925925925926 0.5776041666666667 0.5657407407407408 0.5744791666666667 0.5685185185185185 0.5739583333333333 0.575 0.5734375 0.5990740740740741 0.5755208333333334 0.6166666666666667
3 0.3072916666666667 0.5444444444444444 0.3078125 0.5638888888888889 0.3104166666666667 0.5648148148148148 0.3140625 0.5833333333333334 0.321875 0.5842592592592593 0.3223958333333333 0.5416666666666666 0.31927083333333334 0.5296296296296297 0.3182291666666667 0.5268518518518519 0.3067708333333333 0.5277777777777778 0.3109375 0.5342592592592592 0.3072916666666667 0.5444444444444444
5 0.7182291666666667 0.7592592592592593 0.7244791666666667 0.7759259259259259 0.7369791666666666 0.775 0.7385416666666667 0.7592592592592593 0.734375 0.7444444444444445 0.7338541666666667 0.7111111111111111 0.728125 0.6898148148148148 0.7239583333333334 0.6888888888888889 0.7234375 0.7083333333333334 0.7197916666666667 0.7203703703703703 0.7223958333333333 0.7305555555555555 0.7182291666666667 0.7592592592592593
5 0.5234375 0.8074074074074075 0.5213541666666667 0.825 0.5260416666666666 0.825925925925926 0.5291666666666667 0.8240740740740741 0.53125 0.8175925925925925 0.5322916666666667 0.799074074074074 0.5380208333333333 0.7944444444444444 0.5364583333333334 0.7796296296296297 0.540625 0.7666666666666667 0.5385416666666667 0.7592592592592593 0.528125 0.7472222222222222 0.5276041666666667 0.7398148148148148 0.5213541666666667 0.7425925925925926 0.5208333333333334 0.7972222222222223 0.5234375 0.8074074074074075
5 0.44947916666666665 0.6351851851851852 0.45416666666666666 0.6416666666666667 0.45989583333333334 0.6425925925925926 0.4625 0.6342592592592593 0.459375 0.6231481481481481 0.4578125 0.5925925925925926 0.4552083333333333 0.5861111111111111 0.4505208333333333 0.5861111111111111 0.4479166666666667 0.5907407407407408 0.44947916666666665 0.6351851851851852
4 0.7807291666666667 0.7157407407407408 0.7848958333333333 0.7287037037037037 0.784375 0.762962962962963 0.7984375 0.7638888888888888 0.796875 0.7037037037037037 0.7947916666666667 0.6935185185185185 0.790625 0.6851851851851852 0.7869791666666667 0.6851851851851852 0.784375 0.7018518518518518 0.7791666666666667 0.7046296296296296 0.7786458333333334 0.7157407407407408 0.7807291666666667 0.7157407407407408