3 0.41770833333333335 0.6166666666666667 0.41770833333333335 0.6027777777777777 0.4119791666666667 0.5935185185185186 0.4041666666666667 0.6064814814814815 0.40572916666666664 0.6564814814814814 0.4078125 0.6620370370370371 0.4119791666666667 0.662962962962963 0.41770833333333335 0.6166666666666667
3 0.4010416666666667 0.4981481481481482 0.3953125 0.49907407407407406 0.3921875 0.5055555555555555 0.39114583333333336 0.5370370370370371 0.4036458333333333 0.537962962962963 0.4010416666666667 0.5277777777777778 0.4010416666666667 0.4981481481481482
5 0.58125 0.5712962962962963 0.5760416666666667 0.5583333333333333 0.571875 0.5592592592592592 0.5682291666666667 0.575925925925926 0.5708333333333333 0.6064814814814815 0.5729166666666666 0.6074074074074074 0.58125 0.5712962962962963
4 0.44583333333333336 0.5407407407407407 0.44479166666666664 0.5203703703703704 0.4432291666666667 0.5148148148148148 0.4390625 0.5138888888888888 0.4359375 0.524074074074074 0.4375 0.5564814814814815 0.43854166666666666 0.5601851851851852 0.44375 0.5611111111111111 0.44583333333333336 0.5407407407407407
4 0.6140625 0.6092592592592593 0.6166666666666667 0.5842592592592593 0.6109375 0.5712962962962963 0.6041666666666666 0.5851851851851851 0.6067708333333334 0.6046296296296296 0.6052083333333333 0.6231481481481481 0.6151041666666667 0.6277777777777778 0.6140625 0.6092592592592593
5 0.39114583333333336 0.6620370370370371 0.3890625 0.6537037037037037 0.39010416666666664 0.6333333333333333 0.39479166666666665 0.6111111111111112 0.3921875 0.5981481481481481 0.3880208333333333 0.5990740740740741 0.38333333333333336 0.6157407407407407 0.3828125 0.6574074074074074 0.38385416666666666 0.6620370370370371 0.38958333333333334 0.6638888888888889 0.39114583333333336 0.6620370370370371
4 0.6557291666666667 0.5787037037037037 0.653125 0.5694444444444444 0.6536458333333334 0.5518518518518518 0.6515625 0.5444444444444444 0.6458333333333334 0.5370370370370371 0.640625 0.5527777777777778 0.6416666666666667 0.5861111111111111 0.646875 0.5833333333333334 0.6541666666666667 0.5879629629629629 0.6557291666666667 0.5787037037037037
5 0.7135416666666666 0.7333333333333333 0.715625 0.7314814814814815 0.7166666666666667 0.7092592592592593 0.7213541666666666 0.6935185185185185 0.7208333333333333 0.6685185185185185 0.7166666666666667 0.6537037037037037 0.7125 0.6518518518518519 0.7057291666666666 0.6694444444444444 0.7041666666666667 0.6898148148148148 0.7083333333333334 0.7046296296296296 0.7083333333333334 0.7296296296296296 0.7135416666666666 0.7333333333333333
5 0.47291666666666665 0.7231481481481481 0.4739583333333333 0.6972222222222222 0.47708333333333336 0.6842592592592592 0.4765625 0.6675925925925926 0.4703125 0.649074074074074 0.4666666666666667 0.6527777777777778 0.4635416666666667 0.6648148148148149 0.4630208333333333 0.6851851851851852 0.4671875 0.7212962962962963 0.4708333333333333 0.725925925925926 0.47291666666666665 0.7231481481481481
4 0.6833333333333333 0.6185185185185185 0.6864583333333333 0.6203703703703703 0.6895833333333333 0.6175925925925926 0.6942708333333333 0.575925925925926 0.6890625 0.562962962962963 0.6822916666666666 0.575925925925926 0.6791666666666667 0.5898148148148148 0.6822916666666666 0.5916666666666667 0.684375 0.6083333333333333 0.6833333333333333 0.6185185185185185
0 0.653125 0.5796296296296296 0.6479166666666667 0.5703703703703704 0.6421875 0.5722222222222222 0.640625 0.5777777777777777 0.6421875 0.5898148148148148 0.6510416666666666 0.5842592592592593 0.653125 0.5796296296296296
4 0.16458333333333333 0.6842592592592592 0.159375 0.7314814814814815 0.17760416666666667 0.7361111111111112 0.17916666666666667 0.7203703703703703 0.17552083333333332 0.6916666666666667 0.1765625 0.6768518518518518 0.17135416666666667 0.6592592592592592 0.16822916666666668 0.6574074074074074 0.165625 0.6601851851851852 0.15625 0.6583333333333333 0.16302083333333334 0.6722222222222223 0.16458333333333333 0.6842592592592592
5 0.2520833333333333 0.6231481481481481 0.2520833333333333 0.6064814814814815 0.25052083333333336 0.5675925925925925 0.2484375 0.562962962962963 0.24427083333333333 0.5675925925925925 0.2421875 0.5787037037037037 0.24114583333333334 0.6222222222222222 0.24427083333333333 0.6259259259259259 0.25052083333333336 0.625 0.2520833333333333 0.6231481481481481
5 0.3765625 0.5657407407407408 0.3776041666666667 0.5370370370370371 0.37395833333333334 0.5342592592592592 0.37083333333333335 0.5370370370370371 0.36875 0.5444444444444444 0.36875 0.5777777777777777 0.3734375 0.5787037037037037 0.3765625 0.5657407407407408
5 0.29010416666666666 0.5842592592592593 0.2864583333333333 0.5824074074074074 0.2833333333333333 0.5851851851851851 0.2786458333333333 0.5953703703703703 0.28229166666666666 0.6416666666666667 0.2869791666666667 0.6453703703703704 0.2916666666666667 0.6083333333333333 0.29010416666666666 0.5842592592592593
3 0.9197916666666667 0.9740740740740741 0.9239583333333333 0.9666666666666667 0.9276041666666667 0.9425925925925925 0.9322916666666666 0.9416666666666667 0.934375 0.9490740740740741 0.9354166666666667 0.9740740740740741 0.9401041666666666 0.975 0.9432291666666667 0.9203703703703704 0.9427083333333334 0.8842592592592593 0.9385416666666667 0.8796296296296297 0.9354166666666667 0.8638888888888889 0.9317708333333333 0.8629629629629629 0.921875 0.8870370370370371 0.9197916666666667 0.9287037037037037 0.9109375 0.9481481481481482 0.9119791666666667 0.9592592592592593 0.9197916666666667 0.9740740740740741
4 0.34791666666666665 0.7481481481481481 0.3614583333333333 0.7481481481481481 0.36354166666666665 0.737037037037037 0.3578125 0.7231481481481481 0.35833333333333334 0.7138888888888889 0.3609375 0.7083333333333334 0.3609375 0.6916666666666667 0.35625 0.6731481481481482 0.3541666666666667 0.6694444444444444 0.35052083333333334 0.6731481481481482 0.3489583333333333 0.6916666666666667 0.34479166666666666 0.7064814814814815 0.3489583333333333 0.7268518518518519 0.34791666666666665 0.7481481481481481
5 0.42291666666666666 0.5666666666666667 0.4197916666666667 0.5546296296296296 0.4166666666666667 0.5527777777777778 0.4119791666666667 0.5648148148148148 0.41354166666666664 0.587037037037037 0.4119791666666667 0.5962962962962963 0.4192708333333333 0.6037037037037037 0.42291666666666666 0.5666666666666667
4 0.2953125 0.6333333333333333 0.2989583333333333 0.6361111111111111 0.303125 0.5851851851851851 0.2989583333333333 0.5731481481481482 0.2953125 0.5731481481481482 0.2875 0.5851851851851851 0.2864583333333333 0.5888888888888889 0.28958333333333336 0.6083333333333333 0.2942708333333333 0.6212962962962963 0.2953125 0.6333333333333333
5 0.2 0.674074074074074 0.20989583333333334 0.6777777777777778 0.2125 0.675 0.20833333333333334 0.6555555555555556 0.20989583333333334 0.6388888888888888 0.20677083333333332 0.6222222222222222 0.20104166666666667 0.6194444444444445 0.196875 0.6351851851851852 0.196875 0.6462962962962963 0.2015625 0.6583333333333333 0.2 0.674074074074074
4 0.21979166666666666 0.6268518518518519 0.22604166666666667 0.6222222222222222 0.225 0.6111111111111112 0.22864583333333333 0.5935185185185186 0.22864583333333333 0.5796296296296296 0.21666666666666667 0.5842592592592593 0.21197916666666666 0.600925925925926 0.21354166666666666 0.6425925925925926 0.2171875 0.6509259259259259 0.21979166666666666 0.6398148148148148 0.21979166666666666 0.6268518518518519
4 0.228125 0.6861111111111111 0.23020833333333332 0.6731481481481482 0.23020833333333332 0.6509259259259259 0.2359375 0.6259259259259259 0.22447916666666667 0.6138888888888889 0.21666666666666667 0.6157407407407407 0.215625 0.6259259259259259 0.21510416666666668 0.6462962962962963 0.21875 0.6814814814814815 0.2203125 0.6861111111111111 0.228125 0.6861111111111111
5 0.20520833333333333 0.6564814814814814 0.20989583333333334 0.6388888888888888 0.2078125 0.625462962962963 0.20833333333333334 0.6092592592592593 0.20364583333333333 0.5833333333333334 0.2015625 0.5796296296296296 0.1984375 0.5833333333333334 0.196875 0.5990740740740741 0.19947916666666668 0.6203703703703703 0.196875 0.6462962962962963 0.20520833333333333 0.6564814814814814
3 0.9135416666666667 0.5481481481481482 0.915625 0.5444444444444444 0.9125 0.5203703703703704 0.9083333333333333 0.5148148148148148 0.9 0.5148148148148148 0.8984375 0.5194444444444445 0.9005208333333333 0.5453703703703704 0.9072916666666667 0.5657407407407408 0.9130208333333333 0.5657407407407408 0.9135416666666667 0.5481481481481482
4 0.7484375 0.7222222222222222 0.7515625 0.7166666666666667 0.7541666666666667 0.6601851851851852 0.7479166666666667 0.6444444444444445 0.74375 0.6453703703703704 0.7390625 0.6731481481481482 0.7385416666666667 0.6814814814814815 0.74375 0.7046296296296296 0.7432291666666667 0.7203703703703703 0.7484375 0.7222222222222222