4 0.8526041666666667 0.6648148148148149 0.8536458333333333 0.6824074074074075 0.8583333333333333 0.6842592592592592 0.8630208333333333 0.6703703703703704 0.8630208333333333 0.6333333333333333 0.8572916666666667 0.6222222222222222 0.853125 0.6212962962962963 0.8505208333333333 0.6342592592592593 0.8489583333333334 0.6537037037037037 0.8526041666666667 0.6648148148148149
5 0.48125 0.7481481481481481 0.484375 0.7518518518518519 0.4901041666666667 0.7518518518518519 0.4942708333333333 0.7481481481481481 0.4973958333333333 0.7324074074074074 0.49635416666666665 0.7138888888888889 0.49895833333333334 0.7027777777777777 0.4953125 0.6833333333333333 0.490625 0.6833333333333333 0.4859375 0.6990740740740741 0.4875 0.7083333333333334 0.48125 0.7481481481481481
4 0.25416666666666665 0.6074074074074074 0.259375 0.6027777777777777 0.2635416666666667 0.5777777777777777 0.2630208333333333 0.5648148148148148 0.259375 0.5555555555555556 0.2557291666666667 0.5574074074074075 0.2520833333333333 0.5712962962962963 0.2520833333333333 0.5824074074074074 0.2453125 0.6 0.24635416666666668 0.6055555555555555 0.25416666666666665 0.6074074074074074
4 0.3296875 0.6657407407407407 0.3390625 0.6657407407407407 0.340625 0.6611111111111111 0.340625 0.6212962962962963 0.3380208333333333 0.6101851851851852 0.3328125 0.6083333333333333 0.328125 0.6231481481481481 0.328125 0.662962962962963 0.3296875 0.6657407407407407
3 0.3145833333333333 0.5518518518518518 0.31875 0.5527777777777778 0.321875 0.5138888888888888 0.31666666666666665 0.5074074074074074 0.3104166666666667 0.5222222222222223 0.31145833333333334 0.5444444444444444 0.3145833333333333 0.5518518518518518
5 0.7630208333333334 0.625 0.7671875 0.6305555555555555 0.7697916666666667 0.6259259259259259 0.7692708333333333 0.6074074074074074 0.771875 0.5879629629629629 0.7671875 0.5740740740740741 0.7635416666666667 0.5731481481481482 0.7609375 0.5796296296296296 0.7598958333333333 0.5916666666666667 0.7630208333333334 0.625
4 0.3625 0.7361111111111112 0.36302083333333335 0.7407407407407407 0.3645833333333333 0.7444444444444445 0.37552083333333336 0.7444444444444445 0.3776041666666667 0.7416666666666667 0.37916666666666665 0.7074074074074074 0.37395833333333334 0.6722222222222223 0.3703125 0.6722222222222223 0.365625 0.6851851851851852 0.36822916666666666 0.7175925925925926 0.3625 0.7361111111111112
5 0.2911458333333333 0.5740740740740741 0.2984375 0.5851851851851851 0.30520833333333336 0.5851851851851851 0.3067708333333333 0.5787037037037037 0.30104166666666665 0.5731481481481482 0.2984375 0.5444444444444444 0.2947916666666667 0.5416666666666666 0.2869791666666667 0.549074074074074 0.2911458333333333 0.5740740740740741
5 0.359375 0.6148148148148148 0.3645833333333333 0.6185185185185185 0.36666666666666664 0.575925925925926 0.3625 0.5657407407407408 0.35833333333333334 0.5666666666666667 0.3541666666666667 0.5768518518518518 0.359375 0.6148148148148148
5 0.12135416666666667 0.6333333333333333 0.12239583333333333 0.6574074074074074 0.12708333333333333 0.6620370370370371 0.12916666666666668 0.6583333333333333 0.12760416666666666 0.6425925925925926 0.13177083333333334 0.6305555555555555 0.13177083333333334 0.6157407407407407 0.1265625 0.600925925925926 0.12239583333333333 0.6027777777777777 0.11979166666666667 0.6148148148148148 0.11875 0.6231481481481481 0.12135416666666667 0.6333333333333333
3 0.6229166666666667 0.6 0.6265625 0.6333333333333333 0.6307291666666667 0.637962962962963 0.6328125 0.6342592592592593 0.6354166666666666 0.5898148148148148 0.6307291666666667 0.5768518518518518 0.6255208333333333 0.575925925925926 0.6223958333333334 0.587037037037037 0.6229166666666667 0.6
4 0.46510416666666665 0.5935185185185186 0.4703125 0.5962962962962963 0.4703125 0.5888888888888889 0.46197916666666666 0.5601851851851852 0.4546875 0.5601851851851852 0.4546875 0.5953703703703703 0.46510416666666665 0.5935185185185186
4 0.35 0.5916666666666667 0.359375 0.5675925925925925 0.353125 0.5527777777777778 0.3489583333333333 0.55 0.3463541666666667 0.5564814814814815 0.34479166666666666 0.5740740740740741 0.34479166666666666 0.5907407407407408 0.35 0.5916666666666667
4 0.78125 0.6185185185185185 0.7869791666666667 0.6268518518518519 0.7901041666666667 0.6222222222222222 0.7911458333333333 0.6064814814814815 0.7901041666666667 0.575925925925926 0.784375 0.5731481481481482 0.7807291666666667 0.5879629629629629 0.7796875 0.6074074074074074 0.78125 0.6185185185185185
4 0.7671875 0.7324074074074074 0.7713541666666667 0.7203703703703703 0.778125 0.7175925925925926 0.7802083333333333 0.7296296296296296 0.7833333333333333 0.7324074074074074 0.7848958333333333 0.7268518518518519 0.784375 0.6796296296296296 0.778125 0.6648148148148149 0.775 0.662962962962963 0.7734375 0.6657407407407407 0.7682291666666666 0.6888888888888889 0.765625 0.7305555555555555 0.7671875 0.7324074074074074
5 0.2557291666666667 0.6685185185185185 0.2604166666666667 0.6435185185185185 0.25833333333333336 0.6074074074074074 0.25364583333333335 0.6074074074074074 0.24947916666666667 0.6185185185185185 0.25052083333333336 0.6657407407407407 0.2557291666666667 0.6685185185185185
4 0.5916666666666667 0.6425925925925926 0.5942708333333333 0.6472222222222223 0.6005208333333333 0.6462962962962963 0.6036458333333333 0.6425925925925926 0.6041666666666666 0.6333333333333333 0.603125 0.5898148148148148 0.5989583333333334 0.587037037037037 0.5911458333333334 0.6018518518518519 0.5895833333333333 0.6194444444444445 0.5916666666666667 0.6425925925925926
4 0.578125 0.5722222222222222 0.5786458333333333 0.5907407407407408 0.5838541666666667 0.5925925925925926 0.5875 0.5861111111111111 0.5916666666666667 0.5879629629629629 0.5921875 0.5842592592592593 0.5885416666666666 0.575925925925926 0.5911458333333334 0.5648148148148148 0.5890625 0.5453703703703704 0.58125 0.5444444444444444 0.5776041666666667 0.5527777777777778 0.5755208333333334 0.5638888888888889 0.578125 0.5722222222222222
3 0.9546875 0.9268518518518518 0.9546875 0.9388888888888889 0.9598958333333333 0.9444444444444444 0.9630208333333333 0.9592592592592593 0.9682291666666667 0.9583333333333334 0.96875 0.9444444444444444 0.9739583333333334 0.9305555555555556 0.9770833333333333 0.9287037037037037 0.98125 0.9342592592592592 0.9822916666666667 0.9583333333333334 0.9864583333333333 0.9583333333333334 0.9911458333333333 0.912962962962963 0.990625 0.8814814814814815 0.9890625 0.8759259259259259 0.9848958333333333 0.8731481481481481 0.9817708333333334 0.8611111111111112 0.978125 0.8601851851851852 0.9760416666666667 0.8638888888888889 0.9630208333333333 0.9166666666666666 0.9546875 0.9268518518518518
3 0.6859375 0.5564814814814815 0.6921875 0.549074074074074 0.6927083333333334 0.5222222222222223 0.6895833333333333 0.5037037037037037 0.684375 0.5203703703703704 0.6822916666666666 0.5527777777777778 0.6859375 0.5564814814814815
5 0.6026041666666667 0.6416666666666667 0.6046875 0.6425925925925926 0.6067708333333334 0.6416666666666667 0.6083333333333333 0.5990740740740741 0.6041666666666666 0.5861111111111111 0.5994791666666667 0.5861111111111111 0.6010416666666667 0.6305555555555555 0.6026041666666667 0.6416666666666667
5 0.44166666666666665 0.5981481481481481 0.446875 0.5990740740740741 0.4484375 0.5953703703703703 0.44635416666666666 0.587037037037037 0.446875 0.5666666666666667 0.440625 0.5564814814814815 0.4375 0.5583333333333333 0.43802083333333336 0.5907407407407408 0.44166666666666665 0.5981481481481481
5 0.8338541666666667 0.6935185185185185 0.8395833333333333 0.6962962962962963 0.8380208333333333 0.6601851851851852 0.8338541666666667 0.6388888888888888 0.8296875 0.6351851851851852 0.8234375 0.6527777777777778 0.8255208333333334 0.6953703703703704 0.8338541666666667 0.6935185185185185
0 0.30625 0.587037037037037 0.3072916666666667 0.5768518518518518 0.3026041666666667 0.5694444444444444 0.2994791666666667 0.5712962962962963 0.2989583333333333 0.5833333333333334 0.30625 0.587037037037037