4 0.7197916666666667 0.6342592592592593 0.725 0.6351851851851852 0.7270833333333333 0.6287037037037037 0.728125 0.5916666666666667 0.7239583333333334 0.5842592592592593 0.7203125 0.5842592592592593 0.7171875 0.5925925925925926 0.7182291666666667 0.6268518518518519 0.7197916666666667 0.6342592592592593
4 0.853125 0.6666666666666666 0.8552083333333333 0.6574074074074074 0.8567708333333334 0.6222222222222222 0.8484375 0.6111111111111112 0.8453125 0.6148148148148148 0.8432291666666667 0.625 0.8432291666666667 0.6657407407407407 0.853125 0.6666666666666666
5 0.2786458333333333 0.6037037037037037 0.2911458333333333 0.6037037037037037 0.28854166666666664 0.5888888888888889 0.28802083333333334 0.5601851851851852 0.2833333333333333 0.5592592592592592 0.28177083333333336 0.5638888888888889 0.27708333333333335 0.600925925925926 0.2786458333333333 0.6037037037037037
5 0.19947916666666668 0.6935185185185185 0.20052083333333334 0.6972222222222222 0.20520833333333333 0.6953703703703704 0.2125 0.7 0.2140625 0.6962962962962963 0.2109375 0.637962962962963 0.2078125 0.637962962962963 0.2046875 0.6509259259259259 0.2046875 0.6759259259259259 0.19947916666666668 0.6935185185185185
4 0.6130208333333333 0.725 0.6145833333333334 0.7287037037037037 0.621875 0.7277777777777777 0.6239583333333333 0.7240740740740741 0.6265625 0.6777777777777778 0.61875 0.6611111111111111 0.6125 0.6796296296296296 0.615625 0.7064814814814815 0.6130208333333333 0.725
4 0.17604166666666668 0.6296296296296297 0.1828125 0.6287037037037037 0.184375 0.6268518518518519 0.184375 0.5879629629629629 0.18125 0.575 0.1765625 0.575 0.1734375 0.5898148148148148 0.17083333333333334 0.6259259259259259 0.17604166666666668 0.6296296296296297
4 0.7953125 0.6027777777777777 0.7984375 0.6046296296296296 0.8010416666666667 0.5972222222222222 0.8026041666666667 0.5675925925925925 0.7947916666666667 0.5574074074074075 0.7921875 0.5592592592592592 0.7916666666666666 0.5648148148148148 0.7916666666666666 0.5833333333333334 0.7953125 0.6027777777777777
3 0.43802083333333336 0.6287037037037037 0.4395833333333333 0.6314814814814815 0.4427083333333333 0.6268518518518519 0.44895833333333335 0.6268518518518519 0.4510416666666667 0.6314814814814815 0.453125 0.6305555555555555 0.44947916666666665 0.575 0.44583333333333336 0.5722222222222222 0.4421875 0.5824074074074074 0.44166666666666665 0.6083333333333333 0.43802083333333336 0.6287037037037037
5 0.30885416666666665 0.6777777777777778 0.3098958333333333 0.6574074074074074 0.3078125 0.65 0.3078125 0.6231481481481481 0.30625 0.6194444444444445 0.3020833333333333 0.6203703703703703 0.2984375 0.637962962962963 0.2984375 0.6768518518518518 0.30885416666666665 0.6777777777777778
5 0.5333333333333333 0.5990740740740741 0.5380208333333333 0.5953703703703703 0.5380208333333333 0.5805555555555556 0.5427083333333333 0.5712962962962963 0.5401041666666667 0.5648148148148148 0.540625 0.5601851851851852 0.5307291666666667 0.5574074074074075 0.5286458333333334 0.562037037037037 0.5291666666666667 0.5907407407407408 0.5333333333333333 0.5990740740740741
4 0.5744791666666667 0.5833333333333334 0.5833333333333334 0.587037037037037 0.5854166666666667 0.5833333333333334 0.5833333333333334 0.575 0.5838541666666667 0.5555555555555556 0.5802083333333333 0.5435185185185185 0.5765625 0.5444444444444444 0.5744791666666667 0.5509259259259259 0.5744791666666667 0.5833333333333334
4 0.49635416666666665 0.5722222222222222 0.4973958333333333 0.575 0.50625 0.5740740740740741 0.50625 0.5444444444444444 0.5020833333333333 0.5342592592592592 0.4979166666666667 0.537962962962963 0.49583333333333335 0.5453703703703704 0.49635416666666665 0.5722222222222222
4 0.353125 0.5796296296296296 0.35885416666666664 0.5796296296296296 0.36041666666666666 0.575925925925926 0.36041666666666666 0.5546296296296296 0.36302083333333335 0.5444444444444444 0.3572916666666667 0.537962962962963 0.35052083333333334 0.5481481481481482 0.3489583333333333 0.5583333333333333 0.353125 0.5796296296296296
5 0.134375 0.6296296296296297 0.14583333333333334 0.6333333333333333 0.146875 0.6083333333333333 0.14479166666666668 0.5833333333333334 0.14270833333333333 0.5805555555555556 0.13958333333333334 0.5824074074074074 0.1375 0.5907407407407408 0.13802083333333334 0.6111111111111112 0.134375 0.6296296296296297
4 0.4171875 0.6925925925925925 0.4197916666666667 0.6953703703703704 0.4322916666666667 0.6925925925925925 0.4296875 0.6777777777777778 0.43020833333333336 0.6592592592592592 0.4328125 0.6537037037037037 0.4270833333333333 0.6342592592592593 0.4234375 0.6342592592592593 0.4197916666666667 0.6435185185185185 0.41770833333333335 0.6601851851851852 0.4203125 0.6731481481481482 0.4171875 0.6925925925925925
3 0.18541666666666667 0.562962962962963 0.19010416666666666 0.5592592592592592 0.18958333333333333 0.5407407407407407 0.19270833333333334 0.525 0.18541666666666667 0.5194444444444445 0.18333333333333332 0.525 0.18333333333333332 0.5601851851851852 0.18541666666666667 0.562962962962963
5 0.3692708333333333 0.625 0.3729166666666667 0.6027777777777777 0.37083333333333335 0.5768518518518518 0.365625 0.575925925925926 0.3619791666666667 0.5861111111111111 0.3614583333333333 0.6231481481481481 0.3692708333333333 0.625
3 0.5270833333333333 0.5518518518518518 0.5328125 0.5546296296296296 0.5380208333333333 0.549074074074074 0.5369791666666667 0.5185185185185185 0.5333333333333333 0.5148148148148148 0.5291666666666667 0.5175925925925926 0.5255208333333333 0.5324074074074074 0.525 0.5472222222222223 0.5270833333333333 0.5518518518518518
5 0.1328125 0.5638888888888889 0.1359375 0.575925925925926 0.13854166666666667 0.575 0.14114583333333333 0.5583333333333333 0.14010416666666667 0.5361111111111111 0.134375 0.5333333333333333 0.1328125 0.5361111111111111 0.1328125 0.5638888888888889
4 0.5453125 0.6111111111111112 0.5463541666666667 0.6148148148148148 0.5505208333333333 0.6157407407407407 0.5526041666666667 0.6101851851851852 0.5541666666666667 0.575925925925926 0.55 0.5657407407407408 0.54375 0.5685185185185185 0.5432291666666667 0.5962962962962963 0.5453125 0.6111111111111112
5 0.7796875 0.6055555555555555 0.7822916666666667 0.6 0.7848958333333333 0.575925925925926 0.7828125 0.5564814814814815 0.7765625 0.5564814814814815 0.7739583333333333 0.5675925925925925 0.7760416666666666 0.5990740740740741 0.7796875 0.6055555555555555