4 0.24583333333333332 0.6166666666666667 0.24479166666666666 0.6240740740740741 0.25 0.6435185185185185 0.2557291666666667 0.6462962962962963 0.2578125 0.6416666666666667 0.25416666666666665 0.6231481481481481 0.2552083333333333 0.600925925925926 0.2520833333333333 0.5879629629629629 0.24739583333333334 0.5916666666666667 0.24427083333333333 0.6111111111111112 0.24583333333333332 0.6166666666666667
3 0.5494791666666666 0.6657407407407407 0.5515625 0.6703703703703704 0.55625 0.6694444444444444 0.5630208333333333 0.6231481481481481 0.5625 0.6148148148148148 0.5578125 0.6055555555555555 0.5526041666666667 0.6046296296296296 0.5473958333333333 0.6185185185185185 0.5515625 0.6462962962962963 0.5494791666666666 0.6657407407407407
5 0.31979166666666664 0.65 0.3260416666666667 0.6509259259259259 0.3302083333333333 0.6462962962962963 0.32708333333333334 0.6296296296296297 0.32916666666666666 0.6222222222222222 0.32916666666666666 0.6074074074074074 0.3260416666666667 0.5935185185185186 0.321875 0.5925925925925926 0.31979166666666664 0.5990740740740741 0.3182291666666667 0.6296296296296297 0.31979166666666664 0.65
4 0.6807291666666667 0.612037037037037 0.68125 0.6222222222222222 0.6973958333333333 0.6231481481481481 0.6932291666666667 0.5712962962962963 0.6890625 0.5712962962962963 0.6848958333333334 0.5824074074074074 0.684375 0.5990740740740741 0.6807291666666667 0.612037037037037
5 0.7046875 0.6546296296296297 0.7171875 0.6574074074074074 0.71875 0.6537037037037037 0.715625 0.6412037037037037 0.7166666666666667 0.6175925925925926 0.7125 0.6018518518518519 0.7083333333333334 0.6 0.70625 0.6064814814814815 0.7067708333333333 0.6407407407407407 0.7046875 0.6546296296296297
4 0.44947916666666665 0.6277777777777778 0.45364583333333336 0.6231481481481481 0.4515625 0.600925925925926 0.453125 0.5842592592592593 0.4473958333333333 0.5740740740740741 0.440625 0.575 0.4427083333333333 0.6268518518518519 0.44947916666666665 0.6277777777777778
4 0.8994791666666667 0.6694444444444444 0.9 0.6768518518518518 0.9052083333333333 0.674074074074074 0.915625 0.6759259259259259 0.915625 0.6694444444444444 0.9114583333333334 0.6583333333333333 0.9130208333333333 0.6305555555555555 0.9088541666666666 0.6175925925925926 0.9046875 0.6194444444444445 0.9005208333333333 0.6388888888888888 0.9020833333333333 0.6620370370370371 0.8994791666666667 0.6694444444444444
4 0.07916666666666666 0.675 0.08385416666666666 0.6777777777777778 0.09583333333333334 0.6657407407407407 0.096875 0.6574074074074074 0.08802083333333334 0.6462962962962963 0.08958333333333333 0.6287037037037037 0.08385416666666666 0.6101851851851852 0.07708333333333334 0.6231481481481481 0.07604166666666666 0.6407407407407407 0.07916666666666666 0.675
5 0.1265625 0.6157407407407407 0.13958333333333334 0.6129629629629629 0.1421875 0.6166666666666667 0.14375 0.600925925925926 0.13645833333333332 0.575925925925926 0.13020833333333334 0.5787037037037037 0.12135416666666667 0.6074074074074074 0.12135416666666667 0.6111111111111112 0.1265625 0.6157407407407407
4 0.8666666666666667 0.8506175925925926 0.8677083333333333 0.8722222222222222 0.8713541666666667 0.8731481481481481 0.8734375 0.8685185185185185 0.8802083333333334 0.8648148148148148 0.8802083333333334 0.8379629629629629 0.8838541666666667 0.8305555555555556 0.8822916666666667 0.8046296296296296 0.8786458333333333 0.7898148148148149 0.8697916666666666 0.7814814814814814 0.8635416666666667 0.7972222222222223 0.8630208333333333 0.837037037037037 0.8666666666666667 0.8506175925925926
5 0.8416666666666667 0.7314814814814815 0.8479166666666667 0.7314814814814815 0.8494791666666667 0.7231481481481481 0.8536458333333333 0.7185185185185186 0.8609375 0.7287037037037037 0.8635416666666667 0.7277777777777777 0.8630208333333333 0.7203703703703703 0.8572916666666667 0.7138888888888889 0.8557291666666667 0.7046296296296296 0.8572916666666667 0.6805555555555556 0.8494791666666667 0.6638888888888889 0.846875 0.6675925925925926 0.84375 0.6842592592592592 0.8463541666666666 0.7027777777777777 0.8416666666666667 0.7314814814814815
5 0.1109375 0.7824074074074074 0.11302083333333333 0.7694444444444445 0.11875 0.7796296296296297 0.12291666666666666 0.7787037037037037 0.1234375 0.7416666666666667 0.1265625 0.7240740740740741 0.11927083333333334 0.7046296296296296 0.11614583333333334 0.7064814814814815 0.1125 0.7194444444444444 0.1109375 0.7472222222222222 0.10729166666666666 0.762962962962963 0.10625 0.7833333333333333 0.1109375 0.7824074074074074
5 0.9875 0.700925925925926 0.9890625 0.7074074074074074 0.99375 0.712037037037037 0.9953125 0.7 0.9994791666666667 0.6925925925925925 0.9994791666666667 0.6435185185185185 0.9942708333333333 0.6453703703703704 0.9932291666666667 0.649074074074074 0.9927083333333333 0.6694444444444444 0.9875 0.700925925925926
5 0.1359375 0.7018518518518518 0.13697916666666668 0.7129629629629629 0.1390625 0.7148148148148148 0.14479166666666668 0.7092592592592593 0.14427083333333332 0.700925925925926 0.13958333333333334 0.687037037037037 0.140625 0.675 0.13645833333333332 0.6453703703703704 0.13072916666666667 0.6462962962962963 0.13072916666666667 0.6935185185185185 0.1359375 0.7018518518518518
5 0.8708333333333333 0.7861111111111111 0.8760416666666667 0.7916666666666666 0.8807291666666667 0.7907407407407407 0.8828125 0.762962962962963 0.8765625 0.7453703703703703 0.8708333333333333 0.7472222222222222 0.8661458333333333 0.7666666666666667 0.8651041666666667 0.7888888888888889 0.8708333333333333 0.7861111111111111
3 0.20260416666666667 0.5694444444444444 0.20625 0.5648148148148148 0.20572916666666666 0.5518518518518518 0.20833333333333334 0.5481481481481482 0.21354166666666666 0.55 0.2125 0.5287037037037037 0.20989583333333334 0.5231481481481481 0.20625 0.5231481481481481 0.19895833333333332 0.537962962962963 0.19635416666666666 0.5638888888888889 0.20260416666666667 0.5694444444444444
4 0.8833333333333333 0.7240740740740741 0.8885416666666667 0.725925925925926 0.89375 0.7111111111111111 0.90625 0.7083333333333334 0.9036458333333334 0.700925925925926 0.896875 0.6962962962962963 0.896875 0.687037037037037 0.9 0.6768518518518518 0.8890625 0.6574074074074074 0.8859375 0.6583333333333333 0.884375 0.6685185185185185 0.8869791666666667 0.6944444444444444 0.8833333333333333 0.7240740740740741
5 0.134375 0.6222222222222222 0.134375 0.637962962962963 0.14270833333333333 0.6425925925925926 0.14375 0.6 0.140625 0.5879629629629629 0.1359375 0.575925925925926 0.13333333333333333 0.575925925925926 0.12864583333333332 0.5916666666666667 0.12760416666666666 0.5990740740740741 0.134375 0.6222222222222222
4 0.9807291666666667 0.762962962962963 0.978125 0.7712962962962963 0.9828125 0.775 0.9869791666666666 0.7731481481481481 0.9895833333333334 0.7638888888888888 0.9864583333333333 0.7453703703703703 0.990625 0.7185185185185186 0.99375 0.7166666666666667 0.9942708333333333 0.7111111111111111 0.99375 0.7046296296296296 0.9859375 0.6990740740740741 0.9838541666666667 0.6925925925925925 0.9807291666666667 0.6925925925925925 0.9791666666666666 0.6990740740740741 0.978125 0.7481481481481481 0.9807291666666667 0.762962962962963
4 0.4036458333333333 0.7583333333333333 0.40260416666666665 0.7777777777777778 0.39739583333333334 0.7907407407407407 0.4041666666666667 0.7925925925925926 0.40677083333333336 0.7842592592592592 0.415625 0.7907407407407407 0.42135416666666664 0.7907407407407407 0.42291666666666666 0.7851851851851852 0.4161458333333333 0.7268518518518519 0.4125 0.7129629629629629 0.4078125 0.7129629629629629 0.40677083333333336 0.7324074074074074 0.39895833333333336 0.7398148148148148 0.40625 0.75 0.4036458333333333 0.7583333333333333
5 0.41458333333333336 0.7083333333333334 0.4197916666666667 0.7111111111111111 0.42291666666666666 0.6981481481481482 0.42552083333333335 0.6962962962962963 0.4296875 0.7046296296296296 0.43020833333333336 0.712037037037037 0.43385416666666665 0.7129629629629629 0.4322916666666667 0.6620370370370371 0.4244791666666667 0.6462962962962963 0.4203125 0.649074074074074 0.421875 0.6703703703703704 0.41458333333333336 0.7083333333333334