5 0.4078125 0.6472222222222223 0.4 0.6314814814814815 0.3958333333333333 0.6370370370370371 0.39375 0.6546296296296297 0.4041666666666667 0.6861111111111111 0.4083333333333333 0.6898148148148148 0.4078125 0.6472222222222223
4 0.9291666666666667 0.6851851851851852 0.928125 0.6620370370370371 0.9244791666666666 0.6518518518518519 0.9197916666666667 0.65 0.9140625 0.6648148148148149 0.9197916666666667 0.7129629629629629 0.925 0.7157407407407408 0.9276041666666667 0.7092592592592593 0.9291666666666667 0.6851851851851852
4 0.5385416666666667 0.7833333333333333 0.540625 0.8046296296296296 0.5453125 0.8064814814814815 0.5505208333333333 0.7907407407407407 0.55625 0.7898148148148149 0.5494791666666666 0.7759259259259259 0.5505208333333333 0.7509259259259259 0.5489583333333333 0.7435185185185185 0.5421875 0.7287037037037037 0.5385416666666667 0.7314814814814815 0.5369791666666667 0.7472222222222222 0.5322916666666667 0.7601851851851852 0.5395833333333333 0.7722222222222223 0.5385416666666667 0.7833333333333333
5 0.7270833333333333 0.6703703703703704 0.7255208333333333 0.6611111111111111 0.728125 0.6398148148148148 0.7265625 0.6268518518518519 0.7203125 0.6240740740740741 0.7145833333333333 0.6351851851851852 0.7192708333333333 0.6759259259259259 0.7203125 0.6796296296296296 0.7244791666666667 0.6777777777777778 0.7270833333333333 0.6703703703703704
3 0.8572916666666667 0.5953703703703703 0.8619791666666666 0.6027777777777777 0.8614583333333333 0.6101851851851852 0.8645833333333334 0.6129629629629629 0.86875 0.6111111111111112 0.8708333333333333 0.587037037037037 0.8786458333333333 0.5675925925925925 0.8770833333333333 0.5648148148148148 0.8692708333333333 0.5675925925925925 0.8645833333333334 0.5601851851851852 0.8541666666666666 0.5648148148148148 0.8494791666666667 0.562962962962963 0.8484375 0.5675925925925925 0.8489583333333334 0.5907407407407408 0.8536458333333333 0.5925925925925926 0.8572916666666667 0.5898148148148148 0.8572916666666667 0.5953703703703703
4 0.7302083333333333 0.6037037037037037 0.7229166666666667 0.5907407407407408 0.7203125 0.5907407407407408 0.7166666666666667 0.5990740740740741 0.7166666666666667 0.6314814814814815 0.7244791666666667 0.6351851851851852 0.728125 0.6305555555555555 0.7302083333333333 0.6037037037037037
5 0.2864583333333333 0.6953703703703704 0.29010416666666666 0.6944444444444444 0.2953125 0.674074074074074 0.2875 0.662962962962963 0.28854166666666664 0.6444444444444445 0.28541666666666665 0.6342592592592593 0.2828125 0.6314814814814815 0.2791666666666667 0.6361111111111111 0.271875 0.6537037037037037 0.27760416666666665 0.6638888888888889 0.28229166666666666 0.687037037037037 0.2864583333333333 0.6953703703703704
3 0.6151041666666667 0.6703703703703704 0.6197916666666666 0.6574074074074074 0.61875 0.6416666666666667 0.6213541666666667 0.6157407407407407 0.6151041666666667 0.6037037037037037 0.6104166666666667 0.6064814814814815 0.6036458333333333 0.6222222222222222 0.6036458333333333 0.6314814814814815 0.6109375 0.6694444444444444 0.6151041666666667 0.6703703703703704
5 0.6171875 0.7277777777777777 0.6182291666666667 0.7203703703703703 0.6119791666666666 0.7018518518518518 0.615625 0.6925925925925925 0.603125 0.6777777777777778 0.5984375 0.6787037037037037 0.596875 0.6851851851851852 0.5979166666666667 0.6972222222222222 0.6135416666666667 0.7277777777777777 0.6171875 0.7277777777777777
5 0.5734375 0.6416666666666667 0.5651041666666666 0.6305555555555555 0.5619791666666667 0.6361111111111111 0.5630208333333333 0.6537037037037037 0.5760416666666667 0.6833333333333333 0.5791666666666667 0.6814814814814815 0.5734375 0.6416666666666667
4 0.659375 0.6916666666666667 0.6614583333333334 0.674074074074074 0.6536458333333334 0.6583333333333333 0.65 0.6583333333333333 0.6453125 0.6685185185185185 0.6453125 0.6861111111111111 0.6557291666666667 0.712037037037037 0.6604166666666667 0.7138888888888889 0.659375 0.6916666666666667
5 0.5213541666666667 0.6259259259259259 0.5213541666666667 0.5916666666666667 0.5171875 0.5805555555555556 0.5130208333333334 0.5796296296296296 0.5098958333333333 0.5925925925925926 0.5145833333333333 0.6092592592592593 0.5151041666666667 0.6222222222222222 0.5213541666666667 0.6259259259259259
4 0.290625 0.6444444444444445 0.3026041666666667 0.637962962962963 0.2994791666666667 0.5962962962962963 0.2947916666666667 0.5944444444444444 0.2916666666666667 0.6055555555555555 0.28802083333333334 0.6324074074074074 0.28541666666666665 0.6342592592592593 0.28541666666666665 0.637962962962963 0.290625 0.6444444444444445
3 0.4510416666666667 0.5888888888888889 0.45364583333333336 0.5583333333333333 0.446875 0.5509259259259259 0.4427083333333333 0.5555555555555556 0.44114583333333335 0.5601851851851852 0.4421875 0.5787037037037037 0.44635416666666666 0.587037037037037 0.4510416666666667 0.5888888888888889
5 0.4005208333333333 0.6055555555555555 0.396875 0.5944444444444444 0.3921875 0.5944444444444444 0.39010416666666664 0.6027777777777777 0.39166666666666666 0.6231481481481481 0.396875 0.6333333333333333 0.40208333333333335 0.6342592592592593 0.4005208333333333 0.6055555555555555
5 0.7963541666666667 0.662962962962963 0.7921875 0.6518518518518519 0.7890625 0.6509259259259259 0.7833333333333333 0.6638888888888889 0.7848958333333333 0.7046296296296296 0.7911458333333333 0.7138888888888889 0.796875 0.6777777777777778 0.7963541666666667 0.662962962962963
3 0.9848958333333333 0.9907407407407407 0.9890625 0.9944444444444445 0.9895833333333334 0.9990740740740741 0.9947916666666666 0.9990740740740741 0.9973958333333334 0.9462962962962963 0.9963541666666667 0.9388888888888889 0.9921875 0.9333333333333333 0.9895833333333334 0.9166666666666666 0.9859375 0.9157407407407407 0.9817708333333334 0.9296296296296296 0.9776041666666667 0.9342592592592592 0.9739583333333334 0.962037037037037 0.9723958333333333 0.9990740740740741 0.98125 0.9990740740740741 0.98125 0.9935185185185185 0.9848958333333333 0.9907407407407407
4 0.8296875 0.6782407407407407 0.8338541666666667 0.662962962962963 0.8328125 0.65 0.825 0.6342592592592593 0.821875 0.6333333333333333 0.8171875 0.6527777777777778 0.8166666666666667 0.6666666666666666 0.8260416666666667 0.6972222222222222 0.8296875 0.6935185185185185 0.8296875 0.6782407407407407
0 0.5369791666666667 0.6657407407407407 0.5338541666666666 0.6666666666666666 0.5322916666666667 0.6777777777777778 0.5369791666666667 0.6796296296296296 0.5390625 0.6712962962962963 0.5369791666666667 0.6657407407407407
2 0 0.6620370370370371 0.008333333333333333 0.6574074074074074 0.009375 0.6361111111111111 0.009375 0.6185185185185185 0.0020833333333333333 0.5916666666666667 0 0.5916666666666667 0 0.6620370370370371
4 0.3182291666666667 0.6453703703703704 0.3140625 0.6231481481481481 0.3104166666666667 0.6185185185185185 0.3046875 0.6342592592592593 0.30364583333333334 0.6435185185185185 0.30572916666666666 0.6648148148148149 0.3140625 0.6694444444444444 0.3182291666666667 0.6453703703703704
4 0.19947916666666668 0.575925925925926 0.19635416666666666 0.5675925925925925 0.19322916666666667 0.5648148148148148 0.18854166666666666 0.575 0.1875 0.5898148148148148 0.18697916666666667 0.6092592592592593 0.18854166666666666 0.6148148148148148 0.19947916666666668 0.6129629629629629 0.19947916666666668 0.575925925925926
4 0.30625 0.7287037037037037 0.3104166666666667 0.7296296296296296 0.3177083333333333 0.7203703703703703 0.3145833333333333 0.6657407407407407 0.30625 0.6592592592592592 0.3015625 0.6703703703703704 0.2984375 0.6805555555555556 0.2984375 0.700925925925926 0.30416666666666664 0.7138888888888889 0.30625 0.7287037037037037
5 0.3229166666666667 0.6148148148148148 0.3177083333333333 0.6 0.31302083333333336 0.6055555555555555 0.3072916666666667 0.6268518518518519 0.321875 0.6425925925925926 0.32395833333333335 0.6268518518518519 0.3229166666666667 0.6148148148148148