5 0.29635416666666664 0.65 0.30364583333333334 0.65 0.30572916666666666 0.6462962962962963 0.30520833333333336 0.6083333333333333 0.3020833333333333 0.5990740740740741 0.2984375 0.5981481481481481 0.2947916666666667 0.6101851851851852 0.2942708333333333 0.6462962962962963 0.29635416666666664 0.65
4 0.7645833333333333 0.6027777777777777 0.7645833333333333 0.6083333333333333 0.7671875 0.6185185185185185 0.7682291666666666 0.6416666666666667 0.771875 0.6453703703703704 0.7802083333333333 0.6388888888888888 0.7796875 0.6185185185185185 0.7817708333333333 0.612037037037037 0.7776041666666667 0.5916666666666667 0.775 0.587037037037037 0.7708333333333334 0.5879629629629629 0.76875 0.5972222222222222 0.7645833333333333 0.6027777777777777
5 0.6317708333333333 0.7314814814814815 0.6354166666666666 0.7277777777777777 0.6458333333333334 0.6981481481481482 0.6505208333333333 0.6962962962962963 0.6458333333333334 0.6759259259259259 0.6427083333333333 0.6759259259259259 0.634375 0.6898148148148148 0.6302083333333334 0.7037037037037037 0.6302083333333334 0.712037037037037 0.6244791666666667 0.7194444444444444 0.6255208333333333 0.7296296296296296 0.6317708333333333 0.7314814814814815
4 0.33697916666666666 0.5824074074074074 0.340625 0.5796296296296296 0.34427083333333336 0.5592592592592592 0.33958333333333335 0.5416666666666666 0.3338541666666667 0.5398148148148149 0.33125 0.5444444444444444 0.33177083333333335 0.5796296296296296 0.33697916666666666 0.5824074074074074
5 0.6109375 0.6509259259259259 0.6223958333333334 0.6462962962962963 0.6119791666666666 0.5962962962962963 0.609375 0.5935185185185186 0.60625 0.5962962962962963 0.6057291666666667 0.6462962962962963 0.6109375 0.6509259259259259
4 0.7515625 0.8138888888888889 0.7598958333333333 0.8111111111111111 0.7645833333333333 0.8148148148148148 0.7677083333333333 0.8055555555555556 0.7651041666666667 0.7537037037037037 0.7572916666666667 0.7361111111111112 0.7552083333333334 0.7351851851851852 0.753125 0.7398148148148148 0.7494791666666667 0.7638888888888888 0.7515625 0.8138888888888889
5 0.08385416666666666 0.6351851851851852 0.0828125 0.5907407407407408 0.0796875 0.5861111111111111 0.07604166666666666 0.5916666666666667 0.071875 0.6342592592592593 0.08385416666666666 0.6351851851851852
4 0.60625 0.7092592592592593 0.6109375 0.712037037037037 0.61875 0.7027777777777777 0.6229166666666667 0.7111111111111111 0.625 0.7046296296296296 0.6192708333333333 0.687037037037037 0.61875 0.6620370370370371 0.6109375 0.6425925925925926 0.6072916666666667 0.6416666666666667 0.6057291666666667 0.6453703703703704 0.6083333333333333 0.6867287037037038 0.60625 0.7092592592592593
4 0.8713541666666667 0.7361111111111112 0.8770833333333333 0.7388888888888889 0.8817708333333333 0.7212962962962963 0.890625 0.7231481481481481 0.8958333333333334 0.7416666666666667 0.9 0.7416666666666667 0.9015625 0.7361111111111112 0.89375 0.7101851851851851 0.8895833333333333 0.6842592592592592 0.884375 0.675 0.8807291666666667 0.6805555555555556 0.88125 0.6916666666666667 0.8713541666666667 0.7361111111111112
5 0.0859375 0.6824074074074075 0.08854166666666667 0.687037037037037 0.096875 0.6888888888888889 0.0984375 0.6851851851851852 0.09583333333333334 0.6722222222222223 0.09947916666666666 0.6518518518518519 0.0953125 0.6287037037037037 0.09114583333333333 0.6277777777777778 0.0875 0.6453703703703704 0.0890625 0.6712962962962963 0.0859375 0.6824074074074075
3 0.21979166666666666 0.7083333333333334 0.23020833333333332 0.6990740740740741 0.23645833333333333 0.7129629629629629 0.23854166666666668 0.7083333333333334 0.23541666666666666 0.6814814814814815 0.23541666666666666 0.6518518518518519 0.23072916666666668 0.6416666666666667 0.22708333333333333 0.6398148148148148 0.22447916666666667 0.6425925925925926 0.2234375 0.6555555555555556 0.22447916666666667 0.6851851851851852 0.21979166666666666 0.7083333333333334
4 0.23333333333333334 0.6518518518518519 0.23229166666666667 0.6425925925925926 0.2359375 0.6305555555555555 0.23385416666666667 0.6148148148148148 0.228125 0.6046296296296296 0.22239583333333332 0.6175925925925926 0.22447916666666667 0.6537037037037037 0.23333333333333334 0.6518518518518519
5 0.5208333333333334 0.7944444444444444 0.5255208333333333 0.7944444444444444 0.5270833333333333 0.7907407407407407 0.5244791666666667 0.7722222222222223 0.5260416666666666 0.7611111111111111 0.5291666666666667 0.7564814814814815 0.5260416666666666 0.7398148148148148 0.5270833333333333 0.7157407407407408 0.5255208333333333 0.712037037037037 0.5208333333333334 0.7129629629629629 0.5161458333333333 0.7314814814814815 0.5166666666666667 0.7870370370370371 0.5208333333333334 0.7944444444444444
5 0.25104166666666666 0.8064814814814815 0.26458333333333334 0.8101851851851852 0.26614583333333336 0.8074074074074075 0.2640625 0.7861111111111111 0.26510416666666664 0.7675925925925926 0.26145833333333335 0.7296296296296296 0.259375 0.7277777777777777 0.2557291666666667 0.7324074074074074 0.2515625 0.7509259259259259 0.2526041666666667 0.7851851851851852 0.25104166666666666 0.8064814814814815
5 0.03333333333333333 0.7592592592592593 0.03125 0.7759259259259259 0.035416666666666666 0.7842592592592592 0.04114583333333333 0.7851851851851852 0.0453125 0.7398148148148148 0.044270833333333336 0.7148148148148148 0.0421875 0.7083333333333334 0.036458333333333336 0.712037037037037 0.03125 0.7296296296296296 0.029166666666666667 0.7453703703703703 0.03333333333333333 0.7592592592592593
4 0.3958333333333333 0.6805555555555556 0.3958333333333333 0.7175925925925926 0.4197916666666667 0.7185185185185186 0.4197916666666667 0.7064814814814815 0.415625 0.6935185185185185 0.4119791666666667 0.6638888888888889 0.40520833333333334 0.6537037037037037 0.4 0.6564814814814814 0.3927083333333333 0.6694444444444444 0.3958333333333333 0.6805555555555556
4 0.2203125 0.5833333333333334 0.22083333333333333 0.562962962962963 0.21875 0.5435185185185185 0.2140625 0.5416666666666666 0.20989583333333334 0.5509259259259259 0.21145833333333333 0.5796296296296296 0.2203125 0.5833333333333334
5 0 0.7268518518518519 0.010416666666666666 0.7277777777777777 0.013020833333333334 0.7240740740740741 0.005208333333333333 0.6601851851851852 0 0.6611111111111111 0 0.7268518518518519
0 0.7973958333333333 0.7694444444444445 0.8015625 0.7675925925925926 0.8020833333333334 0.7592592592592593 0.7989583333333333 0.7546296296296297 0.7958333333333333 0.7564814814814815 0.7947916666666667 0.7666666666666667 0.7973958333333333 0.7694444444444445
4 0.178125 0.8462962962962963 0.18125 0.85 0.18385416666666668 0.8472222222222222 0.18697916666666667 0.8231481481481482 0.190625 0.8194444444444444 0.19583333333333333 0.8351851851851851 0.19635416666666666 0.8444444444444444 0.20104166666666667 0.8444444444444444 0.20260416666666667 0.8407407407407408 0.19479166666666667 0.7888888888888889 0.19583333333333333 0.7787037037037037 0.19166666666666668 0.762962962962963 0.18854166666666666 0.762962962962963 0.18229166666666666 0.7842592592592592 0.1828125 0.812037037037037 0.178125 0.8462962962962963
4 0.011979166666666667 0.6888888888888889 0.019270833333333334 0.6953703703703704 0.017708333333333333 0.7203703703703703 0.025 0.7231481481481481 0.026041666666666668 0.6537037037037037 0.021354166666666667 0.6509259259259259 0.019791666666666666 0.6546296296296297 0.017708333333333333 0.6722222222222223 0.011979166666666667 0.6888888888888889
4 0.0046875 0.7240740740740741 0.009895833333333333 0.7268518518518519 0.013541666666666667 0.7240740740740741 0.008333333333333333 0.7175925925925926 0.009895833333333333 0.7138888888888889 0.009375 0.6990740740740741 0.008333333333333333 0.7148148148148148 0.0046875 0.7240740740740741
5 0.06458333333333334 0.5694444444444444 0.06979166666666667 0.5462962962962963 0.06979166666666667 0.5333333333333333 0.0625 0.5287037037037037 0.058333333333333334 0.5407407407407407 0.059895833333333336 0.5685185185185185 0.06458333333333334 0.5694444444444444