4 0.7203125 0.675 0.7213541666666666 0.6703703703703704 0.7255208333333333 0.6296296296296297 0.7208333333333333 0.6175925925925926 0.7166666666666667 0.6185185185185185 0.7145833333333333 0.6240740740740741 0.7130208333333333 0.6462962962962963 0.7151041666666667 0.6731481481481482 0.7171875 0.6759259259259259 0.7203125 0.675
4 0.45989583333333334 0.5685185185185185 0.4557291666666667 0.562962962962963 0.44947916666666665 0.5648148148148148 0.4510416666666667 0.6027777777777777 0.4588541666666667 0.6037037037037037 0.46041666666666664 0.5990740740740741 0.45989583333333334 0.5685185185185185
5 0.23489583333333333 0.6805555555555556 0.2390625 0.6777777777777778 0.24010416666666667 0.6731481481481482 0.23072916666666668 0.662962962962963 0.225 0.662962962962963 0.221875 0.6666666666666666 0.22447916666666667 0.6833333333333333 0.22395833333333334 0.6972222222222222 0.22864583333333333 0.7 0.23489583333333333 0.6805555555555556
4 0.5447916666666667 0.6212962962962963 0.540625 0.6212962962962963 0.5359375 0.6361111111111111 0.5328125 0.6768518518518518 0.54375 0.6787037037037037 0.5505208333333333 0.6342592592592593 0.5447916666666667 0.6212962962962963
4 0.734375 0.5861111111111111 0.7359375 0.5518518518518518 0.7307291666666667 0.5462962962962963 0.7260416666666667 0.5546296296296296 0.7255208333333333 0.5879629629629629 0.7270833333333333 0.5916666666666667 0.7317708333333334 0.5925925925925926 0.734375 0.5861111111111111
5 0.5260416666666666 0.6268518518518519 0.5244791666666667 0.6111111111111112 0.521875 0.6064814814814815 0.5171875 0.6055555555555555 0.5109375 0.6222222222222222 0.5098958333333333 0.6305555555555555 0.5171875 0.6564814814814814 0.5213541666666667 0.6574074074074074 0.5260416666666666 0.6268518518518519
5 0.4864583333333333 0.5879629629629629 0.48802083333333335 0.5638888888888889 0.48489583333333336 0.549074074074074 0.48125 0.5472222222222223 0.47708333333333336 0.5601851851851852 0.4786458333333333 0.587037037037037 0.48489583333333336 0.5898148148148148 0.4864583333333333 0.5879629629629629
3 0.540625 0.6138888888888889 0.5453125 0.5712962962962963 0.5401041666666667 0.5611111111111111 0.5333333333333333 0.5722222222222222 0.5322916666666667 0.5907407407407408 0.5348958333333333 0.5925925925925926 0.5369791666666667 0.6129629629629629 0.540625 0.6138888888888889
4 0.221875 0.5981481481481481 0.22395833333333334 0.5953703703703703 0.22604166666666667 0.5601851851851852 0.22135416666666666 0.5481481481481482 0.21614583333333334 0.5555555555555556 0.21458333333333332 0.5601851851851852 0.21614583333333334 0.5925925925925926 0.2171875 0.5962962962962963 0.221875 0.5981481481481481
4 0.7557291666666667 0.6324074074074074 0.7604166666666666 0.6268518518518519 0.7619791666666667 0.5916666666666667 0.7604166666666666 0.5833333333333334 0.7552083333333334 0.5787037037037037 0.7479166666666667 0.5925925925925926 0.75 0.5944444444444444 0.7520833333333333 0.6231481481481481 0.7557291666666667 0.6324074074074074
5 0.353125 0.5777777777777777 0.3536458333333333 0.5666666666666667 0.3484375 0.5537037037037037 0.3453125 0.5518518518518518 0.34375 0.5574074074074075 0.3416666666666667 0.5657407407407408 0.34270833333333334 0.6018518518518519 0.3463541666666667 0.6046296296296296 0.353125 0.5777777777777777
5 0.19739583333333333 0.6203703703703703 0.20208333333333334 0.5916666666666667 0.19739583333333333 0.5685185185185185 0.19166666666666668 0.575 0.1890625 0.5888888888888889 0.18958333333333333 0.5981481481481481 0.19270833333333334 0.6194444444444445 0.19739583333333333 0.6203703703703703
4 0.6625 0.5564814814814815 0.659375 0.5564814814814815 0.6578125 0.5638888888888889 0.6546875 0.5666666666666667 0.6505208333333333 0.5546296296296296 0.6453125 0.5583333333333333 0.6473958333333333 0.5972222222222222 0.6526041666666667 0.6 0.6630208333333333 0.5796296296296296 0.6625 0.5564814814814815
5 0.665625 0.5722222222222222 0.6651041666666667 0.5518518518518518 0.6630208333333333 0.5472222222222223 0.6567708333333333 0.5518518518518518 0.6578125 0.5601851851851852 0.6552083333333333 0.5638888888888889 0.6546875 0.5712962962962963 0.6557291666666667 0.5879629629629629 0.6645833333333333 0.5907407407407408 0.66875 0.5879629629629629 0.665625 0.5722222222222222
5 0.37395833333333334 0.6314814814814815 0.3765625 0.5972222222222222 0.37135416666666665 0.5842592592592593 0.36875 0.5833333333333334 0.3671875 0.587037037037037 0.365625 0.6259259259259259 0.3671875 0.6342592592592593 0.3697916666666667 0.6361111111111111 0.37395833333333334 0.6314814814814815
5 0.11927083333333334 0.5398148148148149 0.11510416666666666 0.5342592592592592 0.109375 0.5370370370370371 0.10729166666666666 0.5574074074074075 0.11145833333333334 0.5768518518518518 0.11458333333333333 0.575 0.11927083333333334 0.5398148148148149
4 0.3567708333333333 0.5444444444444444 0.3536458333333333 0.537962962962963 0.3489583333333333 0.5435185185185185 0.3484375 0.575925925925926 0.35 0.5814814814814815 0.3541666666666667 0.5814814814814815 0.3567708333333333 0.5444444444444444
4 0.5223958333333333 0.5805555555555556 0.5260416666666666 0.5648148148148148 0.5255208333333333 0.5370370370370371 0.5208333333333334 0.5324074074074074 0.5135416666666667 0.537962962962963 0.5098958333333333 0.5509259259259259 0.509375 0.5675925925925925 0.5130208333333334 0.5712962962962963 0.5135416666666667 0.5796296296296296 0.5223958333333333 0.5805555555555556
4 0.5932291666666667 0.525 0.5901041666666667 0.525 0.5890625 0.5287037037037037 0.590625 0.5305555555555556 0.5953125 0.5296296296296297 0.5932291666666667 0.525
4 0.6375 0.5537037037037037 0.6348958333333333 0.55 0.6291666666666667 0.5527777777777778 0.6302083333333334 0.5851851851851851 0.6348958333333333 0.5851851851851851 0.6385416666666667 0.5648148148148148 0.6375 0.5537037037037037
4 0.5984375 0.5796296296296296 0.6010416666666667 0.5462962962962963 0.5953125 0.5351851851851852 0.5890625 0.5370370370370371 0.5890625 0.5518518518518518 0.5927083333333333 0.5611111111111111 0.5942708333333333 0.5796296296296296 0.5984375 0.5796296296296296