4 0.8338541666666667 0.6361111111111111 0.8354166666666667 0.6305555555555555 0.83125 0.6194444444444445 0.8296875 0.5898148148148148 0.8244791666666667 0.5833333333333334 0.821875 0.5953703703703703 0.8203125 0.6148148148148148 0.8229166666666666 0.6342592592592593 0.8255208333333334 0.637962962962963 0.8338541666666667 0.6361111111111111
4 0.9239583333333333 0.7046296296296296 0.9255208333333333 0.7018518518518518 0.9239583333333333 0.6518518518518519 0.9161458333333333 0.6361111111111111 0.9119791666666667 0.6361111111111111 0.9109375 0.6444444444444445 0.9109375 0.6768518518518518 0.9145833333333333 0.6916666666666667 0.9145833333333333 0.700925925925926 0.9239583333333333 0.7046296296296296
5 0.5046875 0.6601851851851852 0.5088541666666667 0.6583333333333333 0.5072916666666667 0.65 0.5020833333333333 0.6416666666666667 0.4984375 0.6175925925925926 0.490625 0.6083333333333333 0.4864583333333333 0.6092592592592593 0.4822916666666667 0.625 0.4875 0.6296296296296297 0.49270833333333336 0.6537037037037037 0.5046875 0.6601851851851852
3 0.7833333333333333 0.6574074074074074 0.7875 0.649074074074074 0.7828125 0.6148148148148148 0.7765625 0.6027777777777777 0.7744791666666667 0.6027777777777777 0.7713541666666667 0.6111111111111112 0.7708333333333334 0.6259259259259259 0.7765625 0.6351851851851852 0.7744791666666667 0.6453703703703704 0.7833333333333333 0.6574074074074074
5 0.528125 0.700925925925926 0.5375 0.7083333333333334 0.540625 0.7166666666666667 0.5447916666666667 0.7157407407407408 0.5447916666666667 0.7074074074074074 0.5375 0.6990740740740741 0.5270833333333333 0.6564814814814814 0.5255208333333333 0.6537037037037037 0.5203125 0.6564814814814814 0.5208333333333334 0.7166666666666667 0.528125 0.7166666666666667 0.5265625 0.712037037037037 0.528125 0.700925925925926
4 0.48385416666666664 0.6018518518518519 0.48541666666666666 0.5953703703703703 0.4822916666666667 0.5722222222222222 0.47760416666666666 0.5611111111111111 0.4734375 0.5592592592592592 0.4713541666666667 0.5638888888888889 0.4708333333333333 0.575 0.4739583333333333 0.5916666666666667 0.4796875 0.600925925925926 0.48385416666666664 0.6018518518518519
4 0.9036458333333334 0.6583333333333333 0.9026041666666667 0.6148148148148148 0.896875 0.6037037037037037 0.8947916666666667 0.6037037037037037 0.8921875 0.6111111111111112 0.8927083333333333 0.6462962962962963 0.8963541666666667 0.6648148148148149 0.9005208333333333 0.6657407407407407 0.9036458333333334 0.6583333333333333
4 0.8239583333333333 0.6888888888888889 0.828125 0.6907407407407408 0.83125 0.6833333333333333 0.8364583333333333 0.687037037037037 0.8395833333333333 0.6944444444444444 0.8432291666666667 0.6944444444444444 0.8447916666666667 0.6888888888888889 0.8348958333333333 0.6703703703703704 0.8328125 0.6592592592592592 0.8375 0.6527777777777778 0.8276041666666667 0.6342592592592593 0.8223958333333333 0.637962962962963 0.8223958333333333 0.65 0.8192708333333333 0.6620370370370371 0.8213541666666667 0.6657407407407407 0.8239583333333333 0.6888888888888889
4 0.9510416666666667 0.6222222222222222 0.9526041666666667 0.6148148148148148 0.95 0.6018518518518519 0.95 0.575 0.9458333333333333 0.5694444444444444 0.9427083333333334 0.5712962962962963 0.9416666666666667 0.5777777777777777 0.9395833333333333 0.5972222222222222 0.9411458333333333 0.6083333333333333 0.9401041666666666 0.6222222222222222 0.9510416666666667 0.6222222222222222
5 0.7984375 0.6814814814814815 0.803125 0.6796296296296296 0.8140625 0.6907407407407408 0.8140625 0.6851851851851852 0.8083333333333333 0.6768518518518518 0.8046875 0.6638888888888889 0.8052083333333333 0.6537037037037037 0.803125 0.6472222222222223 0.7989583333333333 0.637962962962963 0.7942708333333334 0.6398148148148148 0.7932291666666667 0.6851851851851852 0.7916666666666666 0.6898148148148148 0.7947916666666667 0.6925925925925925 0.7984375 0.6814814814814815
5 0.8885416666666667 0.6851851851851852 0.8895833333333333 0.674074074074074 0.8848958333333333 0.6703703703703704 0.88125 0.6435185185185185 0.8770833333333333 0.6287037037037037 0.8729166666666667 0.6259259259259259 0.8708333333333333 0.6314814814814815 0.8723958333333334 0.6888888888888889 0.8786458333333333 0.6898148148148148 0.8822916666666667 0.6787037037037037 0.8885416666666667 0.6851851851851852
5 0.815625 0.587037037037037 0.8114583333333333 0.5740740740740741 0.8104166666666667 0.5601851851851852 0.8041666666666667 0.5583333333333333 0.803125 0.5768518518518518 0.8057291666666667 0.6 0.8114583333333333 0.6037037037037037 0.815625 0.587037037037037
5 0.40729166666666666 0.6666666666666666 0.4119791666666667 0.6648148148148149 0.4234375 0.687037037037037 0.4265625 0.6861111111111111 0.4119791666666667 0.6398148148148148 0.4046875 0.6305555555555555 0.40208333333333335 0.6342592592592593 0.4036458333333333 0.6574074074074074 0.4005208333333333 0.6814814814814815 0.40572916666666664 0.6814814814814815 0.40729166666666666 0.6666666666666666
5 0.7359375 0.5666666666666667 0.7322916666666667 0.5740740740740741 0.7317708333333334 0.6175925925925926 0.746875 0.6185185185185185 0.7385416666666667 0.5694444444444444 0.7359375 0.5666666666666667
5 0.6453125 0.6111111111111112 0.6463541666666667 0.6064814814814815 0.6411458333333333 0.5916666666666667 0.6401041666666667 0.5703703703703704 0.6359375 0.5592592592592592 0.6307291666666667 0.5592592592592592 0.6317708333333333 0.5953703703703703 0.6380208333333334 0.6037037037037037 0.6395833333333333 0.6101851851851852 0.6453125 0.6111111111111112
5 0.7369791666666666 0.6805555555555556 0.7390625 0.6768518518518518 0.7338541666666667 0.6592592592592592 0.7354166666666667 0.637962962962963 0.7333333333333333 0.6305555555555555 0.7265625 0.6185185185185185 0.7223958333333333 0.6222222222222222 0.7213541666666666 0.6296296296296297 0.7203125 0.6435185185185185 0.725 0.6518518518518519 0.7255208333333333 0.6777777777777778 0.7369791666666666 0.6805555555555556
0 0.5208333333333334 0.5601851851851852 0.5171875 0.5555555555555556 0.5130208333333334 0.5564814814814815 0.5114583333333333 0.5601851851851852 0.5130208333333334 0.5685185185185185 0.51875 0.5703703703703704 0.5208333333333334 0.5601851851851852
4 0.5703125 0.6777777777777778 0.575 0.6787037037037037 0.5869791666666667 0.6712962962962963 0.5786458333333333 0.6555555555555556 0.5765625 0.6351851851851852 0.5682291666666667 0.6175925925925926 0.5645833333333333 0.6203703703703703 0.5604166666666667 0.637962962962963 0.5604166666666667 0.6425925925925926 0.565625 0.6453703703703704 0.565625 0.6592592592592592 0.5703125 0.6777777777777778
3 0.7765625 0.5731481481481482 0.7854166666666667 0.5453703703703704 0.7848958333333333 0.5277777777777778 0.7734375 0.5203703703703704 0.7677083333333333 0.5287037037037037 0.7666666666666667 0.5425925925925926 0.7692708333333333 0.5509259259259259 0.7708333333333334 0.5712962962962963 0.7765625 0.5731481481481482
4 0.45 0.7546296296296297 0.4546875 0.7527777777777778 0.4552083333333333 0.7425925925925926 0.4583333333333333 0.7342592592592593 0.4666666666666667 0.7453703703703703 0.4703125 0.7453703703703703 0.4703125 0.737037037037037 0.46041666666666664 0.7277777777777777 0.4578125 0.7064814814814815 0.4583333333333333 0.6861111111111111 0.45364583333333336 0.6731481481481482 0.4484375 0.6731481481481482 0.4479166666666667 0.700925925925926 0.4505208333333333 0.7398148148148148 0.4479166666666667 0.7518518518518519 0.45 0.7546296296296297
3 0.5145833333333333 0.5388888888888889 0.5140625 0.5333333333333333 0.5078125 0.5268518518518519 0.49895833333333334 0.5305555555555556 0.49895833333333334 0.5444444444444444 0.5026041666666666 0.549074074074074 0.50625 0.55 0.5145833333333333 0.5388888888888889