3 0.31302083333333336 0.5888888888888889 0.315625 0.604937962962963 0.315625 0.6259259259259259 0.3182291666666667 0.6342592592592593 0.32083333333333336 0.6333333333333333 0.32447916666666665 0.6259259259259259 0.32708333333333334 0.6027777777777777 0.3265625 0.5814814814814815 0.3223958333333333 0.5712962962962963 0.3203125 0.5712962962962963 0.31145833333333334 0.5842592592592593 0.3104166666666667 0.587037037037037 0.31302083333333336 0.5888888888888889
5 0.43802083333333336 0.5638888888888889 0.4432291666666667 0.5787037037037037 0.4453125 0.5731481481481482 0.45208333333333334 0.5722222222222222 0.45260416666666664 0.5444444444444444 0.44166666666666665 0.5351851851851852 0.43802083333333336 0.5407407407407407 0.43802083333333336 0.5638888888888889
5 0.38229166666666664 0.5925925925925926 0.3854166666666667 0.6222222222222222 0.3885416666666667 0.6268518518518519 0.3921875 0.6231481481481481 0.3927083333333333 0.5861111111111111 0.38958333333333334 0.5694444444444444 0.38385416666666666 0.5685185185185185 0.38125 0.575925925925926 0.38229166666666664 0.5925925925925926
4 0.45208333333333334 0.6222222222222222 0.45416666666666666 0.6324074074074074 0.4588541666666667 0.6342592592592593 0.46197916666666666 0.6064814814814815 0.4609375 0.5842592592592593 0.45729166666666665 0.5731481481481482 0.4505208333333333 0.5712962962962963 0.44947916666666665 0.5916666666666667 0.45208333333333334 0.6222222222222222
5 0.5817708333333333 0.612037037037037 0.5822916666666667 0.6277777777777778 0.5880208333333333 0.6305555555555555 0.5901041666666667 0.6222222222222222 0.5911458333333334 0.5916666666666667 0.5880208333333333 0.5805555555555556 0.5828125 0.5805555555555556 0.5786458333333333 0.6 0.5817708333333333 0.612037037037037
4 0.3463541666666667 0.6194444444444445 0.34791666666666665 0.6240740740740741 0.35208333333333336 0.625 0.3546875 0.6185185185185185 0.35625 0.5953703703703703 0.3546875 0.575925925925926 0.3484375 0.5666666666666667 0.34270833333333334 0.5787037037037037 0.3421875 0.5953703703703703 0.3463541666666667 0.6194444444444445
4 0.4864583333333333 0.5944444444444444 0.4859375 0.6027777777777777 0.4921875 0.6064814814814815 0.49375 0.6046296296296296 0.49270833333333336 0.5842592592592593 0.4953125 0.575925925925926 0.4942708333333333 0.5574074074074075 0.4890625 0.5518518518518518 0.48489583333333336 0.5527777777777778 0.48333333333333334 0.5574074074074075 0.4828125 0.5731481481481482 0.4864583333333333 0.5944444444444444
4 0.175 0.6055555555555555 0.17864583333333334 0.6092592592592593 0.18072916666666666 0.6064814814814815 0.18125 0.5675925925925925 0.17760416666666667 0.5583333333333333 0.17239583333333333 0.5583333333333333 0.16979166666666667 0.562037037037037 0.16927083333333334 0.5694444444444444 0.175 0.6055555555555555
1 0.6463541666666667 0.6175925925925926 0.6510416666666666 0.6148148148148148 0.6526041666666667 0.5824074074074074 0.6552083333333333 0.5712962962962963 0.6463541666666667 0.5481481481481482 0.64375 0.5564814814814815 0.6432291666666666 0.6148148148148148 0.6463541666666667 0.6175925925925926
4 0.653125 0.5962962962962963 0.6583333333333333 0.5972222222222222 0.6609375 0.5935185185185186 0.6609375 0.5796296296296296 0.6578125 0.5712962962962963 0.6541666666666667 0.5694444444444444 0.6510416666666666 0.5796296296296296 0.6505208333333333 0.587037037037037 0.653125 0.5962962962962963
5 0.1296875 0.6425925925925926 0.13854166666666667 0.6425925925925926 0.140625 0.6527777777777778 0.14479166666666668 0.6537037037037037 0.1453125 0.6212962962962963 0.1421875 0.5990740740740741 0.13854166666666667 0.5972222222222222 0.1328125 0.6138888888888889 0.13333333333333333 0.6222222222222222 0.1296875 0.6425925925925926
0 0.6625 0.6240740740740741 0.66875 0.625 0.6708333333333333 0.6148148148148148 0.6640625 0.612037037037037 0.6619791666666667 0.6129629629629629 0.6625 0.6240740740740741
5 0.4390625 0.5675925925925925 0.43802083333333336 0.5398148148148149 0.4354166666666667 0.5268518518518519 0.43125 0.525 0.428125 0.5361111111111111 0.43125 0.5675925925925925 0.4390625 0.5675925925925925
5 0.6213541666666667 0.6046296296296296 0.6244791666666667 0.6148148148148148 0.6276041666666666 0.6175925925925926 0.6296875 0.6148148148148148 0.6302083333333334 0.6037037037037037 0.628125 0.587037037037037 0.621875 0.5703703703703704 0.61875 0.5685185185185185 0.6166666666666667 0.5712962962962963 0.615625 0.575925925925926 0.6213541666666667 0.6046296296296296
4 0.6552083333333333 0.649074074074074 0.6619791666666667 0.65 0.6609375 0.5916666666666667 0.6541666666666667 0.5851851851851851 0.6515625 0.5953703703703703 0.653125 0.6453703703703704 0.6552083333333333 0.649074074074074
4 0.38177083333333334 0.5722222222222222 0.38385416666666666 0.5777777777777777 0.3885416666666667 0.5787037037037037 0.39166666666666666 0.5722222222222222 0.3921875 0.5435185185185185 0.3885416666666667 0.5342592592592592 0.384375 0.5324074074074074 0.3807291666666667 0.5407407407407407 0.38177083333333334 0.5722222222222222
3 0.22708333333333333 0.6222222222222222 0.22864583333333333 0.625 0.24010416666666667 0.6222222222222222 0.24375 0.5916666666666667 0.23958333333333334 0.5731481481481482 0.23541666666666666 0.5731481481481482 0.23020833333333332 0.5907407407407408 0.23020833333333332 0.6064814814814815 0.22708333333333333 0.6222222222222222