5 0.20364583333333333 0.6768518518518518 0.20885416666666667 0.6824074074074075 0.21302083333333333 0.6694444444444444 0.21458333333333332 0.65 0.21197916666666666 0.6305555555555555 0.20729166666666668 0.6324074074074074 0.2046875 0.6537037037037037 0.20572916666666666 0.6648148148148149 0.20364583333333333 0.6768518518518518
4 0.29322916666666665 0.7481481481481481 0.29739583333333336 0.7777777777777778 0.3020833333333333 0.7787037037037037 0.3046875 0.7722222222222223 0.3078125 0.7444444444444445 0.3078125 0.7231481481481481 0.3020833333333333 0.7101851851851851 0.2984375 0.7111111111111111 0.2947916666666667 0.7231481481481481 0.29270833333333335 0.7314814814814815 0.29322916666666665 0.7481481481481481
4 0.23697916666666666 0.6805555555555556 0.2390625 0.6768518518518518 0.23802083333333332 0.6324074074074074 0.23229166666666667 0.6268518518518519 0.228125 0.637962962962963 0.228125 0.6787037037037037 0.23697916666666666 0.6805555555555556
4 0.375 0.6731481481481482 0.3807291666666667 0.6787037037037037 0.3802083333333333 0.6888888888888889 0.38385416666666666 0.6925925925925925 0.39114583333333336 0.6898148148148148 0.390625 0.6462962962962963 0.3880208333333333 0.6416666666666667 0.38385416666666666 0.6416666666666667 0.37604166666666666 0.6564814814814814 0.378125 0.6685185185185185 0.375 0.6731481481481482
4 0.4744791666666667 0.75 0.47708333333333336 0.7 0.4744791666666667 0.687962962962963 0.471875 0.6861111111111111 0.46875 0.6888888888888889 0.46822916666666664 0.6962962962962963 0.4666666666666667 0.7416666666666667 0.4744791666666667 0.75
5 0.128125 0.6648148148148149 0.1296875 0.6731481481481482 0.13489583333333333 0.6768518518518518 0.13697916666666668 0.6731481481481482 0.13854166666666667 0.6574074074074074 0.13333333333333333 0.6222222222222222 0.12708333333333333 0.6212962962962963 0.125 0.625 0.128125 0.6648148148148149
4 0.3203125 0.7129629629629629 0.3229166666666667 0.7138888888888889 0.32864583333333336 0.7083333333333334 0.32708333333333334 0.6990740740740741 0.328125 0.6694444444444444 0.3234375 0.6574074074074074 0.31979166666666664 0.662962962962963 0.3182291666666667 0.6888888888888889 0.3203125 0.7129629629629629
4 0.2828125 0.6694444444444444 0.2875 0.6703703703703704 0.28958333333333336 0.6611111111111111 0.29010416666666666 0.6231481481481481 0.2869791666666667 0.6175925925925926 0.28177083333333336 0.6212962962962963 0.28072916666666664 0.6472222222222223 0.2828125 0.6694444444444444
5 0.19270833333333334 0.6805555555555556 0.19583333333333333 0.6444444444444445 0.19166666666666668 0.6296296296296297 0.18333333333333332 0.6268518518518519 0.18020833333333333 0.6351851851851852 0.1796875 0.6472222222222223 0.17864583333333334 0.6805555555555556 0.19270833333333334 0.6805555555555556
5 0.15989583333333332 0.6814814814814815 0.16041666666666668 0.6425925925925926 0.15416666666666667 0.6305555555555555 0.15104166666666666 0.6361111111111111 0.146875 0.6657407407407407 0.14635416666666667 0.6814814814814815 0.15989583333333332 0.6814814814814815
4 0.703125 0.7092592592592593 0.7067708333333333 0.7092592592592593 0.709375 0.7055555555555556 0.7098958333333333 0.675 0.7088541666666667 0.6620370370370371 0.7052083333333333 0.6537037037037037 0.7010416666666667 0.6574074074074074 0.7005208333333334 0.6712962962962963 0.7 0.7046296296296296 0.703125 0.7092592592592593
4 0.696875 0.7083333333333334 0.7020833333333333 0.7083333333333334 0.7036458333333333 0.6694444444444444 0.7015625 0.6546296296296297 0.696875 0.6527777777777778 0.6932291666666667 0.6657407407407407 0.6942708333333333 0.7027777777777777 0.696875 0.7083333333333334
4 0.3729166666666667 0.6759259259259259 0.3770833333333333 0.6777777777777778 0.3807291666666667 0.6666666666666666 0.3802083333333333 0.6296296296296297 0.3770833333333333 0.6185185185185185 0.3734375 0.6212962962962963 0.3723958333333333 0.6314814814814815 0.371875 0.6712962962962963 0.3729166666666667 0.6759259259259259
3 0.39166666666666666 0.5944444444444444 0.3963541666666667 0.6 0.39947916666666666 0.5953703703703703 0.4 0.5712962962962963 0.3963541666666667 0.5592592592592592 0.3932291666666667 0.562037037037037 0.3890625 0.5740740740740741 0.39166666666666666 0.5944444444444444