4 0.49947916666666664 0.662962962962963 0.5010416666666667 0.6666666666666666 0.5052083333333334 0.6666666666666666 0.509375 0.6759259259259259 0.5125 0.6685185185185185 0.5130208333333334 0.6231481481481481 0.509375 0.6203703703703703 0.5041666666666667 0.6342592592592593 0.5026041666666666 0.6564814814814814 0.49947916666666664 0.662962962962963
5 0.4010416666666667 0.700925925925926 0.4 0.7083333333333334 0.4119791666666667 0.7157407407407408 0.41770833333333335 0.6777777777777778 0.4161458333333333 0.6583333333333333 0.4119791666666667 0.6574074074074074 0.40677083333333336 0.674074074074074 0.4046875 0.6981481481481482 0.4010416666666667 0.700925925925926
5 0.6229166666666667 0.625 0.6276041666666666 0.6231481481481481 0.6348958333333333 0.6083333333333333 0.6359375 0.5916666666666667 0.634375 0.5824074074074074 0.6307291666666667 0.5824074074074074 0.6265625 0.5916666666666667 0.6208333333333333 0.6185185185185185 0.6229166666666667 0.625
5 0.5552083333333333 0.674074074074074 0.55625 0.6768518518518518 0.5640625 0.675 0.56875 0.6814814814814815 0.5708333333333333 0.6268518518518519 0.5677083333333334 0.6240740740740741 0.5604166666666667 0.6416666666666667 0.5625 0.6537037037037037 0.5552083333333333 0.674074074074074
5 0.8026041666666667 0.6851851851851852 0.8135416666666667 0.6527777777777778 0.8104166666666667 0.6296296296296297 0.80625 0.6305555555555555 0.8010416666666667 0.6407407407407407 0.8 0.6657407407407407 0.8026041666666667 0.6851851851851852
5 0.15572916666666667 0.6185185185185185 0.16302083333333334 0.6231481481481481 0.16979166666666667 0.5925925925925926 0.16927083333333334 0.5851851851851851 0.17135416666666667 0.5833333333333334 0.16197916666666667 0.5796296296296296 0.1578125 0.5898148148148148 0.159375 0.6027777777777777 0.15572916666666667 0.6185185185185185
3 0.22552083333333334 0.587037037037037 0.22708333333333333 0.562037037037037 0.22552083333333334 0.5555555555555556 0.21875 0.5601851851851852 0.21666666666666667 0.5731481481481482 0.21666666666666667 0.5879629629629629 0.22552083333333334 0.587037037037037
5 0.5770833333333333 0.6027777777777777 0.5770833333333333 0.5675925925925925 0.5755208333333334 0.5648148148148148 0.5703125 0.5657407407407408 0.5666666666666667 0.5740740740740741 0.565625 0.6027777777777777 0.5770833333333333 0.6027777777777777
4 0.2578125 0.7101851851851851 0.259375 0.7240740740740741 0.26927083333333335 0.7212962962962963 0.2708333333333333 0.7287037037037037 0.275 0.7277777777777777 0.27291666666666664 0.6990740740740741 0.2760416666666667 0.6805555555555556 0.27239583333333334 0.6611111111111111 0.26666666666666666 0.6666666666666666 0.2609375 0.687037037037037 0.25416666666666665 0.6935185185185185 0.25364583333333335 0.7027777777777777 0.2578125 0.7101851851851851
4 0.5932291666666667 0.6259259259259259 0.5984375 0.6314814814814815 0.6010416666666667 0.6305555555555555 0.6026041666666667 0.5851851851851851 0.5994791666666667 0.5842592592592593 0.5973958333333333 0.5879629629629629 0.5911458333333334 0.6148148148148148 0.5869791666666667 0.6212962962962963 0.5875 0.6296296296296297 0.5932291666666667 0.6259259259259259
4 0.19375 0.6583333333333333 0.1953125 0.662962962962963 0.2 0.6611111111111111 0.20260416666666667 0.6555555555555556 0.20520833333333333 0.6462962962962963 0.20729166666666668 0.6203703703703703 0.20677083333333332 0.6111111111111112 0.20104166666666667 0.5944444444444444 0.19739583333333333 0.6074074074074074 0.19583333333333333 0.6481481481481481 0.19375 0.6583333333333333
4 0.6796875 0.7518518518518519 0.68125 0.7555555555555555 0.6932291666666667 0.7546296296296297 0.6953125 0.7518518518518519 0.6932291666666667 0.6842592592592592 0.6890625 0.6842592592592592 0.684375 0.6981481481481482 0.6828125 0.7342592592592593 0.6796875 0.7518518518518519
5 0.27291666666666664 0.6537037037037037 0.27447916666666666 0.6564814814814814 0.2791666666666667 0.6546296296296297 0.28489583333333335 0.6611111111111111 0.2864583333333333 0.6592592592592592 0.28802083333333334 0.6268518518518519 0.28489583333333335 0.6074074074074074 0.28229166666666666 0.6074074074074074 0.2791666666666667 0.6203703703703703 0.2786458333333333 0.6370370370370371 0.27291666666666664 0.6537037037037037
5 0.8104166666666667 0.7361111111111112 0.8130208333333333 0.7546296296296297 0.81875 0.7564814814814815 0.821875 0.7518518518518519 0.81875 0.737037037037037 0.8244791666666667 0.7129629629629629 0.8182291666666667 0.6935185185185185 0.8130208333333333 0.6972222222222222 0.8098958333333334 0.7101851851851851 0.8104166666666667 0.7361111111111112
4 0.6734375 0.6555555555555556 0.6770833333333334 0.6481481481481481 0.6854166666666667 0.6555555555555556 0.6890625 0.6425925925925926 0.6880208333333333 0.6296296296296297 0.6901041666666666 0.6138888888888889 0.6885416666666667 0.6055555555555555 0.6854166666666667 0.6037037037037037 0.6791666666666667 0.6148148148148148 0.6765625 0.6370370370370371 0.6697916666666667 0.6472222222222223 0.6697916666666667 0.6555555555555556 0.6734375 0.6555555555555556
0 0.9822916666666667 0.6824074074074075 0.9859375 0.6833333333333333 0.9880208333333333 0.6777777777777778 0.9859375 0.6703703703703704 0.9802083333333333 0.6731481481481482 0.9796875 0.6777777777777778 0.9822916666666667 0.6824074074074075
3 0.3890625 0.5861111111111111 0.3921875 0.5796296296296296 0.3927083333333333 0.5527777777777778 0.390625 0.5444444444444444 0.38645833333333335 0.5435185185185185 0.3828125 0.5555555555555556 0.384375 0.5842592592592593 0.3890625 0.5861111111111111
4 0.3109375 0.687037037037037 0.3140625 0.6925925925925925 0.3234375 0.6805555555555556 0.3265625 0.6935185185185185 0.3302083333333333 0.6962962962962963 0.33229166666666665 0.6935185185185185 0.33177083333333335 0.6416666666666667 0.3296875 0.6342592592592593 0.325 0.6407407407407407 0.31875 0.6703703703703704 0.3109375 0.687037037037037
4 0.29375 0.5990740740740741 0.29322916666666665 0.6259259259259259 0.3026041666666667 0.6296296296296297 0.3046875 0.6268518518518519 0.30416666666666664 0.5888888888888889 0.2984375 0.5787037037037037 0.29322916666666665 0.5879629629629629 0.2916666666666667 0.5916666666666667 0.29375 0.5990740740740741
5 0.40729166666666666 0.6231481481481481 0.4114583333333333 0.6287037037037037 0.415625 0.6287037037037037 0.4197916666666667 0.5962962962962963 0.4171875 0.5787037037037037 0.41458333333333336 0.5787037037037037 0.4109375 0.5888888888888889 0.4114583333333333 0.6027777777777777 0.40729166666666666 0.6231481481481481
5 0.1921875 0.662962962962963 0.19583333333333333 0.6638888888888889 0.2 0.6592592592592592 0.203125 0.6111111111111112 0.19583333333333333 0.6064814814814815 0.18958333333333333 0.6185185185185185 0.18958333333333333 0.6425925925925926 0.1921875 0.662962962962963
3 0.35572916666666665 0.6648148148148149 0.35572916666666665 0.6694444444444444 0.3578125 0.6712962962962963 0.3640625 0.6638888888888889 0.36770833333333336 0.6768518518518518 0.3703125 0.6777777777777778 0.371875 0.6416666666666667 0.375 0.6231481481481481 0.37395833333333334 0.6166666666666667 0.3692708333333333 0.6166666666666667 0.36354166666666665 0.6277777777777778 0.3640625 0.6518518518518519 0.35572916666666665 0.6648148148148149
4 0.12916666666666668 0.6842592592592592 0.13072916666666667 0.6888888888888889 0.13489583333333333 0.6888888888888889 0.14375 0.6592592592592592 0.14375 0.6342592592592593 0.13854166666666667 0.6324074074074074 0.13125 0.65 0.13177083333333334 0.6703703703703704 0.12916666666666668 0.6842592592592592