4 0.153125 0.575 0.15260416666666668 0.5833333333333334 0.16666666666666666 0.587037037037037 0.16614583333333333 0.5601851851851852 0.17135416666666667 0.5527777777777778 0.16770833333333332 0.5472222222222223 0.165625 0.5370370370370371 0.16145833333333334 0.5370370370370371 0.15364583333333334 0.5601851851851852 0.15625 0.5694444444444444 0.153125 0.575
4 0.49895833333333334 0.5768518518518518 0.5020833333333333 0.549074074074074 0.5005208333333333 0.5305555555555556 0.4973958333333333 0.525 0.49375 0.525 0.4901041666666667 0.5361111111111111 0.4895833333333333 0.575 0.49895833333333334 0.5768518518518518
5 0.2989583333333333 0.575925925925926 0.296875 0.5574074074074075 0.2984375 0.55 0.2947916666666667 0.5361111111111111 0.29010416666666666 0.5314814814814814 0.2859375 0.5435185185185185 0.2869791666666667 0.5731481481481482 0.2989583333333333 0.575925925925926
5 0.3729166666666667 0.6824074074074075 0.3729166666666667 0.6907407407407408 0.37916666666666665 0.6935185185185185 0.38177083333333334 0.6814814814814815 0.38697916666666665 0.6796296296296296 0.3921875 0.6916666666666667 0.3963541666666667 0.6925925925925925 0.396875 0.687037037037037 0.3932291666666667 0.6768518518518518 0.3958333333333333 0.6462962962962963 0.3885416666666667 0.6287037037037037 0.384375 0.6305555555555555 0.38333333333333336 0.6592592592592592 0.3729166666666667 0.6824074074074075
5 0.051041666666666666 0.6148148148148148 0.05625 0.6138888888888889 0.06041666666666667 0.5805555555555556 0.06041666666666667 0.562962962962963 0.058333333333333334 0.5546296296296296 0.05364583333333333 0.5564814814814815 0.0484375 0.575925925925926 0.046875 0.6111111111111112 0.051041666666666666 0.6148148148148148
5 0.33229166666666665 0.6101851851851852 0.334375 0.6268518518518519 0.3380208333333333 0.6305555555555555 0.340625 0.6259259259259259 0.3416666666666667 0.5851851851851851 0.3375 0.5712962962962963 0.334375 0.5685185185185185 0.328125 0.5833333333333334 0.32708333333333334 0.5990740740740741 0.33229166666666665 0.6101851851851852
3 0.8421875 0.8648148148148148 0.8458333333333333 0.8824074074074074 0.8453125 0.8962962962962963 0.85 0.8944444444444445 0.8541666666666666 0.8759259259259259 0.8609375 0.8657407407407407 0.8640625 0.8731481481481481 0.8651041666666667 0.8944444444444445 0.86875 0.8972222222222223 0.8697916666666666 0.8944444444444445 0.8692708333333333 0.8685185185185185 0.8739583333333333 0.8296296296296296 0.8729166666666667 0.8212962962962963 0.865625 0.8027777777777778 0.8598958333333333 0.8037037037037037 0.8515625 0.8416666666666667 0.8421875 0.8648148148148148
4 0.5953125 0.6407407407407407 0.5947916666666667 0.6509259259259259 0.6 0.6546296296296297 0.60625 0.65 0.6083333333333333 0.6416666666666667 0.6036458333333333 0.6305555555555555 0.60625 0.6231481481481481 0.60625 0.600925925925926 0.6010416666666667 0.5833333333333334 0.5963541666666666 0.5861111111111111 0.5916666666666667 0.6129629629629629 0.5911458333333334 0.6231481481481481 0.5953125 0.6407407407407407
4 0.28177083333333336 0.7638888888888888 0.2828125 0.7666666666666667 0.2869791666666667 0.7638888888888888 0.29010416666666666 0.7555555555555555 0.29583333333333334 0.7685185185185185 0.2989583333333333 0.7694444444444445 0.3015625 0.7666666666666667 0.3015625 0.7435185185185185 0.30364583333333334 0.7342592592592593 0.3098958333333333 0.725 0.3046875 0.6851851851851852 0.2994791666666667 0.6833333333333333 0.2859375 0.7129629629629629 0.28854166666666664 0.7388888888888889 0.28177083333333336 0.7638888888888888
3 0.25104166666666666 0.6555555555555556 0.24791666666666667 0.6694444444444444 0.2609375 0.6731481481481482 0.26145833333333335 0.6583333333333333 0.2557291666666667 0.637962962962963 0.2578125 0.6268518518518519 0.2557291666666667 0.6064814814814815 0.2515625 0.6055555555555555 0.25 0.6129629629629629 0.240625 0.6305555555555555 0.240625 0.6444444444444445 0.25104166666666666 0.6555555555555556
4 0.0020833333333333333 0.6435185185185185 0.0046875 0.6481481481481481 0.008854166666666666 0.6481481481481481 0.013020833333333334 0.6462962962962963 0.018229166666666668 0.6055555555555555 0.013541666666666667 0.5796296296296296 0.008854166666666666 0.5824074074074074 0.005729166666666666 0.5972222222222222 0.005208333333333333 0.6287037037037037 0.0020833333333333333 0.6435185185185185
5 0.26197916666666665 0.7296296296296296 0.26666666666666666 0.7472222222222222 0.2786458333333333 0.7518518518518519 0.2791666666666667 0.7425925925925926 0.2703125 0.7037037037037037 0.2703125 0.6962962962962963 0.25885416666666666 0.6814814814814815 0.25625 0.6851851851851852 0.25416666666666665 0.7 0.2546875 0.7157407407407408 0.26197916666666665 0.7296296296296296
4 0.2265625 0.6537037037037037 0.228125 0.6592592592592592 0.2328125 0.6592592592592592 0.24010416666666667 0.6453703703703704 0.24427083333333333 0.6462962962962963 0.24010416666666667 0.6296296296296297 0.24166666666666667 0.6166666666666667 0.2375 0.5944444444444444 0.2328125 0.5962962962962963 0.228125 0.6194444444444445 0.22864583333333333 0.6435185185185185 0.2265625 0.6537037037037037
0 0.3796875 0.6925925925925925 0.37864583333333335 0.6777777777777778 0.3734375 0.6814814814814815 0.3734375 0.6925925925925925 0.3796875 0.6925925925925925
5 0.634375 0.8 0.6385416666666667 0.7944444444444444 0.6416666666666667 0.7675925925925926 0.6432291666666666 0.737037037037037 0.640625 0.712037037037037 0.6390625 0.7092592592592593 0.6322916666666667 0.7101851851851851 0.6260416666666667 0.7287037037037037 0.6307291666666667 0.7953703703703704 0.634375 0.8
4 0.27395833333333336 0.7018518518518518 0.2786458333333333 0.7203703703703703 0.28854166666666664 0.7157407407407408 0.28802083333333334 0.6768518518518518 0.28489583333333335 0.6666666666666666 0.2791666666666667 0.6601851851851852 0.2755208333333333 0.6620370370370371 0.26875 0.687962962962963 0.2682291666666667 0.6925925925925925 0.27395833333333336 0.7018518518518518
3 0.3958333333333333 0.5212962962962963 0.39895833333333336 0.5055555555555555 0.39947916666666666 0.4842592592592593 0.3963541666666667 0.4740740740740741 0.390625 0.4740740740740741 0.3890625 0.4787037037037037 0.39010416666666664 0.5175925925925926 0.3958333333333333 0.5212962962962963
5 0.7125 0.7166666666666667 0.7145833333333333 0.6638888888888889 0.7088541666666667 0.6416666666666667 0.7041666666666667 0.6425925925925926 0.7 0.6694444444444444 0.7 0.7129629629629629 0.7125 0.7166666666666667
4 0.6307291666666667 0.7166666666666667 0.6390625 0.7212962962962963 0.6453125 0.6805555555555556 0.6364583333333333 0.6611111111111111 0.6333333333333333 0.6611111111111111 0.6317708333333333 0.6657407407407407 0.6291666666666667 0.6842592592592592 0.6307291666666667 0.7166666666666667
5 0.3359375 0.7157407407407408 0.3375 0.7175925925925926 0.35 0.7046296296296296 0.35208333333333336 0.7175925925925926 0.35625 0.7166666666666667 0.35104166666666664 0.6657407407407407 0.34322916666666664 0.662962962962963 0.3375 0.675 0.33958333333333335 0.7 0.3359375 0.7157407407407408
5 0.6458333333333334 0.6481481481481481 0.646875 0.6407407407407407 0.6432291666666666 0.6259259259259259 0.6458333333333334 0.6037037037037037 0.640625 0.5861111111111111 0.6380208333333334 0.5851851851851851 0.6364583333333333 0.5907407407407408 0.6317708333333333 0.6453703703703704 0.6458333333333334 0.6481481481481481
4 0.3307291666666667 0.6731481481481482 0.3416666666666667 0.674074074074074 0.34270833333333334 0.6675925925925926 0.3494791666666667 0.6574074074074074 0.3453125 0.6342592592592593 0.3390625 0.6324074074074074 0.3333333333333333 0.6416666666666667 0.32864583333333336 0.6583333333333333 0.328125 0.6666666666666666 0.3307291666666667 0.6731481481481482