4 0.84375 0.6240740740740741 0.8473958333333333 0.6037037037037037 0.8416666666666667 0.5888888888888889 0.8375 0.5898148148148148 0.8333333333333334 0.5981481481481481 0.8338541666666667 0.6425925925925926 0.8380208333333333 0.6472222222222223 0.84375 0.6407407407407407 0.84375 0.6240740740740741
5 0.6619791666666667 0.5842592592592593 0.6619791666666667 0.5703703703703704 0.6578125 0.5685185185185185 0.6536458333333334 0.5796296296296296 0.6536458333333334 0.6231481481481481 0.6619791666666667 0.6231481481481481 0.665625 0.5981481481481481 0.6619791666666667 0.5842592592592593
4 0.8697916666666666 0.6472222222222223 0.8708333333333333 0.6324074074074074 0.8744791666666667 0.6231481481481481 0.8739583333333333 0.6185185185185185 0.8645833333333334 0.6046296296296296 0.8552083333333333 0.6064814814814815 0.8635416666666667 0.6333333333333333 0.8614583333333333 0.6509259259259259 0.8671875 0.6537037037037037 0.8697916666666666 0.6472222222222223
4 0.6989583333333333 0.6601851851851852 0.703125 0.6601851851851852 0.7046875 0.6675925925925926 0.7083333333333334 0.6666666666666666 0.7072916666666667 0.6203703703703703 0.7052083333333333 0.6101851851851852 0.7010416666666667 0.6083333333333333 0.6958333333333333 0.6222222222222222 0.6963541666666667 0.6407407407407407 0.6932291666666667 0.6685185185185185 0.6973958333333333 0.6694444444444444 0.6989583333333333 0.6601851851851852
5 0.6869791666666667 0.5685185185185185 0.6822916666666666 0.5675925925925925 0.6802083333333333 0.575925925925926 0.6807291666666667 0.5981481481481481 0.6854166666666667 0.600925925925926 0.6901041666666666 0.5925925925925926 0.6869791666666667 0.5685185185185185
5 0.7729166666666667 0.637962962962963 0.771875 0.6074074074074074 0.7692708333333333 0.6 0.7708333333333334 0.5907407407407408 0.7640625 0.5898148148148148 0.7625 0.5944444444444444 0.7630208333333334 0.6370370370370371 0.765625 0.6416666666666667 0.7708333333333334 0.6416666666666667 0.7729166666666667 0.637962962962963
4 0.6869791666666667 0.6398148148148148 0.684375 0.5962962962962963 0.6807291666666667 0.5935185185185186 0.6744791666666666 0.6064814814814815 0.6734375 0.6148148148148148 0.6770833333333334 0.6537037037037037 0.68125 0.6546296296296297 0.6869791666666667 0.6398148148148148
5 0.5666666666666667 0.6231481481481481 0.5729166666666666 0.6185185185185185 0.5697916666666667 0.6046296296296296 0.5723958333333333 0.587037037037037 0.5713541666666667 0.575925925925926 0.5682291666666667 0.5685185185185185 0.5583333333333333 0.5703703703703704 0.5572916666666666 0.5935185185185186 0.559375 0.5962962962962963 0.5630208333333333 0.6222222222222222 0.5666666666666667 0.6231481481481481
5 0.5536458333333333 0.6101851851851852 0.55 0.562037037037037 0.5463541666666667 0.5648148148148148 0.5447916666666667 0.575 0.5395833333333333 0.6157407407407407 0.5421875 0.6185185185185185 0.5505208333333333 0.6175925925925926 0.5536458333333333 0.6101851851851852
4 0.80625 0.6462962962962963 0.809375 0.6342592592592593 0.8072916666666666 0.5972222222222222 0.8026041666666667 0.5861111111111111 0.7989583333333333 0.587037037037037 0.7927083333333333 0.5981481481481481 0.796875 0.6148148148148148 0.7963541666666667 0.6416666666666667 0.80625 0.6462962962962963
5 0.6140625 0.6212962962962963 0.61875 0.6231481481481481 0.6208333333333333 0.587037037037037 0.6177083333333333 0.575 0.6135416666666667 0.575925925925926 0.6098958333333333 0.5981481481481481 0.609375 0.6157407407407407 0.6067708333333334 0.6231481481481481 0.6114583333333333 0.6277777777777778 0.6140625 0.6212962962962963
0 0.7453125 0.5638888888888889 0.7401041666666667 0.5648148148148148 0.740625 0.5731481481481482 0.74375 0.575925925925926 0.7479166666666667 0.5731481481481482 0.7453125 0.5638888888888889
5 0.6765625 0.575925925925926 0.6723958333333333 0.5731481481481482 0.6692708333333334 0.5842592592592593 0.6697916666666667 0.6277777777777778 0.6739583333333333 0.6305555555555555 0.678125 0.5990740740740741 0.6765625 0.575925925925926
2 0.5588541666666667 0.5722222222222222 0.5567708333333333 0.5574074074074075 0.5505208333333333 0.5601851851851852 0.5473958333333333 0.5703703703703704 0.5494791666666666 0.6138888888888889 0.5526041666666667 0.6194444444444445 0.5567708333333333 0.6111111111111112 0.5588541666666667 0.5722222222222222
4 0.7661458333333333 0.6231481481481481 0.7645833333333333 0.5824074074074074 0.759375 0.5851851851851851 0.75625 0.600925925925926 0.7567708333333333 0.6416666666666667 0.7604166666666666 0.6444444444444445 0.7645833333333333 0.637962962962963 0.7661458333333333 0.6231481481481481
4 0.775 0.5907407407407408 0.775 0.5861111111111111 0.7713541666666667 0.5712962962962963 0.7682291666666666 0.575925925925926 0.7640625 0.5879629629629629 0.7671875 0.5944444444444444 0.7713541666666667 0.5944444444444444 0.775 0.5907407407407408
3 0.8197916666666667 0.5425925925925926 0.821875 0.5120370370370371 0.8177083333333334 0.5046296296296297 0.8083333333333333 0.5175925925925926 0.8067708333333333 0.525 0.8083333333333333 0.5453703703703704 0.8145833333333333 0.55 0.8197916666666667 0.5425925925925926
5 0.6364583333333333 0.5907407407407408 0.6348958333333333 0.5694444444444444 0.6307291666666667 0.5657407407407408 0.6291666666666667 0.5712962962962963 0.628125 0.5990740740740741 0.6307291666666667 0.6240740740740741 0.6364583333333333 0.6148148148148148 0.6364583333333333 0.5907407407407408
5 0.6286458333333333 0.6305555555555555 0.6317708333333333 0.5981481481481481 0.6286458333333333 0.5768518518518518 0.6244791666666667 0.5787037037037037 0.6197916666666666 0.6018518518518519 0.6197916666666666 0.6277777777777778 0.6229166666666667 0.6333333333333333 0.6265625 0.6324074074074074 0.6286458333333333 0.6305555555555555
3 0.7869791666666667 0.65 0.790625 0.65 0.7875 0.6037037037037037 0.7828125 0.5907407407407408 0.7791666666666667 0.5888888888888889 0.7760416666666666 0.6101851851851852 0.7770833333333333 0.6259259259259259 0.775 0.649074074074074 0.7859375 0.6453703703703704 0.7869791666666667 0.65