4 0.5677083333333334 0.6972222222222222 0.5682291666666667 0.712037037037037 0.5697916666666667 0.7157407407407408 0.5760416666666667 0.7166666666666667 0.578125 0.7055555555555556 0.5786458333333333 0.6657407407407407 0.5734375 0.6537037037037037 0.5708333333333333 0.6527777777777778 0.5682291666666667 0.6546296296296297 0.5645833333333333 0.6694444444444444 0.5640625 0.6861111111111111 0.5677083333333334 0.6972222222222222
5 0.7458333333333333 0.6444444444444445 0.7515625 0.6509259259259259 0.753125 0.6481481481481481 0.7526041666666666 0.6268518518518519 0.7552083333333334 0.6148148148148148 0.753125 0.6064814814814815 0.7479166666666667 0.5990740740740741 0.7447916666666666 0.6064814814814815 0.7432291666666667 0.6240740740740741 0.7458333333333333 0.6444444444444445
5 0.646875 0.6861111111111111 0.6489583333333333 0.6944444444444444 0.646875 0.7157407407407408 0.6583333333333333 0.7175925925925926 0.6588541666666666 0.7 0.6619791666666667 0.6851851851851852 0.6598958333333333 0.6611111111111111 0.65625 0.6537037037037037 0.6526041666666667 0.6527777777777778 0.6447916666666667 0.6777777777777778 0.6442708333333333 0.6851851851851852 0.646875 0.6861111111111111
5 0.25 0.6194444444444445 0.2515625 0.6462962962962963 0.25677083333333334 0.6509259259259259 0.2598958333333333 0.6462962962962963 0.2625 0.6194444444444445 0.259375 0.5981481481481481 0.2557291666666667 0.5925925925925926 0.25416666666666665 0.5944444444444444 0.25 0.6064814814814815 0.25 0.6194444444444445
5 0.4421875 0.6277777777777778 0.44479166666666664 0.6453703703703704 0.4432291666666667 0.6583333333333333 0.44635416666666666 0.6620370370370371 0.45260416666666664 0.6611111111111111 0.4546875 0.6583333333333333 0.4546875 0.6138888888888889 0.4510416666666667 0.6046296296296296 0.44427083333333334 0.6064814814814815 0.44583333333333336 0.612037037037037 0.4421875 0.6277777777777778
5 0.48802083333333335 0.7351851851851852 0.49583333333333335 0.7175925925925926 0.5020833333333333 0.7296296296296296 0.503125 0.7203703703703703 0.4979166666666667 0.7083333333333334 0.4942708333333333 0.6814814814814815 0.4901041666666667 0.6694444444444444 0.4869791666666667 0.674074074074074 0.48541666666666666 0.6907407407407408 0.48385416666666664 0.7342592592592593 0.48802083333333335 0.7351851851851852
5 0.34375 0.7314814814814815 0.34791666666666665 0.7231481481481481 0.3546875 0.7231481481481481 0.3572916666666667 0.7333333333333333 0.36041666666666666 0.7314814814814815 0.3614583333333333 0.7037037037037037 0.3645833333333333 0.7 0.3578125 0.6759259259259259 0.35104166666666664 0.6842592592592592 0.34270833333333334 0.7203703703703703 0.3416666666666667 0.7296296296296296 0.34375 0.7314814814814815
5 0.5973958333333333 0.7944444444444444 0.5942708333333333 0.8018518518518518 0.5953125 0.8055555555555556 0.6088541666666667 0.8018518518518518 0.6067708333333334 0.7824074074074074 0.6109375 0.7685185185185185 0.609375 0.7472222222222222 0.603125 0.7324074074074074 0.5994791666666667 0.7324074074074074 0.5984375 0.7361111111111112 0.6005208333333333 0.7611111111111111 0.5973958333333333 0.7944444444444444
5 0.19114583333333332 0.6694444444444444 0.190625 0.6888888888888889 0.19739583333333333 0.6935185185185185 0.20416666666666666 0.6611111111111111 0.203125 0.6462962962962963 0.1984375 0.6305555555555555 0.1921875 0.6388888888888888 0.18854166666666666 0.6518518518518519 0.19114583333333332 0.6694444444444444
5 0.30104166666666665 0.7509259259259259 0.30572916666666666 0.7546296296296297 0.30520833333333336 0.7638888888888888 0.3067708333333333 0.7666666666666667 0.3104166666666667 0.7648148148148148 0.31354166666666666 0.7481481481481481 0.31197916666666664 0.7333333333333333 0.315625 0.7203703703703703 0.3151041666666667 0.7018518518518518 0.3104166666666667 0.7018518518518518 0.30416666666666664 0.7157407407407408 0.3046875 0.7425925925925926 0.30104166666666665 0.7509259259259259
4 0.8463541666666666 0.6842592592592592 0.8494791666666667 0.6796296296296296 0.8572916666666667 0.6833333333333333 0.8578125 0.637962962962963 0.8520833333333333 0.6259259259259259 0.8494791666666667 0.625 0.8473958333333333 0.6314814814814815 0.8421875 0.6814814814814815 0.8463541666666666 0.6842592592592592
4 0.08489583333333334 0.6694444444444444 0.08854166666666667 0.6722222222222223 0.09010416666666667 0.6657407407407407 0.10052083333333334 0.6712962962962963 0.1015625 0.6657407407407407 0.09895833333333333 0.6444444444444445 0.1015625 0.637962962962963 0.09635416666666667 0.6138888888888889 0.09270833333333334 0.6148148148148148 0.08489583333333334 0.6388888888888888 0.08645833333333333 0.6425925925925926 0.08489583333333334 0.6694444444444444
4 0.7046875 0.637962962962963 0.7098958333333333 0.6407407407407407 0.7135416666666666 0.6361111111111111 0.7130208333333333 0.5990740740740741 0.709375 0.5888888888888889 0.7046875 0.5907407407407408 0.703125 0.6027777777777777 0.7046875 0.637962962962963
4 0.34375 0.6555555555555556 0.3453125 0.6148148148148148 0.3416666666666667 0.6018518518518519 0.3380208333333333 0.6018518518518519 0.334375 0.6111111111111112 0.33541666666666664 0.6527777777777778 0.34375 0.6555555555555556
4 0.6911458333333333 0.7277777777777777 0.6932291666666667 0.7296296296296296 0.6994791666666667 0.7222222222222222 0.7046875 0.7268518518518519 0.7104166666666667 0.700925925925926 0.7078125 0.6768518518518518 0.7005208333333334 0.662962962962963 0.6932291666666667 0.6833333333333333 0.69375 0.7111111111111111 0.6911458333333333 0.7277777777777777
5 0.4505208333333333 0.6046296296296296 0.4510416666666667 0.5768518518518518 0.4473958333333333 0.5638888888888889 0.4432291666666667 0.5657407407407408 0.44166666666666665 0.5768518518518518 0.4432291666666667 0.6037037037037037 0.4505208333333333 0.6046296296296296
4 0.42291666666666666 0.7111111111111111 0.4270833333333333 0.7277777777777777 0.43020833333333336 0.725925925925926 0.43333333333333335 0.7287037037037037 0.4354166666666667 0.7379629629629629 0.4390625 0.737037037037037 0.4359375 0.7157407407407408 0.4395833333333333 0.7046296296296296 0.43645833333333334 0.6888888888888889 0.4317708333333333 0.6787037037037037 0.4276041666666667 0.6768518518518518 0.4203125 0.6972222222222222 0.4197916666666667 0.7092592592592593 0.42291666666666666 0.7111111111111111
3 0.5135416666666667 0.6796296296296296 0.5161458333333333 0.674074074074074 0.5192708333333333 0.6509259259259259 0.5182291666666666 0.6296296296296297 0.5135416666666667 0.6166666666666667 0.5098958333333333 0.6185185185185185 0.5067708333333333 0.6268518518518519 0.5072916666666667 0.674074074074074 0.5135416666666667 0.6796296296296296
4 0.6546875 0.6111111111111112 0.6557291666666667 0.5694444444444444 0.6541666666666667 0.5657407407407408 0.65 0.5657407407407408 0.646875 0.575 0.6463541666666667 0.6083333333333333 0.6546875 0.6111111111111112
4 0.6927083333333334 0.7546296296296297 0.6994791666666667 0.7648148148148148 0.6963541666666667 0.7898148148148149 0.6932291666666667 0.7953703703703704 0.696875 0.8 0.7 0.799074074074074 0.7020833333333333 0.7916666666666666 0.7125 0.8018518518518518 0.7166666666666667 0.8009259259259259 0.7177083333333333 0.7925925925925926 0.7135416666666666 0.7759259259259259 0.7088541666666667 0.7351851851851852 0.7046875 0.7231481481481481 0.7005208333333334 0.7268518518518519 0.7010416666666667 0.7398148148148148 0.6927083333333334 0.7546296296296297
3 0.9302083333333333 0.9268518518518518 0.9354166666666667 0.9259259259259259 0.9380208333333333 0.9111111111111111 0.9442708333333333 0.9194444444444444 0.9463541666666667 0.9277777777777778 0.9510416666666667 0.9287037037037037 0.9505208333333334 0.8967592592592593 0.9546875 0.8629629629629629 0.946875 0.837037037037037 0.9427083333333334 0.8351851851851851 0.9354166666666667 0.8537037037037037 0.9328125 0.8805555555555555 0.9338541666666667 0.9037037037037037 0.9302083333333333 0.9268518518518518
4 0.3229166666666667 0.7324074074074074 0.3255208333333333 0.7425925925925926 0.32447916666666665 0.7601851851851852 0.3296875 0.7648148148148148 0.33229166666666665 0.7611111111111111 0.33541666666666664 0.7398148148148148 0.33229166666666665 0.7175925925925926 0.3328125 0.7 0.32916666666666666 0.6962962962962963 0.3260416666666667 0.700925925925926 0.3229166666666667 0.712037037037037 0.3229166666666667 0.7324074074074074
3 0.4041666666666667 0.562962962962963 0.4083333333333333 0.5324074074074074 0.4046875 0.5268518518518519 0.39791666666666664 0.5324074074074074 0.39791666666666664 0.5555555555555556 0.4041666666666667 0.562962962962963
0 0.3692708333333333 0.7518518518518519 0.3645833333333333 0.7398148148148148 0.3614583333333333 0.737037037037037 0.35989583333333336 0.7398148148148148 0.359375 0.7537037037037037 0.3692708333333333 0.7518518518518519