4 0.9317708333333333 0.5842592592592593 0.9276041666666667 0.5796296296296296 0.925 0.5833333333333334 0.921875 0.6064814814814815 0.9213541666666667 0.6240740740740741 0.9354166666666667 0.625 0.9333333333333333 0.5907407407407408 0.9317708333333333 0.5842592592592593
4 0.8088541666666667 0.6148148148148148 0.8114583333333333 0.6083333333333333 0.8109375 0.5842592592592593 0.80625 0.5685185185185185 0.8 0.5703703703703704 0.7979166666666667 0.575925925925926 0.8 0.612037037037037 0.8015625 0.6157407407407407 0.8088541666666667 0.6148148148148148
4 0.3692708333333333 0.7203703703703703 0.36666666666666664 0.6907407407407408 0.3671875 0.6694444444444444 0.3651041666666667 0.6601851851851852 0.36041666666666666 0.6574074074074074 0.3541666666666667 0.6694444444444444 0.35625 0.6722222222222223 0.3567708333333333 0.6842592592592592 0.35260416666666666 0.7166666666666667 0.3692708333333333 0.7203703703703703
4 0.9546875 0.6842592592592592 0.95625 0.675 0.9578125 0.6388888888888888 0.9546875 0.6305555555555555 0.9505208333333334 0.6277777777777778 0.946875 0.6407407407407407 0.9447916666666667 0.6583333333333333 0.9453125 0.6851851851851852 0.9515625 0.6888888888888889 0.9546875 0.6842592592592592
5 0.5197916666666667 0.5694444444444444 0.515625 0.5657407407407408 0.5109375 0.575925925925926 0.5130208333333334 0.6111111111111112 0.5171875 0.6129629629629629 0.5203125 0.5879629629629629 0.5197916666666667 0.5694444444444444
4 0.4390625 0.6148148148148148 0.43802083333333336 0.5824074074074074 0.4322916666666667 0.5685185185185185 0.4276041666666667 0.575 0.4276041666666667 0.6148148148148148 0.43072916666666666 0.6194444444444445 0.4359375 0.6185185185185185 0.4390625 0.6148148148148148
3 0.36354166666666665 0.5564814814814815 0.3645833333333333 0.5342592592592592 0.3614583333333333 0.5259259259259259 0.3546875 0.5314814814814814 0.35 0.524074074074074 0.34427083333333336 0.5287037037037037 0.34479166666666666 0.5388888888888889 0.35520833333333335 0.5444444444444444 0.3609375 0.5601851851851852 0.36354166666666665 0.5564814814814815
4 0.6552083333333333 0.6388888888888888 0.6567708333333333 0.6055555555555555 0.6510416666666666 0.5925925925925926 0.646875 0.5953703703703703 0.6453125 0.6018518518518519 0.6458333333333334 0.6240740740740741 0.65 0.6453703703703704 0.6520833333333333 0.6453703703703704 0.6552083333333333 0.6388888888888888
5 0.19114583333333332 0.6074074074074074 0.1890625 0.5990740740740741 0.18541666666666667 0.5972222222222222 0.18125 0.6083333333333333 0.18489583333333334 0.65 0.18854166666666666 0.6509259259259259 0.19166666666666668 0.637962962962963 0.19114583333333332 0.6074074074074074
4 0.3984375 0.5916666666666667 0.3984375 0.575925925925926 0.3963541666666667 0.5675925925925925 0.3921875 0.5657407407407408 0.3890625 0.5787037037037037 0.38958333333333334 0.6111111111111112 0.3953125 0.6129629629629629 0.39791666666666664 0.6074074074074074 0.3984375 0.5916666666666667
5 0.4630208333333333 0.6425925925925926 0.46770833333333334 0.6064814814814815 0.4630208333333333 0.5925925925925926 0.4588541666666667 0.5935185185185186 0.4557291666666667 0.6027777777777777 0.4546875 0.6148148148148148 0.4578125 0.6259259259259259 0.4583333333333333 0.6407407407407407 0.4630208333333333 0.6425925925925926
5 0.8921875 0.6101851851851852 0.8942708333333333 0.5981481481481481 0.89375 0.5703703703703704 0.8885416666666667 0.5648148148148148 0.884375 0.575 0.8854166666666666 0.6074074074074074 0.8864583333333333 0.6111111111111112 0.8901041666666667 0.612037037037037 0.8921875 0.6101851851851852
5 0.8666666666666667 0.6555555555555556 0.86875 0.6537037037037037 0.8682291666666667 0.6370370370370371 0.8651041666666667 0.6240740740740741 0.8625 0.6212962962962963 0.859375 0.6231481481481481 0.8567708333333334 0.6361111111111111 0.8583333333333333 0.674074074074074 0.8619791666666666 0.6787037037037037 0.8645833333333334 0.674074074074074 0.8666666666666667 0.6555555555555556
5 0.2833333333333333 0.5703703703703704 0.2796875 0.5574074074074075 0.2760416666666667 0.5611111111111111 0.27395833333333336 0.5703703703703704 0.275 0.5990740740740741 0.2791666666666667 0.6046296296296296 0.2838541666666667 0.5953703703703703 0.2833333333333333 0.5703703703703704
3 0.6088541666666667 0.6462962962962963 0.6067708333333334 0.6351851851851852 0.6088541666666667 0.6037037037037037 0.6057291666666667 0.5916666666666667 0.6015625 0.5925925925925926 0.5994791666666667 0.6092592592592593 0.5989583333333334 0.6287037037037037 0.6015625 0.6462962962962963 0.6072916666666667 0.6481481481481481 0.6088541666666667 0.6462962962962963
4 0.7859375 0.6342592592592593 0.7807291666666667 0.6222222222222222 0.7776041666666667 0.6212962962962963 0.778125 0.6768518518518518 0.7833333333333333 0.6796296296296296 0.7859375 0.6768518518518518 0.7859375 0.6342592592592593
5 0.7677083333333333 0.5777777777777777 0.7635416666666667 0.5787037037037037 0.7614583333333333 0.5851851851851851 0.7630208333333334 0.6175925925925926 0.7677083333333333 0.6203703703703703 0.771875 0.5907407407407408 0.7677083333333333 0.5777777777777777
4 0.8828125 0.7435185185185185 0.8854166666666666 0.7472222222222222 0.8864583333333333 0.7398148148148148 0.88125 0.725925925925926 0.8817708333333333 0.6944444444444444 0.8776041666666666 0.6805555555555556 0.8734375 0.6851851851851852 0.8697916666666666 0.7268518518518519 0.86875 0.7481481481481481 0.8744791666666667 0.7481481481481481 0.8760416666666667 0.7425925925925926 0.8828125 0.7435185185185185
5 0.1625 0.7675925925925926 0.16822916666666668 0.7583333333333333 0.16979166666666667 0.7342592592592593 0.16822916666666668 0.7092592592592593 0.16510416666666666 0.6972222222222222 0.16041666666666668 0.6953703703703704 0.153125 0.7157407407407408 0.15260416666666668 0.7240740740740741 0.15729166666666666 0.7416666666666667 0.1578125 0.762962962962963 0.1625 0.7675925925925926
5 0.8411458333333334 0.7601851851851852 0.8453125 0.7611111111111111 0.8505208333333333 0.7398148148148148 0.8505208333333333 0.7148148148148148 0.8479166666666667 0.6962962962962963 0.8442708333333333 0.6944444444444444 0.8375 0.7083333333333334 0.8359375 0.7166666666666667 0.8411458333333334 0.7444444444444445 0.8395833333333333 0.7555555555555555 0.8411458333333334 0.7601851851851852
4 0.3140625 0.6305555555555555 0.31302083333333336 0.5916666666666667 0.3067708333333333 0.5833333333333334 0.303125 0.5842592592592593 0.3 0.5916666666666667 0.2989583333333333 0.6027777777777777 0.3015625 0.6138888888888889 0.3104166666666667 0.6333333333333333 0.3140625 0.6305555555555555
5 0.30520833333333336 0.6111111111111112 0.30364583333333334 0.5972222222222222 0.30520833333333336 0.587037037037037 0.3020833333333333 0.575 0.29739583333333336 0.575925925925926 0.29375 0.5916666666666667 0.29375 0.6148148148148148 0.3020833333333333 0.6185185185185185 0.30520833333333336 0.6111111111111112
2 0.16666666666666666 0.5916666666666667 0.16197916666666667 0.5777777777777777 0.1578125 0.5777777777777777 0.15260416666666668 0.5953703703703703 0.15625 0.6305555555555555 0.16145833333333334 0.6342592592592593 0.16458333333333333 0.6268518518518519 0.16666666666666666 0.5916666666666667