4 0.42291666666666666 0.6462962962962963 0.42864583333333334 0.6583333333333333 0.4322916666666667 0.6583333333333333 0.43697916666666664 0.6537037037037037 0.4390625 0.6148148148148148 0.43125 0.5898148148148148 0.4270833333333333 0.5944444444444444 0.425 0.6046296296296296 0.42552083333333335 0.6342592592592593 0.42291666666666666 0.6462962962962963
5 0.26197916666666665 0.675 0.2604166666666667 0.6851851851851852 0.26197916666666665 0.687962962962963 0.27291666666666664 0.6851851851851852 0.27447916666666666 0.6805555555555556 0.271875 0.6583333333333333 0.2760416666666667 0.6546296296296297 0.2760416666666667 0.6472222222222223 0.2708333333333333 0.6388888888888888 0.2677083333333333 0.6388888888888888 0.2625 0.6481481481481481 0.25885416666666666 0.6574074074074074 0.26197916666666665 0.675
5 0.4078125 0.6620370370370371 0.4109375 0.65 0.40989583333333335 0.6361111111111111 0.4125 0.6222222222222222 0.409375 0.5953703703703703 0.40625 0.5953703703703703 0.40260416666666665 0.6018518518518519 0.4015625 0.6148148148148148 0.4010416666666667 0.6268518518518519 0.4078125 0.6620370370370371
3 0.4453125 0.7166666666666667 0.45 0.7185185185185186 0.4552083333333333 0.7157407407407408 0.4546875 0.6944444444444444 0.45729166666666665 0.6842592592592592 0.45729166666666665 0.6666666666666666 0.453125 0.65 0.4515625 0.6472222222222223 0.4473958333333333 0.649074074074074 0.4427083333333333 0.6583333333333333 0.4453125 0.7166666666666667
5 0.4630208333333333 0.6425925925925926 0.4661458333333333 0.6425925925925926 0.47239583333333335 0.6 0.4703125 0.5916666666666667 0.4666666666666667 0.5907407407407408 0.4625 0.6018518518518519 0.459375 0.6370370370370371 0.4630208333333333 0.6425925925925926
4 0.9078125 0.7481481481481481 0.9114583333333334 0.7527777777777778 0.9166666666666666 0.7527777777777778 0.9192708333333334 0.7481481481481481 0.9197916666666667 0.6972222222222222 0.9161458333333333 0.6824074074074075 0.9114583333333334 0.6814814814814815 0.9098958333333333 0.6851851851851852 0.9083333333333333 0.7157407407407408 0.9104166666666667 0.7351851851851852 0.9078125 0.7481481481481481
4 0.3890625 0.7240740740740741 0.390625 0.7185185185185186 0.39427083333333335 0.674074074074074 0.3921875 0.6638888888888889 0.3885416666666667 0.662962962962963 0.38385416666666666 0.6694444444444444 0.38177083333333334 0.6861111111111111 0.3802083333333333 0.7277777777777777 0.3890625 0.7240740740740741
4 0.5729166666666666 0.649074074074074 0.5734375 0.6694444444444444 0.5765625 0.6805555555555556 0.5802083333333333 0.6824074074074075 0.5838541666666667 0.6768518518518518 0.5833333333333334 0.6305555555555555 0.5796875 0.6129629629629629 0.5760416666666667 0.612037037037037 0.5713541666666667 0.6222222222222222 0.5708333333333333 0.6425925925925926 0.5729166666666666 0.649074074074074
4 0.63125 0.6574074074074074 0.6354166666666666 0.65 0.634375 0.6064814814814815 0.6307291666666667 0.5953703703703703 0.6265625 0.5953703703703703 0.6239583333333333 0.6083333333333333 0.6265625 0.6537037037037037 0.63125 0.6574074074074074
4 0.290625 0.6861111111111111 0.2984375 0.6888888888888889 0.31302083333333336 0.6861111111111111 0.3151041666666667 0.6824074074074075 0.3140625 0.6768518518518518 0.3067708333333333 0.6796296296296296 0.30104166666666665 0.6768518518518518 0.2947916666666667 0.6564814814814814 0.2916666666666667 0.6574074074074074 0.28854166666666664 0.6666666666666666 0.28802083333333334 0.675 0.290625 0.6861111111111111
5 0.371875 0.6546296296296297 0.3765625 0.6592592592592592 0.3796875 0.6555555555555556 0.38177083333333334 0.6194444444444445 0.3770833333333333 0.6074074074074074 0.3729166666666667 0.6083333333333333 0.3703125 0.6166666666666667 0.36875 0.6305555555555555 0.371875 0.6546296296296297
5 0.3489583333333333 0.6592592592592592 0.35572916666666665 0.6185185185185185 0.3494791666666667 0.6046296296296296 0.3453125 0.6055555555555555 0.3421875 0.6148148148148148 0.3416666666666667 0.6592592592592592 0.3489583333333333 0.6592592592592592
4 0.4703125 0.6574074074074074 0.4708333333333333 0.6685185185185185 0.46875 0.6805555555555556 0.4744791666666667 0.6842592592592592 0.4786458333333333 0.6777777777777778 0.4817708333333333 0.649074074074074 0.4744791666666667 0.6370370370370371 0.4671875 0.6388888888888888 0.4661458333333333 0.6425925925925926 0.4703125 0.6574074074074074
2 0.321875 0.65 0.3265625 0.6527777777777778 0.3296875 0.6462962962962963 0.33229166666666665 0.6055555555555555 0.3296875 0.5962962962962963 0.3260416666666667 0.5925925925925926 0.31927083333333334 0.6037037037037037 0.31875 0.637962962962963 0.321875 0.65
5 0.3958333333333333 0.6888888888888889 0.4 0.6907407407407408 0.40208333333333335 0.6888888888888889 0.40677083333333336 0.6583333333333333 0.40677083333333336 0.637962962962963 0.4041666666666667 0.6287037037037037 0.39947916666666666 0.6287037037037037 0.39427083333333335 0.6425925925925926 0.3927083333333333 0.6537037037037037 0.3958333333333333 0.6888888888888889
5 0.49375 0.6527777777777778 0.4984375 0.6388888888888888 0.5 0.6092592592592593 0.4973958333333333 0.5990740740740741 0.4942708333333333 0.5962962962962963 0.4901041666666667 0.6074074074074074 0.490625 0.6425925925925926 0.49375 0.6527777777777778
0 0.10677083333333333 0.6648148148148149 0.11145833333333334 0.6638888888888889 0.11302083333333333 0.6592592592592592 0.11145833333333334 0.6537037037037037 0.1046875 0.6564814814814814 0.10416666666666667 0.6611111111111111 0.10677083333333333 0.6648148148148149
4 0.6276041666666666 0.6148148148148148 0.6322916666666667 0.6111111111111112 0.6359375 0.5851851851851851 0.6307291666666667 0.5740740740740741 0.6265625 0.575 0.6244791666666667 0.5824074074074074 0.6239583333333333 0.6037037037037037 0.6276041666666666 0.6148148148148148
5 0.5098958333333333 0.6407407407407407 0.5125 0.6388888888888888 0.5140625 0.6231481481481481 0.5135416666666667 0.5888888888888889 0.509375 0.5851851851851851 0.5057291666666667 0.5944444444444444 0.5046875 0.6351851851851852 0.5098958333333333 0.6407407407407407
3 0.6 0.5712962962962963 0.6036458333333333 0.5675925925925925 0.6067708333333334 0.5398148148148149 0.6041666666666666 0.5342592592592592 0.5973958333333333 0.5370370370370371 0.5942708333333333 0.5462962962962963 0.6 0.5712962962962963