5 0.21666666666666667 0.7898148148148149 0.21666666666666667 0.7962962962962963 0.2203125 0.8027777777777778 0.22291666666666668 0.7962962962962963 0.234375 0.7962962962962963 0.2359375 0.8027777777777778 0.24010416666666667 0.8046296296296296 0.24270833333333333 0.8018518518518518 0.240625 0.7425925925925926 0.23802083333333332 0.7333333333333333 0.23854166666666668 0.7185185185185186 0.23697916666666666 0.7148148148148148 0.23177083333333334 0.7166666666666667 0.23177083333333334 0.7240740740740741 0.22708333333333333 0.7351851851851852 0.22708333333333333 0.7685185185185185 0.21666666666666667 0.7898148148148149
4 0.023958333333333335 0.637962962962963 0.023958333333333335 0.6462962962962963 0.0265625 0.6481481481481481 0.0296875 0.6435185185185185 0.034895833333333334 0.6435185185185185 0.036458333333333336 0.6472222222222223 0.04114583333333333 0.6481481481481481 0.04114583333333333 0.5990740740740741 0.03958333333333333 0.5916666666666667 0.034895833333333334 0.5851851851851851 0.028125 0.6 0.030208333333333334 0.6222222222222222 0.023958333333333335 0.637962962962963
4 0.484375 0.825925925925926 0.4817708333333333 0.8416666666666667 0.48541666666666666 0.8490740740740741 0.496875 0.8481481481481481 0.4973958333333333 0.8240740740740741 0.4890625 0.8037037037037037 0.49114583333333334 0.7953703703703704 0.49583333333333335 0.7916666666666666 0.4973958333333333 0.7861111111111111 0.4921875 0.7805555555555556 0.4901041666666667 0.7703703703703704 0.4864583333333333 0.7666666666666667 0.4822916666666667 0.7694444444444445 0.4786458333333333 0.7824074074074074 0.478125 0.8101851851851852 0.484375 0.825925925925926
4 0.534375 0.7333333333333333 0.5328125 0.7555555555555555 0.5364583333333334 0.7583333333333333 0.540625 0.7361111111111112 0.5447916666666667 0.7351851851851852 0.5520833333333334 0.7527777777777778 0.5567708333333333 0.7564814814814815 0.5401041666666667 0.6851851851851852 0.5359375 0.6851851851851852 0.5296875 0.7074074074074074 0.5291666666666667 0.7138888888888889 0.534375 0.7333333333333333
4 0.621875 0.6509259259259259 0.621875 0.6814814814814815 0.6197916666666666 0.6888888888888889 0.6307291666666667 0.6907407407407408 0.6333333333333333 0.6861111111111111 0.63125 0.6620370370370371 0.6338541666666667 0.6546296296296297 0.6338541666666667 0.6462962962962963 0.628125 0.6222222222222222 0.6260416666666667 0.6203703703703703 0.6239583333333333 0.6240740740740741 0.6182291666666667 0.6453703703703704 0.621875 0.6509259259259259
0 0.59375 0.8574074074074074 0.596875 0.8546296296296296 0.5953125 0.8398148148148148 0.5854166666666667 0.8379629629629629 0.5828125 0.8435185185185186 0.5828125 0.8527777777777777 0.59375 0.8574074074074074
5 0.5770833333333333 0.8527777777777777 0.5807291666666666 0.8546296296296296 0.5833333333333334 0.8490740740740741 0.5875 0.8481481481481481 0.5958333333333333 0.8564814814814815 0.5953125 0.8379629629629629 0.6 0.8111111111111111 0.5979166666666667 0.7944444444444444 0.5911458333333334 0.775 0.5864583333333333 0.775 0.5786458333333333 0.8037037037037037 0.5807291666666666 0.8314814814814815 0.5770833333333333 0.8527777777777777
4 0.46041666666666664 0.6157407407407407 0.4625 0.6240740740740741 0.46145833333333336 0.6481481481481481 0.4666666666666667 0.6509259259259259 0.4713541666666667 0.6453703703703704 0.46979166666666666 0.6287037037037037 0.47239583333333335 0.6055555555555555 0.4666666666666667 0.5888888888888889 0.4630208333333333 0.5916666666666667 0.4578125 0.6138888888888889 0.46041666666666664 0.6157407407407407
5 0.8515625 0.8481481481481481 0.8578125 0.8416666666666667 0.8567708333333334 0.8277777777777777 0.8651041666666667 0.825925925925926 0.8645833333333334 0.812962962962963 0.8703125 0.7805555555555556 0.8671875 0.7648148148148148 0.8572916666666667 0.7481481481481481 0.8526041666666667 0.7518518518518519 0.8494791666666667 0.7851851851851852 0.8484375 0.8453703703703703 0.8515625 0.8481481481481481
4 0.7442708333333333 0.7777777777777778 0.746875 0.762962962962963 0.7515625 0.7537037037037037 0.7557291666666667 0.7601851851851852 0.7578125 0.7592592592592593 0.7598958333333333 0.7212962962962963 0.7494791666666667 0.6962962962962963 0.746875 0.6972222222222222 0.7427083333333333 0.7166666666666667 0.740625 0.7722222222222223 0.7442708333333333 0.7777777777777778
4 0.7828125 0.825925925925926 0.7895833333333333 0.8268518518518518 0.7911458333333333 0.8027777777777778 0.7979166666666667 0.7796296296296297 0.7984375 0.762962962962963 0.7973958333333333 0.7509259259259259 0.790625 0.7333333333333333 0.7869791666666667 0.7333333333333333 0.7848958333333333 0.7407407407407407 0.7807291666666667 0.7898148148148149 0.7802083333333333 0.8175925925925925 0.7828125 0.825925925925926
1 0.7541666666666667 0.6388888888888888 0.7640625 0.6435185185185185 0.7651041666666667 0.6268518518518519 0.7692708333333333 0.6157407407407407 0.7677083333333333 0.5981481481481481 0.7604166666666666 0.5768518518518518 0.7541666666666667 0.5907407407407408 0.7526041666666666 0.6027777777777777 0.7541666666666667 0.6388888888888888
5 0.0421875 0.7305555555555555 0.043229166666666666 0.737037037037037 0.04635416666666667 0.7388888888888889 0.051041666666666666 0.7212962962962963 0.05625 0.7194444444444444 0.06041666666666667 0.737037037037037 0.06666666666666667 0.7361111111111112 0.06197916666666667 0.7175925925925926 0.058854166666666666 0.6648148148148149 0.05416666666666667 0.6666666666666666 0.049479166666666664 0.6842592592592592 0.049479166666666664 0.7055555555555556 0.0421875 0.7305555555555555
5 0.7619791666666667 0.7824074074074074 0.7630208333333334 0.799074074074074 0.7671875 0.8009259259259259 0.7734375 0.7944444444444444 0.7734375 0.7833333333333333 0.7677083333333333 0.7685185185185185 0.7708333333333334 0.7435185185185185 0.7635416666666667 0.7203703703703703 0.759375 0.7138888888888889 0.7567708333333333 0.7194444444444444 0.7557291666666667 0.7351851851851852 0.7557291666666667 0.7592592592592593 0.7619791666666667 0.7824074074074074
3 0.2942708333333333 0.7166666666666667 0.3026041666666667 0.7194444444444444 0.3067708333333333 0.7166666666666667 0.3104166666666667 0.6935185185185185 0.3109375 0.6583333333333333 0.3078125 0.6398148148148148 0.3026041666666667 0.6388888888888888 0.29635416666666664 0.6583333333333333 0.2984375 0.6805555555555556 0.2942708333333333 0.7166666666666667
3 0.9802083333333333 0.825925925925926 0.9869791666666666 0.8398148148148148 0.990625 0.8407407407407408 0.99375 0.825 0.9994791666666667 0.8222222222222222 0.9994791666666667 0.7722222222222223 0.9901041666666667 0.7601851851851852 0.9875 0.7666666666666667 0.9880208333333333 0.7916666666666666 0.9802083333333333 0.825925925925926
5 0.3265625 0.6509259259259259 0.32916666666666666 0.6564814814814814 0.3338541666666667 0.6574074074074074 0.33958333333333335 0.6537037037037037 0.3385416666666667 0.6435185185185185 0.340625 0.637962962962963 0.3375 0.6 0.3333333333333333 0.5981481481481481 0.3296875 0.6175925925925926 0.3296875 0.6361111111111111 0.3265625 0.6509259259259259
4 0.409375 0.6592592592592592 0.41041666666666665 0.6777777777777778 0.40729166666666666 0.6888888888888889 0.4109375 0.6935185185185185 0.4197916666666667 0.6925925925925925 0.42135416666666664 0.6898148148148148 0.4197916666666667 0.6759259259259259 0.4239583333333333 0.6444444444444445 0.415625 0.6259259259259259 0.4119791666666667 0.6259259259259259 0.4088541666666667 0.637962962962963 0.40677083333333336 0.6546296296296297 0.409375 0.6592592592592592