4 0.309375 0.6064814814814815 0.30625 0.6027777777777777 0.3026041666666667 0.6157407407407407 0.3026041666666667 0.6472222222222223 0.31197916666666664 0.649074074074074 0.3140625 0.6453703703703704 0.309375 0.6064814814814815
4 0.7520833333333333 0.7611111111111111 0.759375 0.7611111111111111 0.7630208333333334 0.7685185185185185 0.7671875 0.7675925925925926 0.7619791666666667 0.7481481481481481 0.7640625 0.7351851851851852 0.7604166666666666 0.7240740740740741 0.759375 0.7074074074074074 0.7552083333333334 0.7055555555555556 0.7505208333333333 0.7222222222222222 0.7505208333333333 0.7481481481481481 0.7453125 0.762962962962963 0.7479166666666667 0.7657407407407407 0.7520833333333333 0.7611111111111111
5 0.80625 0.7342592592592593 0.8125 0.7166666666666667 0.8135416666666667 0.6944444444444444 0.8104166666666667 0.6768518518518518 0.80625 0.6777777777777778 0.8026041666666667 0.6972222222222222 0.8041666666666667 0.712037037037037 0.8005208333333333 0.7240740740740741 0.8020833333333334 0.7342592592592593 0.80625 0.7342592592592593
3 0.3807291666666667 0.65 0.3776041666666667 0.637962962962963 0.375 0.6398148148148148 0.37083333333333335 0.6537037037037037 0.36822916666666666 0.6925925925925925 0.3765625 0.6944444444444444 0.3807291666666667 0.6768518518518518 0.3807291666666667 0.65
5 0.7010416666666667 0.6861111111111111 0.7067708333333333 0.6814814814814815 0.7046875 0.6685185185185185 0.7088541666666667 0.6657407407407407 0.7104166666666667 0.6601851851851852 0.7041666666666667 0.6398148148148148 0.6973958333333333 0.6388888888888888 0.6932291666666667 0.6574074074074074 0.6958333333333333 0.6638888888888889 0.6963541666666667 0.6842592592592592 0.7010416666666667 0.6861111111111111
4 0.6442708333333333 0.7314814814814815 0.6427083333333333 0.700925925925926 0.640625 0.6962962962962963 0.6385416666666667 0.6953703703703704 0.6348958333333333 0.700925925925926 0.6296875 0.7203703703703703 0.6255208333333333 0.7425925925925926 0.6265625 0.7537037037037037 0.6421875 0.7509259259259259 0.6442708333333333 0.7314814814814815
5 0.503125 0.6824074074074075 0.5 0.6620370370370371 0.496875 0.662962962962963 0.49375 0.6824074074074075 0.49270833333333336 0.7148148148148148 0.5072916666666667 0.7138888888888889 0.5026041666666666 0.6972222222222222 0.503125 0.6824074074074075
4 0.2604166666666667 0.7518518518518519 0.2635416666666667 0.7185185185185186 0.26197916666666665 0.6925925925925925 0.259375 0.687962962962963 0.2526041666666667 0.6888888888888889 0.25104166666666666 0.6916666666666667 0.2520833333333333 0.7537037037037037 0.2557291666666667 0.7574074074074074 0.2604166666666667 0.7518518518518519
5 0.446875 0.8 0.4484375 0.7981481481481482 0.4473958333333333 0.7703703703703704 0.44895833333333335 0.762962962962963 0.44479166666666664 0.7361111111111112 0.4432291666666667 0.7333333333333333 0.4401041666666667 0.7351851851851852 0.434375 0.7490740740740741 0.43333333333333335 0.7574074074074074 0.4359375 0.7981481481481482 0.4390625 0.8027777777777778 0.446875 0.8
5 0.6328125 0.7870370370370371 0.6401041666666667 0.7898148148148149 0.6463541666666667 0.7555555555555555 0.6432291666666666 0.7402777777777778 0.64375 0.7324074074074074 0.6411458333333333 0.7296296296296296 0.6385416666666667 0.7361111111111112 0.6307291666666667 0.7379629629629629 0.6265625 0.7444444444444445 0.6265625 0.7555555555555555 0.6338541666666667 0.7601851851851852 0.6354166666666666 0.7666666666666667 0.6328125 0.7870370370370371
5 0.24166666666666667 0.6981481481481482 0.24479166666666666 0.6787037037037037 0.23958333333333334 0.6453703703703704 0.23541666666666666 0.6481481481481481 0.23333333333333334 0.6638888888888889 0.2328125 0.6972222222222222 0.23489583333333333 0.7018518518518518 0.2390625 0.7018518518518518 0.24166666666666667 0.6981481481481482
4 0.4666666666666667 0.7935185185185185 0.4666666666666667 0.775 0.4708333333333333 0.7620370370370371 0.4635416666666667 0.7351851851851852 0.459375 0.7351851851851852 0.45364583333333336 0.7462962962962963 0.45208333333333334 0.762962962962963 0.4552083333333333 0.7925925925925926 0.4588541666666667 0.8046296296296296 0.4666666666666667 0.7935185185185185
4 0.7052083333333333 0.6259259259259259 0.6994791666666667 0.6194444444444445 0.6958333333333333 0.6231481481481481 0.6947916666666667 0.6537037037037037 0.7088541666666667 0.6657407407407407 0.7104166666666667 0.6564814814814814 0.7052083333333333 0.6259259259259259
4 0.8354166666666667 0.6685185185185185 0.8296875 0.6537037037037037 0.8208333333333333 0.674074074074074 0.81875 0.7046296296296296 0.8260416666666667 0.7092592592592593 0.8302083333333333 0.7018518518518518 0.8354166666666667 0.6685185185185185
5 0.6958333333333333 0.7601851851851852 0.7015625 0.7796296296296297 0.7046875 0.7824074074074074 0.7083333333333334 0.7805555555555556 0.7052083333333333 0.7546296296296297 0.7072916666666667 0.7231481481481481 0.7041666666666667 0.7203703703703703 0.69375 0.7481481481481481 0.6802083333333333 0.7620370370370371 0.6796875 0.7685185185185185 0.6817708333333333 0.7703703703703704 0.6859375 0.7648148148148148 0.6958333333333333 0.7601851851851852
5 0.21770833333333334 0.7361111111111112 0.21875 0.7157407407407408 0.21510416666666668 0.6888888888888889 0.21041666666666667 0.6898148148148148 0.20572916666666666 0.7083333333333334 0.20625 0.7472222222222222 0.2125 0.75 0.2203125 0.7481481481481481 0.21770833333333334 0.7361111111111112
0 0.88125 0.7805555555555556 0.8770833333333333 0.7888888888888889 0.8770833333333333 0.8009259259259259 0.8869791666666667 0.8018518518518518 0.8864583333333333 0.7907407407407407 0.88125 0.7805555555555556
4 0.8989583333333333 0.8064814814814815 0.9015625 0.8046296296296296 0.9020833333333333 0.7981481481481482 0.8973958333333333 0.7796296296296297 0.8994791666666667 0.7703703703703704 0.9041666666666667 0.7675925925925926 0.9041666666666667 0.762962962962963 0.8989583333333333 0.7518518518518519 0.8880208333333334 0.7379629629629629 0.8848958333333333 0.7388888888888889 0.8791666666666667 0.7712962962962963 0.8817708333333333 0.787962962962963 0.8786458333333333 0.7888888888888889 0.8770833333333333 0.7962962962962963 0.8989583333333333 0.8064814814814815
4 0.5520833333333334 0.7111111111111111 0.55625 0.7101851851851851 0.5609375 0.700925925925926 0.5598958333333334 0.6916666666666667 0.5619791666666667 0.6805555555555556 0.5604166666666667 0.6722222222222223 0.5619791666666667 0.6657407407407407 0.55625 0.6537037037037037 0.5520833333333334 0.6537037037037037 0.546875 0.6666666666666666 0.5463541666666667 0.6833333333333333 0.55 0.6962962962962963 0.55 0.7055555555555556 0.5520833333333334 0.7111111111111111
5 0.39947916666666666 0.7212962962962963 0.39947916666666666 0.6851851851851852 0.39479166666666665 0.6851851851851852 0.39010416666666664 0.6990740740740741 0.38958333333333334 0.7388888888888889 0.39166666666666666 0.7435185185185185 0.3958333333333333 0.7435185185185185 0.39947916666666666 0.7212962962962963
5 0.29010416666666666 0.637962962962963 0.284375 0.6148148148148148 0.28125 0.6185185185185185 0.2791666666666667 0.6361111111111111 0.27760416666666665 0.6546296296296297 0.2796875 0.6574074074074074 0.28489583333333335 0.6537037037037037 0.29010416666666666 0.637962962962963
3 0.3177083333333333 0.5564814814814815 0.3140625 0.5472222222222223 0.30625 0.5527777777777778 0.303125 0.5638888888888889 0.30572916666666666 0.587037037037037 0.3140625 0.5879629629629629 0.3177083333333333 0.5564814814814815
4 0.2833333333333333 0.6851851851851852 0.29375 0.687962962962963 0.2953125 0.6731481481481482 0.2921875 0.637962962962963 0.2864583333333333 0.6333333333333333 0.28125 0.6398148148148148 0.2791666666666667 0.6583333333333333 0.28229166666666666 0.6611111111111111 0.28489583333333335 0.6712962962962963 0.2833333333333333 0.6851851851851852
3 0.43697916666666664 0.5768518518518518 0.4421875 0.5712962962962963 0.4427083333333333 0.5638888888888889 0.4375 0.5537037037037037 0.4317708333333333 0.5546296296296296 0.428125 0.5601851851851852 0.42864583333333334 0.5879629629629629 0.43125 0.5925925925925926 0.4348958333333333 0.587037037037037 0.43697916666666664 0.5768518518518518