5 0.8520833333333333 0.7231481481481481 0.8572916666666667 0.7277777777777777 0.8598958333333333 0.7240740740740741 0.8598958333333333 0.6898148148148148 0.8567708333333334 0.6666666666666666 0.8505208333333333 0.6657407407407407 0.8463541666666666 0.6842592592592592 0.8453125 0.7240740740740741 0.8520833333333333 0.7231481481481481
4 0.3963541666666667 0.7833333333333333 0.4 0.7861111111111111 0.4078125 0.7833333333333333 0.4119791666666667 0.7796296296296297 0.4114583333333333 0.7574074074074074 0.41354166666666664 0.7509259259259259 0.41354166666666664 0.7314814814814815 0.4088541666666667 0.7138888888888889 0.4036458333333333 0.7111111111111111 0.396875 0.7333333333333333 0.3984375 0.7675925925925926 0.3963541666666667 0.7833333333333333
4 0.6744791666666666 0.6148148148148148 0.6760416666666667 0.6046296296296296 0.6739583333333333 0.5768518518518518 0.6703125 0.5694444444444444 0.6661458333333333 0.575 0.665625 0.612037037037037 0.6744791666666666 0.6148148148148148
4 0.509375 0.6935185185185185 0.5145833333333333 0.6972222222222222 0.5171875 0.6962962962962963 0.5197916666666667 0.6888888888888889 0.5234375 0.6592592592592592 0.5197916666666667 0.6407407407407407 0.5213541666666667 0.6342592592592593 0.5166666666666667 0.6296296296296297 0.5109375 0.6462962962962963 0.5088541666666667 0.6694444444444444 0.509375 0.6935185185185185
5 0.5260416666666666 0.6398148148148148 0.5286458333333334 0.6675925925925926 0.5333333333333333 0.6833333333333333 0.5364583333333334 0.6796296296296296 0.5359375 0.6444444444444445 0.5302083333333333 0.6296296296296297 0.5223958333333333 0.6333333333333333 0.5223958333333333 0.637962962962963 0.5260416666666666 0.6398148148148148
5 0.4276041666666667 0.7074074074074074 0.43072916666666666 0.7037037037037037 0.43020833333333336 0.687962962962963 0.4348958333333333 0.6694444444444444 0.434375 0.6620370370370371 0.4276041666666667 0.65 0.4244791666666667 0.6527777777777778 0.42239583333333336 0.675 0.42083333333333334 0.7046296296296296 0.4276041666666667 0.7074074074074074
4 0.8760416666666667 0.6148148148148148 0.8755208333333333 0.6268518518518519 0.8770833333333333 0.6305555555555555 0.88125 0.6305555555555555 0.8859375 0.6055555555555555 0.8864583333333333 0.5916666666666667 0.8802083333333334 0.5842592592592593 0.8755208333333333 0.5935185185185186 0.8734375 0.6055555555555555 0.8760416666666667 0.6148148148148148
5 0.48333333333333334 0.6648148148148149 0.4864583333333333 0.6620370370370371 0.490625 0.637962962962963 0.4895833333333333 0.6185185185185185 0.4869791666666667 0.6138888888888889 0.48125 0.6425925925925926 0.48125 0.6620370370370371 0.48333333333333334 0.6648148148148149
4 0.5625 0.6796296296296296 0.5682291666666667 0.6842592592592592 0.5723958333333333 0.6787037037037037 0.5729166666666666 0.6648148148148149 0.5776041666666667 0.6472222222222223 0.5770833333333333 0.637962962962963 0.5729166666666666 0.6277777777777778 0.5692708333333333 0.6305555555555555 0.5640625 0.6574074074074074 0.5651041666666666 0.6666666666666666 0.5625 0.6796296296296296
3 0.5880208333333333 0.7046296296296296 0.5994791666666667 0.700925925925926 0.6005208333333333 0.6527777777777778 0.5963541666666666 0.6342592592592593 0.5942708333333333 0.6361111111111111 0.590625 0.6537037037037037 0.5869791666666667 0.6888888888888889 0.5880208333333333 0.7046296296296296
4 0.8489583333333334 0.6814814814814815 0.8505208333333333 0.6731481481481482 0.8546875 0.6666666666666666 0.8541666666666666 0.6407407407407407 0.8494791666666667 0.6277777777777778 0.8458333333333333 0.6296296296296297 0.8427083333333333 0.6527777777777778 0.8416666666666667 0.6851851851851852 0.8489583333333334 0.6814814814814815
2 0.3182291666666667 0.6398148148148148 0.32395833333333335 0.6305555555555555 0.3255208333333333 0.6148148148148148 0.32135416666666666 0.6129629629629629 0.30364583333333334 0.6268518518518519 0.3046875 0.637962962962963 0.3182291666666667 0.6398148148148148
4 0.7088541666666667 0.7222222222222222 0.7145833333333333 0.7240740740740741 0.7171875 0.7203703703703703 0.7166666666666667 0.7018518518518518 0.7197916666666667 0.6787037037037037 0.7166666666666667 0.6620370370370371 0.7114583333333333 0.662962962962963 0.7072916666666667 0.6851851851851852 0.7098958333333333 0.712037037037037 0.7088541666666667 0.7222222222222222
5 0.7598958333333333 0.6342592592592593 0.7713541666666667 0.6370370370370371 0.7723958333333333 0.6324074074074074 0.7692708333333333 0.6240740740740741 0.7703125 0.6037037037037037 0.7671875 0.5916666666666667 0.7635416666666667 0.5925925925925926 0.7614583333333333 0.6064814814814815 0.7619791666666667 0.6222222222222222 0.7598958333333333 0.6342592592592593
5 0.6083333333333333 0.5916666666666667 0.6109375 0.6166666666666667 0.6151041666666667 0.6222222222222222 0.6177083333333333 0.6138888888888889 0.6192708333333333 0.5833333333333334 0.6067708333333334 0.5787037037037037 0.6046875 0.5842592592592593 0.6083333333333333 0.5916666666666667
4 0.5130208333333334 0.6361111111111111 0.5171875 0.637962962962963 0.5203125 0.6314814814814815 0.5213541666666667 0.6111111111111112 0.5171875 0.5990740740740741 0.5125 0.6074074074074074 0.5098958333333333 0.6222222222222222 0.5130208333333334 0.6361111111111111
5 0.49635416666666665 0.6574074074074074 0.4984375 0.6537037037037037 0.49895833333333334 0.6101851851851852 0.49375 0.6027777777777777 0.4895833333333333 0.6175925925925926 0.4901041666666667 0.6537037037037037 0.49635416666666665 0.6574074074074074
3 0.6109375 0.5888888888888889 0.6135416666666667 0.5805555555555556 0.6109375 0.5546296296296296 0.6072916666666667 0.5481481481481482 0.603125 0.5537037037037037 0.6036458333333333 0.5814814814814815 0.6109375 0.5888888888888889
5 0.7354166666666667 0.674074074074074 0.7401041666666667 0.675 0.7432291666666667 0.6648148148148149 0.7515625 0.6768518518518518 0.7526041666666666 0.6722222222222223 0.7484375 0.6351851851851852 0.7453125 0.6240740740740741 0.7411458333333333 0.6268518518518519 0.7395833333333334 0.6527777777777778 0.7354166666666667 0.674074074074074