4 0.5973958333333333 0.6472222222222223 0.5979166666666667 0.6259259259259259 0.5927083333333333 0.6101851851851852 0.5895833333333333 0.6111111111111112 0.5848958333333333 0.6212962962962963 0.5864583333333333 0.6675925925925926 0.5875 0.6722222222222223 0.5921875 0.6731481481481482 0.5973958333333333 0.6472222222222223
4 0.6265625 0.6314814814814815 0.6270833333333333 0.625 0.6229166666666667 0.6101851851851852 0.6223958333333334 0.587037037037037 0.6197916666666666 0.5777777777777777 0.6151041666666667 0.5805555555555556 0.6114583333333333 0.5953703703703703 0.6135416666666667 0.6018518518518519 0.6114583333333333 0.6287037037037037 0.6223958333333334 0.6351851851851852 0.6265625 0.6314814814814815
5 0.5682291666666667 0.737037037037037 0.5708333333333333 0.7324074074074074 0.5697916666666667 0.7185185185185186 0.5713541666666667 0.7101851851851851 0.5765625 0.7018518518518518 0.5765625 0.6907407407407408 0.5682291666666667 0.6666666666666666 0.5609375 0.6796296296296296 0.5598958333333334 0.6888888888888889 0.5640625 0.7203703703703703 0.5635416666666667 0.7342592592592593 0.5682291666666667 0.737037037037037
4 0.5088541666666667 0.6407407407407407 0.5104166666666666 0.6055555555555555 0.5057291666666667 0.5925925925925926 0.5026041666666666 0.5925925925925926 0.5 0.6018518518518519 0.5 0.6425925925925926 0.5015625 0.65 0.50625 0.6509259259259259 0.5088541666666667 0.6407407407407407
5 0.47552083333333334 0.6527777777777778 0.4765625 0.6018518518518519 0.4744791666666667 0.5981481481481481 0.471875 0.6 0.4671875 0.6111111111111112 0.4666666666666667 0.6574074074074074 0.4708333333333333 0.6592592592592592 0.4744791666666667 0.6574074074074074 0.47552083333333334 0.6527777777777778
5 0.503125 0.7583333333333333 0.5057291666666667 0.7564814814814815 0.5041666666666667 0.6842592592592592 0.5 0.6842592592592592 0.496875 0.6990740740740741 0.4953125 0.7314814814814815 0.490625 0.7518518518518519 0.49375 0.7564814814814815 0.503125 0.7583333333333333
0 0.5578125 0.7777777777777778 0.5583333333333333 0.7972222222222223 0.5677083333333334 0.7907407407407407 0.5604166666666667 0.774074074074074 0.5578125 0.7777777777777778
5 0.5369791666666667 0.6564814814814814 0.540625 0.6351851851851852 0.540625 0.6064814814814815 0.5317708333333333 0.5990740740740741 0.5286458333333334 0.6111111111111112 0.528125 0.6222222222222222 0.5317708333333333 0.6462962962962963 0.5333333333333333 0.6537037037037037 0.5369791666666667 0.6564814814814814
3 0.6817708333333333 0.5203703703703704 0.6776041666666667 0.5212962962962963 0.6765625 0.5601851851851852 0.6859375 0.5638888888888889 0.6864583333333333 0.5324074074074074 0.6817708333333333 0.5203703703703704
5 0.553125 0.6425925925925926 0.5536458333333333 0.6305555555555555 0.5505208333333333 0.5916666666666667 0.5447916666666667 0.5861111111111111 0.5421875 0.5944444444444444 0.5401041666666667 0.6212962962962963 0.5416666666666666 0.6305555555555555 0.5484375 0.6462962962962963 0.553125 0.6425925925925926
4 0.5213541666666667 0.6435185185185185 0.525 0.6435185185185185 0.5286458333333334 0.6351851851851852 0.5307291666666667 0.5879629629629629 0.5291666666666667 0.5805555555555556 0.5192708333333333 0.5833333333333334 0.5177083333333333 0.6027777777777777 0.5203125 0.6314814814814815 0.5192708333333333 0.637962962962963 0.5213541666666667 0.6435185185185185
4 0.7947916666666667 0.7527777777777778 0.7989583333333333 0.7555555555555555 0.8026041666666667 0.7481481481481481 0.8046875 0.725 0.8104166666666667 0.7203703703703703 0.8067708333333333 0.6953703703703704 0.7984375 0.6787037037037037 0.7947916666666667 0.6824074074074075 0.790625 0.7 0.7869791666666667 0.7046296296296296 0.7864583333333334 0.7092592592592593 0.7890625 0.7111111111111111 0.7932291666666667 0.725 0.7947916666666667 0.7527777777777778
4 0.5515625 0.7953703703703704 0.55625 0.799074074074074 0.5598958333333334 0.7907407407407407 0.5640625 0.7925925925925926 0.565625 0.7898148148148149 0.5645833333333333 0.7833333333333333 0.559375 0.7824074074074074 0.5567708333333333 0.7768518518518519 0.5598958333333334 0.7398148148148148 0.5557291666666667 0.7203703703703703 0.5489583333333333 0.7185185185185186 0.5442708333333334 0.7388888888888889 0.5432291666666667 0.7981481481481482 0.5453125 0.8 0.5473958333333333 0.7953703703703704 0.5515625 0.7953703703703704
4 0.5427083333333333 0.6018518518518519 0.5432291666666667 0.5740740740740741 0.5401041666666667 0.5712962962962963 0.53125 0.5833333333333334 0.5317708333333333 0.6203703703703703 0.5375 0.6240740740740741 0.5401041666666667 0.6222222222222222 0.5427083333333333 0.6018518518518519
5 0.5015625 0.6462962962962963 0.5015625 0.6351851851851852 0.503125 0.6333333333333333 0.503125 0.5916666666666667 0.4973958333333333 0.5935185185185186 0.4947916666666667 0.6166666666666667 0.49583333333333335 0.6342592592592593 0.4942708333333333 0.6462962962962963 0.4979166666666667 0.65 0.5015625 0.6462962962962963
3 0.5463541666666667 0.7166666666666667 0.5484375 0.725925925925926 0.55625 0.7222222222222222 0.5567708333333333 0.7064814814814815 0.5609375 0.687962962962963 0.559375 0.6759259259259259 0.5541666666666667 0.6657407407407407 0.5526041666666667 0.662962962962963 0.5489583333333333 0.6648148148148149 0.5411458333333333 0.6787037037037037 0.5369791666666667 0.6777777777777778 0.546875 0.6851851851851852 0.5463541666666667 0.7166666666666667
4 0.5708333333333333 0.5981481481481481 0.5640625 0.5861111111111111 0.5578125 0.5916666666666667 0.55625 0.6074074074074074 0.559375 0.637962962962963 0.5682291666666667 0.6416666666666667 0.5708333333333333 0.5981481481481481
2 0.24427083333333333 0.575925925925926 0.23958333333333334 0.5712962962962963 0.2359375 0.5712962962962963 0.23125 0.587037037037037 0.23229166666666667 0.6342592592592593 0.24479166666666666 0.6268518518518519 0.24739583333333334 0.5953703703703703 0.24427083333333333 0.575925925925926