5 0.6291666666666667 0.7083333333333334 0.6328125 0.712037037037037 0.6348958333333333 0.7083333333333334 0.6364583333333333 0.6916666666666667 0.6375 0.6888888888888889 0.6421875 0.6935185185185185 0.6427083333333333 0.6842592592592592 0.6411458333333333 0.6787037037037037 0.63125 0.6666666666666666 0.6276041666666666 0.6768518518518518 0.6265625 0.6898148148148148 0.6291666666666667 0.7083333333333334
4 0.78125 0.6944444444444444 0.7854166666666667 0.6944444444444444 0.7880208333333333 0.6851851851851852 0.7875 0.6555555555555556 0.784375 0.6518518518518519 0.7802083333333333 0.6537037037037037 0.778125 0.6888888888888889 0.78125 0.6944444444444444
4 0.7630208333333334 0.7296296296296296 0.7677083333333333 0.725925925925926 0.771875 0.7351851851851852 0.7755208333333333 0.7361111111111112 0.7734375 0.6935185185185185 0.7703125 0.6898148148148148 0.7640625 0.6972222222222222 0.7609375 0.7157407407407408 0.7630208333333334 0.7296296296296296
5 0.5057291666666667 0.7305555555555555 0.5098958333333333 0.7361111111111112 0.5130208333333334 0.7240740740740741 0.5109375 0.6888888888888889 0.5057291666666667 0.6898148148148148 0.5015625 0.7157407407407408 0.5005208333333333 0.7342592592592593 0.5057291666666667 0.7305555555555555
5 0.478125 0.6953703703703704 0.4786458333333333 0.6564814814814814 0.47239583333333335 0.6546296296296297 0.4708333333333333 0.6685185185185185 0.46927083333333336 0.6925925925925925 0.478125 0.6953703703703704
5 0.7473958333333334 0.7185185185185186 0.7598958333333333 0.7129629629629629 0.7625 0.6731481481481482 0.75625 0.6731481481481482 0.7505208333333333 0.6898148148148148 0.7458333333333333 0.7157407407407408 0.7473958333333334 0.7185185185185186
5 0.37864583333333335 0.725 0.3802083333333333 0.7388888888888889 0.384375 0.7416666666666667 0.39166666666666666 0.7148148148148148 0.390625 0.7027777777777777 0.3854166666666667 0.6916666666666667 0.38125 0.6907407407407408 0.37552083333333336 0.7046296296296296 0.375 0.7166666666666667 0.37864583333333335 0.725
2 0.1109375 0.7101851851851851 0.11927083333333334 0.7092592592592593 0.12239583333333333 0.7 0.11979166666666667 0.6777777777777778 0.11145833333333334 0.6731481481481482 0.10729166666666666 0.6787037037037037 0.1078125 0.7055555555555556 0.1109375 0.7101851851851851
4 0.5526041666666667 0.6981481481481482 0.5583333333333333 0.6925925925925925 0.5588541666666667 0.6583333333333333 0.5567708333333333 0.6537037037037037 0.553125 0.6555555555555556 0.5505208333333333 0.6694444444444444 0.5494791666666666 0.6962962962962963 0.5526041666666667 0.6981481481481482
5 0.81875 0.7351851851851852 0.8203125 0.7 0.8182291666666667 0.6888888888888889 0.8140625 0.6888888888888889 0.8125 0.6962962962962963 0.8109375 0.7314814814814815 0.81875 0.7351851851851852
4 0.4864583333333333 0.725925925925926 0.4895833333333333 0.7212962962962963 0.5 0.7166666666666667 0.5005208333333333 0.6777777777777778 0.4979166666666667 0.6712962962962963 0.49375 0.6712962962962963 0.4859375 0.687962962962963 0.48489583333333336 0.7240740740740741 0.4864583333333333 0.725925925925926
5 0.45625 0.712037037037037 0.4588541666666667 0.7092592592592593 0.45729166666666665 0.6703703703703704 0.4546875 0.6638888888888889 0.4510416666666667 0.6657407407407407 0.4505208333333333 0.7092592592592593 0.45625 0.712037037037037
3 0.4046875 0.6425925925925926 0.41041666666666665 0.6425925925925926 0.4140625 0.6203703703703703 0.4109375 0.6129629629629629 0.4078125 0.6129629629629629 0.4046875 0.6185185185185185 0.40260416666666665 0.6388888888888888 0.4046875 0.6425925925925926
4 0.40208333333333335 0.7129629629629629 0.4015625 0.6916666666666667 0.4041666666666667 0.6731481481481482 0.3963541666666667 0.6666666666666666 0.39166666666666666 0.6833333333333333 0.39114583333333336 0.7129629629629629 0.40208333333333335 0.7129629629629629
3 0.3765625 0.7157407407407408 0.38125 0.7018518518518518 0.38645833333333335 0.6962962962962963 0.38645833333333335 0.6907407407407408 0.3796875 0.6685185185185185 0.3765625 0.6666666666666666 0.37447916666666664 0.6712962962962963 0.3729166666666667 0.6981481481481482 0.3765625 0.7157407407407408
4 0.7640625 0.7731481481481481 0.765625 0.7694444444444445 0.7635416666666667 0.7555555555555555 0.7630208333333334 0.7212962962962963 0.759375 0.7166666666666667 0.7526041666666666 0.7277777777777777 0.7515625 0.7731481481481481 0.7640625 0.7731481481481481
0 0.11510416666666666 0.7101851851851851 0.11927083333333334 0.7101851851851851 0.1234375 0.700925925925926 0.12083333333333333 0.6962962962962963 0.11510416666666666 0.6972222222222222 0.11302083333333333 0.700925925925926 0.11510416666666666 0.7101851851851851
4 0.7973958333333333 0.725925925925926 0.8020833333333334 0.7268518518518519 0.80625 0.7212962962962963 0.80625 0.6833333333333333 0.8026041666666667 0.675 0.796875 0.6805555555555556 0.7963541666666667 0.7203703703703703 0.7973958333333333 0.725925925925926
4 0.4197916666666667 0.7129629629629629 0.4197916666666667 0.6888888888888889 0.415625 0.6842592592592592 0.41354166666666664 0.6898148148148148 0.4125 0.7092592592592593 0.4197916666666667 0.7129629629629629
4 0.49895833333333334 0.7166666666666667 0.5010416666666667 0.7129629629629629 0.5010416666666667 0.6768518518518518 0.4984375 0.6703703703703704 0.4942708333333333 0.6694444444444444 0.49114583333333334 0.6777777777777778 0.49322916666666666 0.7157407407407408 0.49895833333333334 0.7166666666666667
3 0.9994791666666667 0.9731481481481481 0.9994791666666667 0.8935185185185185 0.9921875 0.9064814814814814 0.9901041666666667 0.9231481481481482 0.9895833333333334 0.962037037037037 0.9994791666666667 0.9731481481481481
3 0.6234375 0.6509259259259259 0.625 0.6481481481481481 0.6260416666666667 0.6212962962962963 0.6229166666666667 0.6148148148148148 0.61875 0.6185185185185185 0.6192708333333333 0.649074074074074 0.6234375 0.6509259259259259
5 0.4114583333333333 0.762962962962963 0.4161458333333333 0.7564814814814815 0.4197916666666667 0.7638888888888888 0.4234375 0.7518518518518519 0.42083333333333334 0.7333333333333333 0.421875 0.7240740740740741 0.4197916666666667 0.7175925925925926 0.4125 0.7148148148148148 0.409375 0.7240740740740741 0.40729166666666666 0.7620370370370371 0.4114583333333333 0.762962962962963
5 0.7598958333333333 0.6731481481481482 0.7640625 0.6731481481481482 0.7671875 0.6555555555555556 0.7661458333333333 0.637962962962963 0.7588541666666667 0.6388888888888888 0.7578125 0.6555555555555556 0.7598958333333333 0.6731481481481482