4 0.1046875 0.587037037037037 0.1109375 0.5916666666666667 0.11927083333333334 0.5916666666666667 0.12135416666666667 0.5722222222222222 0.11927083333333334 0.5435185185185185 0.11510416666666666 0.5361111111111111 0.109375 0.5481481481481482 0.10416666666666667 0.5796296296296296 0.1046875 0.587037037037037
4 0.4125 0.65 0.41510416666666666 0.6537037037037037 0.41875 0.6509259259259259 0.42239583333333336 0.6537037037037037 0.4239583333333333 0.6611111111111111 0.428125 0.662962962962963 0.4296875 0.6574074074074074 0.4270833333333333 0.6453703703703704 0.4276041666666667 0.6268518518518519 0.43020833333333336 0.6148148148148148 0.425 0.5972222222222222 0.42083333333333334 0.5990740740740741 0.41510416666666666 0.6212962962962963 0.41770833333333335 0.6305555555555555 0.4125 0.65
5 0.946875 0.7277777777777777 0.9552083333333333 0.725 0.9609375 0.7361111111111112 0.9651041666666667 0.7361111111111112 0.9661458333333334 0.7324074074074074 0.959375 0.712037037037037 0.9572916666666667 0.6768518518518518 0.9546875 0.6694444444444444 0.9510416666666667 0.6657407407407407 0.9432291666666667 0.6787037037037037 0.9416666666666667 0.6916666666666667 0.946875 0.7277777777777777
5 0.18854166666666666 0.7842592592592592 0.19270833333333334 0.7824074074074074 0.1953125 0.7703703703703704 0.19947916666666668 0.7638888888888888 0.20520833333333333 0.7314814814814815 0.20625 0.7129629629629629 0.2046875 0.7092592592592593 0.20052083333333334 0.7092592592592593 0.19114583333333332 0.7277777777777777 0.1890625 0.7361111111111112 0.18958333333333333 0.7564814814814815 0.18489583333333334 0.7675925925925926 0.184375 0.7787037037037037 0.18854166666666666 0.7842592592592592
4 0.7567708333333333 0.6990740740740741 0.7552083333333334 0.7240740740740741 0.759375 0.7222222222222222 0.7630208333333334 0.7074074074074074 0.7682291666666666 0.7138888888888889 0.7713541666666667 0.725925925925926 0.775 0.725 0.7697916666666667 0.6694444444444444 0.7625 0.6592592592592592 0.7598958333333333 0.6611111111111111 0.7552083333333334 0.6777777777777778 0.7541666666666667 0.6925925925925925 0.7567708333333333 0.6990740740740741
5 0.3651041666666667 0.6231481481481481 0.3697916666666667 0.6231481481481481 0.37135416666666665 0.6194444444444445 0.3697916666666667 0.6092592592592593 0.37447916666666664 0.5879629629629629 0.3734375 0.5768518518518518 0.36875 0.5657407407407408 0.3645833333333333 0.5648148148148148 0.359375 0.5796296296296296 0.35989583333333336 0.6175925925925926 0.3651041666666667 0.6231481481481481
5 0.6203125 0.6398148148148148 0.6197916666666666 0.6611111111111111 0.6229166666666667 0.6694444444444444 0.6265625 0.6685185185185185 0.6270833333333333 0.6407407407407407 0.63125 0.6148148148148148 0.6255208333333333 0.5990740740740741 0.621875 0.5990740740740741 0.61875 0.6083333333333333 0.6171875 0.6194444444444445 0.6203125 0.6398148148148148
4 0.26614583333333336 0.6972222222222222 0.2630208333333333 0.6953703703703704 0.2598958333333333 0.7055555555555556 0.2671875 0.7111111111111111 0.2708333333333333 0.7101851851851851 0.2796875 0.6787037037037037 0.284375 0.6731481481481482 0.2833333333333333 0.6453703703703704 0.2791666666666667 0.6453703703703704 0.26979166666666665 0.6546296296296297 0.2635416666666667 0.6805555555555556 0.26927083333333335 0.6888888888888889 0.26614583333333336 0.6972222222222222
5 0.9291666666666667 0.8175925925925925 0.9255208333333333 0.8305555555555556 0.921875 0.8333333333333334 0.928125 0.8398148148148148 0.9364583333333333 0.8379629629629629 0.9354166666666667 0.8305555555555556 0.9385416666666667 0.8166666666666667 0.953125 0.8296296296296296 0.9604166666666667 0.8407407407407408 0.9640625 0.8416666666666667 0.9651041666666667 0.8314814814814815 0.9546875 0.8212962962962963 0.946875 0.7981481481481482 0.9447916666666667 0.7796296296296297 0.9354166666666667 0.7666666666666667 0.93125 0.7666666666666667 0.9286458333333333 0.775 0.9302083333333333 0.7842592592592592 0.9291666666666667 0.8175925925925925
5 0.07916666666666666 0.7287037037037037 0.08489583333333334 0.7314814814814815 0.090625 0.7277777777777777 0.09427083333333333 0.7361111111111112 0.0921875 0.7555555555555555 0.0953125 0.7601851851851852 0.09947916666666666 0.7555555555555555 0.09947916666666666 0.7296296296296296 0.10572916666666667 0.6962962962962963 0.09947916666666666 0.6685185185185185 0.0953125 0.6703703703703704 0.0890625 0.6888888888888889 0.08854166666666667 0.7101851851851851 0.07916666666666666 0.7287037037037037
4 0 0.8138888888888889 0.008333333333333333 0.8175925925925925 0.0046875 0.8333333333333334 0.0109375 0.8388888888888889 0.013020833333333334 0.837037037037037 0.022395833333333334 0.775 0.016666666666666666 0.7666666666666667 0.016666666666666666 0.7462962962962963 0.013020833333333334 0.7435185185185185 0.009375 0.7481481481481481 0 0.7694444444444445 0 0.8138888888888889
3 0.715625 0.65 0.7151041666666667 0.6666666666666666 0.721875 0.6694444444444444 0.7239583333333334 0.6787037037037037 0.7260416666666667 0.6787037037037037 0.728125 0.6722222222222223 0.728125 0.6583333333333333 0.7255208333333333 0.6462962962962963 0.7286458333333333 0.6351851851851852 0.728125 0.6268518518518519 0.7208333333333333 0.6111111111111112 0.7125 0.6231481481481481 0.7114583333333333 0.6342592592592593 0.715625 0.65
5 0.6072916666666667 0.7212962962962963 0.60625 0.7342592592592593 0.6166666666666667 0.7379629629629629 0.6276041666666666 0.7546296296296297 0.6286458333333333 0.7509259259259259 0.6203125 0.725 0.6229166666666667 0.7138888888888889 0.6203125 0.6962962962962963 0.6140625 0.6861111111111111 0.603125 0.7018518518518518 0.603125 0.7157407407407408 0.6072916666666667 0.7212962962962963
4 0.5161458333333333 0.5537037037037037 0.5213541666666667 0.5564814814814815 0.525 0.5305555555555556 0.5229166666666667 0.5120370370370371 0.5208333333333334 0.5083333333333333 0.5161458333333333 0.5092592592592593 0.5130208333333334 0.5185185185185185 0.5125 0.5287037037037037 0.5161458333333333 0.5537037037037037
4 0.8791666666666667 0.637962962962963 0.8765625 0.6537037037037037 0.8807291666666667 0.6574074074074074 0.8890625 0.6574074074074074 0.8916666666666667 0.6074074074074074 0.8885416666666667 0.5851851851851851 0.8838541666666667 0.5833333333333334 0.8770833333333333 0.6083333333333333 0.8760416666666667 0.6203703703703703 0.8791666666666667 0.637962962962963
4 0.8234375 0.5712962962962963 0.8276041666666667 0.5416666666666666 0.8229166666666666 0.5231481481481481 0.81875 0.5231481481481481 0.815625 0.5277777777777778 0.8130208333333333 0.5388888888888889 0.8140625 0.5675925925925925 0.8234375 0.5712962962962963
4 0.8682291666666667 0.8268518518518518 0.8651041666666667 0.8296296296296296 0.8651041666666667 0.8342592592592593 0.8765625 0.8351851851851851 0.8765625 0.812037037037037 0.8786458333333333 0.8092592592592592 0.8869791666666667 0.812962962962963 0.90625 0.8361111111111111 0.9109375 0.8333333333333334 0.9078125 0.8231481481481482 0.8958333333333334 0.812037037037037 0.8921875 0.7907407407407407 0.8765625 0.7574074074074074 0.8713541666666667 0.7555555555555555 0.8692708333333333 0.7592592592592593 0.8708333333333333 0.775 0.8666666666666667 0.7870370370370371 0.8682291666666667 0.7888888888888889 0.8682291666666667 0.8268518518518518
3 0.27708333333333335 0.512962962962963 0.28072916666666664 0.5166666666666667 0.290625 0.5157407407407407 0.2890625 0.5037037037037037 0.29010416666666666 0.4898148148148148 0.2875 0.48055555555555557 0.2833333333333333 0.48055555555555557 0.28125 0.48518518518518516 0.28072916666666664 0.5018518518518519 0.27708333333333335 0.512962962962963
0 0.4546875 0.7851851851851852 0.4640625 0.7787037037037037 0.4583333333333333 0.7666666666666667 0.45 0.7685185185185185 0.44895833333333335 0.7787037037037037 0.4546875 0.7851851851851852
5 0.24583333333333332 0.7 0.24791666666666667 0.700925925925926 0.2546875 0.6888888888888889 0.2578125 0.6916666666666667 0.259375 0.7027777777777777 0.2630208333333333 0.700925925925926 0.2625 0.674074074074074 0.2682291666666667 0.6592592592592592 0.2635416666666667 0.6333333333333333 0.259375 0.6333333333333333 0.253125 0.6509259259259259 0.25364583333333335 0.6712962962962963 0.2515625 0.6805555555555556 0.24479166666666666 0.6888888888888889 0.24375 0.6972222222222222 0.24583333333333332 0.7
4 0.1421875 0.7194444444444444 0.13645833333333332 0.7416666666666667 0.1390625 0.7435185185185185 0.1453125 0.7342592592592593 0.15104166666666666 0.7324074074074074 0.15416666666666667 0.7444444444444445 0.15833333333333333 0.7462962962962963 0.16197916666666667 0.7435185185185185 0.15052083333333333 0.7055555555555556 0.15364583333333334 0.7 0.14895833333333333 0.6916666666666667 0.14635416666666667 0.6685185185185185 0.1421875 0.6685185185185185 0.13697916666666668 0.6925925925925925 0.13697916666666668 0.700925925925926 0.1421875 0.7194444444444444
5 0.95 0.6694444444444444 0.9546875 0.675 0.9651041666666667 0.6768518518518518 0.9651041666666667 0.6314814814814815 0.9625 0.6157407407407407 0.9572916666666667 0.6129629629629629 0.9505208333333334 0.6314814814814815 0.9515625 0.6527777777777778 0.95 0.6694444444444444