3 0.33125 0.6666666666666666 0.3338541666666667 0.6685185185185185 0.3375 0.6546296296296297 0.3463541666666667 0.6564814814814814 0.34739583333333335 0.6537037037037037 0.340625 0.6462962962962963 0.3416666666666667 0.6259259259259259 0.3380208333333333 0.6111111111111112 0.3338541666666667 0.6101851851851852 0.3328125 0.6138888888888889 0.3307291666666667 0.6277777777777778 0.33125 0.6666666666666666
4 0.6864583333333333 0.5833333333333334 0.6911458333333333 0.6148148148148148 0.6958333333333333 0.6166666666666667 0.6953125 0.5953703703703703 0.6973958333333333 0.587037037037037 0.6953125 0.575925925925926 0.6859375 0.5694444444444444 0.6796875 0.5722222222222222 0.68125 0.5814814814814815 0.6864583333333333 0.5833333333333334
5 0.571875 0.6888888888888889 0.5760416666666667 0.6898148148148148 0.5817708333333333 0.6768518518518518 0.5916666666666667 0.6768518518518518 0.5859375 0.6703703703703704 0.5802083333333333 0.637962962962963 0.5760416666666667 0.6342592592592593 0.5744791666666667 0.637962962962963 0.5744791666666667 0.6666666666666666 0.571875 0.6888888888888889
5 0.18177083333333333 0.6611111111111111 0.1859375 0.6620370370370371 0.18854166666666666 0.6527777777777778 0.19427083333333334 0.649074074074074 0.20104166666666667 0.6509259259259259 0.2015625 0.6462962962962963 0.1953125 0.6388888888888888 0.1890625 0.6129629629629629 0.18541666666666667 0.6101851851851852 0.18385416666666668 0.6148148148148148 0.184375 0.6481481481481481 0.18177083333333333 0.6611111111111111
5 0.23385416666666667 0.7046296296296296 0.23802083333333332 0.7018518518518518 0.23958333333333334 0.6861111111111111 0.24427083333333333 0.687037037037037 0.2515625 0.6981481481481482 0.2546875 0.6962962962962963 0.2453125 0.6768518518518518 0.24010416666666667 0.6462962962962963 0.2359375 0.6462962962962963 0.23333333333333334 0.6648148148148149 0.23229166666666667 0.700925925925926 0.23385416666666667 0.7046296296296296
4 0.7723958333333333 0.6638888888888889 0.7765625 0.6675925925925926 0.7869791666666667 0.6583333333333333 0.7869791666666667 0.6546296296296297 0.7833333333333333 0.6462962962962963 0.7755208333333333 0.6111111111111112 0.7713541666666667 0.612037037037037 0.7692708333333333 0.6185185185185185 0.7697916666666667 0.6518518518518519 0.7723958333333333 0.6638888888888889
4 0.5015625 0.6101851851851852 0.5166666666666667 0.6074074074074074 0.5171875 0.6018518518518519 0.5119791666666667 0.5888888888888889 0.5119791666666667 0.575 0.5057291666666667 0.5666666666666667 0.503125 0.5703703703703704 0.5005208333333333 0.6074074074074074 0.5015625 0.6101851851851852
5 0.4354166666666667 0.6129629629629629 0.43802083333333336 0.6046296296296296 0.4453125 0.5990740740740741 0.43697916666666664 0.5768518518518518 0.4354166666666667 0.5740740740740741 0.4328125 0.575925925925926 0.4317708333333333 0.612037037037037 0.4354166666666667 0.6129629629629629
5 0.6494791666666667 0.6037037037037037 0.6598958333333333 0.6046296296296296 0.6609375 0.5990740740740741 0.6557291666666667 0.5842592592592593 0.6572916666666667 0.575925925925926 0.6536458333333334 0.5611111111111111 0.6484375 0.5592592592592592 0.6447916666666667 0.5703703703703704 0.64375 0.575925925925926 0.6494791666666667 0.6037037037037037
4 0.5286458333333334 0.7388888888888889 0.5255208333333333 0.7481481481481481 0.53125 0.7481481481481481 0.5364583333333334 0.7314814814814815 0.5505208333333333 0.7361111111111112 0.55 0.7287037037037037 0.5427083333333333 0.7222222222222222 0.5401041666666667 0.7111111111111111 0.5411458333333333 0.6990740740740741 0.5369791666666667 0.6842592592592592 0.5291666666666667 0.6805555555555556 0.5276041666666667 0.6842592592592592 0.5302083333333333 0.7185185185185186 0.5286458333333334 0.7388888888888889
4 0.05625 0.7055555555555556 0.06145833333333333 0.6990740740740741 0.06875 0.7046296296296296 0.07083333333333333 0.7 0.06302083333333333 0.6805555555555556 0.0671875 0.662962962962963 0.06458333333333334 0.6444444444444445 0.059895833333333336 0.6453703703703704 0.0546875 0.6648148148148149 0.0515625 0.7046296296296296 0.05625 0.7055555555555556
4 0.5208333333333334 0.6814814814814815 0.5255208333333333 0.6805555555555556 0.5296875 0.6842592592592592 0.5317708333333333 0.6805555555555556 0.5260416666666666 0.637962962962963 0.5208333333333334 0.6277777777777778 0.5177083333333333 0.6287037037037037 0.5166666666666667 0.6342592592592593 0.515625 0.6694444444444444 0.5208333333333334 0.6814814814814815
4 0.5473958333333333 0.6425925925925926 0.5520833333333334 0.6453703703703704 0.559375 0.6342592592592593 0.5526041666666667 0.600925925925926 0.5479166666666667 0.5962962962962963 0.5458333333333333 0.6027777777777777 0.5447916666666667 0.6157407407407407 0.5473958333333333 0.6425925925925926
5 0.005729166666666666 0.700925925925926 0.009895833333333333 0.700925925925926 0.014583333333333334 0.687037037037037 0.019270833333333334 0.6888888888888889 0.020833333333333332 0.6953703703703704 0.025520833333333333 0.700925925925926 0.0265625 0.6953703703703704 0.021354166666666667 0.675 0.0234375 0.6657407407407407 0.017708333333333333 0.649074074074074 0.013020833333333334 0.65 0.009375 0.6657407407407407 0.008854166666666666 0.6851851851851852 0.005729166666666666 0.700925925925926
5 0.4083333333333333 0.7435185185185185 0.41458333333333336 0.7444444444444445 0.4161458333333333 0.7277777777777777 0.42083333333333334 0.7240740740740741 0.42916666666666664 0.7296296296296296 0.434375 0.7398148148148148 0.43645833333333334 0.7388888888888889 0.43645833333333334 0.7287037037037037 0.42552083333333335 0.7157407407407408 0.42239583333333336 0.7037037037037037 0.42291666666666666 0.6962962962962963 0.41822916666666665 0.6814814814814815 0.4140625 0.6833333333333333 0.4109375 0.7046296296296296 0.4109375 0.7296296296296296 0.4083333333333333 0.7435185185185185
5 0.03802083333333333 0.6722222222222223 0.04635416666666667 0.6666666666666666 0.0515625 0.6481481481481481 0.0484375 0.6370370370370371 0.041666666666666664 0.6342592592592593 0.03697916666666667 0.6361111111111111 0.034375 0.6453703703703704 0.033854166666666664 0.6555555555555556 0.03802083333333333 0.6722222222222223
3 0.121875 0.5666666666666667 0.12760416666666666 0.575925925925926 0.1265625 0.5824074074074074 0.13854166666666667 0.587037037037037 0.14010416666666667 0.5805555555555556 0.13645833333333332 0.5694444444444444 0.1375 0.5555555555555556 0.13125 0.5481481481481482 0.12291666666666666 0.549074074074074 0.12083333333333333 0.5527777777777778 0.121875 0.5666666666666667
4 0.0484375 0.6416666666666667 0.050520833333333334 0.6388888888888888 0.05416666666666667 0.6222222222222222 0.0484375 0.6027777777777777 0.044270833333333336 0.6027777777777777 0.03697916666666667 0.6342592592592593 0.03697916666666667 0.6407407407407407 0.0484375 0.6416666666666667
4 0.7010416666666667 0.7046296296296296 0.703125 0.700925925925926 0.7114583333333333 0.7 0.7125 0.7046296296296296 0.7161458333333334 0.7027777777777777 0.7166666666666667 0.6962962962962963 0.7109375 0.674074074074074 0.7088541666666667 0.6537037037037037 0.7046875 0.6425925925925926 0.7010416666666667 0.6416666666666667 0.6989583333333333 0.6611111111111111 0.6979166666666666 0.6907407407407408 0.7010416666666667 0.7046296296296296