4 0.884375 0.6342592592592593 0.8875 0.6305555555555555 0.8921875 0.6361111111111111 0.8953125 0.6342592592592593 0.8958333333333334 0.6305555555555555 0.8911458333333333 0.6175925925925926 0.8885416666666667 0.5925925925925926 0.884375 0.5842592592592593 0.8796875 0.5851851851851851 0.8796875 0.6333333333333333 0.884375 0.6342592592592593
5 0.7651041666666667 0.662962962962963 0.7666666666666667 0.6583333333333333 0.7739583333333333 0.6564814814814814 0.7776041666666667 0.6675925925925926 0.7828125 0.6694444444444444 0.7833333333333333 0.6657407407407407 0.7776041666666667 0.65 0.7765625 0.6268518518518519 0.7713541666666667 0.6138888888888889 0.7671875 0.6138888888888889 0.7609375 0.6370370370370371 0.7609375 0.6620370370370371 0.7651041666666667 0.662962962962963
4 0.80625 0.6768518518518518 0.809375 0.6759259259259259 0.8125 0.6685185185185185 0.8182291666666667 0.675 0.821875 0.6731481481481482 0.815625 0.6351851851851852 0.8104166666666667 0.6240740740740741 0.80625 0.6259259259259259 0.8052083333333333 0.649074074074074 0.8046875 0.6731481481481482 0.80625 0.6768518518518518
4 0.7578125 0.787962962962963 0.759375 0.7916666666666666 0.7677083333333333 0.7907407407407407 0.7703125 0.7870370370370371 0.7697916666666667 0.775 0.7661458333333333 0.7296296296296296 0.7619791666666667 0.7111111111111111 0.7578125 0.7083333333333334 0.7520833333333333 0.7240740740740741 0.7515625 0.7398148148148148 0.7578125 0.787962962962963
5 0.3255208333333333 0.625 0.3375 0.6231481481481481 0.33489583333333334 0.575 0.3296875 0.575925925925926 0.3255208333333333 0.5990740740740741 0.32395833333333335 0.6222222222222222 0.3255208333333333 0.625
4 0.4859375 0.6361111111111111 0.4901041666666667 0.6370370370370371 0.4953125 0.6083333333333333 0.49375 0.587037037037037 0.4901041666666667 0.5851851851851851 0.48854166666666665 0.5879629629629629 0.48489583333333336 0.6046296296296296 0.4822916666666667 0.625 0.4859375 0.6361111111111111
5 0.6432291666666666 0.5935185185185186 0.6453125 0.5916666666666667 0.6442708333333333 0.5592592592592592 0.640625 0.5518518518518518 0.6380208333333334 0.5518518518518518 0.6359375 0.5583333333333333 0.6359375 0.5916666666666667 0.6432291666666666 0.5935185185185186
5 0.5786458333333333 0.6268518518518519 0.5822916666666667 0.6305555555555555 0.5927083333333333 0.6287037037037037 0.5916666666666667 0.5888888888888889 0.5895833333333333 0.5787037037037037 0.5864583333333333 0.5787037037037037 0.5822916666666667 0.5953703703703703 0.5822916666666667 0.6101851851851852 0.5786458333333333 0.6268518518518519
4 0.41458333333333336 0.6046296296296296 0.4197916666666667 0.6101851851851852 0.4239583333333333 0.6083333333333333 0.4270833333333333 0.5712962962962963 0.425 0.5648148148148148 0.4197916666666667 0.5694444444444444 0.41041666666666665 0.5990740740740741 0.4114583333333333 0.6055555555555555 0.41458333333333336 0.6046296296296296
4 0.2953125 0.6462962962962963 0.2994791666666667 0.6370370370370371 0.3015625 0.6083333333333333 0.30052083333333335 0.5916666666666667 0.2984375 0.587037037037037 0.29583333333333334 0.5879629629629629 0.290625 0.5981481481481481 0.2911458333333333 0.6361111111111111 0.2953125 0.6462962962962963
5 0.9255208333333333 0.8425925925925926 0.928125 0.8490740740740741 0.9338541666666667 0.8481481481481481 0.9375 0.8416666666666667 0.9348958333333334 0.8222222222222222 0.9369791666666667 0.7935185185185185 0.93125 0.7666666666666667 0.9255208333333333 0.7666666666666667 0.9229166666666667 0.7833333333333333 0.921875 0.8074074074074075 0.9255208333333333 0.8425925925925926
3 0.29270833333333335 0.5564814814814815 0.2921875 0.5675925925925925 0.3026041666666667 0.5703703703703704 0.3046875 0.5370370370370371 0.2994791666666667 0.5305555555555556 0.29375 0.5324074074074074 0.2911458333333333 0.5370370370370371 0.28958333333333336 0.5453703703703704 0.29270833333333335 0.5564814814814815
5 0.9317708333333333 0.6944444444444444 0.9317708333333333 0.7046296296296296 0.9364583333333333 0.7083333333333334 0.9385416666666667 0.7055555555555556 0.9375 0.6944444444444444 0.940625 0.6574074074074074 0.9317708333333333 0.6425925925925926 0.9296875 0.6444444444444445 0.9276041666666667 0.6564814814814814 0.9270833333333334 0.6703703703703704 0.9317708333333333 0.6944444444444444
3 0.3578125 0.5666666666666667 0.3609375 0.5648148148148148 0.3645833333333333 0.5212962962962963 0.3572916666666667 0.5175925925925926 0.35520833333333335 0.524074074074074 0.3546875 0.562037037037037 0.3578125 0.5666666666666667
4 0.3489583333333333 0.7824074074074074 0.34791666666666665 0.7944444444444444 0.353125 0.7981481481481482 0.3578125 0.787962962962963 0.3572916666666667 0.7611111111111111 0.36041666666666666 0.7481481481481481 0.36041666666666666 0.7314814814814815 0.35572916666666665 0.7166666666666667 0.3515625 0.7129629629629629 0.3494791666666667 0.7138888888888889 0.34427083333333336 0.7333333333333333 0.34322916666666664 0.7555555555555555 0.3489583333333333 0.7824074074074074
3 0.5947916666666667 0.6824074074074075 0.5942708333333333 0.6972222222222222 0.6 0.700925925925926 0.6015625 0.6962962962962963 0.6010416666666667 0.6805555555555556 0.6057291666666667 0.6620370370370371 0.6057291666666667 0.6481481481481481 0.603125 0.6388888888888888 0.5973958333333333 0.6305555555555555 0.5921875 0.6305555555555555 0.5932291666666667 0.6370370370370371 0.5911458333333334 0.6444444444444445 0.5901041666666667 0.662962962962963 0.5947916666666667 0.6824074074074075
4 0.2598958333333333 0.7203703703703703 0.2604166666666667 0.6981481481481482 0.2625 0.6888888888888889 0.2598958333333333 0.675 0.2625 0.6564814814814814 0.2546875 0.6425925925925926 0.24895833333333334 0.6592592592592592 0.24895833333333334 0.7083333333333334 0.2598958333333333 0.7203703703703703
4 0.6229166666666667 0.6648148148148149 0.6354166666666666 0.65 0.6380208333333334 0.6537037037037037 0.6385416666666667 0.662962962962963 0.64375 0.6620370370370371 0.6421875 0.6138888888888889 0.6385416666666667 0.6129629629629629 0.634375 0.6203703703703703 0.6286458333333333 0.6444444444444445 0.6213541666666667 0.6574074074074074 0.6208333333333333 0.6620370370370371 0.6229166666666667 0.6648148148148149
5 0.39739583333333334 0.7787037037037037 0.39947916666666666 0.7870370370370371 0.39895833333333336 0.8138888888888889 0.4015625 0.8185185185185185 0.4083333333333333 0.8185185185185185 0.40729166666666666 0.787962962962963 0.4125 0.7777777777777778 0.41302083333333334 0.7703703703703704 0.4041666666666667 0.737037037037037 0.39947916666666666 0.7398148148148148 0.39479166666666665 0.7592592592592593 0.3927083333333333 0.7722222222222223 0.39739583333333334 0.7787037037037037
5 0.2578125 0.7203703703703703 0.2609375 0.7212962962962963 0.2635416666666667 0.7203703703703703 0.2671875 0.6824074074074075 0.26458333333333334 0.6527777777777778 0.2552083333333333 0.6453703703703704 0.2552083333333333 0.7092592592592593 0.2578125 0.7203703703703703