5 0.4078125 0.6305555555555555 0.4041666666666667 0.6333333333333333 0.4010416666666667 0.6527777777777778 0.4041666666666667 0.6861111111111111 0.41302083333333334 0.6814814814814815 0.4119791666666667 0.6462962962962963 0.4078125 0.6305555555555555
5 0.7364583333333333 0.775 0.7317708333333334 0.7555555555555555 0.7328125 0.725925925925926 0.725 0.7083333333333334 0.721875 0.7111111111111111 0.7192708333333333 0.7240740740740741 0.7192708333333333 0.7416666666666667 0.7296875 0.7805555555555556 0.7359375 0.7824074074074074 0.7364583333333333 0.775
4 0.7265625 0.6694444444444444 0.7265625 0.6537037037037037 0.7208333333333333 0.6361111111111111 0.7171875 0.6370370370370371 0.7130208333333333 0.65 0.7119791666666667 0.6972222222222222 0.7244791666666667 0.6972222222222222 0.7239583333333334 0.674074074074074 0.7265625 0.6694444444444444
5 0.8729166666666667 0.8537037037037037 0.8885416666666667 0.8555555555555555 0.8895833333333333 0.8490740740740741 0.8859375 0.837037037037037 0.8869791666666667 0.812037037037037 0.884375 0.7888888888888889 0.8807291666666667 0.774074074074074 0.8776041666666666 0.7712962962962963 0.8739583333333333 0.775 0.8729166666666667 0.7842592592592592 0.875 0.7981481481481482 0.8713541666666667 0.8240740740740741 0.8739583333333333 0.8481481481481481 0.8729166666666667 0.8537037037037037
4 0.3765625 0.6657407407407407 0.3729166666666667 0.6638888888888889 0.36666666666666664 0.6787037037037037 0.36875 0.7203703703703703 0.3729166666666667 0.7203703703703703 0.37916666666666665 0.687037037037037 0.3765625 0.6657407407407407
4 0.178125 0.6212962962962963 0.17552083333333332 0.6037037037037037 0.16979166666666667 0.6027777777777777 0.1671875 0.6111111111111112 0.16875 0.6333333333333333 0.16666666666666666 0.65 0.17708333333333334 0.65 0.178125 0.6212962962962963
5 0.4395833333333333 0.8185185185185185 0.44166666666666665 0.8064814814814815 0.4479166666666667 0.8055555555555556 0.45 0.8175925925925925 0.45625 0.8175925925925925 0.4479166666666667 0.7805555555555556 0.4453125 0.7509259259259259 0.44166666666666665 0.7509259259259259 0.4354166666666667 0.7666666666666667 0.434375 0.7731481481481481 0.43854166666666666 0.7962962962962963 0.4354166666666667 0.812962962962963 0.4395833333333333 0.8185185185185185
4 0.08489583333333334 0.687037037037037 0.09270833333333334 0.6620370370370371 0.08697916666666666 0.637962962962963 0.08333333333333333 0.6351851851851852 0.078125 0.6444444444444445 0.07552083333333333 0.6537037037037037 0.07604166666666666 0.6601851851851852 0.08020833333333334 0.6851851851851852 0.08489583333333334 0.687037037037037
4 0.48020833333333335 0.6620370370370371 0.490625 0.6592592592592592 0.490625 0.6222222222222222 0.4864583333333333 0.6111111111111112 0.48385416666666664 0.6111111111111112 0.48072916666666665 0.6203703703703703 0.4791666666666667 0.6314814814814815 0.4817708333333333 0.6472222222222223 0.4791666666666667 0.6592592592592592 0.48020833333333335 0.6620370370370371
5 0.103125 0.7490740740740741 0.10729166666666666 0.6962962962962963 0.10416666666666667 0.6851851851851852 0.1 0.6796296296296296 0.09322916666666667 0.6925925925925925 0.0921875 0.7046296296296296 0.0984375 0.7351851851851852 0.09895833333333333 0.7472222222222222 0.103125 0.7490740740740741
4 0.090625 0.7472222222222222 0.08697916666666666 0.7296296296296296 0.0890625 0.7055555555555556 0.084375 0.6824074074074075 0.0796875 0.6851851851851852 0.07552083333333333 0.6953703703703704 0.07760416666666667 0.725 0.07604166666666666 0.7490740740740741 0.08854166666666667 0.75 0.090625 0.7472222222222222
5 0.4505208333333333 0.7472222222222222 0.4583333333333333 0.7462962962962963 0.459375 0.7407407407407407 0.4552083333333333 0.7226851851851852 0.4546875 0.700925925925926 0.45208333333333334 0.6916666666666667 0.4484375 0.6851851851851852 0.44375 0.6851851851851852 0.4421875 0.6916666666666667 0.44166666666666665 0.7157407407407408 0.446875 0.7277777777777777 0.44895833333333335 0.7444444444444445 0.4505208333333333 0.7472222222222222
4 0.50625 0.8768518518518519 0.509375 0.8685185185185185 0.5151041666666667 0.8685185185185185 0.5197916666666667 0.875 0.5213541666666667 0.8824074074074074 0.525 0.8805555555555555 0.5255208333333333 0.8731481481481481 0.5130208333333334 0.8564814814814815 0.5114583333333333 0.8462962962962963 0.5140625 0.8333333333333334 0.5119791666666667 0.8175925925925925 0.5020833333333333 0.8083333333333333 0.4979166666666667 0.8 0.4942708333333333 0.8018518518518518 0.4869791666666667 0.8296296296296296 0.4973958333333333 0.8342592592592593 0.5026041666666666 0.8759259259259259 0.50625 0.8768518518518519
5 0.7510416666666667 0.6777777777777778 0.7510416666666667 0.6370370370370371 0.7442708333333333 0.6231481481481481 0.7390625 0.6324074074074074 0.7380208333333333 0.6407407407407407 0.7458333333333333 0.675 0.7473958333333334 0.6787037037037037 0.7510416666666667 0.6777777777777778
0 0.5520833333333334 0.8222222222222222 0.5479166666666667 0.8148148148148148 0.540625 0.812962962962963 0.5375 0.8157407407407408 0.5369791666666667 0.8222222222222222 0.5395833333333333 0.8277777777777777 0.553125 0.8296296296296296 0.5520833333333334 0.8222222222222222
5 0.1265625 0.6861111111111111 0.128125 0.6564814814814814 0.1265625 0.6453703703703704 0.121875 0.6342592592592593 0.11770833333333333 0.6342592592592593 0.11510416666666666 0.6518518518518519 0.11458333333333333 0.6620370370370371 0.1171875 0.6759259259259259 0.11458333333333333 0.6851851851851852 0.1265625 0.6861111111111111
3 0.11145833333333334 0.5907407407407408 0.11979166666666667 0.5796296296296296 0.11927083333333334 0.5675925925925925 0.10885416666666667 0.5611111111111111 0.09947916666666666 0.5740740740740741 0.1015625 0.6027777777777777 0.10572916666666667 0.6064814814814815 0.11041666666666666 0.6027777777777777 0.11145833333333334 0.5907407407407408
5 0.27395833333333336 0.5796296296296296 0.275 0.575925925925926 0.271875 0.5731481481481482 0.26875 0.575925925925926 0.2671875 0.6222222222222222 0.278125 0.6231481481481481 0.2791666666666667 0.612037037037037 0.27395833333333336 0.5796296296296296
4 0.284375 0.8046296296296296 0.28958333333333336 0.8101851851851852 0.2890625 0.8175925925925925 0.2953125 0.8185185185185185 0.3067708333333333 0.775 0.3046875 0.7657407407407407 0.30625 0.7490740740740741 0.30052083333333335 0.7490740740740741 0.2921875 0.7685185185185185 0.29010416666666666 0.7796296296296297 0.290625 0.7925925925925926 0.284375 0.799074074074074 0.284375 0.8046296296296296
4 0.7666666666666667 0.837037037037037 0.7692708333333333 0.8296296296296296 0.765625 0.8092592592592592 0.76875 0.7944444444444444 0.7661458333333333 0.7703703703703704 0.7557291666666667 0.7509259259259259 0.7526041666666666 0.7546296296296297 0.7505208333333333 0.7657407407407407 0.7479166666666667 0.7953703703703704 0.7536458333333333 0.7972222222222223 0.7630208333333334 0.8361111111111111 0.7666666666666667 0.837037037037037
3 0.2796875 0.5564814814814815 0.26979166666666665 0.5537037037037037 0.26666666666666666 0.5592592592592592 0.2671875 0.5768518518518518 0.2708333333333333 0.5805555555555556 0.275 0.5796296296296296 0.2796875 0.5564814814814815
5 0.4890625 0.9453703703703704 0.49375 0.9472222222222222 0.496875 0.9435185185185185 0.49375 0.9231481481481482 0.496875 0.8833333333333333 0.4953125 0.8759259259259259 0.4859375 0.8583333333333333 0.4817708333333333 0.8574074074074074 0.48072916666666665 0.8601851851851852 0.478125 0.8768518518518519 0.4791666666666667 0.8953703703703704 0.4822916666666667 0.9018518518518519 0.4890625 0.9453703703703704
4 0.7125 0.7657407407407407 0.7130208333333333 0.7546296296296297 0.7083333333333334 0.7379629629629629 0.7078125 0.7166666666666667 0.7015625 0.700925925925926 0.6979166666666666 0.7027777777777777 0.6963541666666667 0.7240740740740741 0.6979166666666666 0.7657407407407407 0.7005208333333334 0.7685185185185185 0.7046875 0.7638888888888888 0.7125 0.7657407407407407
3 0.3328125 0.774074074074074 0.3338541666666667 0.7666666666666667 0.3307291666666667 0.75 0.33541666666666664 0.7398148148148148 0.3333333333333333 0.7129629629629629 0.32760416666666664 0.700925925925926 0.325 0.7 0.3182291666666667 0.7138888888888889 0.3182291666666667 0.737037037037037 0.3229166666666667 0.775 0.3260416666666667 0.7777777777777778 0.3328125 0.774074074074074