5 0.4109375 0.6694444444444444 0.4078125 0.6675925925925926 0.403125 0.6833333333333333 0.40260416666666665 0.7175925925925926 0.40572916666666664 0.7212962962962963 0.41354166666666664 0.7203703703703703 0.4109375 0.6694444444444444
3 0.8416666666666667 0.9592592592592593 0.8479166666666667 0.9685185185185186 0.8473958333333333 0.9833333333333333 0.85 0.9861111111111112 0.8520833333333333 0.9833333333333333 0.85625 0.9333333333333333 0.8552083333333333 0.9157407407407407 0.8458333333333333 0.8935185185185185 0.8421875 0.8953703703703704 0.8364583333333333 0.9148148148148149 0.8291666666666667 0.9740740740740741 0.8333333333333334 0.9833333333333333 0.8369791666666667 0.9814814814814815 0.8416666666666667 0.9592592592592593
3 0.3770833333333333 0.7518518518518519 0.38177083333333334 0.7083333333333334 0.3802083333333333 0.6925925925925925 0.37552083333333336 0.687962962962963 0.36875 0.7027777777777777 0.37083333333333335 0.7342592592592593 0.36822916666666666 0.7509259259259259 0.37447916666666664 0.7537037037037037 0.3770833333333333 0.7518518518518519
4 0.7442708333333333 0.787962962962963 0.7473958333333334 0.7814814814814814 0.7473958333333334 0.7388888888888889 0.7401041666666667 0.7240740740740741 0.7338541666666667 0.7361111111111112 0.7354166666666667 0.7675925925925926 0.7333333333333333 0.775 0.7401041666666667 0.7870370370370371 0.7442708333333333 0.787962962962963
5 0.309375 0.8194444444444444 0.3109375 0.8166666666666667 0.3125 0.7555555555555555 0.3109375 0.7490740740740741 0.30520833333333336 0.7518518518518519 0.30052083333333335 0.7703703703703704 0.2994791666666667 0.7824074074074074 0.3026041666666667 0.8157407407407408 0.30625 0.8203703703703704 0.309375 0.8194444444444444
5 0.7145833333333333 0.7185185185185186 0.7182291666666667 0.7166666666666667 0.7203125 0.725 0.7244791666666667 0.725 0.7229166666666667 0.6851851851851852 0.7182291666666667 0.6712962962962963 0.715625 0.6712962962962963 0.7098958333333333 0.6925925925925925 0.7109375 0.7083333333333334 0.7088541666666667 0.7212962962962963 0.7130208333333333 0.7240740740740741 0.7145833333333333 0.7185185185185186
4 0.6166666666666667 0.7925925925925926 0.621875 0.8 0.6239583333333333 0.8462962962962963 0.6270833333333333 0.8518518518518519 0.6322916666666667 0.8453703703703703 0.6338541666666667 0.8 0.6380208333333334 0.7861111111111111 0.6322916666666667 0.7814814814814814 0.6302083333333334 0.775 0.6260416666666667 0.774074074074074 0.6213541666666667 0.7833333333333333 0.6088541666666667 0.7907407407407407 0.6109375 0.7944444444444444 0.6166666666666667 0.7925925925925926
4 0.36302083333333335 0.6805555555555556 0.3619791666666667 0.6527777777777778 0.36354166666666665 0.6416666666666667 0.3567708333333333 0.6333333333333333 0.353125 0.6435185185185185 0.35208333333333336 0.6592592592592592 0.35520833333333335 0.6768518518518518 0.3609375 0.6842592592592592 0.36302083333333335 0.6805555555555556
4 0.5317708333333333 0.7083333333333334 0.5317708333333333 0.6777777777777778 0.5286458333333334 0.6657407407407407 0.5255208333333333 0.6620370370370371 0.5203125 0.6722222222222223 0.5197916666666667 0.6935185185185185 0.521875 0.712037037037037 0.5291666666666667 0.7157407407407408 0.5317708333333333 0.7083333333333334
5 0.35 0.6694444444444444 0.346875 0.6453703703703704 0.3453125 0.6416666666666667 0.3416666666666667 0.6425925925925926 0.34010416666666665 0.649074074074074 0.34010416666666665 0.6787037037037037 0.35104166666666664 0.6805555555555556 0.353125 0.6768518518518518 0.35 0.6694444444444444
5 0.26458333333333334 0.7157407407407408 0.2640625 0.6814814814814815 0.2604166666666667 0.675 0.25729166666666664 0.6814814814814815 0.2552083333333333 0.6925925925925925 0.2552083333333333 0.7324074074074074 0.26145833333333335 0.7361111111111112 0.26458333333333334 0.7157407407407408
4 0.7947916666666667 0.700925925925926 0.79375 0.6666666666666666 0.7875 0.6546296296296297 0.7848958333333333 0.6555555555555556 0.7822916666666667 0.6638888888888889 0.784375 0.7046296296296296 0.7869791666666667 0.7083333333333334 0.7921875 0.7083333333333334 0.7947916666666667 0.700925925925926
5 0.6692708333333334 0.7944444444444444 0.678125 0.7907407407407407 0.675 0.7592592592592593 0.6765625 0.7453703703703703 0.6739583333333333 0.7333333333333333 0.6697916666666667 0.7296296296296296 0.6640625 0.7462962962962963 0.6635416666666667 0.7509259259259259 0.66875 0.7712962962962963 0.6666666666666666 0.7898148148148149 0.6692708333333334 0.7944444444444444
5 0.3078125 0.7046296296296296 0.3046875 0.6574074074074074 0.2984375 0.6518518518518519 0.2947916666666667 0.6703703703703704 0.2947916666666667 0.7046296296296296 0.2989583333333333 0.7092592592592593 0.30625 0.7101851851851851 0.3078125 0.7046296296296296
4 0.24114583333333334 0.8824074074074074 0.2453125 0.862037037037037 0.24270833333333333 0.8166666666666667 0.23958333333333334 0.8148148148148148 0.23645833333333333 0.8194444444444444 0.23177083333333334 0.8305555555555556 0.2296875 0.8453703703703703 0.23020833333333332 0.8981481481481481 0.2390625 0.9027777777777778 0.2421875 0.9 0.24114583333333334 0.8824074074074074
4 0.4473958333333333 0.6370370370370371 0.44895833333333335 0.6342592592592593 0.446875 0.6212962962962963 0.4484375 0.6027777777777777 0.4432291666666667 0.5944444444444444 0.4390625 0.5981481481481481 0.4375 0.6111111111111112 0.4395833333333333 0.6342592592592593 0.4427083333333333 0.637962962962963 0.4473958333333333 0.6370370370370371
5 0.5463541666666667 0.7129629629629629 0.5479166666666667 0.7101851851851851 0.5479166666666667 0.6851851851851852 0.5447916666666667 0.6648148148148149 0.540625 0.6638888888888889 0.5364583333333334 0.675 0.5338541666666666 0.6888888888888889 0.5375 0.6953703703703704 0.5375 0.7083333333333334 0.5463541666666667 0.7129629629629629
5 0.24375 0.7805555555555556 0.24791666666666667 0.7833333333333333 0.2520833333333333 0.7444444444444445 0.2515625 0.7240740740740741 0.2484375 0.7157407407407408 0.24166666666666667 0.7203703703703703 0.24322916666666666 0.7481481481481481 0.24166666666666667 0.7509259259259259 0.24114583333333334 0.7731481481481481 0.24375 0.7805555555555556
5 0.23177083333333334 0.799074074074074 0.23697916666666666 0.799074074074074 0.24010416666666667 0.7601851851851852 0.2375 0.7324074074074074 0.2359375 0.7305555555555555 0.2296875 0.7425925925925926 0.22916666666666666 0.7666666666666667 0.23177083333333334 0.7787037037037037 0.23020833333333332 0.7916666666666666 0.23177083333333334 0.799074074074074
0 0.7359375 0.762962962962963 0.7322916666666667 0.7712962962962963 0.7328125 0.7796296296296297 0.740625 0.7833333333333333 0.7385416666666667 0.7657407407407407 0.7359375 0.762962962962963
4 0.2125 0.7935185185185185 0.22135416666666666 0.8055555555555556 0.22447916666666667 0.8037037037037037 0.22708333333333333 0.7953703703703704 0.22760416666666666 0.774074074074074 0.23072916666666668 0.7601851851851852 0.2296875 0.7416666666666667 0.22447916666666667 0.7398148148148148 0.2203125 0.7518518518518519 0.21770833333333334 0.7703703703703704 0.21875 0.7805555555555556 0.2125 0.7898148148148149 0.2125 0.7935185185185185
4 0.25 0.7407407407407407 0.2484375 0.7203703703703703 0.24479166666666666 0.7157407407407408 0.24010416666666667 0.7166666666666667 0.23541666666666666 0.7333333333333333 0.23802083333333332 0.7777777777777778 0.240625 0.7814814814814814 0.24791666666666667 0.7824074074074074 0.25 0.7407407407407407
3 0.42239583333333336 0.6055555555555555 0.42552083333333335 0.5953703703703703 0.4244791666666667 0.5898148148148148 0.4197916666666667 0.5824074074074074 0.41302083333333334 0.5879629629629629 0.4119791666666667 0.5981481481481481 0.4140625 0.6194444444444445 0.421875 0.6194444444444445 0.42239583333333336 0.6055555555555555
3 0.7244791666666667 0.5953703703703703 0.7208333333333333 0.5851851851851851 0.7161458333333334 0.5916666666666667 0.7166666666666667 0.625 0.7213541666666666 0.6296296296296297 0.7234375 0.6268518518518519 0.7244791666666667 0.5953703703703703
4 0.30364583333333334 0.6833333333333333 0.30416666666666664 0.6574074074074074 0.30104166666666665 0.6518518518518519 0.29791666666666666 0.6509259259259259 0.2947916666666667 0.6601851851851852 0.29375 0.6731481481481482 0.29375 0.7046296296296296 0.2989583333333333 0.7092592592592593 0.3015625 0.7046296296296296 0.30364583333333334 0.6833333333333333