5 0.3333333333333333 0.7759259259259259 0.3328125 0.7675925925925926 0.340625 0.7620370370370371 0.34322916666666664 0.775 0.3494791666666667 0.7777777777777778 0.3515625 0.775 0.34375 0.7416666666666667 0.3416666666666667 0.7055555555555556 0.3375 0.7055555555555556 0.3338541666666667 0.7203703703703703 0.33125 0.7527777777777778 0.32708333333333334 0.775 0.3296875 0.7777777777777778 0.3333333333333333 0.7759259259259259
4 0.5520833333333334 0.7111111111111111 0.5546875 0.7083333333333334 0.5557291666666667 0.700925925925926 0.5567708333333333 0.6620370370370371 0.5526041666666667 0.6472222222222223 0.5489583333333333 0.6444444444444445 0.5442708333333334 0.6583333333333333 0.5416666666666666 0.6787037037037037 0.5447916666666667 0.6907407407407408 0.5447916666666667 0.7083333333333334 0.5520833333333334 0.7111111111111111
4 0.6104166666666667 0.575925925925926 0.6072916666666667 0.5685185185185185 0.603125 0.5657407407407408 0.5994791666666667 0.5768518518518518 0.5984375 0.6111111111111112 0.6078125 0.6111111111111112 0.6114583333333333 0.5907407407407408 0.6104166666666667 0.575925925925926
4 0.27760416666666665 0.7777777777777778 0.2828125 0.7814814814814814 0.290625 0.7324074074074074 0.28958333333333336 0.7166666666666667 0.2838541666666667 0.7027777777777777 0.28072916666666664 0.7037037037037037 0.2755208333333333 0.7157407407407408 0.2713541666666667 0.7361111111111112 0.2708333333333333 0.7444444444444445 0.2755208333333333 0.7407407407407407 0.278125 0.75 0.27760416666666665 0.7777777777777778
5 0.6197916666666666 0.6287037037037037 0.6223958333333334 0.6259259259259259 0.6229166666666667 0.5925925925925926 0.61875 0.5805555555555556 0.6161458333333333 0.5814814814814815 0.6125 0.5916666666666667 0.6119791666666666 0.6018518518518519 0.6088541666666667 0.6101851851851852 0.6104166666666667 0.6268518518518519 0.6197916666666666 0.6287037037037037
3 0.7244791666666667 0.6185185185185185 0.7171875 0.6 0.7109375 0.6111111111111112 0.7098958333333333 0.6175925925925926 0.7088541666666667 0.6583333333333333 0.7098958333333333 0.6620370370370371 0.7145833333333333 0.6620370370370371 0.7244791666666667 0.6185185185185185
5 0.7010416666666667 0.7240740740740741 0.7041666666666667 0.7212962962962963 0.7125 0.7231481481481481 0.7130208333333333 0.7148148148148148 0.709375 0.7037037037037037 0.709375 0.6620370370370371 0.7036458333333333 0.6592592592592592 0.6984375 0.6694444444444444 0.6979166666666666 0.6842592592592592 0.7010416666666667 0.6962962962962963 0.7 0.7212962962962963 0.7010416666666667 0.7240740740740741
5 0.08177083333333333 0.6953703703703704 0.08541666666666667 0.6925925925925925 0.08541666666666667 0.6324074074074074 0.08385416666666666 0.6296296296296297 0.08020833333333334 0.6314814814814815 0.07708333333333334 0.6435185185185185 0.07604166666666666 0.6666666666666666 0.0703125 0.6898148148148148 0.071875 0.6935185185185185 0.08177083333333333 0.6953703703703704
4 0.9130208333333333 0.6287037037037037 0.9083333333333333 0.6148148148148148 0.9041666666666667 0.6138888888888889 0.9010416666666666 0.6194444444444445 0.903125 0.6703703703703704 0.9083333333333333 0.674074074074074 0.9130208333333333 0.6462962962962963 0.9130208333333333 0.6287037037037037
4 0.790625 0.7222222222222222 0.7942708333333334 0.7212962962962963 0.7958333333333333 0.7166666666666667 0.7947916666666667 0.674074074074074 0.7932291666666667 0.6657407407407407 0.7869791666666667 0.6546296296296297 0.7822916666666667 0.6564814814814814 0.778125 0.6888888888888889 0.7760416666666666 0.7222222222222222 0.7802083333333333 0.7240740740740741 0.7880208333333333 0.7138888888888889 0.790625 0.7222222222222222
2 0.146875 0.6370370370370371 0.15 0.6324074074074074 0.15364583333333334 0.5990740740740741 0.153125 0.5777777777777777 0.14895833333333333 0.575 0.14114583333333333 0.5944444444444444 0.140625 0.6064814814814815 0.14427083333333332 0.6166666666666667 0.1421875 0.6268518518518519 0.146875 0.6370370370370371
5 0.4828125 0.7129629629629629 0.48489583333333336 0.7064814814814815 0.48854166666666665 0.6555555555555556 0.48541666666666666 0.6444444444444445 0.4817708333333333 0.6416666666666667 0.47760416666666666 0.6574074074074074 0.47552083333333334 0.6731481481481482 0.4765625 0.6972222222222222 0.478125 0.7111111111111111 0.4828125 0.7129629629629629
4 0.2755208333333333 0.5805555555555556 0.2713541666666667 0.5712962962962963 0.2671875 0.5703703703703704 0.2635416666666667 0.5842592592592593 0.2635416666666667 0.6064814814814815 0.2682291666666667 0.6157407407407407 0.27239583333333334 0.6064814814814815 0.2755208333333333 0.5805555555555556
4 0.21145833333333333 0.6342592592592593 0.20572916666666666 0.6203703703703703 0.19947916666666668 0.6296296296296297 0.19947916666666668 0.6861111111111111 0.2078125 0.687962962962963 0.21041666666666667 0.6768518518518518 0.21145833333333333 0.6342592592592593
4 0.4796875 0.6398148148148148 0.48125 0.6333333333333333 0.4901041666666667 0.6370370370370371 0.49114583333333334 0.6342592592592593 0.4859375 0.6148148148148148 0.48385416666666664 0.5925925925925926 0.4786458333333333 0.5851851851851851 0.4765625 0.5898148148148148 0.47760416666666666 0.5990740740740741 0.4744791666666667 0.6111111111111112 0.4744791666666667 0.6388888888888888 0.4796875 0.6398148148148148
5 0.6463541666666667 0.5601851851851852 0.6447916666666667 0.5407407407407407 0.6421875 0.5370370370370371 0.6380208333333334 0.537962962962963 0.6354166666666666 0.5574074074074075 0.6307291666666667 0.5638888888888889 0.6307291666666667 0.5740740740740741 0.6380208333333334 0.5666666666666667 0.6427083333333333 0.5722222222222222 0.6463541666666667 0.5601851851851852
3 0.34791666666666665 0.5092592592592593 0.3458333333333333 0.5064814814814815 0.3390625 0.5083333333333333 0.3390625 0.5324074074074074 0.3494791666666667 0.5342592592592592 0.35052083333333334 0.5203703703703704 0.34791666666666665 0.5092592592592593
5 0.3489583333333333 0.5777777777777777 0.35104166666666664 0.5444444444444444 0.346875 0.5277777777777778 0.3416666666666667 0.5287037037037037 0.34010416666666665 0.5453703703703704 0.34270833333333334 0.5555555555555556 0.34322916666666664 0.575925925925926 0.3489583333333333 0.5777777777777777
5 0.40520833333333334 0.637962962962963 0.4078125 0.6462962962962963 0.4125 0.6462962962962963 0.41354166666666664 0.6425925925925926 0.4078125 0.5916666666666667 0.4041666666666667 0.5898148148148148 0.40208333333333335 0.5944444444444444 0.4010416666666667 0.6194444444444445 0.3953125 0.6416666666666667 0.4 0.6435185185185185 0.40520833333333334 0.637962962962963
3 0.7515625 0.5277777777777778 0.7510416666666667 0.5138888888888888 0.7447916666666666 0.5138888888888888 0.7421875 0.5203703703703704 0.7421875 0.5444444444444444 0.7447916666666666 0.5574074074074075 0.7479166666666667 0.5537037037037037 0.7515625 0.5277777777777778
5 0.8994791666666667 0.6564814814814814 0.9036458333333334 0.6537037037037037 0.9052083333333333 0.6398148148148148 0.9046875 0.6185185185185185 0.9020833333333333 0.6148148148148148 0.8963541666666667 0.6138888888888889 0.8947916666666667 0.6175925925925926 0.8911458333333333 0.6574074074074074 0.8895833333333333 0.6768518518518518 0.9 0.6768518518518518 0.9015625 0.6722222222222223 0.8994791666666667 0.6564814814814814
5 0.9296875 0.8444444444444444 0.9354166666666667 0.8462962962962963 0.9380208333333333 0.8203703703703704 0.9453125 0.787962962962963 0.9390625 0.7592592592592593 0.9338541666666667 0.7592592592592593 0.9234375 0.7888888888888889 0.9229166666666667 0.8018518518518518 0.9286458333333333 0.8083333333333333 0.9307291666666667 0.8166666666666667 0.9296875 0.8444444444444444
4 0.7875 0.5722222222222222 0.7791666666666667 0.5527777777777778 0.775 0.562037037037037 0.7723958333333333 0.5981481481481481 0.7807291666666667 0.6 0.7875 0.5787037037037037 0.7875 0.5722222222222222
4 0.9708333333333333 0.8240740740740741 0.9734375 0.8212962962962963 0.975 0.8111111111111111 0.9786458333333333 0.7583333333333333 0.9703125 0.7361111111111112 0.9661458333333334 0.7361111111111112 0.9635416666666666 0.75 0.9598958333333333 0.7712962962962963 0.9661458333333334 0.8 0.9661458333333334 0.8212962962962963 0.9708333333333333 0.8240740740740741
0 0.16979166666666667 0.6324074074074074 0.165625 0.6296296296296297 0.16354166666666667 0.6370370370370371 0.16614583333333333 0.6416666666666667 0.16875 0.6407407407407407 0.16979166666666667 0.6324074074074074