2 0.15364583333333334 0.6129629629629629 0.15520833333333334 0.6194444444444445 0.15989583333333332 0.6194444444444445 0.15677083333333333 0.5842592592592593 0.1578125 0.5638888888888889 0.15364583333333334 0.5407407407407407 0.1484375 0.5435185185185185 0.14635416666666667 0.5601851851851852 0.14479166666666668 0.6212962962962963 0.14635416666666667 0.6231481481481481 0.15052083333333333 0.6129629629629629 0.15364583333333334 0.6129629629629629
5 0.41770833333333335 0.575925925925926 0.4239583333333333 0.5879629629629629 0.4265625 0.5824074074074074 0.4234375 0.5648148148148148 0.42291666666666666 0.5444444444444444 0.4197916666666667 0.5370370370370371 0.41770833333333335 0.5407407407407407 0.4140625 0.5675925925925925 0.4083333333333333 0.5740740740740741 0.4078125 0.5796296296296296 0.41770833333333335 0.575925925925926
5 0.8401041666666667 0.5731481481481482 0.8390625 0.5685185185185185 0.8338541666666667 0.5675925925925925 0.8296875 0.5740740740740741 0.828125 0.6074074074074074 0.8338541666666667 0.612037037037037 0.8401041666666667 0.5851851851851851 0.8401041666666667 0.5731481481481482
5 0.3260416666666667 0.5851851851851851 0.32395833333333335 0.575925925925926 0.3177083333333333 0.5694444444444444 0.31354166666666666 0.5796296296296296 0.31145833333333334 0.6055555555555555 0.3140625 0.6092592592592593 0.3255208333333333 0.6074074074074074 0.3260416666666667 0.5851851851851851
5 0.7515625 0.6898148148148148 0.7557291666666667 0.6481481481481481 0.7515625 0.6296296296296297 0.7479166666666667 0.6277777777777778 0.7453125 0.6361111111111111 0.74375 0.6777777777777778 0.7401041666666667 0.6898148148148148 0.7421875 0.6935185185185185 0.7515625 0.6898148148148148
4 0.21197916666666666 0.6185185185185185 0.22395833333333334 0.6157407407407407 0.23229166666666667 0.6342592592592593 0.2359375 0.6305555555555555 0.23125 0.5990740740740741 0.23229166666666667 0.5768518518518518 0.228125 0.5722222222222222 0.221875 0.587037037037037 0.22291666666666668 0.5944444444444444 0.22083333333333333 0.6064814814814815 0.2125 0.6138888888888889 0.21197916666666666 0.6185185185185185
4 0.3692708333333333 0.587037037037037 0.365625 0.5601851851851852 0.3619791666666667 0.549074074074074 0.3572916666666667 0.5527777777777778 0.3567708333333333 0.5787037037037037 0.3609375 0.5990740740740741 0.3651041666666667 0.5990740740740741 0.3692708333333333 0.587037037037037
5 0.390625 0.6731481481481482 0.3963541666666667 0.6759259259259259 0.4015625 0.6342592592592593 0.4010416666666667 0.625 0.3963541666666667 0.6111111111111112 0.3890625 0.6046296296296296 0.38697916666666665 0.6064814814814815 0.3854166666666667 0.6324074074074074 0.3802083333333333 0.649074074074074 0.3890625 0.6555555555555556 0.390625 0.6731481481481482
3 0.396875 0.6111111111111112 0.396875 0.6018518518518519 0.4 0.5962962962962963 0.3963541666666667 0.5851851851851851 0.3927083333333333 0.5787037037037037 0.3880208333333333 0.5796296296296296 0.3828125 0.5925925925925926 0.3807291666666667 0.6111111111111112 0.3885416666666667 0.6194444444444445 0.39427083333333335 0.6166666666666667 0.396875 0.6111111111111112
3 0.6046875 0.5453703703703704 0.6057291666666667 0.5351851851851852 0.6 0.5259259259259259 0.5953125 0.5333333333333333 0.5958333333333333 0.562037037037037 0.6067708333333334 0.5657407407407408 0.6078125 0.5601851851851852 0.6046875 0.5453703703703704
5 0.65625 0.5638888888888889 0.6505208333333333 0.5638888888888889 0.646875 0.5796296296296296 0.6463541666666667 0.6101851851851852 0.6546875 0.612037037037037 0.6583333333333333 0.5842592592592593 0.65625 0.5638888888888889
4 0.5432291666666667 0.6342592592592593 0.540625 0.6064814814814815 0.5411458333333333 0.5833333333333334 0.5369791666666667 0.5814814814814815 0.5317708333333333 0.5925925925925926 0.5302083333333333 0.6074074074074074 0.5213541666666667 0.6148148148148148 0.5213541666666667 0.6231481481481481 0.5322916666666667 0.6222222222222222 0.540625 0.6398148148148148 0.5432291666666667 0.6342592592592593
2 0.6427083333333333 0.5648148148148148 0.6411458333333333 0.5583333333333333 0.6380208333333334 0.5555555555555556 0.6348958333333333 0.5675925925925925 0.6354166666666666 0.6092592592592593 0.640625 0.612037037037037 0.6427083333333333 0.6046296296296296 0.6427083333333333 0.5648148148148148