3 0.11510416666666666 0.65 0.11197916666666667 0.6185185185185185 0.10833333333333334 0.6185185185185185 0.10572916666666667 0.6259259259259259 0.10520833333333333 0.6416666666666667 0.10260416666666666 0.6509259259259259 0.11354166666666667 0.6537037037037037 0.11510416666666666 0.65
4 0.23385416666666667 0.7027777777777777 0.234375 0.6694444444444444 0.23229166666666667 0.662962962962963 0.22760416666666666 0.6601851851851852 0.22291666666666668 0.6731481481481482 0.225 0.7046296296296296 0.22760416666666666 0.7092592592592593 0.23125 0.7083333333333334 0.23385416666666667 0.7027777777777777
3 0.4317708333333333 0.7592592592592593 0.4354166666666667 0.7398148148148148 0.43645833333333334 0.7138888888888889 0.434375 0.7027777777777777 0.43072916666666666 0.7 0.425 0.7157407407407408 0.4276041666666667 0.7407407407407407 0.425 0.7592592592592593 0.42916666666666664 0.762962962962963 0.4317708333333333 0.7592592592592593
5 0.6072916666666667 0.7074074074074074 0.609375 0.7046296296296296 0.6114583333333333 0.6787037037037037 0.6098958333333333 0.6620370370370371 0.6057291666666667 0.6601851851851852 0.6010416666666667 0.6731481481481482 0.5994791666666667 0.6824074074074075 0.603125 0.6953703703703704 0.6020833333333333 0.7046296296296296 0.6072916666666667 0.7074074074074074
5 0.6630208333333333 0.8833333333333333 0.6645833333333333 0.8805555555555555 0.6604166666666667 0.8722222222222222 0.6598958333333333 0.8601851851851852 0.653125 0.8462962962962963 0.6510416666666666 0.8351851851851851 0.6526041666666667 0.8222222222222222 0.6505208333333333 0.8157407407407408 0.6463541666666667 0.8166666666666667 0.6427083333333333 0.8324074074074074 0.6432291666666666 0.8564814814814815 0.6515625 0.8657407407407407 0.6546875 0.8842592592592593 0.6630208333333333 0.8833333333333333
4 0.1578125 0.6759259259259259 0.153125 0.6768518518518518 0.14947916666666666 0.6916666666666667 0.14739583333333334 0.7157407407407408 0.15416666666666667 0.7212962962962963 0.15989583333333332 0.712037037037037 0.1578125 0.6759259259259259
5 0.7005208333333334 0.6805555555555556 0.696875 0.6722222222222223 0.6932291666666667 0.6805555555555556 0.6864583333333333 0.712037037037037 0.6859375 0.7175925925925926 0.6890625 0.7212962962962963 0.6994791666666667 0.7083333333333334 0.7005208333333334 0.6805555555555556
4 0.6635416666666667 0.8805555555555555 0.6671875 0.8916666666666667 0.6744791666666666 0.8953703703703704 0.6765625 0.8925925925925926 0.6765625 0.8638888888888889 0.6697916666666667 0.8203703703703704 0.665625 0.8175925925925925 0.6635416666666667 0.8212962962962963 0.6614583333333334 0.8324074074074074 0.6614583333333334 0.8453703703703703 0.6645833333333333 0.862037037037037 0.6635416666666667 0.8805555555555555
5 0.696875 0.7833333333333333 0.7036458333333333 0.7712962962962963 0.703125 0.7546296296296297 0.7052083333333333 0.7472222222222222 0.7010416666666667 0.7277777777777777 0.6973958333333333 0.7314814814814815 0.6927083333333334 0.7472222222222222 0.69375 0.7587962962962963 0.6869791666666667 0.7824074074074074 0.6890625 0.787962962962963 0.696875 0.7833333333333333
4 0.11979166666666667 0.7851851851851852 0.12135416666666667 0.7833333333333333 0.12395833333333334 0.7490740740740741 0.1234375 0.7287037037037037 0.12135416666666667 0.7203703703703703 0.11770833333333333 0.7175925925925926 0.1125 0.7314814814814815 0.1140625 0.7638888888888888 0.11145833333333334 0.7796296296296297 0.11458333333333333 0.7851851851851852 0.11979166666666667 0.7851851851851852
3 0.23645833333333333 0.6055555555555555 0.23177083333333334 0.6018518518518519 0.22604166666666667 0.612037037037037 0.22708333333333333 0.6444444444444445 0.23072916666666668 0.6472222222222223 0.23645833333333333 0.6259259259259259 0.23645833333333333 0.6055555555555555
5 0.15572916666666667 0.725925925925926 0.15989583333333332 0.7129629629629629 0.1578125 0.700925925925926 0.153125 0.7027777777777777 0.15 0.7 0.14583333333333334 0.7148148148148148 0.1453125 0.7574074074074074 0.1484375 0.7592592592592593 0.153125 0.7546296296296297 0.15572916666666667 0.725925925925926
5 0.09427083333333333 0.7333333333333333 0.090625 0.7305555555555555 0.0875 0.7435185185185185 0.08645833333333333 0.7916666666666666 0.09270833333333334 0.7944444444444444 0.09791666666666667 0.775 0.09427083333333333 0.7333333333333333
5 0.6104166666666667 0.8083333333333333 0.6151041666666667 0.8148148148148148 0.61875 0.8138888888888889 0.6229166666666667 0.7870370370370371 0.6197916666666666 0.7787037037037037 0.6223958333333334 0.7592592592592593 0.6203125 0.7564814814814815 0.6171875 0.7583333333333333 0.6072916666666667 0.7796296296296297 0.6067708333333334 0.7938268518518519 0.6020833333333333 0.8092592592592592 0.603125 0.8138888888888889 0.6104166666666667 0.8083333333333333
5 0.35885416666666664 0.7342592592592593 0.3572916666666667 0.6981481481481482 0.353125 0.700925925925926 0.34427083333333336 0.7435185185185185 0.34375 0.7518518518518519 0.3453125 0.7537037037037037 0.3619791666666667 0.7509259259259259 0.35885416666666664 0.7342592592592593
4 0.959375 0.7694444444444445 0.9604166666666667 0.7490740740740741 0.9567708333333333 0.7185185185185186 0.9510416666666667 0.7111111111111111 0.9463541666666667 0.7203703703703703 0.9453125 0.7277777777777777 0.9494791666666667 0.7638888888888888 0.9541666666666667 0.7694444444444445 0.959375 0.7694444444444445
4 0.7182291666666667 0.8009259259259259 0.7244791666666667 0.8037037037037037 0.7223958333333333 0.7712962962962963 0.725 0.7583333333333333 0.7229166666666667 0.7398148148148148 0.7208333333333333 0.737037037037037 0.7177083333333333 0.7388888888888889 0.7140625 0.7527777777777778 0.7140625 0.7805555555555556 0.709375 0.799074074074074 0.7119791666666667 0.8046296296296296 0.7182291666666667 0.8009259259259259
4 0.4546875 0.6731481481481482 0.4510416666666667 0.6694444444444444 0.446875 0.6824074074074075 0.44427083333333334 0.7203703703703703 0.44895833333333335 0.7240740740740741 0.45677083333333335 0.6962962962962963 0.4546875 0.6731481481481482
4 0.6640625 0.6888888888888889 0.6645833333333333 0.6611111111111111 0.6619791666666667 0.6462962962962963 0.6578125 0.6444444444444445 0.653125 0.6611111111111111 0.6489583333333333 0.6666666666666666 0.6479166666666667 0.6694444444444444 0.6546875 0.6925925925925925 0.6619791666666667 0.6925925925925925 0.6640625 0.6888888888888889
0 0.975 0.8046296296296296 0.9697916666666667 0.8083333333333333 0.9703125 0.8175925925925925 0.9765625 0.8157407407407408 0.9776041666666667 0.8101851851851852 0.975 0.8046296296296296
3 0.15833333333333333 0.6694444444444444 0.15416666666666667 0.6712962962962963 0.15052083333333333 0.6925925925925925 0.15208333333333332 0.7157407407407408 0.15416666666666667 0.7185185185185186 0.1625 0.712037037037037 0.15833333333333333 0.6694444444444444
5 0.9958333333333333 0.837037037037037 0.9880208333333333 0.8074074074074075 0.9942708333333333 0.799074074074074 0.9901041666666667 0.7814814814814814 0.9859375 0.7814814814814814 0.9744791666666667 0.8046296296296296 0.9739583333333334 0.8138888888888889 0.9791666666666666 0.8138888888888889 0.9901041666666667 0.8388888888888889 0.9958333333333333 0.837037037037037