4 0.49322916666666666 0.637962962962963 0.4984375 0.6398148148148148 0.5010416666666667 0.6333333333333333 0.5015625 0.6074074074074074 0.4973958333333333 0.5981481481481481 0.49375 0.5981481481481481 0.490625 0.6074074074074074 0.4901041666666667 0.6175925925925926 0.49322916666666666 0.637962962962963
4 0.7260416666666667 0.7101851851851851 0.7291666666666666 0.712037037037037 0.73125 0.7083333333333334 0.7322916666666667 0.6685185185185185 0.7244791666666667 0.6546296296296297 0.7192708333333333 0.6666666666666666 0.7197916666666667 0.6851851851851852 0.7260416666666667 0.7101851851851851
5 0.10520833333333333 0.6481481481481481 0.11041666666666666 0.6296296296296297 0.10989583333333333 0.6111111111111112 0.10572916666666667 0.6083333333333333 0.1 0.6240740740740741 0.09895833333333333 0.6435185185185185 0.10520833333333333 0.6481481481481481
4 0.12916666666666668 0.6925925925925925 0.13177083333333334 0.7092592592592593 0.13489583333333333 0.712037037037037 0.1375 0.7092592592592593 0.13854166666666667 0.7018518518518518 0.14010416666666667 0.6787037037037037 0.13854166666666667 0.6657407407407407 0.13541666666666666 0.6574074074074074 0.13072916666666667 0.6574074074074074 0.12604166666666666 0.6694444444444444 0.12552083333333333 0.6861111111111111 0.12916666666666668 0.6925925925925925
4 0.584375 0.7555555555555555 0.5963541666666666 0.7564814814814815 0.5994791666666667 0.7472222222222222 0.5994791666666667 0.7074074074074074 0.5963541666666666 0.6981481481481482 0.5916666666666667 0.6916666666666667 0.5890625 0.6925925925925925 0.5880208333333333 0.7361111111111112 0.584375 0.7555555555555555
5 0.09479166666666666 0.7101851851851851 0.10208333333333333 0.7129629629629629 0.10677083333333333 0.6888888888888889 0.10364583333333334 0.6694444444444444 0.09895833333333333 0.6601851851851852 0.09166666666666666 0.6722222222222223 0.090625 0.6851851851851852 0.09479166666666666 0.7101851851851851
5 0.0296875 0.7305555555555555 0.03177083333333333 0.7518518518518519 0.03854166666666667 0.7555555555555555 0.04010416666666667 0.7527777777777778 0.03854166666666667 0.7055555555555556 0.035416666666666666 0.6972222222222222 0.03229166666666667 0.6962962962962963 0.027083333333333334 0.7101851851851851 0.026041666666666668 0.7175925925925926 0.0296875 0.7305555555555555
4 0.4088541666666667 0.700925925925926 0.4119791666666667 0.7037037037037037 0.415625 0.6694444444444444 0.4088541666666667 0.6481481481481481 0.4036458333333333 0.6555555555555556 0.4041666666666667 0.6824074074074075 0.4088541666666667 0.700925925925926
5 0.4546875 0.6777777777777778 0.45989583333333334 0.6814814814814815 0.4635416666666667 0.6694444444444444 0.4609375 0.6657407407407407 0.4625 0.6527777777777778 0.459375 0.6398148148148148 0.45625 0.6398148148148148 0.45260416666666664 0.6509259259259259 0.45208333333333334 0.6648148148148149 0.4546875 0.6777777777777778
5 0.540625 0.7231481481481481 0.54375 0.7296296296296296 0.5489583333333333 0.7314814814814815 0.5505208333333333 0.7277777777777777 0.5505208333333333 0.687037037037037 0.5447916666666667 0.6777777777777778 0.540625 0.6768518518518518 0.5390625 0.6814814814814815 0.5375 0.6990740740740741 0.540625 0.7231481481481481
5 0.496875 0.8101851851851852 0.4979166666666667 0.7981481481481482 0.5057291666666667 0.8064814814814815 0.50625 0.7953703703703704 0.5 0.7888888888888889 0.5020833333333333 0.7685185185185185 0.5010416666666667 0.7555555555555555 0.49322916666666666 0.7435185185185185 0.4895833333333333 0.7564814814814815 0.49114583333333334 0.8101851851851852 0.496875 0.8101851851851852
4 0.13802083333333334 0.7962962962962963 0.13802083333333334 0.8157407407407408 0.13385416666666666 0.8305555555555556 0.1390625 0.8333333333333334 0.1453125 0.8194444444444444 0.15520833333333334 0.8268518518518518 0.15520833333333334 0.8185185185185185 0.146875 0.8074074074074075 0.15 0.774074074074074 0.14166666666666666 0.7583333333333333 0.13385416666666666 0.775 0.13385416666666666 0.7824074074074074 0.13802083333333334 0.7962962962962963
4 0.5494791666666666 0.7185185185185186 0.5546875 0.7194444444444444 0.5604166666666667 0.7342592592592593 0.5640625 0.7388888888888889 0.5677083333333334 0.7379629629629629 0.5682291666666667 0.7314814814814815 0.5619791666666667 0.7138888888888889 0.5635416666666667 0.7074074074074074 0.5625 0.6935185185185185 0.553125 0.6824074074074075 0.5510416666666667 0.6824074074074075 0.5479166666666667 0.6907407407407408 0.5479166666666667 0.7240740740740741 0.5494791666666666 0.7185185185185186
4 0.0828125 0.7916666666666666 0.08229166666666667 0.8018518518518518 0.08385416666666666 0.8055555555555556 0.08854166666666667 0.8046296296296296 0.09010416666666667 0.799074074074074 0.090625 0.7398148148148148 0.08385416666666666 0.725925925925926 0.0796875 0.7277777777777777 0.07552083333333333 0.7398148148148148 0.07447916666666667 0.7481481481481481 0.0828125 0.7916666666666666
5 0.07604166666666666 0.7518518518518519 0.08229166666666667 0.7888888888888889 0.08177083333333333 0.8027777777777778 0.08385416666666666 0.8074074074074075 0.0921875 0.8083333333333333 0.09375 0.8064814814814815 0.09114583333333333 0.7981481481481482 0.09114583333333333 0.7731481481481481 0.09375 0.7638888888888888 0.09166666666666666 0.749537037037037 0.09270833333333334 0.7398148148148148 0.084375 0.7268518518518519 0.0796875 0.7305555555555555 0.07604166666666666 0.7407407407407407 0.07604166666666666 0.7518518518518519
4 0.540625 0.8138888888888889 0.5489583333333333 0.8166666666666667 0.5526041666666667 0.8148148148148148 0.5520833333333334 0.7824074074074074 0.5536458333333333 0.7759259259259259 0.5484375 0.7490740740740741 0.5447916666666667 0.7425925925925926 0.5421875 0.7472222222222222 0.5380208333333333 0.7972222222222223 0.540625 0.8138888888888889
0 0.5598958333333334 0.6138888888888889 0.5614583333333333 0.6111111111111112 0.5604166666666667 0.6037037037037037 0.5557291666666667 0.6037037037037037 0.5546875 0.6111111111111112 0.5598958333333334 0.6138888888888889
5 0.5526041666666667 0.8027777777777778 0.5651041666666666 0.8009259259259259 0.565625 0.7972222222222223 0.5567708333333333 0.7703703703703704 0.5526041666666667 0.7685185185185185 0.5520833333333334 0.7712962962962963 0.5510416666666667 0.7916666666666666 0.5526041666666667 0.8027777777777778
4 0.1609375 0.6194444444444445 0.16458333333333333 0.6212962962962963 0.16979166666666667 0.6185185185185185 0.1703125 0.5935185185185186 0.16614583333333333 0.5833333333333334 0.16197916666666667 0.5861111111111111 0.16041666666666668 0.5916666666666667 0.1609375 0.6194444444444445
5 0.2947916666666667 0.7472222222222222 0.2989583333333333 0.7537037037037037 0.3078125 0.7361111111111112 0.3046875 0.7046296296296296 0.2942708333333333 0.6935185185185185 0.290625 0.6962962962962963 0.28802083333333334 0.7083333333333334 0.2911458333333333 0.7324074074074074 0.2947916666666667 0.7472222222222222
5 0.2867604166666667 0.6905907407407407 0.3018645833333334 0.6896648148148148 0.3018645833333334 0.6739240740740741 0.29092708333333334 0.6461462962962963 0.2883229166666667 0.6470722222222222 0.2836354166666667 0.6581833333333333 0.28415625 0.6776277777777777 0.2867604166666667 0.6905907407407407
3 0.3 0.7240740740740741 0.30625 0.7361111111111112 0.3078125 0.7314814814814815 0.30572916666666666 0.7166666666666667 0.3067708333333333 0.687037037037037 0.2989583333333333 0.675 0.29583333333333334 0.6833333333333333 0.29583333333333334 0.7055555555555556 0.3 0.7240740740740741
3 0.12604166666666666 0.5962962962962963 0.13020833333333334 0.5981481481481481 0.13489583333333333 0.575 0.134375 0.5601851851851852 0.125 0.5601851851851852 0.12291666666666666 0.5814814814814815 0.12604166666666666 0.5962962962962963
3 0.32395833333333335 0.5925925925925926 0.3260416666666667 0.5944444444444444 0.3302083333333333 0.5907407407407408 0.33125 0.5814814814814815 0.33541666666666664 0.575 0.33541666666666664 0.5675925925925925 0.334375 0.5601851851851852 0.33177083333333335 0.5574074074074075 0.3234375 0.562037037037037 0.321875 0.5685185185185185 0.32395833333333335 0.5925925925925926
3 0.9161458333333333 0.8435185185185186 0.9114583333333334 0.8527777777777777 0.9208333333333333 0.8574074074074074 0.9229166666666667 0.8648148148148148 0.9286458333333333 0.8611111111111112 0.9322916666666666 0.8638888888888889 0.9338541666666667 0.8601851851851852 0.9333333333333333 0.8324074074074074 0.9354166666666667 0.8111111111111111 0.9276041666666667 0.7925925925925926 0.9234375 0.7925925925925926 0.9192708333333334 0.8064814814814815 0.9192708333333334 0.8287037037037037 0.9161458333333333 0.8435185185185186