4 0.37604166666666666 0.6648148148148149 0.371875 0.6657407407407407 0.36875 0.6833333333333333 0.3671875 0.7157407407407408 0.3765625 0.7166666666666667 0.3802083333333333 0.6777777777777778 0.37604166666666666 0.6648148148148149
5 0.3932291666666667 0.6296296296296297 0.3890625 0.6194444444444445 0.3854166666666667 0.6194444444444445 0.3828125 0.625 0.38125 0.6324074074074074 0.3848958333333333 0.6611111111111111 0.3921875 0.6620370370370371 0.3932291666666667 0.6296296296296297
4 0.5291666666666667 0.7935185185185185 0.5328125 0.7981481481481482 0.5359375 0.7962962962962963 0.5333333333333333 0.7648148148148148 0.534375 0.7462962962962963 0.528125 0.7296296296296296 0.5244791666666667 0.7314814814814815 0.5234375 0.7555555555555555 0.5213541666666667 0.762962962962963 0.5229166666666667 0.7814814814814814 0.51875 0.7944444444444444 0.5213541666666667 0.7981481481481482 0.5291666666666667 0.7935185185185185
5 0.017708333333333333 0.7324074074074074 0.021875 0.7129629629629629 0.021354166666666667 0.7046296296296296 0.013541666666666667 0.6981481481481482 0.00625 0.7074074074074074 0.005729166666666666 0.7185185185185186 0.009375 0.7351851851851852 0.0140625 0.7361111111111112 0.017708333333333333 0.7324074074074074
5 0.18854166666666666 0.6703703703703704 0.18541666666666667 0.6796296296296296 0.1859375 0.7231481481481481 0.19322916666666667 0.725925925925926 0.19114583333333332 0.6722222222222223 0.18854166666666666 0.6703703703703704
5 0.022395833333333334 0.6768518518518518 0.01875 0.6592592592592592 0.016666666666666666 0.6592592592592592 0.0140625 0.6731481481481482 0.013541666666666667 0.6972222222222222 0.0171875 0.7018518518518518 0.019270833333333334 0.7 0.022395833333333334 0.6768518518518518
5 0.28958333333333336 0.7796296296296297 0.29010416666666666 0.7166666666666667 0.2859375 0.7138888888888889 0.278125 0.7333333333333333 0.2791666666666667 0.7518518518518519 0.27708333333333335 0.7787037037037037 0.2875 0.7814814814814814 0.28958333333333336 0.7796296296296297
5 0.021875 0.7925925925925926 0.024479166666666666 0.7907407407407407 0.019791666666666666 0.7472222222222222 0.019791666666666666 0.7277777777777777 0.018229166666666668 0.7231481481481481 0.013541666666666667 0.7212962962962963 0.010416666666666666 0.725925925925926 0.009375 0.737037037037037 0.0125 0.7490740740740741 0.0140625 0.7898148148148149 0.021875 0.7925925925925926
5 0.31614583333333335 0.7574074074074074 0.31354166666666666 0.7166666666666667 0.309375 0.7138888888888889 0.30520833333333336 0.7268518518518519 0.3072916666666667 0.7787037037037037 0.3145833333333333 0.7805555555555556 0.31614583333333335 0.7787037037037037 0.31614583333333335 0.7574074074074074
4 0.340625 0.7592592592592593 0.3375 0.7296296296296296 0.3333333333333333 0.7268518518518519 0.32864583333333336 0.7407407407407407 0.32916666666666666 0.7907407407407407 0.33489583333333334 0.7944444444444444 0.3380208333333333 0.7916666666666666 0.340625 0.7592592592592593
4 0.4765625 0.6462962962962963 0.4739583333333333 0.6342592592592593 0.4661458333333333 0.6287037037037037 0.46770833333333334 0.6703703703703704 0.4708333333333333 0.6731481481481482 0.4739583333333333 0.6694444444444444 0.4765625 0.6462962962962963
4 0.5630208333333333 0.6694444444444444 0.5572916666666666 0.6527777777777778 0.5526041666666667 0.6537037037037037 0.553125 0.7046296296296296 0.55625 0.7111111111111111 0.559375 0.7046296296296296 0.5630208333333333 0.6694444444444444
3 0.1828125 0.7935185185185185 0.1859375 0.7907407407407407 0.18385416666666668 0.7833333333333333 0.18385416666666668 0.7240740740740741 0.18177083333333333 0.7194444444444444 0.1765625 0.7231481481481481 0.17395833333333333 0.7324074074074074 0.1765625 0.7685185185185185 0.17604166666666668 0.7907407407407407 0.1828125 0.7935185185185185
4 0.28020833333333334 0.674074074074074 0.28177083333333336 0.6694444444444444 0.28125 0.6370370370370371 0.2760416666666667 0.625 0.2713541666666667 0.6268518518518519 0.2682291666666667 0.6398148148148148 0.271875 0.6703703703703704 0.27395833333333336 0.674074074074074 0.28020833333333334 0.674074074074074
4 0.030729166666666665 0.7046296296296296 0.03125 0.6787037037037037 0.022395833333333334 0.6759259259259259 0.019270833333333334 0.6814814814814815 0.0203125 0.7083333333333334 0.0234375 0.7203703703703703 0.027604166666666666 0.7222222222222222 0.030729166666666665 0.7046296296296296
4 0.3723958333333333 0.8092592592592592 0.3765625 0.8055555555555556 0.3734375 0.7861111111111111 0.37916666666666665 0.7592592592592593 0.3729166666666667 0.7407407407407407 0.36875 0.7407407407407407 0.3651041666666667 0.7564814814814815 0.36302083333333335 0.7703703703703704 0.36666666666666664 0.8064814814814815 0.36875 0.8101851851851852 0.3723958333333333 0.8092592592592592
0 0.528125 0.6240740740740741 0.5291666666666667 0.6333333333333333 0.5348958333333333 0.6305555555555555 0.5338541666666666 0.6222222222222222 0.528125 0.6240740740740741
5 0.40729166666666666 0.8037037037037037 0.4036458333333333 0.8166666666666667 0.4083333333333333 0.8185185185185185 0.4109375 0.8138888888888889 0.4197916666666667 0.8194444444444444 0.4234375 0.8175925925925925 0.4244791666666667 0.8138888888888889 0.4197916666666667 0.7944444444444444 0.41875 0.7675925925925926 0.415625 0.7509259259259259 0.41302083333333334 0.7481481481481481 0.40989583333333335 0.7509259259259259 0.40989583333333335 0.7614194444444444 0.403125 0.775 0.40989583333333335 0.7805555555555556 0.40729166666666666 0.8037037037037037
5 0.54375 0.6922842592592593 0.5442708333333334 0.674074074074074 0.5463541666666667 0.6666666666666666 0.5411458333333333 0.65 0.5369791666666667 0.65 0.5364583333333334 0.6537037037037037 0.5375 0.7046296296296296 0.540625 0.7092592592592593 0.5453125 0.7046296296296296 0.54375 0.6922842592592593
4 0.4 0.725 0.3927083333333333 0.712037037037037 0.38385416666666666 0.7101851851851851 0.3885416666666667 0.7392592592592593 0.3885416666666667 0.7592592592592593 0.3963541666666667 0.7611111111111111 0.4 0.725
1 0.8484375 0.6861111111111111 0.8484375 0.65 0.8458333333333333 0.637962962962963 0.8421875 0.6333333333333333 0.8390625 0.6342592592592593 0.8375 0.6472222222222223 0.8395833333333333 0.6851851851851852 0.846875 0.687962962962963 0.8484375 0.6861111111111111
3 0.04114583333333333 0.5981481481481481 0.0375 0.5898148148148148 0.0328125 0.5888888888888889 0.030208333333333334 0.5990740740740741 0.03125 0.6212962962962963 0.0375 0.6314814814814815 0.04010416666666667 0.6231481481481481 0.04114583333333333 0.5981481481481481
3 0.9354166666666667 0.8731481481481481 0.9333333333333333 0.8537037037037037 0.9354166666666667 0.8462962962962963 0.9364583333333333 0.8194444444444444 0.93125 0.8009259259259259 0.9270833333333334 0.8 0.925 0.8055555555555556 0.9223958333333333 0.862037037037037 0.9291666666666667 0.8759259259259259 0.9338541666666667 0.8768518518518519 0.9354166666666667 0.8731481481481481
4 0.7557291666666667 0.7953703703703704 0.7552083333333334 0.7398148148148148 0.7505208333333333 0.7277777777777777 0.7458333333333333 0.7324074074074074 0.7432291666666667 0.7787037037037037 0.7453125 0.7953703703703704 0.7515625 0.8018518518518518 0.7557291666666667 0.7953703703703704