4 0.328125 0.5601851851851852 0.3333333333333333 0.562962962962963 0.33958333333333335 0.5287037037037037 0.334375 0.5231481481481481 0.3260416666666667 0.5277777777777778 0.3255208333333333 0.549074074074074 0.328125 0.5601851851851852
5 0.3302083333333333 0.5953703703703703 0.334375 0.5555555555555556 0.32708333333333334 0.5472222222222223 0.325 0.55 0.32395833333333335 0.5907407407407408 0.3302083333333333 0.5953703703703703
4 0.2125 0.6398148148148148 0.215625 0.6370370370370371 0.22239583333333332 0.6388888888888888 0.22135416666666666 0.6129629629629629 0.22291666666666668 0.6064814814814815 0.21666666666666667 0.5824074074074074 0.2125 0.5842592592592593 0.21041666666666667 0.6027777777777777 0.20989583333333334 0.6370370370370371 0.2125 0.6398148148148148
5 0.12604166666666666 0.7222222222222222 0.13385416666666666 0.7212962962962963 0.13020833333333334 0.6537037037037037 0.1265625 0.6518518518518519 0.11979166666666667 0.6657407407407407 0.12291666666666666 0.7185185185185186 0.12604166666666666 0.7222222222222222
5 0.7557291666666667 0.674074074074074 0.759375 0.6703703703703704 0.7614583333333333 0.6583333333333333 0.7625 0.637962962962963 0.7609375 0.625 0.7557291666666667 0.6101851851851852 0.7494791666666667 0.6240740740740741 0.7510416666666667 0.6685185185185185 0.7557291666666667 0.674074074074074
4 0.6385416666666667 0.5851851851851851 0.6411458333333333 0.575 0.6416666666666667 0.5444444444444444 0.6380208333333334 0.5351851851851852 0.6333333333333333 0.5388888888888889 0.6333333333333333 0.5805555555555556 0.6385416666666667 0.5851851851851851
5 0.5416666666666666 0.6333333333333333 0.5442708333333334 0.6305555555555555 0.5432291666666667 0.6138888888888889 0.5458333333333333 0.600925925925926 0.5421875 0.5722222222222222 0.5380208333333333 0.575 0.5354166666666667 0.5907407407407408 0.5354166666666667 0.6305555555555555 0.5416666666666666 0.6333333333333333
4 0.7317708333333334 0.6694444444444444 0.7364583333333333 0.6694444444444444 0.7369791666666666 0.6574074074074074 0.7432291666666667 0.6333333333333333 0.7421875 0.6166666666666667 0.7395833333333334 0.6064814814814815 0.7359375 0.6027777777777777 0.7286458333333333 0.6175925925925926 0.7302083333333333 0.6657407407407407 0.7317708333333334 0.6694444444444444
3 0.2359375 0.6851851851851852 0.24635416666666668 0.6777777777777778 0.24583333333333332 0.637962962962963 0.24739583333333334 0.6268518518518519 0.24010416666666667 0.6129629629629629 0.2359375 0.6157407407407407 0.23333333333333334 0.6268518518518519 0.23177083333333334 0.6453703703703704 0.2359375 0.6851851851851852
4 0.796875 0.7314814814814815 0.7927083333333333 0.7361111111111112 0.7947916666666667 0.7416666666666667 0.7953125 0.7564814814814815 0.7932291666666667 0.7861111111111111 0.7989583333333333 0.787962962962963 0.8015625 0.7787037037037037 0.8104166666666667 0.7851851851851852 0.8140625 0.7842592592592592 0.8145833333333333 0.7712962962962963 0.8104166666666667 0.7555555555555555 0.8104166666666667 0.7212962962962963 0.8020833333333334 0.7074074074074074 0.7984375 0.7064814814814815 0.7953125 0.712037037037037 0.7979166666666667 0.725 0.796875 0.7314814814814815
0 0.8765625 0.649074074074074 0.8760416666666667 0.6398148148148148 0.8729166666666667 0.6333333333333333 0.86875 0.637962962962963 0.8692708333333333 0.6462962962962963 0.8765625 0.649074074074074
4 0.21979166666666666 0.7046296296296296 0.2234375 0.7092592592592593 0.23645833333333333 0.7092592592592593 0.2359375 0.6611111111111111 0.23333333333333334 0.6444444444444445 0.228125 0.6444444444444445 0.22395833333333334 0.6574074074074074 0.22395833333333334 0.6888888888888889 0.21979166666666666 0.7046296296296296
5 0.16979166666666667 0.6462962962962963 0.17135416666666667 0.6425925925925926 0.16666666666666666 0.5851851851851851 0.1625 0.5861111111111111 0.159375 0.5972222222222222 0.15833333333333333 0.6425925925925926 0.16979166666666667 0.6462962962962963
5 0.5213541666666667 0.7027777777777777 0.5265625 0.6962962962962963 0.5265625 0.6805555555555556 0.5296875 0.6611111111111111 0.5244791666666667 0.6333333333333333 0.5208333333333334 0.6333333333333333 0.5166666666666667 0.6472222222222223 0.51875 0.6953703703703704 0.5213541666666667 0.7027777777777777
1 0.86875 0.6453703703703704 0.8729166666666667 0.65 0.884375 0.6527777777777778 0.8901041666666667 0.6222222222222222 0.8875 0.6092592592592593 0.8755208333333333 0.6 0.8708333333333333 0.6111111111111112 0.871875 0.6231481481481481 0.86875 0.6453703703703704
4 0.11979166666666667 0.5888888888888889 0.121875 0.5851851851851851 0.12239583333333333 0.562962962962963 0.125 0.549074074074074 0.11875 0.537962962962963 0.11510416666666666 0.5388888888888889 0.1109375 0.55 0.11197916666666667 0.5861111111111111 0.11979166666666667 0.5888888888888889
4 0.49114583333333334 0.662962962962963 0.49375 0.6592592592592592 0.49583333333333335 0.6314814814814815 0.4942708333333333 0.6064814814814815 0.490625 0.600925925925926 0.4859375 0.6064814814814815 0.48541666666666666 0.6583333333333333 0.49114583333333334 0.662962962962963