4 0.46458333333333335 0.6537037037037037 0.4661458333333333 0.6509259259259259 0.46458333333333335 0.6324074074074074 0.465625 0.6074074074074074 0.459375 0.5953703703703703 0.45364583333333336 0.6055555555555555 0.4505208333333333 0.6222222222222222 0.45260416666666664 0.6347222222222222 0.4510416666666667 0.6537037037037037 0.46458333333333335 0.6537037037037037
5 0.6421875 0.6296296296296297 0.6380208333333334 0.6287037037037037 0.6338541666666667 0.65 0.6375 0.6851851851851852 0.6473958333333333 0.6851851851851852 0.6479166666666667 0.6481481481481481 0.6421875 0.6296296296296297
3 0.6057291666666667 0.7527777777777778 0.6078125 0.7490740740740741 0.6052083333333333 0.7324074074074074 0.6072916666666667 0.7046296296296296 0.6088541666666667 0.700925925925926 0.6197916666666666 0.6972222222222222 0.6145833333333334 0.6953703703703704 0.603125 0.6768518518518518 0.5994791666666667 0.6777777777777778 0.5947916666666667 0.6888888888888889 0.5932291666666667 0.7092592592592593 0.596875 0.7222222222222222 0.5953125 0.7527777777777778 0.6057291666666667 0.7527777777777778
5 0.31927083333333334 0.6444444444444445 0.31927083333333334 0.6212962962962963 0.31666666666666665 0.5962962962962963 0.3145833333333333 0.5935185185185186 0.3104166666666667 0.5953703703703703 0.30833333333333335 0.6064814814814815 0.3072916666666667 0.6231481481481481 0.3098958333333333 0.6453703703703704 0.3177083333333333 0.6472222222222223 0.31927083333333334 0.6444444444444445
4 0.5364583333333334 0.7564814814814815 0.5390625 0.7759259259259259 0.5380208333333333 0.7870370370370371 0.5453125 0.7907407407407407 0.5473958333333333 0.7861111111111111 0.5510416666666667 0.7333333333333333 0.5447916666666667 0.7129629629629629 0.5380208333333333 0.7148148148148148 0.5276041666666667 0.7037037037037037 0.5276041666666667 0.7092592592592593 0.534375 0.7222222222222222 0.5364583333333334 0.7314814814814815 0.5364583333333334 0.7564814814814815
4 0.8614583333333333 0.7222222222222222 0.8729166666666667 0.7268518518518519 0.8755208333333333 0.7166666666666667 0.8755208333333333 0.6953703703703704 0.8796875 0.6759259259259259 0.8729166666666667 0.6611111111111111 0.8640625 0.6611111111111111 0.8567708333333334 0.6564814814814814 0.85625 0.6620370370370371 0.8630208333333333 0.6712962962962963 0.8651041666666667 0.6851851851851852 0.8614583333333333 0.7222222222222222
4 0.0796875 0.7472222222222222 0.09010416666666667 0.7 0.08385416666666666 0.6759259259259259 0.08020833333333334 0.675 0.0703125 0.6925925925925925 0.06979166666666667 0.6972222222222222 0.0734375 0.7083333333333334 0.075 0.7444444444444445 0.0796875 0.7472222222222222
5 0.22083333333333333 0.6814814814814815 0.22395833333333334 0.6537037037037037 0.22291666666666668 0.637962962962963 0.21666666666666667 0.6268518518518519 0.21145833333333333 0.6425925925925926 0.21145833333333333 0.6675925925925926 0.215625 0.6888888888888889 0.2171875 0.6888888888888889 0.22083333333333333 0.6814814814814815
5 0.0140625 0.7277777777777777 0.015104166666666667 0.7175925925925926 0.021354166666666667 0.6888888888888889 0.0171875 0.6694444444444444 0.013541666666666667 0.6666666666666666 0.00625 0.6842592592592592 0.0078125 0.7398148148148148 0.011458333333333333 0.7407407407407407 0.015625 0.7361111111111112 0.0140625 0.7277777777777777
5 0.30364583333333334 0.8018518518518518 0.30625 0.7694444444444445 0.30885416666666665 0.7592592592592593 0.3177083333333333 0.7435185185185185 0.3140625 0.7425925925925926 0.3078125 0.75 0.29739583333333336 0.7462962962962963 0.2911458333333333 0.7388888888888889 0.2947916666666667 0.825925925925926 0.2994791666666667 0.8268518518518518 0.30572916666666666 0.8175925925925925 0.30364583333333334 0.8018518518518518
4 0.47708333333333336 0.8694444444444445 0.4791666666666667 0.8712962962962963 0.48333333333333334 0.8657407407407407 0.4901041666666667 0.8740740740740741 0.49375 0.8731481481481481 0.4942708333333333 0.8064814814814815 0.49583333333333335 0.8009259259259259 0.5052083333333334 0.7981481481481482 0.5078125 0.7935185185185185 0.5057291666666667 0.7898148148148149 0.49895833333333334 0.7898148148148149 0.49114583333333334 0.7787037037037037 0.4864583333333333 0.7796296296296297 0.4822916666666667 0.774074074074074 0.4786458333333333 0.774074074074074 0.4744791666666667 0.7796296296296297 0.4708333333333333 0.775 0.46875 0.7768518518518519 0.46979166666666666 0.7814814814814814 0.478125 0.7898148148148149 0.48125 0.8 0.47708333333333336 0.8694444444444445
3 0.9416666666666667 0.9416666666666667 0.94375 0.9435185185185185 0.9463541666666667 0.9657407407407408 0.9489583333333333 0.9629629629629629 0.9489583333333333 0.9268518518518518 0.9541666666666667 0.9064814814814814 0.9546875 0.8962962962962963 0.9473958333333333 0.8731481481481481 0.9432291666666667 0.8722222222222222 0.9348958333333334 0.8907407407407407 0.9338541666666667 0.9074074074074074 0.925 0.9490740740740741 0.9239583333333333 0.9583333333333334 0.9354166666666667 0.9518518518518518 0.9380208333333333 0.9435185185185185 0.9416666666666667 0.9416666666666667
5 0.475 0.775 0.4822916666666667 0.775 0.484375 0.7722222222222223 0.484375 0.75 0.48854166666666665 0.7287037037037037 0.4875 0.7166666666666667 0.4817708333333333 0.7064814814814815 0.47760416666666666 0.7074074074074074 0.4739583333333333 0.7157407407407408 0.47239583333333335 0.7398148148148148 0.4765625 0.7537037037037037 0.4734375 0.7712962962962963 0.475 0.775
4 0.3692708333333333 0.6907407407407408 0.3723958333333333 0.6657407407407407 0.37135416666666665 0.6583333333333333 0.36354166666666665 0.6462962962962963 0.359375 0.6527777777777778 0.35625 0.6703703703703704 0.3572916666666667 0.7046296296296296 0.3619791666666667 0.7101851851851851 0.36614583333333334 0.7046296296296296 0.3692708333333333 0.6907407407407408
5 0.43125 0.8685185185185185 0.440625 0.8611111111111112 0.43854166666666666 0.8388888888888889 0.4432291666666667 0.825 0.4453125 0.8092592592592592 0.44427083333333334 0.7898148148148149 0.4401041666666667 0.775 0.4354166666666667 0.7666666666666667 0.4317708333333333 0.7703703703703704 0.4328125 0.7842592592592592 0.4296875 0.8592592592592593 0.4265625 0.8648148148148148 0.43125 0.8685185185185185
4 0.4864583333333333 0.7175925925925926 0.4901041666666667 0.700925925925926 0.4895833333333333 0.6814814814814815 0.4859375 0.6694444444444444 0.4744791666666667 0.6638888888888889 0.47604166666666664 0.6824074074074075 0.4744791666666667 0.712037037037037 0.4817708333333333 0.7194444444444444 0.4864583333333333 0.7175925925925926
5 0.884375 0.6824074074074075 0.8848958333333333 0.6888888888888889 0.8885416666666667 0.6898148148148148 0.8958333333333334 0.6462962962962963 0.8953125 0.6398148148148148 0.8916666666666667 0.6296296296296297 0.88125 0.6212962962962963 0.8760416666666667 0.6351851851851852 0.8755208333333333 0.6555555555555556 0.878125 0.6648148148148149 0.8765625 0.6768518518518518 0.884375 0.6824074074074075
4 0.08802083333333334 0.85 0.09739583333333333 0.8546296296296296 0.09947916666666666 0.8592592592592593 0.10364583333333334 0.8592592592592593 0.10677083333333333 0.8574074074074074 0.109375 0.7833333333333333 0.11770833333333333 0.7537037037037037 0.11510416666666666 0.75 0.1125 0.7574074074074074 0.10260416666666666 0.7583333333333333 0.09739583333333333 0.7759259259259259 0.09427083333333333 0.8064814814814815 0.0953125 0.8175925925925925 0.08645833333333333 0.8453703703703703 0.08802083333333334 0.85
5 0.36666666666666664 0.725925925925926 0.3671875 0.700925925925926 0.3651041666666667 0.6972222222222222 0.3578125 0.7 0.35833333333333334 0.7287037037037037 0.3609375 0.7333333333333333 0.3645833333333333 0.7333333333333333 0.36666666666666664 0.725925925925926
5 0.13229166666666667 0.8712962962962963 0.134375 0.8759259259259259 0.13645833333333332 0.8685185185185185 0.13229166666666667 0.8416666666666667 0.1296875 0.837037037037037 0.1234375 0.8342592592592593 0.11614583333333334 0.8444444444444444 0.11041666666666666 0.8731481481481481 0.12239583333333333 0.875 0.12552083333333333 0.8712962962962963 0.13229166666666667 0.8712962962962963
3 0.4078125 0.524074074074074 0.403125 0.5342592592592592 0.403125 0.5527777777777778 0.4083333333333333 0.562037037037037 0.41354166666666664 0.5287037037037037 0.4078125 0.524074074074074
4 0.14635416666666667 0.8768518518518519 0.14895833333333333 0.8731481481481481 0.15260416666666668 0.8490740740740741 0.1546875 0.8046296296296296 0.16145833333333334 0.7777777777777778 0.15833333333333333 0.7777777777777778 0.153125 0.7907407407407407 0.1453125 0.7898148148148149 0.1375 0.7953703703703704 0.13333333333333333 0.7907407407407407 0.13072916666666667 0.7814814814814814 0.12916666666666668 0.7824074074074074 0.13072916666666667 0.7944444444444444 0.13958333333333334 0.8185185185185185 0.14166666666666666 0.8759259259259259 0.14635416666666667 0.8768518518518519
3 0.8442708333333333 0.5370370370370371 0.8380208333333333 0.5277777777777778 0.8354166666666667 0.5287037037037037 0.8333333333333334 0.5351851851851852 0.8338541666666667 0.575 0.8411458333333334 0.575925925925926 0.8453125 0.5462962962962963 0.8442708333333333 0.5370370370370371