5 0.6645833333333333 0.6342592592592593 0.6671875 0.6111111111111112 0.6661458333333333 0.5981481481481481 0.6614583333333334 0.5879629629629629 0.6567708333333333 0.5916666666666667 0.6552083333333333 0.6027777777777777 0.6541666666666667 0.6342592592592593 0.6572916666666667 0.6398148148148148 0.6619791666666667 0.6388888888888888 0.6645833333333333 0.6342592592592593
4 0.08697916666666666 0.6935185185185185 0.08333333333333333 0.6833333333333333 0.08333333333333333 0.6731481481481482 0.08854166666666667 0.65 0.08489583333333334 0.6472222222222223 0.07760416666666667 0.649074074074074 0.07395833333333333 0.6537037037037037 0.071875 0.6648148148148149 0.07447916666666667 0.6962962962962963 0.07864583333333333 0.7 0.0859375 0.6981481481481482 0.08697916666666666 0.6935185185185185
4 0.840625 0.6851851851851852 0.8432291666666667 0.6814814814814815 0.8432291666666667 0.6722222222222223 0.8473958333333333 0.6564814814814814 0.8442708333333333 0.637962962962963 0.8401041666666667 0.6268518518518519 0.8369791666666667 0.6259259259259259 0.8338541666666667 0.6342592592592593 0.8302083333333333 0.6509259259259259 0.834375 0.6712962962962963 0.8333333333333334 0.6814814814814815 0.840625 0.6851851851851852
4 0.90625 0.6462962962962963 0.9052083333333333 0.6203703703703703 0.9067708333333333 0.6074074074074074 0.9041666666666667 0.5953703703703703 0.8994791666666667 0.5953703703703703 0.8963541666666667 0.6129629629629629 0.8958333333333334 0.6462962962962963 0.8984375 0.65 0.9046875 0.65 0.90625 0.6462962962962963
5 0.4609375 0.5648148148148148 0.45989583333333334 0.5564814814814815 0.4510416666666667 0.5537037037037037 0.44635416666666666 0.5685185185185185 0.446875 0.6064814814814815 0.4583333333333333 0.6046296296296296 0.4583333333333333 0.5805555555555556 0.4609375 0.5648148148148148
4 0.61875 0.575925925925926 0.6130208333333333 0.562962962962963 0.609375 0.5638888888888889 0.60625 0.5731481481481482 0.6057291666666667 0.6129629629629629 0.6151041666666667 0.6166666666666667 0.6197916666666666 0.5833333333333334 0.61875 0.575925925925926
2 0.49322916666666666 0.5481481481481482 0.48854166666666665 0.562962962962963 0.48854166666666665 0.5842592592592593 0.49375 0.5972222222222222 0.49895833333333334 0.5592592592592592 0.49322916666666666 0.5481481481481482
5 0.5994791666666667 0.6018518518518519 0.5916666666666667 0.6027777777777777 0.5901041666666667 0.6074074074074074 0.5911458333333334 0.6435185185185185 0.5979166666666667 0.6453703703703704 0.6052083333333333 0.6074074074074074 0.5994791666666667 0.6018518518518519
3 0.5458333333333333 0.6296296296296297 0.5442708333333334 0.6175925925925926 0.5489583333333333 0.5953703703703703 0.5489583333333333 0.5833333333333334 0.546875 0.5777777777777777 0.5432291666666667 0.575925925925926 0.5416666666666666 0.5787037037037037 0.5369791666666667 0.5990740740740741 0.5375 0.6305555555555555 0.540625 0.6333333333333333 0.5458333333333333 0.6296296296296297
5 0.503125 0.5657407407407408 0.496875 0.5564814814814815 0.49322916666666666 0.5601851851851852 0.49375 0.5657407407407408 0.490625 0.5675925925925925 0.490625 0.5990740740740741 0.49375 0.6074074074074074 0.5015625 0.6101851851851852 0.503125 0.5657407407407408
4 0.6963541666666667 0.6240740740740741 0.6973958333333333 0.65 0.7072916666666667 0.6462962962962963 0.7052083333333333 0.6268518518518519 0.7088541666666667 0.6064814814814815 0.7005208333333334 0.5953703703703703 0.6953125 0.6083333333333333 0.6916666666666667 0.6111111111111112 0.6947916666666667 0.6148148148148148 0.6963541666666667 0.6240740740740741
4 0.5979166666666667 0.6074074074074074 0.5984375 0.5740740740740741 0.5963541666666666 0.5675925925925925 0.5916666666666667 0.5648148148148148 0.5869791666666667 0.5777777777777777 0.5869791666666667 0.6037037037037037 0.5895833333333333 0.612037037037037 0.5927083333333333 0.6129629629629629 0.5979166666666667 0.6074074074074074
4 0.7869791666666667 0.5879629629629629 0.7869791666666667 0.5740740740740741 0.7833333333333333 0.5638888888888889 0.7791666666666667 0.5675925925925925 0.7776041666666667 0.5787037037037037 0.7776041666666667 0.6111111111111112 0.78125 0.6129629629629629 0.7848958333333333 0.6083333333333333 0.7869791666666667 0.5879629629629629
5 0.7255208333333333 0.5768518518518518 0.7286458333333333 0.575925925925926 0.7213541666666666 0.5601851851851852 0.7166666666666667 0.5657407407407408 0.7151041666666667 0.5731481481481482 0.7151041666666667 0.6027777777777777 0.7203125 0.6101851851851852 0.7234375 0.6064814814814815 0.7255208333333333 0.5768518518518518
0 0.08333333333333333 0.6907407407407408 0.084375 0.700925925925926 0.09010416666666667 0.6990740740740741 0.0890625 0.6916666666666667 0.08333333333333333 0.6907407407407408
5 0.6661458333333333 0.6055555555555555 0.6682291666666667 0.5972222222222222 0.6677083333333333 0.5666666666666667 0.6640625 0.5666666666666667 0.6583333333333333 0.5879629629629629 0.6578125 0.5916666666666667 0.6619791666666667 0.5962962962962963 0.6625 0.6027777777777777 0.6661458333333333 0.6055555555555555
5 0.5880208333333333 0.5990740740740741 0.5875 0.5648148148148148 0.5838541666666667 0.5638888888888889 0.58125 0.5731481481481482 0.5817708333333333 0.6111111111111112 0.584375 0.6166666666666667 0.5869791666666667 0.612037037037037 0.5880208333333333 0.5990740740740741
5 0.6078125 0.5685185185185185 0.6026041666666667 0.562962962962963 0.5984375 0.5722222222222222 0.5989583333333334 0.6027777777777777 0.6041666666666666 0.6092592592592593 0.6083333333333333 0.5972222222222222 0.6078125 0.5685185185185185
4 0.690625 0.6111111111111112 0.690625 0.5740740740740741 0.6895833333333333 0.5685185185185185 0.6854166666666667 0.5638888888888889 0.6833333333333333 0.5685185185185185 0.684375 0.6037037037037037 0.6828125 0.6111111111111112 0.6859375 0.6166666666666667 0.690625 0.6111111111111112
3 0.6776041666666667 0.5027777777777778 0.6729166666666667 0.5092592592592593 0.6729166666666667 0.5370370370370371 0.68125 0.5370370370370371 0.6817708333333333 0.5092592592592593 0.6776041666666667 0.5027777777777778