4 0.9270833333333334 0.6398148148148148 0.9234375 0.6287037037037037 0.9197916666666667 0.6305555555555555 0.91875 0.6435185185185185 0.9140625 0.6537037037037037 0.915625 0.6685185185185185 0.9119791666666667 0.6851851851851852 0.928125 0.6861111111111111 0.9270833333333334 0.6398148148148148
4 0.496875 0.6814814814814815 0.5052083333333334 0.6787037037037037 0.5067708333333333 0.6518518518518519 0.5015625 0.6222222222222222 0.4979166666666667 0.6203703703703703 0.4921875 0.6361111111111111 0.49166666666666664 0.6518518518518519 0.4947916666666667 0.6583333333333333 0.4947916666666667 0.674074074074074 0.496875 0.6814814814814815
5 0.7338541666666667 0.7148148148148148 0.7359375 0.7129629629629629 0.7390625 0.6888888888888889 0.7385416666666667 0.6574074074074074 0.7364583333333333 0.6546296296296297 0.7322916666666667 0.6574074074074074 0.7302083333333333 0.6685185185185185 0.7291666666666666 0.6972222222222222 0.7255208333333333 0.7083333333333334 0.7286458333333333 0.7148148148148148 0.7338541666666667 0.7148148148148148
5 0.4359375 0.6851851851851852 0.4390625 0.6805555555555556 0.440625 0.6648148148148149 0.4390625 0.625 0.4354166666666667 0.6259259259259259 0.43333333333333335 0.637962962962963 0.43385416666666665 0.6611111111111111 0.43125 0.675 0.4317708333333333 0.6805555555555556 0.4359375 0.6851851851851852
5 0.7859375 0.6731481481481482 0.7848958333333333 0.6601851851851852 0.7869791666666667 0.6342592592592593 0.7838541666666666 0.6240740740740741 0.7796875 0.6296296296296297 0.7776041666666667 0.6592592592592592 0.7786458333333334 0.675 0.784375 0.6768518518518518 0.7859375 0.6731481481481482
5 0.3619791666666667 0.5944444444444444 0.3619791666666667 0.5796296296296296 0.35989583333333336 0.5722222222222222 0.3572916666666667 0.5685185185185185 0.3546875 0.5768518518518518 0.3515625 0.6111111111111112 0.353125 0.6175925925925926 0.35833333333333334 0.6148148148148148 0.3619791666666667 0.5944444444444444
4 0.8307291666666666 0.6240740740740741 0.8317708333333333 0.6027777777777777 0.8302083333333333 0.5981481481481481 0.8260416666666667 0.5972222222222222 0.8182291666666667 0.6055555555555555 0.8177083333333334 0.65 0.8239583333333333 0.6518518518518519 0.8322916666666667 0.6342592592592593 0.8307291666666666 0.6240740740740741
2 0.39947916666666666 0.5842592592592593 0.396875 0.5777777777777777 0.39166666666666666 0.5879629629629629 0.390625 0.5981481481481481 0.38958333333333334 0.6287037037037037 0.3927083333333333 0.6305555555555555 0.4005208333333333 0.6268518518518519 0.39947916666666666 0.5842592592592593
3 0.5635416666666667 0.5712962962962963 0.5661458333333333 0.5481481481481482 0.5609375 0.5333333333333333 0.5619791666666667 0.5287037037037037 0.5588541666666667 0.5287037037037037 0.5552083333333333 0.5453703703703704 0.5578125 0.5722222222222222 0.5609375 0.5768518518518518 0.5635416666666667 0.5712962962962963
4 0.6203125 0.6481481481481481 0.621875 0.6444444444444445 0.6213541666666667 0.625 0.6244791666666667 0.6148148148148148 0.6192708333333333 0.5972222222222222 0.615625 0.6018518518518519 0.6130208333333333 0.6212962962962963 0.6145833333333334 0.6425925925925926 0.6151041666666667 0.6462962962962963 0.6203125 0.6481481481481481
5 0.83125 0.6259259259259259 0.8328125 0.5990740740740741 0.8302083333333333 0.5935185185185186 0.825 0.5990740740740741 0.825 0.6342592592592593 0.8296875 0.637962962962963 0.8328125 0.6342592592592593 0.83125 0.6259259259259259
3 0.6677083333333333 0.6314814814814815 0.6640625 0.6222222222222222 0.659375 0.6231481481481481 0.6557291666666667 0.6416666666666667 0.6552083333333333 0.6787037037037037 0.6640625 0.6814814814814815 0.6682291666666667 0.6425925925925926 0.6677083333333333 0.6314814814814815
4 0.7635416666666667 0.7546296296296297 0.7682291666666666 0.7518518518518519 0.7708333333333334 0.7435185185185185 0.7739583333333333 0.7074074074074074 0.7671875 0.687037037037037 0.7635416666666667 0.687962962962963 0.7588541666666667 0.6981481481481482 0.75625 0.7129629629629629 0.7557291666666667 0.7203703703703703 0.7588541666666667 0.7277777777777777 0.759375 0.7518518518518519 0.7635416666666667 0.7546296296296297
5 0.5208333333333334 0.8194444444444444 0.5291666666666667 0.7824074074074074 0.528125 0.7555555555555555 0.525 0.7435185185185185 0.5208333333333334 0.7435185185185185 0.5125 0.7731481481481481 0.5145833333333333 0.7898148148148149 0.5140625 0.8138888888888889 0.5177083333333333 0.8222222222222222 0.5208333333333334 0.8194444444444444
0 0.4078125 0.6175925925925926 0.4036458333333333 0.6175925925925926 0.4015625 0.6231481481481481 0.4010416666666667 0.6268518518518519 0.40572916666666664 0.6277777777777778 0.40989583333333335 0.6222222222222222 0.4078125 0.6175925925925926