4 0.5994791666666667 0.7425925925925926 0.6 0.6972222222222222 0.5973958333333333 0.6851851851851852 0.59375 0.6824074074074075 0.5890625 0.6953703703703704 0.5838541666666667 0.6962962962962963 0.590625 0.7046296296296296 0.5895833333333333 0.725925925925926 0.5864583333333333 0.7388888888888889 0.5994791666666667 0.7425925925925926
4 0.38125 0.6231481481481481 0.3765625 0.6138888888888889 0.3697916666666667 0.6185185185185185 0.3723958333333333 0.6657407407407407 0.3770833333333333 0.6685185185185185 0.3796875 0.6611111111111111 0.38125 0.6231481481481481
4 0.303125 0.6833333333333333 0.30572916666666666 0.6731481481481482 0.3046875 0.6657407407407407 0.3072916666666667 0.6611111111111111 0.2989583333333333 0.6537037037037037 0.2942708333333333 0.6583333333333333 0.29375 0.7046296296296296 0.2984375 0.7074074074074074 0.303125 0.7037037037037037 0.303125 0.6833333333333333
4 0.29635416666666664 0.6537037037037037 0.2942708333333333 0.6435185185185185 0.29583333333333334 0.6185185185185185 0.290625 0.6092592592592593 0.2859375 0.6203703703703703 0.2864583333333333 0.6518518518518519 0.28802083333333334 0.6555555555555556 0.2947916666666667 0.6564814814814814 0.29635416666666664 0.6537037037037037
5 0.2869791666666667 0.6638888888888889 0.29322916666666665 0.6574074074074074 0.2942708333333333 0.65 0.2916666666666667 0.637962962962963 0.2838541666666667 0.6296296296296297 0.2796875 0.6342592592592593 0.2786458333333333 0.6425925925925926 0.27708333333333335 0.6787037037037037 0.2791666666666667 0.6805555555555556 0.2859375 0.6768518518518518 0.2869791666666667 0.6638888888888889
4 0.6953125 0.6833333333333333 0.6932291666666667 0.674074074074074 0.6895833333333333 0.6694444444444444 0.6859375 0.6768518518518518 0.6859375 0.7277777777777777 0.690625 0.7305555555555555 0.69375 0.7240740740740741 0.6953125 0.6833333333333333
5 0.19947916666666668 0.625 0.1953125 0.6222222222222222 0.19114583333333332 0.6342592592592593 0.190625 0.6731481481481482 0.19375 0.675 0.19947916666666668 0.6675925925925926 0.19947916666666668 0.625
5 0.1890625 0.6287037037037037 0.18125 0.6222222222222222 0.17708333333333334 0.6305555555555555 0.17760416666666667 0.6768518518518518 0.184375 0.6768518518518518 0.18854166666666666 0.6703703703703704 0.1890625 0.6287037037037037
4 0.6776041666666667 0.687037037037037 0.6791666666666667 0.6509259259259259 0.6770833333333334 0.637962962962963 0.6729166666666667 0.6361111111111111 0.6713541666666667 0.6398148148148148 0.6703125 0.6694444444444444 0.6677083333333333 0.6851851851851852 0.6755208333333333 0.6888888888888889 0.6776041666666667 0.687037037037037
4 0.4239583333333333 0.6861111111111111 0.4276041666666667 0.6898148148148148 0.43125 0.6620370370370371 0.43020833333333336 0.6416666666666667 0.4276041666666667 0.6342592592592593 0.425 0.6342592592592593 0.4197916666666667 0.6425925925925926 0.4192708333333333 0.6472222222222223 0.421875 0.6537037037037037 0.4203125 0.6657407407407407 0.4239583333333333 0.6861111111111111
3 0.13385416666666666 0.6472222222222223 0.13177083333333334 0.6212962962962963 0.13072916666666667 0.6166666666666667 0.125 0.6166666666666667 0.12239583333333333 0.6222222222222222 0.12239583333333333 0.6712962962962963 0.13020833333333334 0.6731481481481482 0.13333333333333333 0.6611111111111111 0.13385416666666666 0.6472222222222223
4 0.20052083333333334 0.6657407407407407 0.19947916666666668 0.6518518518518519 0.2015625 0.6277777777777778 0.196875 0.6185185185185185 0.19270833333333334 0.6296296296296297 0.1921875 0.6731481481481482 0.19427083333333334 0.674074074074074 0.19739583333333333 0.6731481481481482 0.20052083333333334 0.6657407407407407
4 0.3729166666666667 0.7555555555555555 0.375 0.7064814814814815 0.36822916666666666 0.6935185185185185 0.3614583333333333 0.7111111111111111 0.3640625 0.7601851851851852 0.3651041666666667 0.7648148148148148 0.36875 0.7638888888888888 0.3729166666666667 0.7555555555555555
3 0.38645833333333335 0.5583333333333333 0.3828125 0.5638888888888889 0.384375 0.5944444444444444 0.3885416666666667 0.5944444444444444 0.39166666666666666 0.562037037037037 0.38645833333333335 0.5583333333333333
5 0.16458333333333333 0.6620370370370371 0.1609375 0.6518518518518519 0.16041666666666668 0.637962962962963 0.15416666666666667 0.6240740740740741 0.15104166666666666 0.637962962962963 0.15104166666666666 0.674074074074074 0.153125 0.6796296296296296 0.1578125 0.6805555555555556 0.16458333333333333 0.6620370370370371