4 0.8833333333333333 0.6962962962962963 0.8833333333333333 0.7111111111111111 0.88125 0.7166666666666667 0.8822916666666667 0.7203703703703703 0.8901041666666667 0.7240740740740741 0.8932291666666666 0.7212962962962963 0.8921875 0.7055555555555556 0.8947916666666667 0.6944444444444444 0.8947916666666667 0.6777777777777778 0.8890625 0.6648148148148149 0.884375 0.6675925925925926 0.8802083333333334 0.6888888888888889 0.8833333333333333 0.6962962962962963
4 0.7083333333333334 0.7472222222222222 0.7098958333333333 0.7435185185185185 0.7083333333333334 0.725 0.7098958333333333 0.6990740740740741 0.7046875 0.687037037037037 0.7 0.687962962962963 0.6963541666666667 0.7185185185185186 0.6958333333333333 0.7435185185185185 0.7083333333333334 0.7472222222222222
4 0.40729166666666666 0.7546296296296297 0.4078125 0.7712962962962963 0.41302083333333334 0.7731481481481481 0.4171875 0.7675925925925926 0.4161458333333333 0.7555555555555555 0.4197916666666667 0.7212962962962963 0.4140625 0.7074074074074074 0.4114583333333333 0.7055555555555556 0.40989583333333335 0.7083333333333334 0.40260416666666665 0.7398148148148148 0.40729166666666666 0.7546296296296297
5 0.7921875 0.6944444444444444 0.7927083333333333 0.6537037037037037 0.790625 0.6453703703703704 0.7869791666666667 0.6416666666666667 0.7817708333333333 0.6722222222222223 0.78125 0.6935185185185185 0.7921875 0.6944444444444444
4 0.7552083333333334 0.6537037037037037 0.7526041666666666 0.6425925925925926 0.7520833333333333 0.6148148148148148 0.7479166666666667 0.6092592592592593 0.74375 0.6268518518518519 0.7427083333333333 0.6518518518518519 0.7552083333333334 0.6537037037037037
4 0.5135416666666667 0.6055555555555555 0.5145833333333333 0.5990740740740741 0.5119791666666667 0.5722222222222222 0.5098958333333333 0.5666666666666667 0.5052083333333334 0.5648148148148148 0.5052083333333334 0.6027777777777777 0.5135416666666667 0.6055555555555555
5 0.240625 0.6888888888888889 0.2453125 0.700925925925926 0.2515625 0.7018518518518518 0.24791666666666667 0.6611111111111111 0.24375 0.6518518518518519 0.24010416666666667 0.6527777777777778 0.23802083333333332 0.6611111111111111 0.2375 0.675 0.240625 0.6888888888888889
2 0.10885416666666667 0.6472222222222223 0.1140625 0.6416666666666667 0.11927083333333334 0.6268518518518519 0.11927083333333334 0.6046296296296296 0.11458333333333333 0.6 0.10677083333333333 0.6064814814814815 0.10625 0.6435185185185185 0.10885416666666667 0.6472222222222223
5 0.44166666666666665 0.6731481481481482 0.44114583333333335 0.6833333333333333 0.4588541666666667 0.6768518518518518 0.45364583333333336 0.6611111111111111 0.45677083333333335 0.6453703703703704 0.45208333333333334 0.6342592592592593 0.44947916666666665 0.6324074074074074 0.4421875 0.6388888888888888 0.440625 0.6444444444444445 0.43802083333333336 0.6648148148148149 0.44166666666666665 0.6731481481481482
3 0.46041666666666664 0.5842592592592593 0.46510416666666665 0.5833333333333334 0.46510416666666665 0.5601851851851852 0.46041666666666664 0.5546296296296296 0.45625 0.5601851851851852 0.4557291666666667 0.5796296296296296 0.46041666666666664 0.5842592592592593
4 0.4239583333333333 0.6972222222222222 0.4276041666666667 0.6990740740740741 0.4354166666666667 0.6833333333333333 0.434375 0.675 0.43802083333333336 0.6583333333333333 0.4322916666666667 0.6453703703703704 0.43020833333333336 0.6453703703703704 0.42552083333333335 0.6601851851851852 0.42604166666666665 0.6824074074074075 0.4239583333333333 0.6972222222222222
3 0.9192708333333334 0.9194444444444444 0.9239583333333333 0.9092592592592592 0.9317708333333333 0.9259259259259259 0.9390625 0.8666666666666667 0.9307291666666667 0.8435185185185186 0.9270833333333334 0.8425925925925926 0.9197916666666667 0.8611111111111112 0.915625 0.9046296296296297 0.915625 0.9203703703703704 0.9192708333333334 0.9194444444444444
4 0.12083333333333333 0.7611111111111111 0.12135416666666667 0.7787037037037037 0.12239583333333333 0.7833333333333333 0.1265625 0.7842592592592592 0.134375 0.7472222222222222 0.13385416666666666 0.7324074074074074 0.1265625 0.7166666666666667 0.12239583333333333 0.7212962962962963 0.11770833333333333 0.7351851851851852 0.11666666666666667 0.7518518518518519 0.12083333333333333 0.7611111111111111
5 0.490625 0.6435185185185185 0.4942708333333333 0.6462962962962963 0.5015625 0.6444444444444445 0.5026041666666666 0.6416666666666667 0.4973958333333333 0.6314814814814815 0.496875 0.6074074074074074 0.4947916666666667 0.6046296296296296 0.4921875 0.6074074074074074 0.4901041666666667 0.6185185185185185 0.490625 0.6435185185185185
5 0.5369791666666667 0.75 0.5401041666666667 0.7194444444444444 0.5385416666666667 0.700925925925926 0.5333333333333333 0.6898148148148148 0.5291666666666667 0.6925925925925925 0.528125 0.7 0.5286458333333334 0.7481481481481481 0.5369791666666667 0.75
5 0.3026041666666667 0.6638888888888889 0.30625 0.6638888888888889 0.31197916666666664 0.6722222222222223 0.31614583333333335 0.6731481481481482 0.31302083333333336 0.6537037037037037 0.31354166666666666 0.6388888888888888 0.3072916666666667 0.6287037037037037 0.30520833333333336 0.6296296296296297 0.303125 0.6388888888888888 0.30520833333333336 0.6509259259259259 0.3026041666666667 0.6638888888888889
4 0.3296875 0.6361111111111111 0.3375 0.6481481481481481 0.34375 0.6453703703703704 0.34479166666666666 0.6361111111111111 0.34010416666666665 0.6222222222222222 0.334375 0.6157407407407407 0.33177083333333335 0.6185185185185185 0.328125 0.6268518518518519 0.3296875 0.6361111111111111
5 0.3229166666666667 0.6462962962962963 0.32916666666666666 0.6694444444444444 0.33125 0.6694444444444444 0.3338541666666667 0.6666666666666666 0.3380208333333333 0.6407407407407407 0.33489583333333334 0.6314814814814815 0.3260416666666667 0.6222222222222222 0.3223958333333333 0.6222222222222222 0.3229166666666667 0.6462962962962963
3 0.4401041666666667 0.6722222222222223 0.43802083333333336 0.6888888888888889 0.4390625 0.6925925925925925 0.4510416666666667 0.6962962962962963 0.4510416666666667 0.65 0.4484375 0.637962962962963 0.44114583333333335 0.6407407407407407 0.43802083333333336 0.6574074074074074 0.4401041666666667 0.6722222222222223
5 0.3536458333333333 0.6768518518518518 0.359375 0.6537037037037037 0.3572916666666667 0.6305555555555555 0.3536458333333333 0.6231481481481481 0.3494791666666667 0.6287037037037037 0.346875 0.6425925925925926 0.34791666666666665 0.674074074074074 0.3536458333333333 0.6768518518518518
4 0.36041666666666666 0.6814814814814815 0.3609375 0.7 0.3645833333333333 0.7046296296296296 0.36875 0.7037037037037037 0.37135416666666665 0.6972222222222222 0.3703125 0.662962962962963 0.365625 0.6546296296296297 0.3578125 0.6592592592592592 0.35625 0.6694444444444444 0.36041666666666666 0.6814814814814815
3 0.8458333333333333 0.6092592592592593 0.8484375 0.6064814814814815 0.8515625 0.5833333333333334 0.8458333333333333 0.5592592592592592 0.8432291666666667 0.5601851851851852 0.8421875 0.5675925925925925 0.8416666666666667 0.6074074074074074 0.8458333333333333 0.6092592592592593