5 0.5427083333333333 0.5972222222222222 0.5375 0.5953703703703703 0.5338541666666666 0.6074074074074074 0.5322916666666667 0.6462962962962963 0.5453125 0.6444444444444445 0.5427083333333333 0.6240740740740741 0.5427083333333333 0.5972222222222222
5 0.6182291666666667 0.5990740740740741 0.6114583333333333 0.5916666666666667 0.6067708333333334 0.5916666666666667 0.603125 0.600925925925926 0.603125 0.6416666666666667 0.6192708333333333 0.6444444444444445 0.6171875 0.6157407407407407 0.6182291666666667 0.5990740740740741
4 0.66875 0.65 0.665625 0.6064814814814815 0.6625 0.5990740740740741 0.6541666666666667 0.5935185185185186 0.65 0.5944444444444444 0.6463541666666667 0.6166666666666667 0.6442708333333333 0.6425925925925926 0.6463541666666667 0.649074074074074 0.6572916666666667 0.6537037037037037 0.66875 0.65
4 0.7354166666666667 0.6231481481481481 0.7390625 0.6268518518518519 0.74375 0.625 0.7484375 0.5916666666666667 0.74375 0.5833333333333334 0.7395833333333334 0.5814814814814815 0.734375 0.5935185185185186 0.7348958333333333 0.6037037037037037 0.7322916666666667 0.6111111111111112 0.7348958333333333 0.6148148148148148 0.7354166666666667 0.6231481481481481
5 0.7078125 0.6768518518518518 0.7083333333333334 0.6398148148148148 0.7036458333333333 0.6259259259259259 0.7005208333333334 0.625 0.6984375 0.6314814814814815 0.6984375 0.6731481481481482 0.7010416666666667 0.6805555555555556 0.7052083333333333 0.6805555555555556 0.7078125 0.6768518518518518
5 0.4588541666666667 0.6824074074074075 0.4630208333333333 0.6388888888888888 0.4546875 0.6361111111111111 0.4510416666666667 0.6472222222222223 0.4484375 0.6703703703703704 0.45 0.6851851851851852 0.45208333333333334 0.6861111111111111 0.4588541666666667 0.6824074074074075
4 0.6234375 0.7287037037037037 0.6260416666666667 0.7185185185185186 0.63125 0.7203703703703703 0.6333333333333333 0.7287037037037037 0.6380208333333334 0.7287037037037037 0.6317708333333333 0.6657407407407407 0.6276041666666666 0.6657407407407407 0.6234375 0.6768518518518518 0.621875 0.7092592592592593 0.6182291666666667 0.7203703703703703 0.6182291666666667 0.7277777777777777 0.6234375 0.7287037037037037
4 0.5703125 0.5990740740740741 0.565625 0.5981481481481481 0.5604166666666667 0.6055555555555555 0.5604166666666667 0.6305555555555555 0.5703125 0.6277777777777778 0.5729166666666666 0.6129629629629629 0.5703125 0.5990740740740741
3 0.5484375 0.7212962962962963 0.5536458333333333 0.7175925925925926 0.5541666666666667 0.6953703703703704 0.5578125 0.6731481481481482 0.55625 0.6592592592592592 0.5489583333333333 0.6481481481481481 0.5385416666666667 0.6509259259259259 0.5338541666666666 0.6462962962962963 0.5322916666666667 0.6481481481481481 0.5317708333333333 0.6574074074074074 0.5432291666666667 0.6685185185185185 0.5442708333333334 0.7194444444444444 0.5484375 0.7212962962962963
5 0.4 0.6694444444444444 0.40729166666666666 0.6694444444444444 0.41041666666666665 0.6398148148148148 0.409375 0.6185185185185185 0.4041666666666667 0.6148148148148148 0.4005208333333333 0.6259259259259259 0.39947916666666666 0.6425925925925926 0.40208333333333335 0.649074074074074 0.40208333333333335 0.6574074074074074 0.4 0.6694444444444444
0 0.057291666666666664 0.7398148148148148 0.05260416666666667 0.7305555555555555 0.046875 0.7351851851851852 0.04375 0.7435185185185185 0.046875 0.7472222222222222 0.05364583333333333 0.7481481481481481 0.057291666666666664 0.7398148148148148
5 0.4640625 0.6425925925925926 0.46510416666666665 0.6101851851851852 0.459375 0.5962962962962963 0.453125 0.6055555555555555 0.4510416666666667 0.6425925925925926 0.4510416666666667 0.6694444444444444 0.4552083333333333 0.6703703703703704 0.45989583333333334 0.6620370370370371 0.4640625 0.6425925925925926
5 0.4786458333333333 0.6509259259259259 0.4791666666666667 0.6037037037037037 0.4744791666666667 0.5944444444444444 0.4703125 0.5990740740740741 0.46822916666666664 0.6101851851851852 0.46927083333333336 0.65 0.4703125 0.6527777777777778 0.4786458333333333 0.6509259259259259
4 0.5760416666666667 0.6527777777777778 0.5786458333333333 0.6351851851851852 0.5776041666666667 0.6296296296296297 0.571875 0.625 0.5671875 0.6287037037037037 0.5677083333333334 0.6814814814814815 0.5723958333333333 0.6833333333333333 0.5760416666666667 0.6787037037037037 0.5760416666666667 0.6527777777777778
4 0.19427083333333334 0.6814814814814815 0.19479166666666667 0.6907407407407408 0.2 0.7055555555555556 0.20520833333333333 0.7018518518518518 0.20729166666666668 0.7083333333333334 0.2109375 0.7083333333333334 0.21197916666666666 0.6981481481481482 0.20104166666666667 0.6416666666666667 0.1953125 0.6305555555555555 0.19166666666666668 0.6305555555555555 0.18802083333333333 0.637962962962963 0.1890625 0.6537037037037037 0.1953125 0.6601851851851852 0.196875 0.6731481481481482 0.19427083333333334 0.6814814814814815
3 0.6854166666666667 0.5694444444444444 0.6901041666666666 0.5703703703703704 0.6921875 0.5675925925925925 0.6932291666666667 0.5398148148148149 0.6890625 0.5305555555555556 0.6854166666666667 0.5287037037037037 0.6817708333333333 0.549074074074074 0.6770833333333334 0.5518518518518518 0.6828125 0.5564814814814815 0.6854166666666667 0.5694444444444444
4 0.7359375 0.6416666666666667 0.7401041666666667 0.6268518518518519 0.7359375 0.6037037037037037 0.7296875 0.6101851851851852 0.728125 0.6342592592592593 0.7276041666666667 0.6583333333333333 0.7322916666666667 0.6675925925925926 0.7359375 0.6564814814814814 0.7359375 0.6416666666666667
5 0.5864583333333333 0.6425925925925926 0.5875 0.6092592592592593 0.5848958333333333 0.5972222222222222 0.5786458333333333 0.5953703703703703 0.5770833333333333 0.5990740740740741 0.5765625 0.6388888888888888 0.5796875 0.6462962962962963 0.5833333333333334 0.6472222222222223 0.5864583333333333 0.6425925925925926