5 0.5697916666666667 0.6537037037037037 0.5744791666666667 0.6537037037037037 0.5739583333333333 0.6453703703703704 0.578125 0.6314814814814815 0.5807291666666666 0.6296296296296297 0.5807291666666666 0.6231481481481481 0.5770833333333333 0.6185185185185185 0.5760416666666667 0.6092592592592593 0.571875 0.6092592592592593 0.5677083333333334 0.6157407407407407 0.5640625 0.6240740740740741 0.5619791666666667 0.6388888888888888 0.55625 0.6453703703703704 0.5567708333333333 0.6527777777777778 0.5666666666666667 0.6435185185185185 0.5697916666666667 0.6453703703703704 0.5697916666666667 0.6537037037037037
4 0.38125 0.6361111111111111 0.37916666666666665 0.5944444444444444 0.3765625 0.5898148148148148 0.3729166666666667 0.5898148148148148 0.3697916666666667 0.6064814814814815 0.3703125 0.6416666666666667 0.371875 0.6444444444444445 0.378125 0.6435185185185185 0.38125 0.6361111111111111
4 0.7265625 0.6833333333333333 0.73125 0.6907407407407408 0.7354166666666667 0.6888888888888889 0.74375 0.6944444444444444 0.74375 0.6851851851851852 0.7411458333333333 0.6796296296296296 0.7385416666666667 0.6537037037037037 0.7359375 0.6462962962962963 0.7317708333333334 0.6416666666666667 0.7265625 0.65 0.7229166666666667 0.6574074074074074 0.7265625 0.6685185185185185 0.725 0.6731481481481482 0.7265625 0.6833333333333333
5 0.9145833333333333 0.6824074074074075 0.9130208333333333 0.6370370370370371 0.9088541666666666 0.6231481481481481 0.9041666666666667 0.6231481481481481 0.9026041666666667 0.6277777777777778 0.9005208333333333 0.6537037037037037 0.9036458333333334 0.6814814814814815 0.9119791666666667 0.6851851851851852 0.9145833333333333 0.6824074074074075
5 0.6734375 0.7166666666666667 0.6755208333333333 0.7129629629629629 0.6770833333333334 0.6851851851851852 0.6744791666666666 0.6620370370370371 0.6697916666666667 0.6592592592592592 0.6651041666666667 0.6759259259259259 0.665625 0.6986111111111111 0.6635416666666667 0.7157407407407408 0.665625 0.7185185185185186 0.6734375 0.7166666666666667
5 0.3984375 0.5981481481481481 0.3963541666666667 0.5916666666666667 0.39114583333333336 0.5981481481481481 0.39010416666666664 0.6175925925925926 0.390625 0.65 0.3963541666666667 0.6509259259259259 0.39895833333333336 0.6231481481481481 0.3984375 0.5981481481481481
4 0.7953125 0.5824074074074074 0.7921875 0.575925925925926 0.7885416666666667 0.575925925925926 0.7833333333333333 0.5935185185185186 0.7854166666666667 0.6185185185185185 0.7984375 0.6324074074074074 0.8015625 0.6101851851851852 0.7953125 0.5824074074074074
5 0.7541666666666667 0.6166666666666667 0.7541666666666667 0.5842592592592593 0.75 0.575 0.7458333333333333 0.575925925925926 0.74375 0.5833333333333334 0.7458333333333333 0.6074074074074074 0.7479166666666667 0.6148148148148148 0.7526041666666666 0.6194444444444445 0.7541666666666667 0.6166666666666667
5 0.884375 0.6370370370370371 0.8880208333333334 0.6305555555555555 0.8885416666666667 0.6185185185185185 0.88125 0.6 0.8765625 0.6046296296296296 0.871875 0.6268518518518519 0.8776041666666666 0.6296296296296297 0.8807291666666667 0.6370370370370371 0.884375 0.6370370370370371
4 0.2786458333333333 0.7240740740740741 0.2833333333333333 0.725925925925926 0.28541666666666665 0.7231481481481481 0.2890625 0.7018518518518518 0.2869791666666667 0.6611111111111111 0.2828125 0.6601851851851852 0.27760416666666665 0.674074074074074 0.2765625 0.6851851851851852 0.2796875 0.7083333333333334 0.2765625 0.7185185185185186 0.2786458333333333 0.7240740740740741
4 0.584375 0.5935185185185186 0.5802083333333333 0.5944444444444444 0.575 0.6074074074074074 0.575 0.6277777777777778 0.5875 0.6342592592592593 0.5890625 0.612037037037037 0.584375 0.5935185185185186
4 0.9666666666666667 0.7685185185185185 0.9744791666666667 0.7712962962962963 0.9770833333333333 0.7675925925925926 0.9770833333333333 0.7555555555555555 0.9817708333333334 0.7398148148148148 0.9859375 0.7361111111111112 0.984375 0.712037037037037 0.9786458333333333 0.6935185185185185 0.9744791666666667 0.6916666666666667 0.9666666666666667 0.712037037037037 0.9666666666666667 0.7314814814814815 0.96875 0.7398148148148148 0.9645833333333333 0.762962962962963 0.9666666666666667 0.7685185185185185
4 0.6489583333333333 0.8111111111111111 0.6526041666666667 0.8217592592592593 0.653125 0.8351851851851851 0.6598958333333333 0.8361111111111111 0.6609375 0.8324074074074074 0.6583333333333333 0.8219138888888889 0.65625 0.7935185185185185 0.6578125 0.7685185185185185 0.6557291666666667 0.7564814814814815 0.6526041666666667 0.7564814814814815 0.6463541666666667 0.7675925925925926 0.6416666666666667 0.7898148148148149 0.6354166666666666 0.8342592592592593 0.6411458333333333 0.8361111111111111 0.6453125 0.8138888888888889 0.6489583333333333 0.8111111111111111
5 0.9994791666666667 0.6935185185185185 0.9973958333333334 0.6925925925925925 0.9916666666666667 0.6694444444444444 0.9895833333333334 0.6657407407407407 0.9859375 0.6675925925925926 0.9885416666666667 0.7185185185185186 0.9916666666666667 0.7314814814814815 0.9994791666666667 0.7305555555555555 0.9994791666666667 0.6935185185185185
4 0.86875 0.6842592592592592 0.8739583333333333 0.6851851851851852 0.8760416666666667 0.6777777777777778 0.8848958333333333 0.6824074074074075 0.8854166666666666 0.6731481481481482 0.8828125 0.662962962962963 0.8854166666666666 0.6537037037037037 0.8848958333333333 0.6287037037037037 0.8765625 0.6212962962962963 0.8713541666666667 0.6231481481481481 0.8708333333333333 0.6444444444444445 0.8666666666666667 0.6537037037037037 0.8697916666666666 0.6583333333333333 0.86875 0.6842592592592592
4 0.7109375 0.6314814814814815 0.7109375 0.6 0.7041666666666667 0.5861111111111111 0.7010416666666667 0.5861111111111111 0.6994791666666667 0.5907407407407408 0.6979166666666666 0.6074074074074074 0.7036458333333333 0.6333333333333333 0.7088541666666667 0.637962962962963 0.7109375 0.6314814814814815
4 0.6614583333333334 0.5888888888888889 0.6635416666666667 0.5796296296296296 0.6583333333333333 0.5518518518518518 0.6552083333333333 0.5481481481481482 0.6489583333333333 0.5518518518518518 0.6489583333333333 0.5638888888888889 0.6526041666666667 0.5768518518518518 0.653125 0.5879629629629629 0.6614583333333334 0.5888888888888889
0 0.6192708333333333 0.6425925925925926 0.6140625 0.6416666666666667 0.6114583333333333 0.6462962962962963 0.6130208333333333 0.65 0.6203125 0.649074074074074 0.6192708333333333 0.6425925925925926
3 0.6911458333333333 0.6425925925925926 0.6927083333333334 0.6472222222222223 0.696875 0.6453703703703704 0.6947916666666667 0.637962962962963 0.6963541666666667 0.6046296296296296 0.6895833333333333 0.5925925925925926 0.6854166666666667 0.6027777777777777 0.6869791666666667 0.6157407407407407 0.6838541666666667 0.6296296296296297 0.6833333333333333 0.6462962962962963 0.6859375 0.6472222222222223 0.6869791666666667 0.6425925925925926 0.6911458333333333 0.6425925925925926
3 0.3963541666666667 0.5935185185185186 0.39947916666666666 0.575 0.4 0.5537037037037037 0.3958333333333333 0.537962962962963 0.39114583333333336 0.55 0.39114583333333336 0.5685185185185185 0.39375 0.5879629629629629 0.3963541666666667 0.5935185185185186
5 0.6630208333333333 0.6027777777777777 0.6598958333333333 0.5907407407407408 0.6546875 0.5879629629629629 0.6526041666666667 0.5907407407407408 0.6526041666666667 0.637962962962963 0.6552083333333333 0.6398148148148148 0.6609375 0.6342592592592593 0.6630208333333333 0.6027777777777777
5 0.7942708333333334 0.6324074074074074 0.7994791666666666 0.6342592592592593 0.8015625 0.6101851851851852 0.7953125 0.5833333333333334 0.790625 0.5768518518518518 0.7854166666666667 0.5851851851851851 0.784375 0.6 0.7864583333333334 0.6203703703703703 0.7916666666666666 0.6212962962962963 0.7942708333333334 0.6324074074074074
5 0.6895833333333333 0.5953703703703703 0.6848958333333334 0.5833333333333334 0.6838541666666667 0.5657407407407408 0.6807291666666667 0.5611111111111111 0.6765625 0.5685185185185185 0.675 0.6 0.6770833333333334 0.6037037037037037 0.6854166666666667 0.6037037037037037 0.6895833333333333 0.5953703703703703
3 0.30833333333333335 0.5944444444444444 0.3046875 0.5601851851851852 0.3026041666666667 0.5564814814814815 0.2953125 0.5601851851851852 0.2984375 0.587037037037037 0.2947916666666667 0.5953703703703703 0.3067708333333333 0.5981481481481481 0.30833333333333335 0.5944444444444444