5 0.20833333333333334 0.7018518518518518 0.20677083333333332 0.712037037037037 0.21354166666666666 0.7148148148148148 0.21614583333333334 0.712037037037037 0.21770833333333334 0.6972222222222222 0.2171875 0.674074074074074 0.21354166666666666 0.6574074074074074 0.20833333333333334 0.6583333333333333 0.20625 0.674074074074074 0.20833333333333334 0.7018518518518518
4 0.09010416666666667 0.6712962962962963 0.09166666666666666 0.6759259259259259 0.103125 0.6777777777777778 0.10208333333333333 0.6435185185185185 0.11197916666666667 0.6342592592592593 0.09947916666666666 0.6185185185185185 0.09427083333333333 0.6296296296296297 0.09427083333333333 0.6527777777777778 0.09010416666666667 0.6712962962962963
5 0.4630208333333333 0.637962962962963 0.46979166666666666 0.6398148148148148 0.4744791666666667 0.6462962962962963 0.47708333333333336 0.6425925925925926 0.4765625 0.5990740740740741 0.475 0.5944444444444444 0.471875 0.5944444444444444 0.46979166666666666 0.5990740740740741 0.46979166666666666 0.6259259259259259 0.4630208333333333 0.637962962962963
4 0.14635416666666667 0.7296296296296296 0.153125 0.7129629629629629 0.15572916666666667 0.712037037037037 0.15885416666666666 0.7287037037037037 0.16302083333333334 0.7324074074074074 0.16510416666666666 0.7277777777777777 0.16041666666666668 0.6962962962962963 0.16041666666666668 0.6694444444444444 0.15729166666666666 0.6666666666666666 0.15416666666666667 0.6703703703703704 0.14270833333333333 0.7277777777777777 0.14635416666666667 0.7296296296296296
3 0.5286458333333334 0.6916666666666667 0.525 0.7129629629629629 0.5317708333333333 0.7138888888888889 0.5328125 0.7231481481481481 0.5364583333333334 0.7231481481481481 0.5395833333333333 0.6777777777777778 0.5302083333333333 0.6555555555555556 0.528125 0.6564814814814814 0.5244791666666667 0.6703703703703704 0.5244791666666667 0.6787037037037037 0.5286458333333334 0.6916666666666667
5 0.5916666666666667 0.6055555555555555 0.5875 0.612037037037037 0.596875 0.6111111111111112 0.5994791666666667 0.6194444444444445 0.6015625 0.6185185185185185 0.5994791666666667 0.5842592592592593 0.5958333333333333 0.575 0.5916666666666667 0.5796296296296296 0.5942708333333333 0.5944444444444444 0.5916666666666667 0.6055555555555555
4 0.7375 0.6722222222222223 0.7401041666666667 0.6768518518518518 0.7447916666666666 0.6722222222222223 0.7489583333333333 0.6574074074074074 0.7479166666666667 0.6231481481481481 0.7453125 0.6166666666666667 0.7411458333333333 0.6194444444444445 0.7390625 0.6342592592592593 0.7395833333333334 0.6564814814814814 0.7375 0.6722222222222223
5 0.7630208333333334 0.6805555555555556 0.7677083333333333 0.6824074074074075 0.7739583333333333 0.6472222222222223 0.771875 0.6268518518518519 0.7677083333333333 0.6268518518518519 0.7619791666666667 0.6407407407407407 0.7614583333333333 0.674074074074074 0.7630208333333334 0.6805555555555556
5 0.4197916666666667 0.6675925925925926 0.42239583333333336 0.6657407407407407 0.4239583333333333 0.6546296296296297 0.4234375 0.6212962962962963 0.4203125 0.612037037037037 0.41458333333333336 0.6203703703703703 0.41458333333333336 0.6620370370370371 0.4197916666666667 0.6675925925925926
5 0.6677083333333333 0.6768518518518518 0.6734375 0.6842592592592592 0.6791666666666667 0.6694444444444444 0.6765625 0.6351851851851852 0.6744791666666666 0.6314814814814815 0.6692708333333334 0.6398148148148148 0.6682291666666667 0.6509259259259259 0.6692708333333334 0.6712962962962963 0.6677083333333333 0.6768518518518518
3 0.5359375 0.5972222222222222 0.5385416666666667 0.5833333333333334 0.5427083333333333 0.5796296296296296 0.5411458333333333 0.562962962962963 0.5338541666666666 0.5537037037037037 0.5291666666666667 0.5611111111111111 0.5265625 0.5953703703703703 0.5359375 0.5972222222222222
4 0.6223958333333334 0.6074074074074074 0.6276041666666666 0.612037037037037 0.6296875 0.6037037037037037 0.6307291666666667 0.5703703703703704 0.6276041666666666 0.5666666666666667 0.6229166666666667 0.5675925925925925 0.6208333333333333 0.575 0.6223958333333334 0.6074074074074074
4 0.65625 0.6972222222222222 0.6552083333333333 0.7138888888888889 0.6588541666666666 0.7203703703703703 0.665625 0.7203703703703703 0.6661458333333333 0.6851851851851852 0.6635416666666667 0.674074074074074 0.6578125 0.6611111111111111 0.653125 0.6712962962962963 0.6526041666666667 0.6814814814814815 0.65625 0.6972222222222222
4 0.4234375 0.7388888888888889 0.415625 0.7444444444444445 0.4140625 0.7518518518518519 0.415625 0.7555555555555555 0.41822916666666665 0.7537037037037037 0.4270833333333333 0.7611111111111111 0.4270833333333333 0.7685185185185185 0.4322916666666667 0.7703703703703704 0.434375 0.7675925925925926 0.434375 0.7194444444444444 0.4317708333333333 0.6981481481481482 0.4270833333333333 0.6972222222222222 0.42604166666666665 0.7 0.4234375 0.7157407407407408 0.4234375 0.7388888888888889
5 0.16458333333333333 0.6592592592592592 0.171875 0.6453703703703704 0.16822916666666668 0.6101851851851852 0.16354166666666667 0.6101851851851852 0.1578125 0.6351851851851852 0.15729166666666666 0.6583333333333333 0.16458333333333333 0.6592592592592592
5 0.6463541666666667 0.7361111111111112 0.6442708333333333 0.75 0.6375 0.7648148148148148 0.6385416666666667 0.774074074074074 0.6473958333333333 0.762962962962963 0.6536458333333334 0.7666666666666667 0.6572916666666667 0.7527777777777778 0.6557291666666667 0.7379629629629629 0.6588541666666666 0.7166666666666667 0.6541666666666667 0.7101851851851851 0.65 0.7092592592592593 0.6458333333333334 0.7203703703703703 0.6447916666666667 0.7314814814814815 0.6463541666666667 0.7361111111111112
5 0.1828125 0.6620370370370371 0.18333333333333332 0.6805555555555556 0.1859375 0.6833333333333333 0.19322916666666667 0.649074074074074 0.18958333333333333 0.6268518518518519 0.18541666666666667 0.6203703703703703 0.1796875 0.6361111111111111 0.17864583333333334 0.6509259259259259 0.1828125 0.6620370370370371
4 0.021354166666666667 0.725 0.030208333333333334 0.7157407407407408 0.03177083333333333 0.7240740740740741 0.03697916666666667 0.725 0.035416666666666666 0.662962962962963 0.03177083333333333 0.6620370370370371 0.021354166666666667 0.6731481481481482 0.021875 0.6833333333333333 0.019270833333333334 0.6888888888888889 0.01875 0.7231481481481481 0.021354166666666667 0.725
3 0.20885416666666667 0.5916666666666667 0.21614583333333334 0.5935185185185186 0.21875 0.5638888888888889 0.21302083333333333 0.5546296296296296 0.20625 0.5574074074074075 0.20416666666666666 0.5611111111111111 0.20885416666666667 0.5916666666666667
4 0.021875 0.725925925925926 0.027604166666666666 0.7129629629629629 0.0328125 0.7092592592592593 0.0296875 0.7027777777777777 0.03177083333333333 0.6898148148148148 0.028125 0.6833333333333333 0.027604166666666666 0.6759259259259259 0.0296875 0.6694444444444444 0.025520833333333333 0.6537037037037037 0.020833333333333332 0.6546296296296297 0.016666666666666666 0.6657407407407407 0.0171875 0.7212962962962963 0.021875 0.725925925925926
4 0.3302083333333333 0.6129629629629629 0.33541666666666664 0.6129629629629629 0.3453125 0.6222222222222222 0.346875 0.6185185185185185 0.34375 0.5805555555555556 0.3416666666666667 0.575925925925926 0.3380208333333333 0.5805555555555556 0.334375 0.6055555555555555 0.3302083333333333 0.6129629629629629