4 0.2890625 0.6703703703703704 0.2911458333333333 0.674074074074074 0.30520833333333336 0.6731481481481482 0.303125 0.6222222222222222 0.29791666666666666 0.6222222222222222 0.29375 0.6305555555555555 0.2942708333333333 0.6546296296296297 0.2890625 0.6703703703703704
5 0.7427083333333333 0.7203703703703703 0.7427083333333333 0.7277777777777777 0.7557291666666667 0.7314814814814815 0.7546875 0.7074074074074074 0.7578125 0.6953703703703704 0.75625 0.6777777777777778 0.7505208333333333 0.6731481481481482 0.7447916666666666 0.6925925925925925 0.746875 0.7083333333333334 0.7427083333333333 0.7203703703703703
4 0.5682291666666667 0.6101851851851852 0.5734375 0.6111111111111112 0.5786458333333333 0.6194444444444445 0.5791666666666667 0.6342592592592593 0.5838541666666667 0.6342592592592593 0.5895833333333333 0.5990740740740741 0.5859375 0.5962962962962963 0.5869791666666667 0.5916666666666667 0.5833333333333334 0.5898148148148148 0.5723958333333333 0.5944444444444444 0.571875 0.5916666666666667 0.5630208333333333 0.5990740740740741 0.5682291666666667 0.6101851851851852
5 0.33697916666666666 0.6962962962962963 0.35 0.7 0.35208333333333336 0.6972222222222222 0.3546875 0.6731481481481482 0.3536458333333333 0.6537037037037037 0.3484375 0.6462962962962963 0.34322916666666664 0.6592592592592592 0.34427083333333336 0.6768518518518518 0.33697916666666666 0.6962962962962963
3 0.040625 0.6166666666666667 0.04895833333333333 0.6185185185185185 0.050520833333333334 0.6138888888888889 0.05677083333333333 0.6194444444444445 0.06875 0.6203703703703703 0.08854166666666667 0.6148148148148148 0.09583333333333334 0.6064814814814815 0.09635416666666667 0.5907407407407408 0.0953125 0.5824074074074074 0.08854166666666667 0.5824074074074074 0.08489583333333334 0.5768518518518518 0.0625 0.575 0.059375 0.5824074074074074 0.05416666666666667 0.5851851851851851 0.0484375 0.5824074074074074 0.042708333333333334 0.5981481481481481 0.04010416666666667 0.5990740740740741 0.0390625 0.6148148148148148 0.040625 0.6166666666666667
5 0.625 0.6268518518518519 0.63125 0.6305555555555555 0.6348958333333333 0.6259259259259259 0.6380208333333334 0.600925925925926 0.6432291666666666 0.5990740740740741 0.6385416666666667 0.5981481481481481 0.6307291666666667 0.5851851851851851 0.6260416666666667 0.5990740740740741 0.628125 0.612037037037037 0.625 0.6268518518518519
4 0.03125 0.65 0.034375 0.6620370370370371 0.03333333333333333 0.6703703703703704 0.0359375 0.6777777777777778 0.04114583333333333 0.6787037037037037 0.04375 0.674074074074074 0.046875 0.6537037037037037 0.04635416666666667 0.6222222222222222 0.0328125 0.6222222222222222 0.03125 0.6231481481481481 0.03125 0.65
4 0.24791666666666667 0.6407407407407407 0.24895833333333334 0.6305555555555555 0.24635416666666668 0.5972222222222222 0.240625 0.5962962962962963 0.23802083333333332 0.6083333333333333 0.2359375 0.637962962962963 0.24791666666666667 0.6407407407407407
4 0.6401041666666667 0.6972222222222222 0.6411458333333333 0.700925925925926 0.6458333333333334 0.7018518518518518 0.6494791666666667 0.6935185185185185 0.6588541666666666 0.6962962962962963 0.665625 0.6861111111111111 0.6661458333333333 0.6518518518518519 0.6609375 0.6472222222222223 0.6572916666666667 0.6537037037037037 0.6505208333333333 0.6777777777777778 0.6401041666666667 0.6972222222222222
5 0.184375 0.7638888888888888 0.18489583333333334 0.7870370370370371 0.1890625 0.7898148148148149 0.1921875 0.7861111111111111 0.19166666666666668 0.7611111111111111 0.1953125 0.75 0.19375 0.725925925925926 0.1890625 0.7129629629629629 0.18489583333333334 0.712037037037037 0.18072916666666666 0.7277777777777777 0.18020833333333333 0.7453703703703703 0.184375 0.7638888888888888
2 0.9885416666666667 0.6759259259259259 0.99375 0.6777777777777778 0.996875 0.6425925925925926 0.9958333333333333 0.6296296296296297 0.9916666666666667 0.6240740740740741 0.9848958333333333 0.6259259259259259 0.9838541666666667 0.6518518518518519 0.9885416666666667 0.6759259259259259
5 0.29010416666666666 0.6138888888888889 0.28802083333333334 0.6268518518518519 0.2921875 0.6296296296296297 0.29739583333333336 0.6240740740740741 0.2989583333333333 0.5916666666666667 0.28802083333333334 0.5916666666666667 0.2869791666666667 0.5990740740740741 0.29010416666666666 0.6138888888888889
5 0.6859375 0.687962962962963 0.6890625 0.6861111111111111 0.696875 0.6694444444444444 0.6984375 0.6462962962962963 0.6932291666666667 0.6324074074074074 0.6890625 0.6333333333333333 0.6848958333333334 0.6416666666666667 0.684375 0.6861111111111111 0.6859375 0.687962962962963
4 0.12708333333333333 0.7444444444444445 0.1296875 0.7407407407407407 0.128125 0.6777777777777778 0.12395833333333334 0.6777777777777778 0.11979166666666667 0.6925925925925925 0.12135416666666667 0.7398148148148148 0.12708333333333333 0.7444444444444445
4 0.3223958333333333 0.6037037037037037 0.3203125 0.6111111111111112 0.32135416666666666 0.6185185185185185 0.3260416666666667 0.6185185185185185 0.3307291666666667 0.6092592592592593 0.3333333333333333 0.5888888888888889 0.32864583333333336 0.5777777777777777 0.3260416666666667 0.5768518518518518 0.32135416666666666 0.5851851851851851 0.3203125 0.5916666666666667 0.3223958333333333 0.6037037037037037
4 0.18125 0.7314814814814815 0.18125 0.7481481481481481 0.18489583333333334 0.7620370370370371 0.18489583333333334 0.7870370370370371 0.19010416666666666 0.7888888888888889 0.1921875 0.7861111111111111 0.19114583333333332 0.7601851851851852 0.19427083333333334 0.7518518518518519 0.19375 0.7435185185185185 0.1875 0.7388888888888889 0.1859375 0.7314814814814815 0.18802083333333333 0.7240740740740741 0.18541666666666667 0.7148148148148148 0.18385416666666668 0.7277777777777777 0.18125 0.7314814814814815
4 0.20520833333333333 0.7574074074074074 0.203125 0.7824074074074074 0.20885416666666667 0.7833333333333333 0.21197916666666666 0.7787037037037037 0.21458333333333332 0.7481481481481481 0.21770833333333334 0.7416666666666667 0.21197916666666666 0.712037037037037 0.20729166666666668 0.712037037037037 0.20260416666666667 0.7240740740740741 0.20104166666666667 0.7361111111111112 0.20052083333333334 0.7435185185185185 0.20520833333333333 0.7574074074074074
5 0.5322916666666667 0.6203703703703703 0.5432291666666667 0.6185185185185185 0.5458333333333333 0.6046296296296296 0.54375 0.5888888888888889 0.5385416666666667 0.587037037037037 0.528125 0.6111111111111112 0.5276041666666667 0.6148148148148148 0.5322916666666667 0.6203703703703703
5 0.5364583333333334 0.6592592592592592 0.5375 0.6611111111111111 0.5416666666666666 0.6546296296296297 0.553125 0.6611111111111111 0.5541666666666667 0.6574074074074074 0.5505208333333333 0.6388888888888888 0.5510416666666667 0.6166666666666667 0.5494791666666666 0.6129629629629629 0.540625 0.6148148148148148 0.5421875 0.6398148148148148 0.5364583333333334 0.6592592592592592
5 0.571875 0.6092592592592593 0.5739583333333333 0.600925925925926 0.5739583333333333 0.5777777777777777 0.5677083333333334 0.5722222222222222 0.5645833333333333 0.5740740740740741 0.5619791666666667 0.5814814814814815 0.5588541666666667 0.6 0.571875 0.6092592592592593
3 0.5276041666666667 0.6435185185185185 0.5244791666666667 0.6583333333333333 0.5286458333333334 0.6601851851851852 0.5375 0.6148148148148148 0.5348958333333333 0.6064814814814815 0.5317708333333333 0.6055555555555555 0.5255208333333333 0.6157407407407407 0.5244791666666667 0.6231481481481481 0.5276041666666667 0.6435185185185185
4 0.6625 0.7268518518518519 0.6614583333333334 0.7527777777777778 0.6661458333333333 0.7546296296296297 0.6713541666666667 0.7481481481481481 0.6697916666666667 0.7277777777777777 0.6744791666666666 0.7138888888888889 0.6739583333333333 0.700925925925926 0.6703125 0.6851851851851852 0.6619791666666667 0.6833333333333333 0.6609375 0.6861111111111111 0.6588541666666666 0.700925925925926 0.6625 0.7268518518518519