5 0.6182291666666667 0.7666666666666667 0.6197916666666666 0.7546296296296297 0.61875 0.7166666666666667 0.6125 0.7157407407407408 0.6088541666666667 0.7277777777777777 0.6083333333333333 0.7675925925925926 0.6109375 0.7722222222222223 0.6145833333333334 0.7712962962962963 0.6182291666666667 0.7666666666666667
4 0.240625 0.7824074074074074 0.2421875 0.7787037037037037 0.23802083333333332 0.7592592592592593 0.240625 0.7435185185185185 0.23697916666666666 0.7305555555555555 0.23125 0.7287037037037037 0.22864583333333333 0.7314814814814815 0.22760416666666666 0.7490740740740741 0.23020833333333332 0.7703703703703704 0.228125 0.7833333333333333 0.240625 0.7824074074074074
2 0.559375 0.6888888888888889 0.5453125 0.6638888888888889 0.5416666666666666 0.6768518518518518 0.540625 0.7148148148148148 0.5479166666666667 0.7111111111111111 0.5546875 0.6925925925925925 0.559375 0.6888888888888889
4 0.8895833333333333 0.8324074074074074 0.8921875 0.7944444444444444 0.8885416666666667 0.7814814814814814 0.8854166666666666 0.7777777777777778 0.8807291666666667 0.7824074074074074 0.8765625 0.7944444444444444 0.8744791666666667 0.8138888888888889 0.8786458333333333 0.8416666666666667 0.884375 0.8462962962962963 0.8895833333333333 0.8324074074074074
5 0.45208333333333334 0.737037037037037 0.45416666666666666 0.7416666666666667 0.4578125 0.7398148148148148 0.4552083333333333 0.7138888888888889 0.45625 0.6962962962962963 0.4510416666666667 0.6935185185185185 0.4479166666666667 0.7037037037037037 0.4453125 0.725 0.44166666666666665 0.7342592592592593 0.4421875 0.7444444444444445 0.45208333333333334 0.737037037037037
3 0.7010416666666667 0.7898148148148149 0.7041666666666667 0.7851851851851852 0.7088541666666667 0.7435185185185185 0.7026041666666667 0.7175925925925926 0.6989583333333333 0.7175925925925926 0.696875 0.7231481481481481 0.6927083333333334 0.7398148148148148 0.6963541666666667 0.7518518518518519 0.6958333333333333 0.7842592592592592 0.7010416666666667 0.7898148148148149
5 0.6708333333333333 0.725925925925926 0.6739583333333333 0.7240740740740741 0.6755208333333333 0.7166666666666667 0.6739583333333333 0.6842592592592592 0.6697916666666667 0.6805555555555556 0.6609375 0.7037037037037037 0.6630208333333333 0.7435185185185185 0.665625 0.7453703703703703 0.6692708333333334 0.7398148148148148 0.6708333333333333 0.725925925925926
5 0.665625 0.7240740740740741 0.6739583333333333 0.7240740740740741 0.6755208333333333 0.6851851851851852 0.6734375 0.6768518518518518 0.6692708333333334 0.6796296296296296 0.6671875 0.6935185185185185 0.6640625 0.7 0.6666666666666666 0.7175925925925926 0.665625 0.7240740740740741
5 0.4005208333333333 0.775 0.4036458333333333 0.7435185185185185 0.4010416666666667 0.7231481481481481 0.3958333333333333 0.7268518518518519 0.3880208333333333 0.7685185185185185 0.3885416666666667 0.7777777777777778 0.3927083333333333 0.774074074074074 0.3958333333333333 0.7768518518518519 0.4005208333333333 0.775
4 0.790625 0.7925925925925926 0.79375 0.7842592592592592 0.796875 0.7435185185185185 0.790625 0.7314814814814815 0.7838541666666666 0.7398148148148148 0.78125 0.7592592592592593 0.7859375 0.774074074074074 0.7864583333333334 0.7907407407407407 0.790625 0.7925925925925926
5 0.3770833333333333 0.7592592592592593 0.384375 0.7462962962962963 0.3890625 0.7212962962962963 0.3885416666666667 0.7092592592592593 0.3848958333333333 0.7037037037037037 0.3776041666666667 0.7166666666666667 0.378125 0.7310185185185185 0.371875 0.7518518518518519 0.3729166666666667 0.7592592592592593 0.3770833333333333 0.7592592592592593
0 0.209375 0.7638888888888888 0.20416666666666666 0.762962962962963 0.20208333333333334 0.7666666666666667 0.20260416666666667 0.7712962962962963 0.20833333333333334 0.7731481481481481 0.209375 0.7638888888888888
4 0.784375 0.7268518518518519 0.7869791666666667 0.7222222222222222 0.7885416666666667 0.6888888888888889 0.7864583333333334 0.6787037037037037 0.7828125 0.6777777777777778 0.78125 0.6814814814814815 0.7786458333333334 0.6962962962962963 0.7786458333333334 0.7166666666666667 0.7791666666666667 0.7240740740740741 0.784375 0.7268518518518519
5 0.8505208333333333 0.7407407407407407 0.8515625 0.7101851851851851 0.8463541666666666 0.6944444444444444 0.8427083333333333 0.6972222222222222 0.8427083333333333 0.7351851851851852 0.8442708333333333 0.7444444444444445 0.8484375 0.7444444444444445 0.8505208333333333 0.7407407407407407
5 0.8140625 0.7685185185185185 0.8151041666666666 0.7620370370370371 0.8104166666666667 0.7277777777777777 0.8067708333333333 0.7157407407407408 0.8036458333333333 0.7194444444444444 0.8010416666666667 0.7351851851851852 0.8010416666666667 0.7675925925925926 0.8036458333333333 0.7685185185185185 0.8052083333333333 0.762962962962963 0.8140625 0.7685185185185185
4 0.7052083333333333 0.6842592592592592 0.7015625 0.6796296296296296 0.6989583333333333 0.6805555555555556 0.6947916666666667 0.6953703703703704 0.696875 0.725925925925926 0.7046875 0.725925925925926 0.7072916666666667 0.7046296296296296 0.7052083333333333 0.6842592592592592
5 0.721875 0.6935185185185185 0.7203125 0.6712962962962963 0.7151041666666667 0.674074074074074 0.7119791666666667 0.7018518518518518 0.7114583333333333 0.7129629629629629 0.7130208333333333 0.7157407407407408 0.7203125 0.712037037037037 0.721875 0.6935185185185185
4 0.7302083333333333 0.7592592592592593 0.7322916666666667 0.7351851851851852 0.7286458333333333 0.7240740740740741 0.725 0.7203703703703703 0.7192708333333333 0.7324074074074074 0.7182291666666667 0.75 0.7203125 0.7814814814814814 0.7244791666666667 0.7824074074074074 0.7302083333333333 0.7592592592592593
3 0.7760416666666666 0.6527777777777778 0.778125 0.6231481481481481 0.7713541666666667 0.6194444444444445 0.7640625 0.6268518518518519 0.7635416666666667 0.6342592592592593 0.7703125 0.6407407407407407 0.7723958333333333 0.6527777777777778 0.7760416666666666 0.6527777777777778