4 0.4864583333333333 0.6703703703703704 0.4895833333333333 0.6759259259259259 0.4947916666666667 0.6759259259259259 0.496875 0.6675925925925926 0.49375 0.6333333333333333 0.4901041666666667 0.6277777777777778 0.4864583333333333 0.6370370370370371 0.48489583333333336 0.6527777777777778 0.4864583333333333 0.6703703703703704
5 0.5317708333333333 0.700925925925926 0.53125 0.712037037037037 0.5369791666666667 0.7166666666666667 0.5390625 0.7138888888888889 0.5416666666666666 0.6935185185185185 0.5416666666666666 0.6768518518518518 0.5375 0.6620370370370371 0.5328125 0.6666666666666666 0.5276041666666667 0.6888888888888889 0.5317708333333333 0.700925925925926
3 0.5067708333333333 0.7333333333333333 0.5098958333333333 0.7398148148148148 0.5151041666666667 0.7083333333333334 0.5135416666666667 0.6805555555555556 0.509375 0.6805555555555556 0.5041666666666667 0.6953703703703704 0.5036458333333333 0.7111111111111111 0.5067708333333333 0.7333333333333333
5 0.228125 0.7574074074074074 0.2328125 0.7583333333333333 0.23645833333333333 0.7527777777777778 0.2359375 0.725925925925926 0.2375 0.7175925925925926 0.23385416666666667 0.6972222222222222 0.2296875 0.7 0.22552083333333334 0.7157407407407408 0.225 0.7518518518518519 0.228125 0.7574074074074074
4 0.290625 0.7203703703703703 0.2947916666666667 0.7212962962962963 0.296875 0.7166666666666667 0.29739583333333336 0.6888888888888889 0.30052083333333335 0.6796296296296296 0.2916666666666667 0.6601851851851852 0.2864583333333333 0.674074074074074 0.28541666666666665 0.6935185185185185 0.290625 0.7203703703703703
5 0.6567708333333333 0.8416666666666667 0.653125 0.85 0.6541666666666667 0.8537037037037037 0.6578125 0.8546296296296296 0.6598958333333333 0.8472222222222222 0.6703125 0.8564814814814815 0.6739583333333333 0.8527777777777777 0.6703125 0.8 0.665625 0.7861111111111111 0.6614583333333334 0.7888888888888889 0.6614583333333334 0.812037037037037 0.6567708333333333 0.8416666666666667
4 0.9171875 0.7518518518518519 0.9239583333333333 0.7611111111111111 0.9291666666666667 0.7324074074074074 0.9276041666666667 0.7129629629629629 0.9234375 0.7027777777777777 0.9197916666666667 0.7037037037037037 0.9151041666666667 0.7166666666666667 0.9145833333333333 0.7333333333333333 0.9171875 0.7518518518518519
4 0.7057291666666666 0.9407407407407408 0.709375 0.9333333333333333 0.7083333333333334 0.8888888888888888 0.7130208333333333 0.8638888888888889 0.7046875 0.8490740740740741 0.7005208333333334 0.8472222222222222 0.6979166666666666 0.8537037037037037 0.696875 0.8685185185185185 0.6963541666666667 0.9388888888888889 0.7057291666666666 0.9407407407407408
5 0.578125 0.7935185185185185 0.5885416666666666 0.8009259259259259 0.5901041666666667 0.799074074074074 0.5916666666666667 0.7638888888888888 0.5895833333333333 0.7398148148148148 0.5838541666666667 0.7342592592592593 0.5807291666666666 0.7472222222222222 0.5807291666666666 0.774074074074074 0.578125 0.7935185185185185
3 0.415625 0.6185185185185185 0.42239583333333336 0.6194444444444445 0.4270833333333333 0.6 0.4276041666666667 0.5879629629629629 0.4192708333333333 0.5861111111111111 0.4140625 0.5962962962962963 0.4171875 0.612037037037037 0.415625 0.6185185185185185
4 0.2557291666666667 0.8305555555555556 0.26875 0.8305555555555556 0.2682291666666667 0.8064814814814815 0.27239583333333334 0.7944444444444444 0.271875 0.7796296296296297 0.26510416666666664 0.7564814814814815 0.2630208333333333 0.7564814814814815 0.2578125 0.7694444444444445 0.25364583333333335 0.7907407407407407 0.25364583333333335 0.8240740740740741 0.2557291666666667 0.8305555555555556
0 0.6994791666666667 0.8666666666666667 0.70625 0.8666666666666667 0.7098958333333333 0.862037037037037 0.7041666666666667 0.8472222222222222 0.7005208333333334 0.8453703703703703 0.6979166666666666 0.85 0.6973958333333333 0.8611111111111112 0.6994791666666667 0.8666666666666667
4 0.6109375 0.7185185185185186 0.6130208333333333 0.7166666666666667 0.6151041666666667 0.7 0.6140625 0.6694444444444444 0.6104166666666667 0.6666666666666666 0.60625 0.6768518518518518 0.6057291666666667 0.7101851851851851 0.6109375 0.7185185185185186
4 0.4125 0.8148148148148148 0.4161458333333333 0.787962962962963 0.415625 0.7527777777777778 0.4114583333333333 0.7490740740740741 0.4041666666666667 0.7657407407407407 0.40260416666666665 0.8092592592592592 0.4125 0.8148148148148148
4 0.7822916666666667 0.687037037037037 0.7864583333333334 0.6824074074074075 0.7854166666666667 0.65 0.7828125 0.6425925925925926 0.778125 0.6416666666666667 0.7776041666666667 0.6851851851851852 0.7822916666666667 0.687037037037037
5 0.35572916666666665 0.775 0.36041666666666666 0.7824074074074074 0.3609375 0.7898148148148149 0.3651041666666667 0.7925925925925926 0.36666666666666664 0.7675925925925926 0.3723958333333333 0.7509259259259259 0.36875 0.7379629629629629 0.365625 0.7342592592592593 0.3578125 0.7472222222222222 0.35833333333333334 0.7578703703703704 0.35572916666666665 0.775
5 0.39947916666666666 0.6666666666666666 0.40625 0.6694444444444444 0.40572916666666664 0.6333333333333333 0.4041666666666667 0.6287037037037037 0.4005208333333333 0.6305555555555555 0.39895833333333336 0.637962962962963 0.39947916666666666 0.6666666666666666
5 0.7489583333333333 0.7240740740740741 0.753125 0.725925925925926 0.7552083333333334 0.7231481481481481 0.7526041666666666 0.6787037037037037 0.7479166666666667 0.6768518518518518 0.746875 0.6842592592592592 0.7463541666666667 0.7129629629629629 0.7489583333333333 0.7240740740740741
4 0.7088541666666667 0.7962962962962963 0.7098958333333333 0.7916666666666666 0.721875 0.7953703703703704 0.7229166666666667 0.7907407407407407 0.7171875 0.7685185185185185 0.7182291666666667 0.7555555555555555 0.7145833333333333 0.7351851851851852 0.7104166666666667 0.737037037037037 0.70625 0.7611111111111111 0.7041666666666667 0.7953703703703704 0.7088541666666667 0.7962962962962963
4 0.9755208333333333 0.8916666666666667 0.9755208333333333 0.9111111111111111 0.9776041666666667 0.9138888888888889 0.9869791666666666 0.912962962962963 0.9890625 0.9037037037037037 0.984375 0.8851851851851852 0.9875 0.8638888888888889 0.9859375 0.8462962962962963 0.9765625 0.8287037037037037 0.9734375 0.8296296296296296 0.9713541666666666 0.8407407407407408 0.9692708333333333 0.8648148148148148 0.9755208333333333 0.8916666666666667