4 0.3692708333333333 0.6287037037037037 0.37135416666666665 0.6222222222222222 0.37864583333333335 0.6231481481481481 0.3802083333333333 0.6277777777777778 0.384375 0.625 0.384375 0.6185185185185185 0.3802083333333333 0.612037037037037 0.37552083333333336 0.5888888888888889 0.37083333333333335 0.5777777777777777 0.3671875 0.5796296296296296 0.3651041666666667 0.5935185185185186 0.3645833333333333 0.6203703703703703 0.3625 0.6268518518518519 0.3640625 0.6296296296296297 0.3692708333333333 0.6287037037037037
5 0.04791666666666667 0.662962962962963 0.0453125 0.6592592592592592 0.035416666666666666 0.6796296296296296 0.03229166666666667 0.7083333333333334 0.0328125 0.725 0.044270833333333336 0.7157407407407408 0.051041666666666666 0.6814814814814815 0.04791666666666667 0.662962962962963
4 0.5598958333333334 0.6972222222222222 0.559375 0.687037037037037 0.5526041666666667 0.6652777777777777 0.553125 0.65 0.5484375 0.6351851851851852 0.5442708333333334 0.6324074074074074 0.5427083333333333 0.6361111111111111 0.540625 0.6907407407407408 0.5432291666666667 0.6944444444444444 0.55 0.6907407407407408 0.5598958333333334 0.6972222222222222
5 0.06041666666666667 0.8055555555555556 0.0625 0.8027777777777778 0.06145833333333333 0.7731481481481481 0.0640625 0.7462962962962963 0.05677083333333333 0.7324074074074074 0.04895833333333333 0.7444444444444445 0.0484375 0.7814814814814814 0.05416666666666667 0.8018518518518518 0.05625 0.8055555555555556 0.06041666666666667 0.8055555555555556
4 0.3458333333333333 0.6583333333333333 0.346875 0.6509259259259259 0.3411458333333333 0.6314814814814815 0.3421875 0.6166666666666667 0.3375 0.6064814814814815 0.33229166666666665 0.6064814814814815 0.3296875 0.6203703703703703 0.3296875 0.6583333333333333 0.3375 0.6555555555555556 0.3458333333333333 0.6583333333333333
4 0.5994791666666667 0.7407407407407407 0.6005208333333333 0.7351851851851852 0.590625 0.712037037037037 0.590625 0.6935185185185185 0.584375 0.675 0.5807291666666666 0.6777777777777778 0.5786458333333333 0.6907407407407408 0.5755208333333334 0.7425925925925926 0.5802083333333333 0.7435185185185185 0.5869791666666667 0.725 0.5994791666666667 0.7407407407407407
5 0.3875 0.6796296296296296 0.39166666666666666 0.6888888888888889 0.3927083333333333 0.7 0.3984375 0.712037037037037 0.4005208333333333 0.712037037037037 0.3963541666666667 0.6990740740740741 0.396875 0.6888888888888889 0.3927083333333333 0.6620370370370371 0.3848958333333333 0.6324074074074074 0.3807291666666667 0.6277777777777778 0.3770833333333333 0.65 0.37395833333333334 0.6953703703703704 0.3807291666666667 0.6981481481481482 0.38177083333333334 0.6851851851851852 0.3875 0.6796296296296296
3 0.3380208333333333 0.5601851851851852 0.33958333333333335 0.5268518518518519 0.33177083333333335 0.512962962962963 0.325 0.5138888888888888 0.3234375 0.5296296296296297 0.32708333333333334 0.5555555555555556 0.3296875 0.5611111111111111 0.3380208333333333 0.5601851851851852
0 0.0546875 0.6453703703703704 0.0484375 0.6416666666666667 0.04583333333333333 0.6462962962962963 0.0453125 0.65 0.04895833333333333 0.6555555555555556 0.05260416666666667 0.6527777777777778 0.0546875 0.6453703703703704
5 0.23645833333333333 0.6462962962962963 0.240625 0.6361111111111111 0.24635416666666668 0.6305555555555555 0.24270833333333333 0.625 0.2375 0.5990740740740741 0.23333333333333334 0.5972222222222222 0.23177083333333334 0.6027777777777777 0.2296875 0.6388888888888888 0.23020833333333332 0.6453703703703704 0.23333333333333334 0.6472222222222223 0.23645833333333333 0.6462962962962963
5 0.4661458333333333 0.7546296296296297 0.46927083333333336 0.7675925925925926 0.475 0.7675925925925926 0.478125 0.762962962962963 0.471875 0.7453703703703703 0.4671875 0.6962962962962963 0.4625 0.6935185185185185 0.46041666666666664 0.700925925925926 0.4609375 0.725925925925926 0.4578125 0.7388888888888889 0.4583333333333333 0.7472222222222222 0.4661458333333333 0.7546296296296297
4 0.5010416666666667 0.8490740740740741 0.4984375 0.8555555555555555 0.5057291666666667 0.8583333333333333 0.5078125 0.8490740740740741 0.5140625 0.8472222222222222 0.5171875 0.8648148148148148 0.5213541666666667 0.8629629629629629 0.521875 0.8444444444444444 0.5130208333333334 0.8 0.5130208333333334 0.7907407407407407 0.50625 0.7731481481481481 0.5015625 0.774074074074074 0.5005208333333333 0.7777777777777778 0.49947916666666664 0.8055555555555556 0.49583333333333335 0.8185185185185185 0.5010416666666667 0.8361111111111111 0.5010416666666667 0.8490740740740741
4 0.9994791666666667 0.637962962962963 0.9958333333333333 0.6435185185185185 0.9942708333333333 0.6824074074074075 0.9958333333333333 0.6925925925925925 0.9994791666666667 0.6972222222222222 0.9994791666666667 0.637962962962963
5 0.9713541666666666 0.6824074074074075 0.9708333333333333 0.6518518518518519 0.9682291666666667 0.6277777777777778 0.9666666666666667 0.6240740740740741 0.9625 0.6240740740740741 0.9609375 0.6305555555555555 0.9583333333333334 0.6601851851851852 0.9588541666666667 0.6814814814814815 0.9697916666666667 0.6851851851851852 0.9713541666666666 0.6824074074074075
4 0.05416666666666667 0.7212962962962963 0.05520833333333333 0.7333333333333333 0.06458333333333334 0.7472222222222222 0.06666666666666667 0.7435185185185185 0.06510416666666667 0.7203703703703703 0.06822916666666666 0.687037037037037 0.06510416666666667 0.6768518518518518 0.06041666666666667 0.6814814814814815 0.057291666666666664 0.6972222222222222 0.0515625 0.7055555555555556 0.050520833333333334 0.7129629629629629 0.05416666666666667 0.7212962962962963
5 0.37552083333333336 0.8611111111111112 0.37864583333333335 0.8574074074074074 0.3802083333333333 0.8314814814814815 0.3859375 0.7981481481481482 0.3776041666666667 0.7703703703703704 0.3729166666666667 0.774074074074074 0.36875 0.7907407407407407 0.36666666666666664 0.8101851851851852 0.36875 0.8194444444444444 0.3703125 0.8574074074074074 0.37552083333333336 0.8611111111111112
3 0.41354166666666664 0.712037037037037 0.4125 0.7046296296296296 0.4046875 0.6796296296296296 0.40625 0.6592592592592592 0.39895833333333336 0.6453703703703704 0.3963541666666667 0.6444444444444445 0.39375 0.6537037037037037 0.3927083333333333 0.6925925925925925 0.396875 0.712037037037037 0.4119791666666667 0.7148148148148148 0.41354166666666664 0.712037037037037
4 0.68125 0.575 0.6791666666666667 0.5601851851851852 0.6770833333333334 0.5564814814814815 0.6734375 0.5583333333333333 0.6697916666666667 0.5722222222222222 0.6708333333333333 0.6027777777777777 0.6770833333333334 0.6055555555555555 0.6802083333333333 0.5990740740740741 0.68125 0.575
5 0.7833333333333333 0.8101851851851852 0.7864583333333334 0.8018518518518518 0.7786458333333334 0.787962962962963 0.78125 0.7546296296296297 0.7776041666666667 0.7305555555555555 0.7713541666666667 0.7324074074074074 0.7666666666666667 0.7555555555555555 0.7692708333333333 0.7712962962962963 0.76875 0.7972222222222223 0.7651041666666667 0.8101851851851852 0.7833333333333333 0.8101851851851852
5 0.103125 0.7490740740740741 0.10677083333333333 0.7481481481481481 0.10833333333333334 0.7444444444444445 0.10677083333333333 0.725 0.11302083333333333 0.6972222222222222 0.10364583333333334 0.6796296296296296 0.09947916666666666 0.6796296296296296 0.09791666666666667 0.6833333333333333 0.09479166666666666 0.7055555555555556 0.09791666666666667 0.712037037037037 0.09895833333333333 0.7361111111111112 0.103125 0.7490740740740741
4 0.6734375 0.6611111111111111 0.6734375 0.6555555555555556 0.6692708333333334 0.65 0.6640625 0.6148148148148148 0.6619791666666667 0.6111111111111112 0.6583333333333333 0.6138888888888889 0.65625 0.625 0.6578125 0.6638888888888889 0.6619791666666667 0.6657407407407407 0.6734375 0.6611111111111111