4 0.48125 0.6037037037037037 0.4786458333333333 0.5888888888888889 0.4739583333333333 0.5861111111111111 0.4713541666666667 0.6 0.4708333333333333 0.625 0.478125 0.6361111111111111 0.4817708333333333 0.6361111111111111 0.48125 0.6037037037037037
4 0.778125 0.6240740740740741 0.7796875 0.6166666666666667 0.7755208333333333 0.5990740740740741 0.7713541666666667 0.5935185185185186 0.76875 0.5953703703703703 0.7692708333333333 0.637962962962963 0.7723958333333333 0.6416666666666667 0.7807291666666667 0.6342592592592593 0.778125 0.6240740740740741
4 0.5609375 0.5990740740740741 0.5598958333333334 0.5685185185185185 0.55625 0.5601851851851852 0.5526041666666667 0.5611111111111111 0.5515625 0.5685185185185185 0.5510416666666667 0.5805555555555556 0.5541666666666667 0.6018518518518519 0.559375 0.6027777777777777 0.5609375 0.5990740740740741
4 0.7630208333333334 0.7342592592592593 0.7598958333333333 0.7157407407407408 0.7630208333333334 0.7 0.7557291666666667 0.6685185185185185 0.75 0.6777777777777778 0.7479166666666667 0.6953703703703704 0.7494791666666667 0.712037037037037 0.7458333333333333 0.7324074074074074 0.7479166666666667 0.7361111111111112 0.7630208333333334 0.7342592592592593
4 0.25 0.6472222222222223 0.2484375 0.6222222222222222 0.24427083333333333 0.6175925925925926 0.240625 0.625 0.240625 0.6703703703703704 0.2453125 0.674074074074074 0.24739583333333334 0.6712962962962963 0.25 0.6472222222222223
4 0.25625 0.8425925925925926 0.2625 0.8351851851851851 0.2635416666666667 0.774074074074074 0.2604166666666667 0.7592592592592593 0.2552083333333333 0.7564814814814815 0.24739583333333334 0.7787037037037037 0.246875 0.7981481481481482 0.2515625 0.8333333333333334 0.253125 0.8407407407407408 0.25625 0.8425925925925926
4 0.22395833333333334 0.6712962962962963 0.21979166666666666 0.6407407407407407 0.22083333333333333 0.6333333333333333 0.225 0.6268518518518519 0.21666666666666667 0.6111111111111112 0.2109375 0.6324074074074074 0.2125 0.6537037037037037 0.21041666666666667 0.6583333333333333 0.21041666666666667 0.6722222222222223 0.22395833333333334 0.6712962962962963
4 0.3260416666666667 0.6157407407407407 0.32447916666666665 0.5898148148148148 0.32083333333333336 0.587037037037037 0.3171875 0.6 0.31666666666666665 0.6342592592592593 0.3223958333333333 0.6370370370370371 0.325 0.6342592592592593 0.3260416666666667 0.6157407407407407
5 0.5734375 0.6259259259259259 0.5682291666666667 0.6259259259259259 0.5635416666666667 0.6388888888888888 0.5630208333333333 0.6777777777777778 0.5713541666666667 0.6787037037037037 0.575 0.6611111111111111 0.5734375 0.6259259259259259
4 0.16510416666666666 0.7361111111111112 0.165625 0.7148148148148148 0.16302083333333334 0.6990740740740741 0.1640625 0.6925925925925925 0.1609375 0.6861111111111111 0.159375 0.6731481481481482 0.15625 0.674074074074074 0.153125 0.6888888888888889 0.15208333333333332 0.7361111111111112 0.15364583333333334 0.7388888888888889 0.16354166666666667 0.7379629629629629 0.16510416666666666 0.7361111111111112
5 0.5385416666666667 0.5768518518518518 0.5364583333333334 0.5648148148148148 0.5322916666666667 0.5666666666666667 0.5296875 0.5796296296296296 0.5291666666666667 0.6027777777777777 0.5364583333333334 0.6064814814814815 0.5385416666666667 0.6037037037037037 0.5385416666666667 0.5768518518518518
4 0.3546875 0.5787037037037037 0.35520833333333335 0.5592592592592592 0.35 0.5537037037037037 0.34739583333333335 0.5592592592592592 0.34427083333333336 0.5796296296296296 0.3453125 0.5935185185185186 0.3572916666666667 0.5925925925925926 0.3546875 0.5787037037037037
5 0.415625 0.6657407407407407 0.4192708333333333 0.637962962962963 0.4171875 0.6148148148148148 0.4140625 0.6129629629629629 0.40989583333333335 0.6231481481481481 0.4078125 0.6388888888888888 0.41041666666666665 0.6611111111111111 0.4119791666666667 0.6657407407407407 0.415625 0.6657407407407407
5 0.31875 0.6888888888888889 0.3145833333333333 0.6694444444444444 0.3109375 0.6731481481481482 0.309375 0.6842592592592592 0.30625 0.7305555555555555 0.31875 0.7351851851851852 0.3203125 0.7324074074074074 0.31875 0.6888888888888889
5 0.45416666666666666 0.6 0.453125 0.5898148148148148 0.44947916666666665 0.5861111111111111 0.44375 0.5953703703703703 0.4432291666666667 0.6194444444444445 0.4479166666666667 0.6305555555555555 0.4510416666666667 0.6324074074074074 0.45416666666666666 0.6
3 0.3645833333333333 0.6703703703703704 0.3645833333333333 0.6611111111111111 0.3671875 0.6546296296296297 0.36614583333333334 0.6148148148148148 0.3645833333333333 0.6111111111111112 0.3609375 0.612037037037037 0.3578125 0.6194444444444445 0.3567708333333333 0.6388888888888888 0.359375 0.6657407407407407 0.36041666666666666 0.6703703703703704 0.3645833333333333 0.6703703703703704
3 0.9838541666666667 0.9287037037037037 0.990625 0.9305555555555556 0.9994791666666667 0.9481481481481482 0.9994791666666667 0.9231481481481482 0.9953125 0.9097222222222222 0.9947916666666666 0.8916666666666667 0.9864583333333333 0.8648148148148148 0.9817708333333334 0.8657407407407407 0.9760416666666667 0.8851851851851852 0.975 0.9009259259259259 0.9760416666666667 0.9518518518518518 0.9802083333333333 0.9537037037037037 0.9796875 0.9361111111111111 0.9838541666666667 0.9287037037037037
3 0.6244791666666667 0.5638888888888889 0.6151041666666667 0.5481481481481482 0.60625 0.5518518518518518 0.60625 0.5722222222222222 0.6098958333333333 0.5879629629629629 0.6151041666666667 0.5916666666666667 0.6244791666666667 0.5638888888888889
3 0.31875 0.5666666666666667 0.321875 0.5564814814814815 0.31354166666666666 0.5472222222222223 0.3098958333333333 0.5601851851851852 0.309375 0.5833333333333334 0.3145833333333333 0.5787037037037037 0.31927083333333334 0.5814814814814815 0.31875 0.5666666666666667
5 0.228125 0.6564814814814814 0.23645833333333333 0.6555555555555556 0.2390625 0.6268518518518519 0.23697916666666666 0.6074074074074074 0.23177083333333334 0.600925925925926 0.22760416666666666 0.6092592592592593 0.22604166666666667 0.6268518518518519 0.22864583333333333 0.6388888888888888 0.22708333333333333 0.6537037037037037 0.228125 0.6564814814814814
5 0.20885416666666667 0.6787037037037037 0.2109375 0.6685185185185185 0.20989583333333334 0.6462962962962963 0.2078125 0.6416666666666667 0.20885416666666667 0.6296296296296297 0.20625 0.6231481481481481 0.203125 0.6259259259259259 0.20104166666666667 0.637962962962963 0.20052083333333334 0.6620370370370371 0.19791666666666666 0.674074074074074 0.20052083333333334 0.6777777777777778 0.20885416666666667 0.6787037037037037
5 0.4161458333333333 0.6101851851851852 0.42083333333333334 0.5907407407407408 0.42083333333333334 0.5722222222222222 0.4197916666666667 0.5675925925925925 0.4125 0.5703703703703704 0.4088541666666667 0.5833333333333334 0.41041666666666665 0.6055555555555555 0.4125 0.6101851851851852 0.4161458333333333 0.6101851851851852
5 0.28072916666666664 0.6018518518518519 0.28541666666666665 0.587037037037037 0.2786458333333333 0.5824074074074074 0.27447916666666666 0.5953703703703703 0.2755208333333333 0.6231481481481481 0.2791666666666667 0.6259259259259259 0.28125 0.6231481481481481 0.28072916666666664 0.6018518518518519
0 0.7557291666666667 0.6314814814814815 0.7520833333333333 0.6333333333333333 0.7515625 0.6398148148148148 0.7536458333333333 0.6425925925925926 0.759375 0.6388888888888888 0.7557291666666667 0.6314814814814815
5 0.17395833333333333 0.6962962962962963 0.178125 0.6851851851851852 0.17447916666666666 0.6777777777777778 0.17447916666666666 0.6611111111111111 0.16979166666666667 0.6601851851851852 0.1640625 0.6787037037037037 0.165625 0.7203703703703703 0.1734375 0.7222222222222222 0.17552083333333332 0.7203703703703703 0.17395833333333333 0.6962962962962963