4 0.6260416666666667 0.7148148148148148 0.6276041666666666 0.712037037037037 0.6265625 0.6685185185185185 0.6213541666666667 0.6574074074074074 0.61875 0.6583333333333333 0.6166666666666667 0.6694444444444444 0.6151041666666667 0.6888888888888889 0.6171875 0.712037037037037 0.61875 0.7157407407407408 0.6260416666666667 0.7148148148148148
5 0.49583333333333335 0.7166666666666667 0.49166666666666664 0.6949074074074074 0.49322916666666666 0.6833333333333333 0.4890625 0.6675925925925926 0.4859375 0.6648148148148149 0.4817708333333333 0.6787037037037037 0.48333333333333334 0.6916666666666667 0.48020833333333335 0.7203703703703703 0.4828125 0.7240740740740741 0.49583333333333335 0.7166666666666667
3 0.24479166666666666 0.575925925925926 0.234375 0.5703703703703704 0.23177083333333334 0.5703703703703704 0.23020833333333332 0.575925925925926 0.23020833333333332 0.5990740740740741 0.23697916666666666 0.6018518518518519 0.23802083333333332 0.5879629629629629 0.24479166666666666 0.575925925925926
4 0.7041666666666667 0.6574074074074074 0.7052083333333333 0.6231481481481481 0.7015625 0.6148148148148148 0.696875 0.6138888888888889 0.6958333333333333 0.6166666666666667 0.6963541666666667 0.6509259259259259 0.6973958333333333 0.6574074074074074 0.7015625 0.6611111111111111 0.7041666666666667 0.6574074074074074
4 0.3958333333333333 0.7092592592592593 0.4041666666666667 0.712037037037037 0.39479166666666665 0.6611111111111111 0.390625 0.6583333333333333 0.3880208333333333 0.6675925925925926 0.3875 0.6944444444444444 0.390625 0.7092592592592593 0.3921875 0.712037037037037 0.3958333333333333 0.7092592592592593
3 0.31875 0.674074074074074 0.3223958333333333 0.6842592592592592 0.32395833333333335 0.6777777777777778 0.31979166666666664 0.6638888888888889 0.3177083333333333 0.6435185185185185 0.3140625 0.6333333333333333 0.3098958333333333 0.6333333333333333 0.309375 0.6851851851851852 0.3140625 0.6851851851851852 0.3151041666666667 0.6768518518518518 0.31875 0.674074074074074
5 0.2677083333333333 0.6925925925925925 0.2640625 0.6766203703703704 0.2630208333333333 0.6574074074074074 0.259375 0.649074074074074 0.25104166666666666 0.6537037037037037 0.25052083333333336 0.6703703703703704 0.25416666666666665 0.6925925925925925 0.26510416666666664 0.6990740740740741 0.2677083333333333 0.6925925925925925
4 0.25416666666666665 0.6759259259259259 0.2546875 0.6537037037037037 0.25104166666666666 0.6462962962962963 0.24583333333333332 0.6453703703703704 0.24583333333333332 0.6944444444444444 0.2557291666666667 0.6953703703703704 0.2578125 0.6842592592592592 0.25416666666666665 0.6759259259259259
4 0.21614583333333334 0.6472222222222223 0.21041666666666667 0.6351851851851852 0.21041666666666667 0.6166666666666667 0.20572916666666666 0.6083333333333333 0.20260416666666667 0.6101851851851852 0.20052083333333334 0.6166666666666667 0.20260416666666667 0.6398148148148148 0.2015625 0.6574074074074074 0.21666666666666667 0.6555555555555556 0.21614583333333334 0.6472222222222223
5 0.125 0.7398148148148148 0.12760416666666666 0.7342592592592593 0.11979166666666667 0.7138888888888889 0.11875 0.6851851851851852 0.11510416666666666 0.6759259259259259 0.1125 0.6777777777777778 0.10989583333333333 0.6962962962962963 0.1109375 0.7240740740740741 0.11458333333333333 0.7398148148148148 0.125 0.7398148148148148
5 0.1609375 0.6787037037037037 0.1640625 0.6453703703703704 0.1578125 0.6277777777777778 0.15364583333333334 0.637962962962963 0.15364583333333334 0.6601851851851852 0.146875 0.6731481481481482 0.14947916666666666 0.6777777777777778 0.1609375 0.6787037037037037
5 0.34479166666666666 0.6638888888888889 0.33958333333333335 0.6518518518518519 0.34010416666666665 0.6342592592592593 0.33645833333333336 0.625 0.33229166666666665 0.6231481481481481 0.32864583333333336 0.6370370370370371 0.33125 0.6518518518518519 0.32864583333333336 0.6685185185185185 0.34322916666666664 0.6685185185185185 0.34479166666666666 0.6638888888888889
4 0.17760416666666667 0.6777777777777778 0.190625 0.675 0.19166666666666668 0.6685185185185185 0.18541666666666667 0.6574074074074074 0.18125 0.6240740740740741 0.17708333333333334 0.6185185185185185 0.17291666666666666 0.6305555555555555 0.17135416666666667 0.6416666666666667 0.175 0.6546296296296297 0.17552083333333332 0.674074074074074 0.17760416666666667 0.6777777777777778
4 0.3067708333333333 0.8101851851851852 0.3104166666666667 0.812962962962963 0.31302083333333336 0.8101851851851852 0.3151041666666667 0.7981481481481482 0.3229166666666667 0.7962962962962963 0.32447916666666665 0.7916666666666666 0.3229166666666667 0.7870370370370371 0.31666666666666665 0.7833333333333333 0.31979166666666664 0.7638888888888888 0.3182291666666667 0.7546296296296297 0.31197916666666664 0.7416666666666667 0.3078125 0.7444444444444445 0.3078125 0.7592592592592593 0.30416666666666664 0.7675925925925926 0.30885416666666665 0.7888888888888889 0.3067708333333333 0.8101851851851852
4 0.05572916666666667 0.8629629629629629 0.0578125 0.8722222222222222 0.06041666666666667 0.8740740740740741 0.0625 0.8712962962962963 0.06197916666666667 0.8601851851851852 0.0546875 0.8342592592592593 0.0546875 0.8185185185185185 0.04895833333333333 0.7972222222222223 0.04583333333333333 0.7981481481481482 0.041666666666666664 0.8101851851851852 0.0296875 0.825 0.04479166666666667 0.8722222222222222 0.04895833333333333 0.8675925925925926 0.0515625 0.8583333333333333 0.05572916666666667 0.8629629629629629
0 0.0203125 0.8592592592592593 0.020833333333333332 0.8694444444444445 0.027604166666666666 0.8675925925925926 0.0265625 0.8574074074074074 0.0203125 0.8592592592592593
4 0.45 0.6111111111111112 0.45208333333333334 0.6064814814814815 0.4505208333333333 0.6018518518518519 0.4515625 0.5907407407407408 0.4479166666666667 0.5851851851851851 0.4421875 0.587037037037037 0.4427083333333333 0.6222222222222222 0.45 0.6231481481481481 0.4515625 0.6185185185185185 0.45 0.6111111111111112
5 0 0.8194444444444444 0.0046875 0.8138888888888889 0.011979166666666667 0.7870370370370371 0.009375 0.7592592592592593 0.005208333333333333 0.7546296296296297 0 0.7583333333333333 0 0.8194444444444444
5 0.17864583333333334 0.6129629629629629 0.175 0.6129629629629629 0.17239583333333333 0.6203703703703703 0.17291666666666666 0.6351851851851852 0.18229166666666666 0.6342592592592593 0.18333333333333332 0.6259259259259259 0.17864583333333334 0.6129629629629629
5 0.08697916666666666 0.7027777777777777 0.09010416666666667 0.7092592592592593 0.09583333333333334 0.7111111111111111 0.09791666666666667 0.7083333333333334 0.09791666666666667 0.7018518518518518 0.09427083333333333 0.6884259259259259 0.0921875 0.6657407407407407 0.08802083333333334 0.6564814814814814 0.08385416666666666 0.6601851851851852 0.084375 0.6731481481481482 0.0828125 0.6768518518518518 0.0859375 0.6833333333333333 0.08697916666666666 0.7027777777777777
5 0.08020833333333334 0.7361111111111112 0.07864583333333333 0.7481481481481481 0.08541666666666667 0.7555555555555555 0.0875 0.7666666666666667 0.09166666666666666 0.7666666666666667 0.09322916666666667 0.7638888888888888 0.09166666666666666 0.7268518518518519 0.0953125 0.700925925925926 0.08020833333333334 0.7055555555555556 0.07916666666666666 0.7175925925925926 0.07447916666666667 0.7240740740740741 0.078125 0.7277777777777777 0.08020833333333334 0.7361111111111112
4 0.044270833333333336 0.7453703703703703 0.04479166666666667 0.7555555555555555 0.050520833333333334 0.7564814814814815 0.05364583333333333 0.7509259259259259 0.05 0.7361111111111112 0.053125 0.7111111111111111 0.046875 0.6953703703703704 0.043229166666666666 0.6953703703703704 0.04114583333333333 0.700925925925926 0.0375 0.7129629629629629 0.04010416666666667 0.7212962962962963 0.04010416666666667 0.7333333333333333 0.044270833333333336 0.7453703703703703
3 0.8322916666666667 0.9120370370370371 0.8333333333333334 0.8851851851851852 0.8270833333333333 0.8657407407407407 0.8239583333333333 0.8657407407407407 0.821875 0.8703703703703703 0.8192708333333333 0.9314814814814815 0.8296875 0.9546296296296296 0.8364583333333333 0.9333333333333333 0.8322916666666667 0.9120370370370371
3 0.509375 0.6101851851851852 0.5135416666666667 0.5898148148148148 0.5130208333333334 0.5740740740740741 0.5104166666666666 0.5666666666666667 0.5052083333333334 0.5666666666666667 0.5015625 0.575 0.5 0.5916666666666667 0.5041666666666667 0.5990740740740741 0.5046875 0.6101851851851852 0.509375 0.6101851851851852