4 0.09947916666666666 0.6805555555555556 0.09427083333333333 0.6648148148148149 0.09375 0.6398148148148148 0.09635416666666667 0.6305555555555555 0.09114583333333333 0.5805555555555556 0.08489583333333334 0.5796296296296296 0.0765625 0.6055555555555555 0.0765625 0.6805555555555556 0.07916666666666666 0.6833333333333333 0.08333333333333333 0.6796296296296296 0.09947916666666666 0.6805555555555556
5 0.4796875 0.475 0.478125 0.4666666666666667 0.4713541666666667 0.4537037037037037 0.46510416666666665 0.4666666666666667 0.465625 0.525 0.46979166666666666 0.5296296296296297 0.475 0.5296296296296297 0.4796875 0.475
3 0.18958333333333333 0.5638888888888889 0.20104166666666667 0.5666666666666667 0.20260416666666667 0.562962962962963 0.20104166666666667 0.5083333333333333 0.20364583333333333 0.4981481481481482 0.20833333333333334 0.49722222222222223 0.20989583333333334 0.4935185185185185 0.19895833333333332 0.48148148148148145 0.19635416666666666 0.4722222222222222 0.19322916666666667 0.46944444444444444 0.18541666666666667 0.4898148148148148 0.18125 0.5101851851851852 0.18125 0.5157407407407407 0.18697916666666667 0.5175925925925926 0.19010416666666666 0.5324074074074074 0.18958333333333333 0.5638888888888889
5 0.6072916666666667 0.6388888888888888 0.6098958333333333 0.6342592592592593 0.6088541666666667 0.6083333333333333 0.6140625 0.5925925925925926 0.6119791666666666 0.5592592592592592 0.6072916666666667 0.5370370370370371 0.6010416666666667 0.5361111111111111 0.6 0.5444444444444444 0.590625 0.562962962962963 0.5911458333333334 0.5712962962962963 0.5953125 0.575925925925926 0.5973958333333333 0.6342592592592593 0.6072916666666667 0.6388888888888888
5 0.17291666666666666 0.6185185185185185 0.17760416666666667 0.6203703703703703 0.18125 0.6092592592592593 0.1796875 0.6027777777777777 0.1828125 0.5731481481481482 0.18177083333333333 0.5462962962962963 0.17708333333333334 0.5287037037037037 0.17291666666666666 0.5259259259259259 0.16979166666666667 0.5314814814814814 0.16666666666666666 0.575925925925926 0.16927083333333334 0.5944444444444444 0.1734375 0.6027777777777777 0.17291666666666666 0.6185185185185185
4 0.3578125 0.6537037037037037 0.36354166666666665 0.6638888888888889 0.365625 0.674074074074074 0.36614583333333334 0.6657407407407407 0.36302083333333335 0.6527777777777778 0.365625 0.6435185185185185 0.36666666666666664 0.5824074074074074 0.3625 0.5703703703703704 0.35885416666666664 0.5731481481481482 0.35208333333333336 0.6 0.3515625 0.6398148148148148 0.3489583333333333 0.649074074074074 0.3375 0.6657407407407407 0.3385416666666667 0.6768518518518518 0.3421875 0.6805555555555556 0.3453125 0.6685185185185185 0.3578125 0.6537037037037037
2 0.8385416666666666 0.5796296296296296 0.8359375 0.5953703703703703 0.8395833333333333 0.6129629629629629 0.8395833333333333 0.6203703703703703 0.8364583333333333 0.6268518518518519 0.85 0.6314814814814815 0.853125 0.6296296296296297 0.8541666666666666 0.6148148148148148 0.8552083333333333 0.5518518518518518 0.8484375 0.5259259259259259 0.8453125 0.524074074074074 0.8427083333333333 0.5305555555555556 0.8421875 0.5462962962962963 0.8359375 0.5675925925925925 0.8359375 0.575925925925926 0.8385416666666666 0.5796296296296296
4 0.334375 0.5027777777777778 0.33541666666666664 0.4777777777777778 0.3390625 0.4583333333333333 0.3375 0.41944444444444445 0.3333333333333333 0.4203703703703704 0.328125 0.4305555555555556 0.3265625 0.43796296296296294 0.32708333333333334 0.49722222222222223 0.3296875 0.5018518518518519 0.334375 0.5027777777777778
5 0.45260416666666664 0.6472222222222223 0.4630208333333333 0.6472222222222223 0.45989583333333334 0.6388888888888888 0.4625 0.5990740740740741 0.45989583333333334 0.5796296296296296 0.4609375 0.5518518518518518 0.4588541666666667 0.5472222222222223 0.4552083333333333 0.55 0.4505208333333333 0.5694444444444444 0.44947916666666665 0.5916666666666667 0.4515625 0.6240740740740741 0.4484375 0.6296296296296297 0.4479166666666667 0.6425925925925926 0.45260416666666664 0.6472222222222223
4 0.31666666666666665 0.6888888888888889 0.325 0.6981481481481482 0.3302083333333333 0.6981481481481482 0.328125 0.6898148148148148 0.33125 0.6111111111111112 0.32916666666666666 0.5879629629629629 0.3265625 0.5842592592592593 0.3223958333333333 0.5861111111111111 0.31666666666666665 0.6083333333333333 0.31666666666666665 0.6314814814814815 0.3203125 0.6583333333333333 0.315625 0.6805555555555556 0.31666666666666665 0.6888888888888889
4 0.42604166666666665 0.6638888888888889 0.4276041666666667 0.6685185185185185 0.43072916666666666 0.6666666666666666 0.4322916666666667 0.6574074074074074 0.43645833333333334 0.6537037037037037 0.4390625 0.6601851851851852 0.4390625 0.6703703703703704 0.44375 0.6722222222222223 0.4473958333333333 0.6694444444444444 0.44427083333333334 0.6564814814814814 0.44635416666666666 0.6185185185185185 0.44375 0.5833333333333334 0.4453125 0.5685185185185185 0.4432291666666667 0.5638888888888889 0.43854166666666666 0.5657407407407408 0.4322916666666667 0.5916666666666667 0.43125 0.6185185185185185 0.43385416666666665 0.6342592592592593 0.42604166666666665 0.6555555555555556 0.42604166666666665 0.6638888888888889
4 0.3765625 0.675 0.37395833333333334 0.6574074074074074 0.3776041666666667 0.6453703703703704 0.378125 0.6296296296296297 0.38177083333333334 0.6194444444444445 0.3765625 0.6037037037037037 0.3765625 0.575925925925926 0.37395833333333334 0.5675925925925925 0.36875 0.5703703703703704 0.365625 0.587037037037037 0.36614583333333334 0.6814814814814815 0.3734375 0.6842592592592592 0.37604166666666666 0.6814814814814815 0.3765625 0.675
4 0.6322916666666667 0.6305555555555555 0.6317708333333333 0.6055555555555555 0.6369791666666667 0.5518518518518518 0.6328125 0.5287037037037037 0.6296875 0.5259259259259259 0.625 0.5287037037037037 0.6260416666666667 0.5462962962962963 0.6182291666666667 0.6305555555555555 0.6208333333333333 0.6342592592592593 0.6322916666666667 0.6305555555555555
5 0.7072916666666667 0.6185185185185185 0.7177083333333333 0.6166666666666667 0.7197916666666667 0.6148148148148148 0.7145833333333333 0.6027777777777777 0.7171875 0.562962962962963 0.7203125 0.5527777777777778 0.7166666666666667 0.5356481481481481 0.7166666666666667 0.5175925925925926 0.7130208333333333 0.512962962962963 0.7104166666666667 0.5157407407407407 0.7067708333333333 0.5453703703703704 0.7067708333333333 0.5657407407407408 0.709375 0.575925925925926 0.7046875 0.6148148148148148 0.7072916666666667 0.6185185185185185
5 0.228125 0.5222222222222223 0.228125 0.49537037037037035 0.23333333333333334 0.4824074074074074 0.22604166666666667 0.4527777777777778 0.22083333333333333 0.4527777777777778 0.2171875 0.4583333333333333 0.215625 0.5222222222222223 0.21666666666666667 0.5259259259259259 0.22552083333333334 0.5259259259259259 0.228125 0.5222222222222223
5 0.7052083333333333 0.6185185185185185 0.703125 0.5444444444444444 0.6994791666666667 0.525 0.6932291666666667 0.5231481481481481 0.6916666666666667 0.5287037037037037 0.6958333333333333 0.6185185185185185 0.7020833333333333 0.6231481481481481 0.7052083333333333 0.6185185185185185
0 0.43854166666666666 0.48703703703703705 0.4354166666666667 0.475 0.4296875 0.48055555555555557 0.42916666666666664 0.48518518518518516 0.43125 0.487962962962963 0.4359375 0.4898148148148148 0.43854166666666666 0.48703703703703705
5 0.6770833333333334 0.6555555555555556 0.6791666666666667 0.5935185185185186 0.6713541666666667 0.5657407407407408 0.6666666666666666 0.5666666666666667 0.6651041666666667 0.5722222222222222 0.6588541666666666 0.6611111111111111 0.6734375 0.6638888888888889 0.6765625 0.6611111111111111 0.6770833333333334 0.6555555555555556
5 0.6390625 0.6601851851851852 0.6458333333333334 0.6555555555555556 0.6473958333333333 0.6509259259259259 0.6463541666666667 0.6222222222222222 0.6515625 0.5879629629629629 0.65 0.562962962962963 0.6411458333333333 0.5444444444444444 0.6369791666666667 0.5444444444444444 0.6333333333333333 0.5777777777777777 0.6322916666666667 0.6101851851851852 0.6369791666666667 0.6453703703703704 0.6354166666666666 0.6583333333333333 0.6390625 0.6601851851851852
4 0.4453125 0.4861111111111111 0.446875 0.4583333333333333 0.44479166666666664 0.43703703703703706 0.43802083333333336 0.42314814814814816 0.4348958333333333 0.42314814814814816 0.4317708333333333 0.4287037037037037 0.43385416666666665 0.4685185185185185 0.4322916666666667 0.48518518518518516 0.4432291666666667 0.4888888888888889 0.4453125 0.4861111111111111