5 0.3380208333333333 0.6537037037037037 0.3375 0.6388888888888888 0.3328125 0.6305555555555555 0.3338541666666667 0.6185185185185185 0.33177083333333335 0.6111111111111112 0.32708333333333334 0.6027777777777777 0.3234375 0.6064814814814815 0.3229166666666667 0.6537037037037037 0.3380208333333333 0.6537037037037037
4 0.3614583333333333 0.612037037037037 0.3645833333333333 0.6129629629629629 0.3645833333333333 0.575925925925926 0.3609375 0.5694444444444444 0.3572916666666667 0.5703703703703704 0.3546875 0.575925925925926 0.35520833333333335 0.5990740740740741 0.3614583333333333 0.612037037037037
4 0.1140625 0.6601851851851852 0.11510416666666666 0.662962962962963 0.11927083333333334 0.6620370370370371 0.12291666666666666 0.6435185185185185 0.11979166666666667 0.6129629629629629 0.11875 0.6092592592592593 0.11510416666666666 0.6083333333333333 0.11197916666666667 0.6166666666666667 0.1109375 0.6231481481481481 0.1140625 0.6601851851851852
4 0.5385416666666667 0.7787037037037037 0.5546875 0.7824074074074074 0.55625 0.7759259259259259 0.5536458333333333 0.7546296296296297 0.5557291666666667 0.7305555555555555 0.5494791666666666 0.7083333333333334 0.5473958333333333 0.7083333333333334 0.5447916666666667 0.7166666666666667 0.5432291666666667 0.7333333333333333 0.5401041666666667 0.7425925925925926 0.5411458333333333 0.7703703703703704 0.5385416666666667 0.7787037037037037
4 0.3802083333333333 0.7055555555555556 0.38645833333333335 0.7083333333333334 0.39010416666666664 0.7046296296296296 0.3885416666666667 0.687962962962963 0.39010416666666664 0.6694444444444444 0.38697916666666665 0.6462962962962963 0.384375 0.6425925925925926 0.3807291666666667 0.6472222222222223 0.37916666666666665 0.6527777777777778 0.3802083333333333 0.7055555555555556
4 0.5953125 0.6703703703703704 0.6010416666666667 0.6814814814814815 0.6015625 0.6972222222222222 0.6052083333333333 0.6990740740740741 0.609375 0.6935185185185185 0.6088541666666667 0.6759259259259259 0.6109375 0.6592592592592592 0.609375 0.649074074074074 0.6041666666666666 0.637962962962963 0.6 0.6416666666666667 0.5994791666666667 0.6574074074074074 0.5953125 0.6703703703703704
5 0.31666666666666665 0.7638888888888888 0.3260416666666667 0.7592592592592593 0.3260416666666667 0.7518518518518519 0.3223958333333333 0.7435185185185185 0.3255208333333333 0.712037037037037 0.321875 0.6972222222222222 0.3177083333333333 0.6935185185185185 0.3098958333333333 0.7138888888888889 0.31302083333333336 0.7620370370370371 0.31666666666666665 0.7638888888888888
5 0.5046875 0.7324074074074074 0.5177083333333333 0.7324074074074074 0.521875 0.7277777777777777 0.5171875 0.7083333333333334 0.5057291666666667 0.7129629629629629 0.5020833333333333 0.7222222222222222 0.5015625 0.7287037037037037 0.5046875 0.7324074074074074
5 0.07604166666666666 0.6509259259259259 0.08229166666666667 0.65 0.0828125 0.6231481481481481 0.08072916666666667 0.6037037037037037 0.07604166666666666 0.6018518518518519 0.0734375 0.6138888888888889 0.0734375 0.6462962962962963 0.07604166666666666 0.6509259259259259
5 0.20416666666666666 0.6657407407407407 0.2046875 0.6861111111111111 0.21145833333333333 0.6916666666666667 0.2171875 0.687962962962963 0.22135416666666666 0.6907407407407408 0.22395833333333334 0.6888888888888889 0.2203125 0.637962962962963 0.21666666666666667 0.6333333333333333 0.2125 0.6361111111111111 0.21145833333333333 0.649074074074074 0.20416666666666666 0.6657407407407407
4 0.4822916666666667 0.7092592592592593 0.4859375 0.7175925925925926 0.4901041666666667 0.7194444444444444 0.49375 0.7046296296296296 0.49270833333333336 0.6925925925925925 0.49583333333333335 0.674074074074074 0.48802083333333335 0.6592592592592592 0.484375 0.6611111111111111 0.48125 0.6685185185185185 0.4822916666666667 0.7092592592592593
4 0.008854166666666666 0.6916666666666667 0.009375 0.7157407407407408 0.0125 0.7194444444444444 0.020833333333333332 0.7194444444444444 0.022395833333333334 0.7157407407407408 0.015625 0.6620370370370371 0.0125 0.6537037037037037 0.0067708333333333336 0.6574074074074074 0.003125 0.6787037037037037 0.008854166666666666 0.6916666666666667
3 0.4171875 0.6962962962962963 0.43125 0.700925925925926 0.4359375 0.6583333333333333 0.4328125 0.6546296296296297 0.43072916666666666 0.6370370370370371 0.4270833333333333 0.6351851851851852 0.425 0.6388888888888888 0.42135416666666664 0.6555555555555556 0.42135416666666664 0.6759259259259259 0.4171875 0.6962962962962963
5 0.20885416666666667 0.7157407407407408 0.2109375 0.7129629629629629 0.21510416666666668 0.6731481481481482 0.21302083333333333 0.6546296296296297 0.20885416666666667 0.6537037037037037 0.203125 0.6694444444444444 0.2015625 0.712037037037037 0.20885416666666667 0.7157407407407408
3 0.7791666666666667 0.912962962962963 0.7921875 0.9101851851851852 0.7953125 0.9157407407407407 0.796875 0.9055555555555556 0.7947916666666667 0.8648148148148148 0.796875 0.8472222222222222 0.790625 0.825 0.7859375 0.8296296296296296 0.784375 0.862037037037037 0.7807291666666667 0.8759259259259259 0.78125 0.8962962962962963 0.7791666666666667 0.912962962962963
5 0.0067708333333333336 0.6601851851851852 0.013541666666666667 0.6592592592592592 0.0125 0.6259259259259259 0.010416666666666666 0.6231481481481481 0.00625 0.6259259259259259 0.005729166666666666 0.6574074074074074 0.0067708333333333336 0.6601851851851852
4 0 0.7731481481481481 0.005729166666666666 0.7796296296296297 0.009895833333333333 0.7759259259259259 0.009895833333333333 0.7703703703703704 0.0020833333333333333 0.7574074074074074 0.003125 0.725925925925926 0.0015625 0.7194444444444444 0 0.7194444444444444 0 0.7731481481481481
4 0.5203125 0.7046296296296296 0.5239583333333333 0.7166666666666667 0.5265625 0.7175925925925926 0.5296875 0.7129629629629629 0.5317708333333333 0.6759259259259259 0.5265625 0.6574074074074074 0.5229166666666667 0.6611111111111111 0.5192708333333333 0.6759259259259259 0.5203125 0.7046296296296296
4 0.1 0.6666666666666666 0.10208333333333333 0.6620370370370371 0.10052083333333334 0.6277777777777778 0.0953125 0.6148148148148148 0.09114583333333333 0.6185185185185185 0.09010416666666667 0.6648148148148149 0.1 0.6666666666666666
3 0.09166666666666666 0.5842592592592593 0.09427083333333333 0.5842592592592593 0.09895833333333333 0.5638888888888889 0.0984375 0.5564814814814815 0.0953125 0.5472222222222223 0.0890625 0.549074074074074 0.0890625 0.5712962962962963 0.09166666666666666 0.5842592592592593
3 0.3067708333333333 0.5796296296296296 0.309375 0.575925925925926 0.31197916666666664 0.5444444444444444 0.3109375 0.5361111111111111 0.30625 0.5305555555555556 0.303125 0.5314814814814814 0.3015625 0.5370370370370371 0.3020833333333333 0.575925925925926 0.3067708333333333 0.5796296296296296
5 0.4317708333333333 0.7111111111111111 0.43333333333333335 0.7046296296296296 0.4395833333333333 0.7 0.44375 0.7129629629629629 0.446875 0.7083333333333334 0.4427083333333333 0.6805555555555556 0.44166666666666665 0.6546296296296297 0.4375 0.6537037037037037 0.4348958333333333 0.6620370370370371 0.42916666666666664 0.700925925925926 0.4317708333333333 0.7111111111111111