5 0.2604166666666667 0.6231481481481481 0.2635416666666667 0.637962962962963 0.2677083333333333 0.6388888888888888 0.27239583333333334 0.6074074074074074 0.2635416666666667 0.5888888888888889 0.25885416666666666 0.5944444444444444 0.25833333333333336 0.612037037037037 0.2604166666666667 0.6231481481481481
4 0.5484375 0.6055555555555555 0.5515625 0.6101851851851852 0.5583333333333333 0.6083333333333333 0.5557291666666667 0.5768518518518518 0.5489583333333333 0.5731481481481482 0.5447916666666667 0.5787037037037037 0.5447916666666667 0.5916666666666667 0.5484375 0.6055555555555555
3 0.3536458333333333 0.6583333333333333 0.35885416666666664 0.6611111111111111 0.3619791666666667 0.6527777777777778 0.36770833333333336 0.6527777777777778 0.36770833333333336 0.6583333333333333 0.37135416666666665 0.6592592592592592 0.3723958333333333 0.6555555555555556 0.36822916666666666 0.6407407407407407 0.3692708333333333 0.6148148148148148 0.3651041666666667 0.6027777777777777 0.35989583333333336 0.6064814814814815 0.35989583333333336 0.6175925925925926 0.3567708333333333 0.6296296296296297 0.35885416666666664 0.6398148148148148 0.3536458333333333 0.6583333333333333
4 0.3567708333333333 0.5962962962962963 0.35833333333333334 0.6046296296296296 0.3625 0.6101851851851852 0.365625 0.6074074074074074 0.3692708333333333 0.5944444444444444 0.3651041666666667 0.5768518518518518 0.359375 0.575 0.3567708333333333 0.5842592592592593 0.3567708333333333 0.5962962962962963
4 0.5916666666666667 0.7324074074074074 0.5958333333333333 0.7462962962962963 0.6005208333333333 0.7472222222222222 0.6088541666666667 0.7157407407407408 0.6083333333333333 0.6814814814814815 0.603125 0.6814814814814815 0.5979166666666667 0.6990740740740741 0.596875 0.7157407407407408 0.5916666666666667 0.7324074074074074
4 0.146875 0.674074074074074 0.15 0.6583333333333333 0.15208333333333332 0.6259259259259259 0.14635416666666667 0.6111111111111112 0.13854166666666667 0.6268518518518519 0.1375 0.6370370370370371 0.1390625 0.6731481481481482 0.146875 0.674074074074074
4 0.3109375 0.7240740740740741 0.31145833333333334 0.7527777777777778 0.31302083333333336 0.7564814814814815 0.31614583333333335 0.7555555555555555 0.32083333333333336 0.7231481481481481 0.32760416666666664 0.7166666666666667 0.32447916666666665 0.7018518518518518 0.3182291666666667 0.687962962962963 0.3140625 0.687962962962963 0.303125 0.7138888888888889 0.3026041666666667 0.7166666666666667 0.3109375 0.7240740740740741
5 0.1734375 0.7101851851851851 0.18177083333333333 0.7074074074074074 0.18385416666666668 0.7037037037037037 0.18072916666666666 0.65 0.17760416666666667 0.6462962962962963 0.17552083333333332 0.6481481481481481 0.17135416666666667 0.6592592592592592 0.17135416666666667 0.7074074074074074 0.1734375 0.7101851851851851
5 0.653125 0.7620370370370371 0.6697916666666667 0.762962962962963 0.665625 0.7074074074074074 0.6625 0.7027777777777777 0.6598958333333333 0.7037037037037037 0.65625 0.7185185185185186 0.6567708333333333 0.7296296296296296 0.653125 0.7620370370370371
5 0.3854166666666667 0.7203703703703703 0.39010416666666664 0.7203703703703703 0.3921875 0.7175925925925926 0.39479166666666665 0.6712962962962963 0.3885416666666667 0.6574074074074074 0.384375 0.6648148148148149 0.38385416666666666 0.7166666666666667 0.3854166666666667 0.7203703703703703
5 0.6109375 0.6305555555555555 0.6140625 0.6296296296296297 0.615625 0.6018518518518519 0.6135416666666667 0.5907407407407408 0.609375 0.5898148148148148 0.6072916666666667 0.5990740740740741 0.6083333333333333 0.6259259259259259 0.6109375 0.6305555555555555
5 0.5119791666666667 0.6888888888888889 0.5140625 0.6824074074074075 0.5104166666666666 0.6657407407407407 0.5083333333333333 0.637962962962963 0.5057291666666667 0.6324074074074074 0.5015625 0.6351851851851852 0.5020833333333333 0.6888888888888889 0.5119791666666667 0.6888888888888889
4 0.6411458333333333 0.7055555555555556 0.640625 0.7240740740740741 0.6463541666666667 0.725925925925926 0.65 0.7166666666666667 0.6489583333333333 0.7092592592592593 0.6536458333333334 0.6694444444444444 0.6479166666666667 0.6574074074074074 0.6421875 0.6583333333333333 0.6385416666666667 0.6805555555555556 0.6411458333333333 0.7055555555555556
3 0.103125 0.5944444444444444 0.10625 0.5935185185185186 0.11302083333333333 0.5796296296296296 0.11354166666666667 0.5638888888888889 0.10677083333333333 0.5564814814814815 0.10208333333333333 0.5638888888888889 0.10104166666666667 0.5712962962962963 0.10104166666666667 0.5907407407407408 0.103125 0.5944444444444444
3 0.8817708333333333 0.9398148148148148 0.8807291666666667 0.9546296296296296 0.8885416666666667 0.9490740740740741 0.8875 0.9425925925925925 0.8963541666666667 0.9120370370370371 0.8958333333333334 0.8842592592592593 0.8880208333333334 0.8666666666666667 0.884375 0.8648148148148148 0.878125 0.8851851851851852 0.8770833333333333 0.8962962962962963 0.8765625 0.9203703703703704 0.8817708333333333 0.9398148148148148
5 0.6484375 0.6583333333333333 0.6510416666666666 0.6685185185185185 0.6578125 0.6703703703703704 0.6604166666666667 0.6620370370370371 0.665625 0.662962962962963 0.6661458333333333 0.6592592592592592 0.6625 0.6546296296296297 0.6567708333333333 0.6203703703703703 0.6536458333333334 0.6166666666666667 0.6510416666666666 0.6222222222222222 0.6520833333333333 0.6518518518518519 0.6484375 0.6583333333333333
5 0.653125 0.674074074074074 0.6578125 0.7018518518518518 0.6640625 0.7046296296296296 0.6692708333333334 0.674074074074074 0.6682291666666667 0.6574074074074074 0.659375 0.6453703703703704 0.6541666666666667 0.6472222222222223 0.6515625 0.6546296296296297 0.65 0.6694444444444444 0.653125 0.674074074074074
5 0.30625 0.6592592592592592 0.3182291666666667 0.6611111111111111 0.31666666666666665 0.6194444444444445 0.31354166666666666 0.6083333333333333 0.30885416666666665 0.6074074074074074 0.309375 0.6425925925925926 0.30625 0.6592592592592592
4 0.10833333333333334 0.6305555555555555 0.11197916666666667 0.6324074074074074 0.1140625 0.6305555555555555 0.11614583333333334 0.6157407407407407 0.11510416666666666 0.5879629629629629 0.1109375 0.5824074074074074 0.1015625 0.5898148148148148 0.10729166666666666 0.6092592592592593 0.10833333333333334 0.6305555555555555
3 0.4041666666666667 0.5953703703703703 0.409375 0.5638888888888889 0.4036458333333333 0.5481481481481482 0.4 0.5518518518518518 0.4 0.5907407407407408 0.4041666666666667 0.5953703703703703
4 0.14947916666666666 0.6314814814814815 0.15416666666666667 0.6268518518518519 0.15 0.6055555555555555 0.14635416666666667 0.6055555555555555 0.14166666666666666 0.6175925925925926 0.14166666666666666 0.625 0.14947916666666666 0.6314814814814815
4 0.2994791666666667 0.6370370370370371 0.2984375 0.6546296296296297 0.3046875 0.6574074074074074 0.309375 0.6231481481481481 0.3067708333333333 0.6064814814814815 0.3026041666666667 0.6046296296296296 0.29583333333333334 0.6222222222222222 0.2953125 0.6268518518518519 0.2994791666666667 0.6370370370370371
5 0.0578125 0.7166666666666667 0.07552083333333333 0.7231481481481481 0.07708333333333334 0.7185185185185186 0.07239583333333334 0.6990740740740741 0.075 0.6851851851851852 0.07239583333333334 0.6768518518518518 0.071875 0.6546296296296297 0.06822916666666666 0.6537037037037037 0.06510416666666667 0.6657407407407407 0.0640625 0.6972222222222222 0.0578125 0.7166666666666667