4 0.7244791666666667 0.5962962962962963 0.7286458333333333 0.5888888888888889 0.7291666666666666 0.562037037037037 0.7244791666666667 0.549074074074074 0.7208333333333333 0.5527777777777778 0.7192708333333333 0.5703703703703704 0.7192708333333333 0.5925925925925926 0.7244791666666667 0.5962962962962963
4 0.7364583333333333 0.6712962962962963 0.7401041666666667 0.6666666666666666 0.7411458333333333 0.6425925925925926 0.7442708333333333 0.6305555555555555 0.7364583333333333 0.6129629629629629 0.7317708333333334 0.6231481481481481 0.7265625 0.6694444444444444 0.7364583333333333 0.6712962962962963
4 0.478125 0.6092592592592593 0.4822916666666667 0.6092592592592593 0.48385416666666664 0.6064814814814815 0.48489583333333336 0.5796296296296296 0.4817708333333333 0.5601851851851852 0.478125 0.5592592592592592 0.47552083333333334 0.5796296296296296 0.475 0.6037037037037037 0.478125 0.6092592592592593
4 0.2359375 0.5916666666666667 0.23802083333333332 0.5861111111111111 0.234375 0.55 0.23229166666666667 0.5435185185185185 0.2265625 0.5462962962962963 0.228125 0.5879629629629629 0.2359375 0.5916666666666667
5 0.3807291666666667 0.637962962962963 0.3828125 0.6194444444444445 0.3880208333333333 0.6064814814814815 0.37916666666666665 0.600925925925926 0.37447916666666664 0.6074074074074074 0.37604166666666666 0.6351851851851852 0.3807291666666667 0.637962962962963
5 0.21979166666666666 0.6666666666666666 0.225 0.6722222222222223 0.22708333333333333 0.6694444444444444 0.22916666666666666 0.6435185185185185 0.2265625 0.6148148148148148 0.221875 0.6129629629629629 0.21666666666666667 0.6259259259259259 0.21614583333333334 0.6425925925925926 0.21979166666666666 0.6666666666666666
5 0.2046875 0.6138888888888889 0.21458333333333332 0.6148148148148148 0.20989583333333334 0.5675925925925925 0.2046875 0.5675925925925925 0.2015625 0.5787037037037037 0.2046875 0.6138888888888889
3 0.12760416666666666 0.5564814814814815 0.13385416666666666 0.562962962962963 0.13697916666666668 0.562037037037037 0.13802083333333334 0.5333333333333333 0.134375 0.5259259259259259 0.128125 0.5333333333333333 0.1296875 0.5472222222222223 0.12760416666666666 0.5564814814814815
5 0.50625 0.5638888888888889 0.5078125 0.5879629629629629 0.509375 0.5898148148148148 0.5151041666666667 0.575925925925926 0.515625 0.5518518518518518 0.509375 0.5444444444444444 0.509375 0.5481481481481482 0.5057291666666667 0.5518518518518518 0.5036458333333333 0.5611111111111111 0.50625 0.5638888888888889
4 0.5380208333333333 0.6388888888888888 0.5416666666666666 0.6583333333333333 0.5453125 0.6601851851851852 0.5505208333333333 0.6481481481481481 0.5520833333333334 0.6175925925925926 0.5484375 0.6092592592592593 0.5432291666666667 0.6083333333333333 0.5369791666666667 0.6194444444444445 0.5354166666666667 0.6361111111111111 0.5380208333333333 0.6388888888888888
4 0.6411458333333333 0.5842592592592593 0.640625 0.6222222222222222 0.6546875 0.6231481481481481 0.6557291666666667 0.6166666666666667 0.6520833333333333 0.6046296296296296 0.6541666666666667 0.5981481481481481 0.6578125 0.5962962962962963 0.6578125 0.5833333333333334 0.6510416666666666 0.575 0.6411458333333333 0.5731481481481482 0.6380208333333334 0.5787037037037037 0.6411458333333333 0.5842592592592593
5 0.3411458333333333 0.575 0.34322916666666664 0.6 0.346875 0.6027777777777777 0.3494791666666667 0.5879629629629629 0.3536458333333333 0.5824074074074074 0.3541666666666667 0.5666666666666667 0.353125 0.562962962962963 0.3453125 0.5611111111111111 0.3411458333333333 0.5638888888888889 0.3411458333333333 0.575
5 0.5666666666666667 0.5805555555555556 0.5744791666666667 0.5824074074074074 0.5776041666666667 0.5796296296296296 0.5776041666666667 0.55 0.575 0.5407407407407407 0.5708333333333333 0.537962962962963 0.5666666666666667 0.5444444444444444 0.5666666666666667 0.5805555555555556
5 0.11041666666666666 0.575925925925926 0.11302083333333333 0.575925925925926 0.11666666666666667 0.5324074074074074 0.1078125 0.5333333333333333 0.10885416666666667 0.5712962962962963 0.11041666666666666 0.575925925925926
4 0.6380208333333334 0.5842592592592593 0.6427083333333333 0.5842592592592593 0.6447916666666667 0.5796296296296296 0.6458333333333334 0.5472222222222223 0.6421875 0.5370370370370371 0.6385416666666667 0.537962962962963 0.6364583333333333 0.5444444444444444 0.6359375 0.5805555555555556 0.6380208333333334 0.5842592592592593
4 0.653125 0.5981481481481481 0.6572916666666667 0.5972222222222222 0.6604166666666667 0.5648148148148148 0.6552083333333333 0.5518518518518518 0.6489583333333333 0.5601851851851852 0.65 0.5916666666666667 0.653125 0.5981481481481481
5 0.540625 0.612037037037037 0.5484375 0.6092592592592593 0.5494791666666666 0.6027777777777777 0.5473958333333333 0.5916666666666667 0.5421875 0.5879629629629629 0.5385416666666667 0.5944444444444444 0.540625 0.612037037037037
3 0.5338541666666666 0.637962962962963 0.5380208333333333 0.6388888888888888 0.5432291666666667 0.5907407407407408 0.5395833333333333 0.5824074074074074 0.5369791666666667 0.5833333333333334 0.5338541666666666 0.5916666666666667 0.5333333333333333 0.6342592592592593 0.5338541666666666 0.637962962962963
5 0.5916666666666667 0.5796296296296296 0.5947916666666667 0.5787037037037037 0.5958333333333333 0.5685185185185185 0.59375 0.5444444444444444 0.5916666666666667 0.5361111111111111 0.5880208333333333 0.5398148148148149 0.5885416666666666 0.5675925925925925 0.5916666666666667 0.5796296296296296
3 0.9932291666666667 0.9203703703703704 0.9994791666666667 0.9203703703703704 0.9994791666666667 0.8416666666666667 0.9963541666666667 0.8444444444444444 0.99375 0.8537037037037037 0.9875 0.9083333333333333 0.9932291666666667 0.9203703703703704
4 0.34322916666666664 0.575925925925926 0.353125 0.575925925925926 0.35833333333333334 0.5583333333333333 0.35833333333333334 0.5481481481481482 0.3489583333333333 0.5388888888888889 0.3416666666666667 0.5638888888888889 0.3411458333333333 0.5712962962962963 0.34322916666666664 0.575925925925926
4 0.5213541666666667 0.5787037037037037 0.5244791666666667 0.562962962962963 0.5239583333333333 0.5444444444444444 0.5213541666666667 0.5324074074074074 0.5171875 0.5351851851851852 0.5151041666666667 0.5435185185185185 0.5145833333333333 0.575925925925926 0.5213541666666667 0.5787037037037037