4 0.4234375 0.6305555555555555 0.4270833333333333 0.6351851851851852 0.43125 0.6342592592592593 0.43385416666666665 0.6148148148148148 0.4317708333333333 0.5990740740740741 0.4270833333333333 0.5935185185185186 0.42291666666666666 0.6018518518518519 0.42135416666666664 0.6083333333333333 0.4234375 0.6305555555555555
4 0.4421875 0.7092592592592593 0.4427083333333333 0.7296296296296296 0.446875 0.7324074074074074 0.44947916666666665 0.7277777777777777 0.44947916666666665 0.712037037037037 0.45260416666666664 0.700925925925926 0.453125 0.687037037037037 0.4473958333333333 0.674074074074074 0.4432291666666667 0.6759259259259259 0.4395833333333333 0.700925925925926 0.4421875 0.7092592592592593
5 0.428125 0.6574074074074074 0.43072916666666666 0.6888888888888889 0.4322916666666667 0.6898148148148148 0.44166666666666665 0.6731481481481482 0.44166666666666665 0.6342592592592593 0.4354166666666667 0.6324074074074074 0.43072916666666666 0.6388888888888888 0.43125 0.6462962962962963 0.428125 0.6574074074074074
5 0.5125 0.6657407407407407 0.5130208333333334 0.6583333333333333 0.5182291666666666 0.6537037037037037 0.5192708333333333 0.6453703703703704 0.5135416666666667 0.6203703703703703 0.5098958333333333 0.6203703703703703 0.5078125 0.6259259259259259 0.5067708333333333 0.6407407407407407 0.5067708333333333 0.6620370370370371 0.5125 0.6657407407407407
4 0.9104166666666667 0.6805555555555556 0.9109375 0.6907407407407408 0.9171875 0.6962962962962963 0.9192708333333334 0.6935185185185185 0.9223958333333333 0.674074074074074 0.9213541666666667 0.6546296296296297 0.915625 0.6462962962962963 0.9083333333333333 0.6611111111111111 0.9083333333333333 0.6768518518518518 0.9104166666666667 0.6805555555555556
5 0.8182291666666667 0.7638888888888888 0.83125 0.762962962962963 0.8338541666666667 0.7657407407407407 0.8369791666666667 0.762962962962963 0.8322916666666667 0.7472222222222222 0.8307291666666666 0.7101851851851851 0.8260416666666667 0.7055555555555556 0.8244791666666667 0.712037037037037 0.821875 0.7462962962962963 0.8182291666666667 0.7638888888888888
0 0.21979166666666666 0.6444444444444445 0.22395833333333334 0.6444444444444445 0.2265625 0.6388888888888888 0.22447916666666667 0.6333333333333333 0.21927083333333333 0.6351851851851852 0.21770833333333334 0.6425925925925926 0.21979166666666666 0.6444444444444445
5 0.9666666666666667 0.7240740740740741 0.9692708333333333 0.6935185185185185 0.9666666666666667 0.6685185185185185 0.9630208333333333 0.6685185185185185 0.9609375 0.6731481481481482 0.9578125 0.700925925925926 0.9578125 0.7231481481481481 0.9666666666666667 0.7240740740740741
4 0.7192708333333333 0.7111111111111111 0.7359375 0.712037037037037 0.7328125 0.6981481481481482 0.7333333333333333 0.6694444444444444 0.7286458333333333 0.6592592592592592 0.7255208333333333 0.6657407407407407 0.7244791666666667 0.6842592592592592 0.7192708333333333 0.7111111111111111
4 0.696875 0.6472222222222223 0.7 0.6435185185185185 0.7020833333333333 0.6064814814814815 0.69375 0.6064814814814815 0.6927083333333334 0.6416666666666667 0.696875 0.6472222222222223
3 0.8963541666666667 0.625 0.8989583333333333 0.5962962962962963 0.8963541666666667 0.5879629629629629 0.8932291666666666 0.5861111111111111 0.8901041666666667 0.5925925925925926 0.8901041666666667 0.6222222222222222 0.8963541666666667 0.625
5 0.2203125 0.6370370370370371 0.22291666666666668 0.649074074074074 0.22135416666666666 0.6657407407407407 0.2234375 0.6712962962962963 0.23125 0.6703703703703704 0.23333333333333334 0.6657407407407407 0.23125 0.6231481481481481 0.225 0.625 0.22395833333333334 0.6324074074074074 0.2203125 0.6370370370370371
4 0.9479166666666666 0.7296296296296296 0.9505208333333334 0.7222222222222222 0.95 0.6851851851851852 0.9463541666666667 0.6759259259259259 0.9427083333333334 0.675 0.9375 0.6888888888888889 0.9385416666666667 0.7277777777777777 0.9479166666666666 0.7296296296296296
3 0.9625 0.9351851851851852 0.9697916666666667 0.9351851851851852 0.9729166666666667 0.937962962962963 0.9739583333333334 0.9481481481481482 0.9822916666666667 0.95 0.9859375 0.937962962962963 0.990625 0.8944444444444445 0.9901041666666667 0.8833333333333333 0.9817708333333334 0.862037037037037 0.971875 0.8842592592592593 0.9708333333333333 0.9138888888888889 0.9625 0.9351851851851852
4 0.5989583333333334 0.674074074074074 0.6109375 0.6759259259259259 0.6125 0.6731481481481482 0.6083333333333333 0.6287037037037037 0.6041666666666666 0.6287037037037037 0.6010416666666667 0.637962962962963 0.5973958333333333 0.6703703703703704 0.5989583333333334 0.674074074074074
3 0.4317708333333333 0.5861111111111111 0.4359375 0.5879629629629629 0.4421875 0.5805555555555556 0.44583333333333336 0.587037037037037 0.44895833333333335 0.5842592592592593 0.4510416666666667 0.5648148148148148 0.44895833333333335 0.5574074074074075 0.4354166666666667 0.5583333333333333 0.43072916666666666 0.5657407407407408 0.43020833333333336 0.5833333333333334 0.4317708333333333 0.5861111111111111
4 0.7229166666666667 0.7592592592592593 0.7234375 0.7648148148148148 0.7317708333333334 0.7620370370370371 0.734375 0.7694444444444445 0.7375 0.7703703703703704 0.7390625 0.7685185185185185 0.7375 0.7129629629629629 0.7322916666666667 0.7027777777777777 0.7291666666666666 0.7083333333333334 0.7286458333333333 0.7453703703703703 0.7229166666666667 0.7592592592592593
2 0.24010416666666667 0.6425925925925926 0.253125 0.6416666666666667 0.2515625 0.6064814814814815 0.24791666666666667 0.5962962962962963 0.24479166666666666 0.5990740740740741 0.24375 0.6055555555555555 0.24375 0.6222222222222222 0.24010416666666667 0.6425925925925926
5 0.6541666666666667 0.6657407407407407 0.6598958333333333 0.6657407407407407 0.6614583333333334 0.649074074074074 0.6583333333333333 0.6222222222222222 0.6552083333333333 0.625 0.6536458333333334 0.6342592592592593 0.6520833333333333 0.6611111111111111 0.6541666666666667 0.6657407407407407
5 0.28072916666666664 0.6166666666666667 0.28020833333333334 0.6324074074074074 0.2828125 0.6351851851851852 0.2875 0.6305555555555555 0.2890625 0.6027777777777777 0.2864583333333333 0.5916666666666667 0.28229166666666666 0.5935185185185186 0.278125 0.6083333333333333 0.28072916666666664 0.6166666666666667
5 0.3770833333333333 0.6435185185185185 0.3828125 0.6287037037037037 0.37864583333333335 0.6027777777777777 0.37604166666666666 0.6027777777777777 0.3723958333333333 0.625 0.371875 0.6398148148148148 0.3770833333333333 0.6435185185185185
5 0.3338541666666667 0.7129629629629629 0.3390625 0.7074074074074074 0.34270833333333334 0.6731481481481482 0.3380208333333333 0.6564814814814814 0.33489583333333334 0.6583333333333333 0.3307291666666667 0.6694444444444444 0.3296875 0.6851851851851852 0.3338541666666667 0.7129629629629629
5 0.434375 0.674074074074074 0.43645833333333334 0.675 0.4421875 0.6675925925925926 0.44166666666666665 0.6259259259259259 0.43697916666666664 0.625 0.43333333333333335 0.6351851851851852 0.43125 0.6537037037037037 0.434375 0.674074074074074
3 0.5208333333333334 0.6657407407407407 0.5192708333333333 0.6731481481481482 0.5286458333333334 0.6768518518518518 0.5276041666666667 0.6694444444444444 0.53125 0.65 0.5291666666666667 0.6342592592592593 0.525 0.6259259259259259 0.5197916666666667 0.6342592592592593 0.51875 0.6546296296296297 0.5208333333333334 0.6657407407407407
5 0.5791666666666667 0.6907407407407408 0.5791666666666667 0.700925925925926 0.5838541666666667 0.7027777777777777 0.5864583333333333 0.6787037037037037 0.5895833333333333 0.6694444444444444 0.5838541666666667 0.6518518518518519 0.5802083333333333 0.6527777777777778 0.5776041666666667 0.6592592592592592 0.5755208333333334 0.6777777777777778 0.5791666666666667 0.6907407407407408
4 0.384375 0.6666666666666666 0.3921875 0.6675925925925926 0.39479166666666665 0.6648148148148149 0.3927083333333333 0.6472222222222223 0.39375 0.6231481481481481 0.3885416666666667 0.6175925925925926 0.38333333333333336 0.6305555555555555 0.3828125 0.662962962962963 0.384375 0.6666666666666666