4 0.5911458333333334 0.7296296296296296 0.590625 0.7398148148148148 0.5921875 0.7425925925925926 0.6026041666666667 0.7324074074074074 0.6072916666666667 0.7425925925925926 0.6098958333333333 0.7231481481481481 0.6083333333333333 0.7083333333333334 0.6109375 0.6953703703703704 0.6130208333333333 0.6935185185185185 0.6125 0.6888888888888889 0.6036458333333333 0.6703703703703704 0.5947916666666667 0.6888888888888889 0.5979166666666667 0.7148148148148148 0.5911458333333334 0.7296296296296296
4 0.7135416666666666 0.6027777777777777 0.7161458333333334 0.6126546296296297 0.7177083333333333 0.6296296296296297 0.7161458333333334 0.6425925925925926 0.725 0.6342592592592593 0.7270833333333333 0.6407407407407407 0.7302083333333333 0.6416666666666667 0.7317708333333334 0.6398148148148148 0.7307291666666667 0.6268518518518519 0.7260416666666667 0.6148148148148148 0.7276041666666667 0.6 0.7244791666666667 0.5916666666666667 0.7208333333333333 0.5925925925925926 0.709375 0.5990740740740741 0.7135416666666666 0.6027777777777777
5 0.0125 0.649074074074074 0.008333333333333333 0.6564814814814814 0.004166666666666667 0.6583333333333333 0.0026041666666666665 0.6666666666666666 0.005729166666666666 0.6694444444444444 0.008333333333333333 0.6638888888888889 0.016666666666666666 0.6592592592592592 0.019791666666666666 0.6685185185185185 0.019270833333333334 0.6731481481481482 0.021354166666666667 0.6768518518518518 0.025520833333333333 0.6768518518518518 0.028125 0.6703703703703704 0.0234375 0.6416666666666667 0.023958333333333335 0.6175925925925926 0.021354166666666667 0.6111111111111112 0.018229166666666668 0.6148148148148148 0.013541666666666667 0.6342592592592593 0.0125 0.649074074074074
4 0.6302083333333334 0.6212962962962963 0.6328125 0.6222222222222222 0.6364583333333333 0.6175925925925926 0.6427083333333333 0.6240740740740741 0.6484375 0.6222222222222222 0.6447916666666667 0.5916666666666667 0.6390625 0.5722222222222222 0.6354166666666666 0.575925925925926 0.6328125 0.5879629629629629 0.6338541666666667 0.6055555555555555 0.6302083333333334 0.6212962962962963
0 0.7046875 0.5564814814814815 0.7057291666666666 0.5435185185185185 0.7041666666666667 0.5333333333333333 0.7015625 0.5296296296296297 0.6932291666666667 0.5314814814814814 0.69375 0.5546296296296296 0.7046875 0.5564814814814815
3 0.11197916666666667 0.5768518518518518 0.11927083333333334 0.5833333333333334 0.12552083333333333 0.5527777777777778 0.12395833333333334 0.5370370370370371 0.1171875 0.5342592592592592 0.11145833333333334 0.5370370370370371 0.109375 0.5425925925925926 0.10885416666666667 0.5583333333333333 0.11197916666666667 0.5768518518518518
4 0.6838541666666667 0.6685185185185185 0.6875 0.6824074074074075 0.6921875 0.6833333333333333 0.69375 0.6814814814814815 0.6890625 0.6583333333333333 0.6890625 0.6481481481481481 0.6916666666666667 0.6416666666666667 0.6854166666666667 0.6203703703703703 0.6765625 0.6240740740740741 0.6744791666666666 0.6611111111111111 0.6838541666666667 0.6685185185185185
3 0.3671875 0.6435185185185185 0.36875 0.6462962962962963 0.371875 0.6435185185185185 0.3770833333333333 0.6453703703703704 0.3807291666666667 0.6592592592592592 0.38385416666666666 0.6555555555555556 0.3848958333333333 0.6407407407407407 0.384375 0.6 0.3807291666666667 0.5944444444444444 0.37604166666666666 0.6064814814814815 0.37552083333333336 0.6287037037037037 0.3671875 0.6435185185185185
4 0.0984375 0.6685185185185185 0.09947916666666666 0.6759259259259259 0.103125 0.674074074074074 0.10520833333333333 0.6666666666666666 0.11041666666666666 0.6666666666666666 0.1109375 0.674074074074074 0.11510416666666666 0.6759259259259259 0.1171875 0.6620370370370371 0.1171875 0.6185185185185185 0.115625 0.6138888888888889 0.10885416666666667 0.6231481481481481 0.10416666666666667 0.637962962962963 0.10416666666666667 0.65 0.0984375 0.6685185185185185
4 0.009375 0.75 0.011458333333333333 0.7481481481481481 0.0109375 0.7416666666666667 0.015625 0.7157407407407408 0.011458333333333333 0.6768518518518518 0.005729166666666666 0.675 0.003125 0.6814814814814815 0.0026041666666666665 0.7472222222222222 0.009375 0.75
5 0.5213541666666667 0.7351851851851852 0.5213541666666667 0.7462962962962963 0.5161458333333333 0.7675925925925926 0.5213541666666667 0.7703703703703704 0.5302083333333333 0.7462962962962963 0.5307291666666667 0.7336416666666666 0.534375 0.7194444444444444 0.5291666666666667 0.6944444444444444 0.5255208333333333 0.6944444444444444 0.5166666666666667 0.7129629629629629 0.5166666666666667 0.7203703703703703 0.5213541666666667 0.7351851851851852
4 0.28489583333333335 0.6842592592592592 0.2890625 0.6824074074074075 0.2989583333333333 0.6620370370370371 0.2994791666666667 0.6407407407407407 0.296875 0.625 0.2916666666666667 0.6268518518518519 0.2869791666666667 0.6518518518518519 0.28229166666666666 0.6805555555555556 0.28489583333333335 0.6842592592592592
1 0.9625 0.6546296296296297 0.9708333333333333 0.6620370370370371 0.9755208333333333 0.6620370370370371 0.9765625 0.6222222222222222 0.9708333333333333 0.6101851851851852 0.9619791666666667 0.6046296296296296 0.9604166666666667 0.612037037037037 0.9625 0.6546296296296297
5 0.6338541666666667 0.6324074074074074 0.6395833333333333 0.6537037037037037 0.64375 0.6620370370370371 0.6484375 0.6620370370370371 0.64375 0.6314814814814815 0.646875 0.6231481481481481 0.6442708333333333 0.6074074074074074 0.6380208333333334 0.6027777777777777 0.6286458333333333 0.6166666666666667 0.628125 0.6231481481481481 0.6338541666666667 0.6324074074074074
4 0.090625 0.6388888888888888 0.09114583333333333 0.6314814814814815 0.096875 0.637962962962963 0.1015625 0.6351851851851852 0.10104166666666667 0.5787037037037037 0.09739583333333333 0.5787037037037037 0.0921875 0.5879629629629629 0.084375 0.6166666666666667 0.08385416666666666 0.6398148148148148 0.090625 0.6388888888888888
5 0.125 0.8037037037037037 0.1265625 0.8074074074074075 0.12916666666666668 0.8064814814814815 0.13229166666666667 0.7916666666666666 0.1421875 0.7907407407407407 0.14166666666666666 0.8018518518518518 0.14739583333333334 0.8055555555555556 0.14947916666666666 0.7824074074074074 0.14427083333333332 0.7240740740740741 0.13958333333333334 0.725925925925926 0.134375 0.7472222222222222 0.1359375 0.7555555555555555 0.125 0.8037037037037037
5 0.18072916666666666 0.7277777777777777 0.17552083333333332 0.7481481481481481 0.17760416666666667 0.7574074074074074 0.18385416666666668 0.7574074074074074 0.1859375 0.7555555555555555 0.18489583333333334 0.75 0.18958333333333333 0.7361111111111112 0.1890625 0.7222222222222222 0.1921875 0.7129629629629629 0.18958333333333333 0.6851851851851852 0.18541666666666667 0.6833333333333333 0.18020833333333333 0.700925925925926 0.17916666666666667 0.7212962962962963 0.18072916666666666 0.7277777777777777
5 0.6890625 0.6259259259259259 0.6921875 0.6342592592592593 0.6979166666666666 0.6370370370370371 0.7 0.6305555555555555 0.69375 0.5861111111111111 0.6895833333333333 0.5861111111111111 0.6859375 0.5981481481481481 0.6822916666666666 0.6231481481481481 0.6890625 0.6259259259259259