5 0.6552083333333333 0.7 0.6583333333333333 0.7018518518518518 0.6588541666666666 0.6916666666666667 0.6630208333333333 0.6851851851851852 0.6619791666666667 0.6648148148148149 0.6536458333333334 0.6435185185185185 0.65 0.6444444444444445 0.6520833333333333 0.6888888888888889 0.6552083333333333 0.7
5 0.3541666666666667 0.6138888888888889 0.3578125 0.6157407407407407 0.3645833333333333 0.6111111111111112 0.35989583333333336 0.5777777777777777 0.35260416666666666 0.5740740740740741 0.35104166666666664 0.5787037037037037 0.35 0.5898148148148148 0.3541666666666667 0.6138888888888889
4 0.42239583333333336 0.6111111111111112 0.4276041666666667 0.6175925925925926 0.4317708333333333 0.6083333333333333 0.43072916666666666 0.575 0.4265625 0.5657407407407408 0.4234375 0.5648148148148148 0.42135416666666664 0.5703703703703704 0.4203125 0.587037037037037 0.42239583333333336 0.6111111111111112
5 0.1390625 0.6833333333333333 0.14114583333333333 0.6814814814814815 0.14114583333333333 0.6268518518518519 0.1375 0.625 0.13177083333333334 0.6416666666666667 0.13177083333333334 0.6814814814814815 0.1390625 0.6833333333333333
4 0.4671875 0.6541666666666667 0.4671875 0.6648148148148149 0.4744791666666667 0.6675925925925926 0.47708333333333336 0.6620370370370371 0.4765625 0.6222222222222222 0.4703125 0.6092592592592593 0.46458333333333335 0.6240740740740741 0.4625 0.6388888888888888 0.4671875 0.6541666666666667
5 0.4947916666666667 0.6416666666666667 0.4979166666666667 0.6472222222222223 0.5 0.637962962962963 0.4973958333333333 0.6231481481481481 0.4973958333333333 0.5972222222222222 0.49270833333333336 0.5888888888888889 0.48489583333333336 0.6037037037037037 0.48541666666666666 0.6425925925925926 0.4947916666666667 0.6416666666666667
4 0.484375 0.7305555555555555 0.49375 0.7342592592592593 0.4953125 0.7324074074074074 0.4953125 0.7203703703703703 0.49166666666666664 0.6777777777777778 0.48854166666666665 0.6648148148148149 0.484375 0.6638888888888889 0.4796875 0.6768518518518518 0.4791666666666667 0.6861111111111111 0.484375 0.7305555555555555
5 0.184375 0.7555555555555555 0.19010416666666666 0.7601851851851852 0.19166666666666668 0.7574074074074074 0.19375 0.7166666666666667 0.19114583333333332 0.6861111111111111 0.1875 0.6851851851851852 0.1796875 0.700925925925926 0.17864583333333334 0.7074074074074074 0.184375 0.7555555555555555
4 0.36822916666666666 0.6722222222222223 0.36302083333333335 0.6925925925925925 0.3651041666666667 0.6972222222222222 0.3765625 0.6981481481481482 0.378125 0.6962962962962963 0.378125 0.6722222222222223 0.3802083333333333 0.6657407407407407 0.3776041666666667 0.6481481481481481 0.378125 0.6342592592592593 0.3703125 0.6333333333333333 0.36822916666666666 0.6370370370370371 0.36666666666666664 0.6546296296296297 0.36822916666666666 0.6722222222222223
4 0.2760416666666667 0.6518518518518519 0.2791666666666667 0.6287037037037037 0.27708333333333335 0.600925925925926 0.2755208333333333 0.5972222222222222 0.271875 0.5981481481481481 0.2671875 0.6074074074074074 0.2677083333333333 0.65 0.2760416666666667 0.6518518518518519
3 0.9182291666666667 0.7666666666666667 0.915625 0.7194444444444444 0.9078125 0.7055555555555556 0.9041666666666667 0.7046296296296296 0.903125 0.7083333333333334 0.9036458333333334 0.7703703703703704 0.9182291666666667 0.7666666666666667
0 0.6244791666666667 0.6851851851851852 0.6213541666666667 0.6768518518518518 0.6171875 0.6777777777777778 0.6182291666666667 0.687037037037037 0.6244791666666667 0.6851851851851852
5 0.515625 0.700925925925926 0.5192708333333333 0.7027777777777777 0.5234375 0.6962962962962963 0.5255208333333333 0.7037037037037037 0.5291666666666667 0.7037037037037037 0.5296875 0.6962962962962963 0.5255208333333333 0.6814814814814815 0.5270833333333333 0.6666666666666666 0.5213541666666667 0.6462962962962963 0.5171875 0.6453703703703704 0.5104166666666666 0.6601851851851852 0.5135416666666667 0.6712962962962963 0.515625 0.700925925925926
5 0.44635416666666666 0.7564814814814815 0.4484375 0.7574074074074074 0.45677083333333335 0.7416666666666667 0.45364583333333336 0.737037037037037 0.4515625 0.725 0.45208333333333334 0.7083333333333334 0.44947916666666665 0.6972222222222222 0.44583333333333336 0.6888888888888889 0.4427083333333333 0.687962962962963 0.440625 0.6981481481481482 0.4395833333333333 0.7212962962962963 0.44635416666666666 0.7564814814814815
1 0.6541666666666667 0.6148148148148148 0.6666666666666666 0.6185185185185185 0.6697916666666667 0.5916666666666667 0.6677083333333333 0.575925925925926 0.6635416666666667 0.5685185185185185 0.659375 0.5685185185185185 0.6567708333333333 0.5722222222222222 0.6552083333333333 0.587037037037037 0.65625 0.6074074074074074 0.6541666666666667 0.6148148148148148
3 0.3729166666666667 0.6731481481481482 0.3807291666666667 0.6657407407407407 0.37916666666666665 0.6416666666666667 0.38125 0.6333333333333333 0.37916666666666665 0.6148148148148148 0.37395833333333334 0.6083333333333333 0.3697916666666667 0.6092592592592593 0.36770833333333336 0.6166666666666667 0.3671875 0.6657407407407407 0.3729166666666667 0.6731481481481482
4 0.5369791666666667 0.6444444444444445 0.540625 0.6148148148148148 0.5390625 0.5990740740740741 0.5317708333333333 0.5888888888888889 0.5291666666666667 0.5916666666666667 0.5265625 0.6037037037037037 0.5291666666666667 0.6416666666666667 0.5369791666666667 0.6444444444444445
4 0.6265625 0.6268518518518519 0.6385416666666667 0.6305555555555555 0.6390625 0.6259259259259259 0.6348958333333333 0.6222222222222222 0.6380208333333334 0.6111111111111112 0.6442708333333333 0.6064814814814815 0.6307291666666667 0.6027777777777777 0.6244791666666667 0.6101851851851852 0.6234375 0.6194444444444445 0.6265625 0.6268518518518519
4 0.6255208333333333 0.662962962962963 0.625 0.6814814814814815 0.6307291666666667 0.687962962962963 0.6333333333333333 0.6842592592592592 0.6359375 0.6703703703703704 0.634375 0.662962962962963 0.6359375 0.6416666666666667 0.6307291666666667 0.6351851851851852 0.6229166666666667 0.637962962962963 0.621875 0.65 0.6255208333333333 0.662962962962963