5 0.6421875 0.6805555555555556 0.6411458333333333 0.6972222222222222 0.646875 0.7 0.6489583333333333 0.6972222222222222 0.6526041666666667 0.6731481481481482 0.6463541666666667 0.6620370370370371 0.6385416666666667 0.6657407407407407 0.6380208333333334 0.6694444444444444 0.6421875 0.6805555555555556
4 0.8020833333333334 0.6953703703703704 0.8010416666666667 0.7046296296296296 0.8026041666666667 0.7083333333333334 0.8140625 0.7046296296296296 0.8104166666666667 0.6858796296296297 0.8104166666666667 0.6638888888888889 0.8067708333333333 0.6555555555555556 0.8026041666666667 0.6583333333333333 0.8 0.6768518518518518 0.8020833333333334 0.6953703703703704
5 0.7223958333333333 0.7398148148148148 0.7401041666666667 0.7416666666666667 0.7416666666666667 0.7342592592592593 0.7348958333333333 0.7194444444444444 0.7338541666666667 0.6898148148148148 0.7317708333333334 0.6833333333333333 0.728125 0.6814814814814815 0.7276041666666667 0.6842592592592592 0.7265625 0.725 0.7223958333333333 0.7398148148148148
5 0.12395833333333334 0.6777777777777778 0.12604166666666666 0.6824074074074075 0.13177083333333334 0.6824074074074075 0.13333333333333333 0.6814814814814815 0.134375 0.6620370370370371 0.13385416666666666 0.6324074074074074 0.13072916666666667 0.6277777777777778 0.12447916666666667 0.6296296296296297 0.12604166666666666 0.6694444444444444 0.12395833333333334 0.6777777777777778
4 0.5807291666666666 0.7240740740740741 0.5875 0.7287037037037037 0.5916666666666667 0.6814814814814815 0.5901041666666667 0.674074074074074 0.5854166666666667 0.6731481481481482 0.5807291666666666 0.6851851851851852 0.5791666666666667 0.6962962962962963 0.5807291666666666 0.7240740740740741
4 0.628125 0.725 0.6265625 0.7407407407407407 0.6317708333333333 0.7435185185185185 0.634375 0.7398148148148148 0.6380208333333334 0.7129629629629629 0.6317708333333333 0.7027777777777777 0.6265625 0.700925925925926 0.6229166666666667 0.7037037037037037 0.6208333333333333 0.7101851851851851 0.628125 0.725
5 0.334375 0.7148148148148148 0.3390625 0.7092592592592593 0.3380208333333333 0.6925925925925925 0.3411458333333333 0.6731481481481482 0.33645833333333336 0.6574074074074074 0.3333333333333333 0.6564814814814814 0.33125 0.6666666666666666 0.3307291666666667 0.7111111111111111 0.334375 0.7148148148148148
5 0.22083333333333333 0.7194444444444444 0.22447916666666667 0.7212962962962963 0.228125 0.7166666666666667 0.22760416666666666 0.700925925925926 0.2328125 0.6935185185185185 0.2359375 0.6768518518518518 0.22447916666666667 0.6666666666666666 0.21822916666666667 0.6814814814814815 0.2171875 0.6898148148148148 0.22083333333333333 0.7194444444444444
5 0.1609375 0.6768518518518518 0.16666666666666666 0.6796296296296296 0.17083333333333334 0.6620370370370371 0.1703125 0.6453703703703704 0.16770833333333332 0.6342592592592593 0.1640625 0.6351851851851852 0.1625 0.6472222222222223 0.16302083333333334 0.6638888888888889 0.1609375 0.6768518518518518
3 0.4 0.6101851851851852 0.40208333333333335 0.6074074074074074 0.40520833333333334 0.5796296296296296 0.4005208333333333 0.5722222222222222 0.3963541666666667 0.575 0.3958333333333333 0.6027777777777777 0.4 0.6101851851851852
3 0.8552083333333333 0.6444444444444445 0.8567708333333334 0.6425925925925926 0.8578125 0.6027777777777777 0.8484375 0.6037037037037037 0.8515625 0.6425925925925926 0.8552083333333333 0.6444444444444445
4 0.7072916666666667 0.7231481481481481 0.7067708333333333 0.7324074074074074 0.7125 0.7342592592592593 0.7151041666666667 0.7305555555555555 0.7151041666666667 0.687962962962963 0.7098958333333333 0.6759259259259259 0.7072916666666667 0.6777777777777778 0.70625 0.6842592592592592 0.7046875 0.7166666666666667 0.7072916666666667 0.7231481481481481
5 0.14635416666666667 0.7157407407407408 0.1546875 0.6731481481481482 0.15052083333333333 0.6583333333333333 0.14270833333333333 0.6601851851851852 0.14010416666666667 0.6694444444444444 0.14270833333333333 0.7129629629629629 0.14635416666666667 0.7157407407407408
3 0.13802083333333334 0.6657407407407407 0.13854166666666667 0.674074074074074 0.1421875 0.6777777777777778 0.14635416666666667 0.662962962962963 0.146875 0.6287037037037037 0.14583333333333334 0.6240740740740741 0.13958333333333334 0.6268518518518519 0.1375 0.6333333333333333 0.13802083333333334 0.6657407407407407
4 0.5098958333333333 0.8018518518518518 0.521875 0.8055555555555556 0.525 0.7962962962962963 0.5244791666666667 0.7537037037037037 0.5177083333333333 0.7333333333333333 0.5135416666666667 0.7351851851851852 0.5098958333333333 0.7620370370370371 0.5078125 0.7981481481481482 0.5098958333333333 0.8018518518518518
5 0.2791666666666667 0.7046296296296296 0.28229166666666666 0.7083333333333334 0.2911458333333333 0.7083333333333334 0.29635416666666664 0.6972222222222222 0.2947916666666667 0.6648148148148149 0.290625 0.649074074074074 0.2869791666666667 0.6518518518518519 0.28489583333333335 0.6601851851851852 0.284375 0.6787037037037037 0.2791666666666667 0.7046296296296296
4 0.396875 0.6824074074074075 0.4046875 0.6777777777777778 0.40625 0.6722222222222223 0.40260416666666665 0.6351851851851852 0.39947916666666666 0.6277777777777778 0.3963541666666667 0.6268518518518519 0.39427083333333335 0.6361111111111111 0.3921875 0.6768518518518518 0.396875 0.6824074074074075
4 0.19583333333333333 0.6898148148148148 0.20208333333333334 0.6935185185185185 0.20520833333333333 0.6888888888888889 0.20625 0.6537037037037037 0.20104166666666667 0.6416666666666667 0.1984375 0.6453703703703704 0.1953125 0.6537037037037037 0.19583333333333333 0.6898148148148148
5 0.14895833333333333 0.6666666666666666 0.1515625 0.674074074074074 0.1578125 0.674074074074074 0.15520833333333334 0.662962962962963 0.15885416666666666 0.6435185185185185 0.15520833333333334 0.6333333333333333 0.15 0.6324074074074074 0.146875 0.65 0.14635416666666667 0.6657407407407407 0.14895833333333333 0.6666666666666666
4 0.23229166666666667 0.6888888888888889 0.2359375 0.6851851851851852 0.2375 0.6462962962962963 0.23229166666666667 0.6324074074074074 0.22916666666666666 0.6351851851851852 0.22447916666666667 0.6722222222222223 0.23229166666666667 0.6888888888888889