4 0.09010416666666667 0.674074074074074 0.08802083333333334 0.6509259259259259 0.08385416666666666 0.6509259259259259 0.0796875 0.6583333333333333 0.07395833333333333 0.687037037037037 0.0703125 0.6925925925925925 0.06979166666666667 0.6972222222222222 0.0796875 0.7055555555555556 0.0859375 0.7027777777777777 0.09010416666666667 0.674074074074074
5 0.6322916666666667 0.6555555555555556 0.6307291666666667 0.6453703703703704 0.6260416666666667 0.6416666666666667 0.6203125 0.6546296296296297 0.6182291666666667 0.6851851851851852 0.6208333333333333 0.6888888888888889 0.628125 0.6898148148148148 0.6322916666666667 0.6555555555555556
4 0.6776041666666667 0.6342592592592593 0.6734375 0.6342592592592593 0.6697916666666667 0.6416666666666667 0.6645833333333333 0.6666666666666666 0.6697916666666667 0.6851851851851852 0.6770833333333334 0.6851851851851852 0.6796875 0.6611111111111111 0.6776041666666667 0.6342592592592593
5 0.24479166666666666 0.7444444444444445 0.2526041666666667 0.7092592592592593 0.25 0.687037037037037 0.24322916666666666 0.687962962962963 0.23958333333333334 0.6990740740740741 0.2375 0.7268518518518519 0.23385416666666667 0.7314814814814815 0.23333333333333334 0.7398148148148148 0.24479166666666666 0.7444444444444445
4 0.08385416666666666 0.7657407407407407 0.0875 0.7824074074074074 0.09270833333333334 0.7824074074074074 0.0953125 0.7787037037037037 0.09114583333333333 0.7657407407407407 0.09114583333333333 0.7129629629629629 0.08385416666666666 0.7157407407407408 0.07604166666666666 0.7564814814814815 0.0671875 0.7675925925925926 0.0671875 0.774074074074074 0.06927083333333334 0.7759259259259259 0.07916666666666666 0.7657407407407407 0.08385416666666666 0.7657407407407407
4 0.21927083333333333 0.6435185185185185 0.21614583333333334 0.6324074074074074 0.20989583333333334 0.6361111111111111 0.2046875 0.6574074074074074 0.20260416666666667 0.6592592592592592 0.20260416666666667 0.6657407407407407 0.2078125 0.6712962962962963 0.21666666666666667 0.6666666666666666 0.21927083333333333 0.6435185185185185
5 0.13697916666666668 0.7935185185185185 0.14375 0.8009259259259259 0.14427083333333332 0.8083333333333333 0.15104166666666666 0.8092592592592592 0.153125 0.8064814814814815 0.1515625 0.7731481481481481 0.1546875 0.762962962962963 0.16041666666666668 0.7546296296296297 0.15104166666666666 0.7453703703703703 0.146875 0.7453703703703703 0.14427083333333332 0.7509259259259259 0.140625 0.7814814814814814 0.13229166666666667 0.7861111111111111 0.13072916666666667 0.7953703703703704 0.13697916666666668 0.7935185185185185
3 0.821875 0.9842592592592593 0.8265625 0.9712962962962963 0.8348958333333333 0.9787037037037037 0.8348958333333333 0.9861111111111112 0.8385416666666666 0.987037037037037 0.8458333333333333 0.9629629629629629 0.8416666666666667 0.9361111111111111 0.8432291666666667 0.9314814814814815 0.8421875 0.8925925925925926 0.8375 0.8907407407407407 0.8291666666666667 0.9120370370370371 0.8270833333333333 0.9425925925925925 0.821875 0.9583333333333334 0.8177083333333334 0.9833333333333333 0.821875 0.9842592592592593
4 0.43802083333333336 0.6925925925925925 0.446875 0.6953703703703704 0.4515625 0.6925925925925925 0.4484375 0.6527777777777778 0.44583333333333336 0.6425925925925926 0.44166666666666665 0.6425925925925926 0.4328125 0.6685185185185185 0.4296875 0.6888888888888889 0.43385416666666665 0.7046296296296296 0.4359375 0.7046296296296296 0.43802083333333336 0.6925925925925925
5 0.434375 0.6620370370370371 0.43385416666666665 0.6537037037037037 0.4270833333333333 0.6546296296296297 0.42291666666666666 0.6759259259259259 0.421875 0.7037037037037037 0.4359375 0.7046296296296296 0.4375 0.6657407407407407 0.434375 0.6620370370370371
5 0.09479166666666666 0.7435185185185185 0.10364583333333334 0.7398148148148148 0.10520833333333333 0.6851851851851852 0.09947916666666666 0.6833333333333333 0.08958333333333333 0.7083333333333334 0.08697916666666666 0.7166666666666667 0.08958333333333333 0.7203703703703703 0.09166666666666666 0.7398148148148148 0.09479166666666666 0.7435185185185185
4 0.5203125 0.9037037037037037 0.5276041666666667 0.9037037037037037 0.5286458333333334 0.8379629629629629 0.525 0.8194444444444444 0.5203125 0.8194444444444444 0.5135416666666667 0.8388888888888889 0.5135416666666667 0.8629629629629629 0.5114583333333333 0.8722222222222222 0.5057291666666667 0.8703703703703703 0.5015625 0.8759259259259259 0.5015625 0.8824074074074074 0.5083333333333333 0.8824074074074074 0.5197916666666667 0.8888888888888888 0.5203125 0.9037037037037037
5 0.16979166666666667 0.6888888888888889 0.17135416666666667 0.6537037037037037 0.16822916666666668 0.6342592592592593 0.16510416666666666 0.6333333333333333 0.16145833333333334 0.6398148148148148 0.15260416666666668 0.6722222222222223 0.15208333333333332 0.6814814814814815 0.15677083333333333 0.6861111111111111 0.1578125 0.6925925925925925 0.16979166666666667 0.6888888888888889
4 0.17395833333333333 0.6888888888888889 0.17760416666666667 0.687037037037037 0.18125 0.6768518518518518 0.18125 0.6648148148148149 0.184375 0.6537037037037037 0.18177083333333333 0.6314814814814815 0.17760416666666667 0.6314814814814815 0.171875 0.6472222222222223 0.17239583333333333 0.6694444444444444 0.1703125 0.6731481481481482 0.1703125 0.6861111111111111 0.17395833333333333 0.6888888888888889
4 0.15052083333333333 0.6805555555555556 0.14791666666666667 0.6462962962962963 0.14635416666666667 0.6425925925925926 0.14270833333333333 0.6435185185185185 0.13854166666666667 0.6527777777777778 0.13697916666666668 0.687037037037037 0.13489583333333333 0.6925925925925925 0.14322916666666666 0.7037037037037037 0.15052083333333333 0.6805555555555556
5 0.1421875 0.7 0.14166666666666666 0.6509259259259259 0.13802083333333334 0.649074074074074 0.13645833333333332 0.6518518518518519 0.12864583333333332 0.6861111111111111 0.12447916666666667 0.6888888888888889 0.12604166666666666 0.6944444444444444 0.1421875 0.7
3 0.2520833333333333 0.6074074074074074 0.2557291666666667 0.600925925925926 0.2578125 0.5796296296296296 0.253125 0.5740740740740741 0.24791666666666667 0.5768518518518518 0.24739583333333334 0.5879629629629629 0.24322916666666666 0.5981481481481481 0.246875 0.6064814814814815 0.2520833333333333 0.6074074074074074
3 0.2682291666666667 0.725 0.26875 0.6583333333333333 0.2630208333333333 0.6574074074074074 0.25677083333333334 0.6759259259259259 0.2578125 0.6907407407407408 0.2546875 0.7175925925925926 0.26145833333333335 0.7240740740740741 0.2682291666666667 0.725
4 0.1109375 0.7314814814814815 0.11822916666666666 0.7416666666666667 0.12291666666666666 0.7407407407407407 0.12291666666666666 0.7064814814814815 0.1265625 0.6907407407407408 0.12291666666666666 0.687037037037037 0.11927083333333334 0.6759259259259259 0.11614583333333334 0.6768518518518518 0.11197916666666667 0.6888888888888889 0.11145833333333334 0.7092592592592593 0.10520833333333333 0.7324074074074074 0.1078125 0.7361111111111112 0.1109375 0.7314814814814815
5 0.215625 0.7148148148148148 0.2203125 0.6842592592592592 0.215625 0.6694444444444444 0.209375 0.6675925925925926 0.20729166666666668 0.6694444444444444 0.20625 0.687962962962963 0.2078125 0.7083333333333334 0.20572916666666666 0.7240740740740741 0.21041666666666667 0.7277777777777777 0.215625 0.7148148148148148
5 0.15 0.7240740740740741 0.14270833333333333 0.7361111111111112 0.14895833333333333 0.7444444444444445 0.16041666666666668 0.7518518518518519 0.16458333333333333 0.6925925925925925 0.1578125 0.6888888888888889 0.15052083333333333 0.7083333333333334 0.1421875 0.7037037037037037 0.14166666666666666 0.7083333333333334 0.14739583333333334 0.7074074074074074 0.1515625 0.7148148148148148 0.15 0.7240740740740741
5 0.20729166666666668 0.7064814814814815 0.20729166666666668 0.6703703703703704 0.2046875 0.6592592592592592 0.2 0.6620370370370371 0.196875 0.675 0.19739583333333333 0.6944444444444444 0.19166666666666668 0.7212962962962963 0.20520833333333333 0.7240740740740741 0.20729166666666668 0.7064814814814815