4 0.3776041666666667 0.6722222222222223 0.3880208333333333 0.6685185185185185 0.3848958333333333 0.6416666666666667 0.39010416666666664 0.6222222222222222 0.3890625 0.6175925925925926 0.38333333333333336 0.6185185185185185 0.37447916666666664 0.6407407407407407 0.3723958333333333 0.6703703703703704 0.3776041666666667 0.6722222222222223
5 0.6484375 0.7074074074074074 0.6541666666666667 0.7231481481481481 0.6598958333333333 0.7240740740740741 0.6609375 0.7194444444444444 0.6541666666666667 0.687962962962963 0.6552083333333333 0.6777777777777778 0.6463541666666667 0.662962962962963 0.6421875 0.6712962962962963 0.6427083333333333 0.7 0.6484375 0.7074074074074074
1 0.9395833333333333 0.6361111111111111 0.9427083333333334 0.6018518518518519 0.9385416666666667 0.5898148148148148 0.9359375 0.587037037037037 0.9317708333333333 0.5898148148148148 0.9322916666666666 0.6342592592592593 0.9395833333333333 0.6361111111111111
5 0.46041666666666664 0.587037037037037 0.46197916666666666 0.5907407407407408 0.4703125 0.5907407407407408 0.471875 0.5601851851851852 0.4666666666666667 0.549074074074074 0.46145833333333336 0.5583333333333333 0.4625 0.5712962962962963 0.46041666666666664 0.587037037037037
5 0.6052083333333333 0.6546296296296297 0.6083333333333333 0.6648148148148149 0.6239583333333333 0.6694444444444444 0.621875 0.6518518518518519 0.6151041666666667 0.625 0.6104166666666667 0.6240740740740741 0.6067708333333334 0.6333333333333333 0.6078125 0.6462962962962963 0.6052083333333333 0.6546296296296297
4 0.5760416666666667 0.6592592592592592 0.5791666666666667 0.6537037037037037 0.5817708333333333 0.6296296296296297 0.5760416666666667 0.6027777777777777 0.5703125 0.6055555555555555 0.565625 0.6185185185185185 0.5677083333333334 0.6555555555555556 0.5760416666666667 0.6592592592592592
5 0.7354166666666667 0.7712962962962963 0.740625 0.7842592592592592 0.7385416666666667 0.7944444444444444 0.7395833333333334 0.8009259259259259 0.7510416666666667 0.8055555555555556 0.7520833333333333 0.8018518518518518 0.7484375 0.7861111111111111 0.7463541666666667 0.7611111111111111 0.7479166666666667 0.7518518518518519 0.7442708333333333 0.7296296296296296 0.7401041666666667 0.7268518518518519 0.7359375 0.7296296296296296 0.7286458333333333 0.7592592592592593 0.7286458333333333 0.7675925925925926 0.7354166666666667 0.7712962962962963
5 0.1203125 0.6694444444444444 0.125 0.637962962962963 0.12083333333333333 0.6083333333333333 0.11614583333333334 0.6101851851851852 0.11354166666666667 0.6268518518518519 0.11458333333333333 0.6657407407407407 0.1203125 0.6694444444444444
3 0.43020833333333336 0.6268518518518519 0.42916666666666664 0.6462962962962963 0.4348958333333333 0.6481481481481481 0.43697916666666664 0.6157407407407407 0.4359375 0.5879629629629629 0.4317708333333333 0.587037037037037 0.42604166666666665 0.6018518518518519 0.42552083333333335 0.6083333333333333 0.43020833333333336 0.6268518518518519
5 0.15572916666666667 0.7194444444444444 0.15572916666666667 0.7287037037037037 0.15729166666666666 0.7324074074074074 0.16927083333333334 0.7324074074074074 0.171875 0.6972222222222222 0.16822916666666668 0.662962962962963 0.16354166666666667 0.662962962962963 0.15885416666666666 0.6833333333333333 0.15885416666666666 0.712037037037037 0.15572916666666667 0.7194444444444444
4 0.4859375 0.7203703703703703 0.4859375 0.7148148148148148 0.49114583333333334 0.7055555555555556 0.4953125 0.7203703703703703 0.49895833333333334 0.7212962962962963 0.4984375 0.7101851851851851 0.4947916666666667 0.6972222222222222 0.49583333333333335 0.674074074074074 0.4942708333333333 0.6685185185185185 0.4901041666666667 0.6574074074074074 0.4864583333333333 0.6564814814814814 0.4822916666666667 0.6583333333333333 0.48020833333333335 0.6685185185185185 0.48125 0.7222222222222222 0.4859375 0.7203703703703703
5 0.509375 0.6481481481481481 0.5182291666666666 0.6453703703703704 0.5192708333333333 0.6342592592592593 0.5161458333333333 0.6064814814814815 0.5130208333333334 0.6027777777777777 0.5078125 0.6175925925925926 0.5078125 0.6453703703703704 0.509375 0.6481481481481481
4 0.15416666666666667 0.662962962962963 0.15885416666666666 0.662962962962963 0.1609375 0.6351851851851852 0.15989583333333332 0.6027777777777777 0.1578125 0.5990740740740741 0.1546875 0.600925925925926 0.15208333333333332 0.612037037037037 0.153125 0.6583333333333333 0.15416666666666667 0.662962962962963
4 0.7380208333333333 0.7296296296296296 0.7442708333333333 0.7333333333333333 0.7515625 0.7157407407407408 0.7526041666666666 0.7 0.7572916666666667 0.6925925925925925 0.7541666666666667 0.6787037037037037 0.746875 0.6666666666666666 0.7421875 0.6694444444444444 0.7390625 0.6842592592592592 0.7401041666666667 0.7101851851851851 0.7380208333333333 0.7296296296296296
0 0.5479166666666667 0.6601851851851852 0.5520833333333334 0.6601851851851852 0.5541666666666667 0.6555555555555556 0.5473958333333333 0.6509259259259259 0.5458333333333333 0.6546296296296297 0.5479166666666667 0.6601851851851852