4 0.9151041666666667 0.6444444444444445 0.9239583333333333 0.6435185185185185 0.9276041666666667 0.6518518518518519 0.9296875 0.6416666666666667 0.9244791666666666 0.6092592592592593 0.9192708333333334 0.5981481481481481 0.9119791666666667 0.5953703703703703 0.9161458333333333 0.6194444444444445 0.909375 0.6462962962962963 0.9125 0.649074074074074 0.9151041666666667 0.6444444444444445
5 0.8598958333333333 0.5833333333333334 0.8572916666666667 0.5768518518518518 0.8536458333333333 0.575 0.8510416666666667 0.5851851851851851 0.8505208333333333 0.6231481481481481 0.8572916666666667 0.6268518518518519 0.8614583333333333 0.5990740740740741 0.8598958333333333 0.5833333333333334
2 0.14739583333333334 0.6157407407407407 0.15052083333333333 0.6277777777777778 0.15520833333333334 0.6259259259259259 0.14947916666666666 0.5953703703703703 0.15104166666666666 0.5722222222222222 0.1453125 0.5703703703703704 0.14166666666666666 0.5842592592592593 0.134375 0.6314814814814815 0.14010416666666667 0.6296296296296297 0.1421875 0.6185185185185185 0.14739583333333334 0.6157407407407407
3 0.9755208333333333 0.5824074074074074 0.978125 0.6064814814814815 0.9833333333333333 0.6074074074074074 0.9869791666666666 0.5722222222222222 0.984375 0.5601851851851852 0.9822916666666667 0.5564814814814815 0.9786458333333333 0.5574074074074075 0.9666666666666667 0.5685185185185185 0.9661458333333334 0.575925925925926 0.9703125 0.5833333333333334 0.9723958333333333 0.5805555555555556 0.9755208333333333 0.5824074074074074
4 0.828125 0.6814814814814815 0.8296875 0.6888888888888889 0.834375 0.6888888888888889 0.8328125 0.6578703703703703 0.8354166666666667 0.6453703703703704 0.83125 0.6277777777777778 0.8260416666666667 0.6268518518518519 0.821875 0.6425925925925926 0.8244791666666667 0.6601851851851852 0.8177083333333334 0.6814814814814815 0.8208333333333333 0.6861111111111111 0.828125 0.6814814814814815
5 0.3651041666666667 0.675 0.36770833333333336 0.6703703703703704 0.36666666666666664 0.6601851851851852 0.3697916666666667 0.6481481481481481 0.3703125 0.6342592592592593 0.36770833333333336 0.6148148148148148 0.3645833333333333 0.612037037037037 0.35885416666666664 0.6240740740740741 0.35833333333333334 0.6425925925925926 0.3609375 0.6601851851851852 0.35989583333333336 0.6731481481481482 0.3651041666666667 0.675
4 0.5953125 0.6685185185185185 0.6020833333333333 0.6462962962962963 0.6036458333333333 0.6305555555555555 0.6078125 0.6222222222222222 0.6036458333333333 0.6074074074074074 0.6005208333333333 0.6046296296296296 0.590625 0.6222222222222222 0.5932291666666667 0.6398148148148148 0.5890625 0.6574074074074074 0.5911458333333334 0.6666666666666666 0.5953125 0.6685185185185185
4 0.19010416666666666 0.5953703703703703 0.19010416666666666 0.5509259259259259 0.18489583333333334 0.5444444444444444 0.18229166666666666 0.5453703703703704 0.18072916666666666 0.5518518518518518 0.18072916666666666 0.5787037037037037 0.17708333333333334 0.5879629629629629 0.17760416666666667 0.5953703703703703 0.19010416666666666 0.5953703703703703
5 0.9791666666666666 0.7333333333333333 0.98125 0.6814814814814815 0.978125 0.6657407407407407 0.9744791666666667 0.6648148148148149 0.9729166666666667 0.6685185185185185 0.9723958333333333 0.7092592592592593 0.96875 0.7361111111111112 0.975 0.7379629629629629 0.9791666666666666 0.7333333333333333
3 0.5328125 0.5638888888888889 0.534375 0.5388888888888889 0.5291666666666667 0.5287037037037037 0.5239583333333333 0.5351851851851852 0.5239583333333333 0.5648148148148148 0.525 0.5694444444444444 0.5291666666666667 0.5703703703703704 0.5328125 0.5638888888888889
5 0.4588541666666667 0.675 0.4583333333333333 0.6601851851851852 0.46041666666666664 0.6462962962962963 0.4588541666666667 0.6148148148148148 0.45416666666666666 0.6129629629629629 0.44895833333333335 0.6305555555555555 0.4505208333333333 0.6509259259259259 0.44635416666666666 0.6675925925925926 0.4515625 0.674074074074074 0.4588541666666667 0.675
5 0.5630208333333333 0.6148148148148148 0.5604166666666667 0.6 0.5645833333333333 0.5944444444444444 0.5598958333333334 0.5842592592592593 0.5588541666666667 0.5703703703703704 0.55625 0.5675925925925925 0.5520833333333334 0.5722222222222222 0.5510416666666667 0.5972222222222222 0.5479166666666667 0.6157407407407407 0.5609375 0.6203703703703703 0.5630208333333333 0.6148148148148148
3 0.41041666666666665 0.6148148148148148 0.4109375 0.5861111111111111 0.4078125 0.5768518518518518 0.4041666666666667 0.5768518518518518 0.39895833333333336 0.5879629629629629 0.39791666666666664 0.5953703703703703 0.4005208333333333 0.6231481481481481 0.4041666666666667 0.6296296296296297 0.41041666666666665 0.6148148148148148
5 0.4942708333333333 0.5592592592592592 0.4984375 0.5518518518518518 0.49375 0.5453703703703704 0.4901041666666667 0.5333333333333333 0.48802083333333335 0.5342592592592592 0.48020833333333335 0.5481481481481482 0.4859375 0.5805555555555556 0.4901041666666667 0.5805555555555556 0.4942708333333333 0.5592592592592592
5 0.7067708333333333 0.6935185185185185 0.7104166666666667 0.6537037037037037 0.7046875 0.6361111111111111 0.7010416666666667 0.6342592592592593 0.6994791666666667 0.6407407407407407 0.6989583333333333 0.674074074074074 0.6958333333333333 0.6972222222222222 0.7036458333333333 0.7 0.7067708333333333 0.6935185185185185
5 0.3203125 0.6268518518518519 0.3203125 0.612037037037037 0.3255208333333333 0.5953703703703703 0.32083333333333336 0.575925925925926 0.3182291666666667 0.5722222222222222 0.3145833333333333 0.575925925925926 0.3125 0.5833333333333334 0.31302083333333336 0.6268518518518519 0.3177083333333333 0.6333333333333333 0.3203125 0.6268518518518519
4 0.5682291666666667 0.5564814814814815 0.5645833333333333 0.5453703703703704 0.5604166666666667 0.5537037037037037 0.55625 0.5685185185185185 0.5609375 0.5953703703703703 0.5645833333333333 0.5962962962962963 0.5682291666666667 0.5564814814814815