5 0.6416666666666667 0.6453703703703704 0.646875 0.65 0.6484375 0.6453703703703704 0.6442708333333333 0.6222222222222222 0.6421875 0.6175925925925926 0.6375 0.6222222222222222 0.6380208333333334 0.6361111111111111 0.6333333333333333 0.6462962962962963 0.6385416666666667 0.6481481481481481 0.6416666666666667 0.6453703703703704
4 0.5447916666666667 0.6314814814814815 0.5390625 0.6342592592592593 0.5354166666666667 0.6648148148148149 0.5348958333333333 0.674074074074074 0.5380208333333333 0.6777777777777778 0.5463541666666667 0.6611111111111111 0.5447916666666667 0.6314814814814815
5 0.4583333333333333 0.6805555555555556 0.46197916666666666 0.6546296296296297 0.46145833333333336 0.6388888888888888 0.4557291666666667 0.6388888888888888 0.44947916666666665 0.6722222222222223 0.45 0.6777777777777778 0.45416666666666666 0.6814814814814815 0.4583333333333333 0.6805555555555556
5 0.2916666666666667 0.6888888888888889 0.2947916666666667 0.6824074074074075 0.2942708333333333 0.6657407407407407 0.29739583333333336 0.6537037037037037 0.2953125 0.6416666666666667 0.29010416666666666 0.6407407407407407 0.2864583333333333 0.6527777777777778 0.2875 0.6712962962962963 0.2828125 0.6824074074074075 0.28541666666666665 0.687037037037037 0.2916666666666667 0.6888888888888889
3 0.5135416666666667 0.6666666666666666 0.5140625 0.6592592592592592 0.5208333333333334 0.6555555555555556 0.5213541666666667 0.6518518518518519 0.51875 0.65 0.5161458333333333 0.6375 0.515625 0.6222222222222222 0.5098958333333333 0.6212962962962963 0.5078125 0.6268518518518519 0.5088541666666667 0.6453703703703704 0.5067708333333333 0.6620370370370371 0.5098958333333333 0.6666666666666666 0.5135416666666667 0.6666666666666666
5 0.4036458333333333 0.6305555555555555 0.40260416666666665 0.6185185185185185 0.4041666666666667 0.6111111111111112 0.4005208333333333 0.5916666666666667 0.3958333333333333 0.6027777777777777 0.39114583333333336 0.6259259259259259 0.396875 0.6240740740740741 0.4 0.6305555555555555 0.4036458333333333 0.6305555555555555
5 0.3182291666666667 0.7462962962962963 0.32083333333333336 0.7240740740740741 0.3203125 0.6925925925925925 0.3182291666666667 0.6888888888888889 0.315625 0.6898148148148148 0.3109375 0.7037037037037037 0.3104166666666667 0.725 0.30572916666666666 0.7361111111111112 0.30625 0.7407407407407407 0.3182291666666667 0.7462962962962963
4 0.7984375 0.7 0.809375 0.6925925925925925 0.8140625 0.6638888888888889 0.8166666666666667 0.6620370370370371 0.8104166666666667 0.649074074074074 0.80625 0.649074074074074 0.8010416666666667 0.6574074074074074 0.7947916666666667 0.6481481481481481 0.7984375 0.7
5 0.75625 0.7379629629629629 0.7567708333333333 0.7277777777777777 0.7625 0.7101851851851851 0.7625 0.7018518518518518 0.759375 0.6925925925925925 0.7552083333333334 0.6925925925925925 0.75 0.7037037037037037 0.75 0.7324074074074074 0.7479166666666667 0.7398148148148148 0.7526041666666666 0.7425925925925926 0.75625 0.7379629629629629
2 0.0875 0.6370370370370371 0.08541666666666667 0.6231481481481481 0.0796875 0.6240740740740741 0.07708333333333334 0.6333333333333333 0.07760416666666667 0.6731481481481482 0.08229166666666667 0.6731481481481482 0.0859375 0.6694444444444444 0.0875 0.6370370370370371
5 0.5125 0.6972222222222222 0.5177083333333333 0.7027777777777777 0.5208333333333334 0.700925925925926 0.521875 0.6537037037037037 0.5130208333333334 0.6583333333333333 0.5140625 0.6620370370370371 0.5119791666666667 0.6694444444444444 0.5145833333333333 0.6851851851851852 0.5125 0.6972222222222222
3 0.415625 0.6166666666666667 0.41458333333333336 0.5907407407407408 0.4114583333333333 0.5805555555555556 0.403125 0.5953703703703703 0.40572916666666664 0.5990740740740741 0.4041666666666667 0.6027777777777777 0.415625 0.6166666666666667
4 0.45208333333333334 0.5990740740740741 0.446875 0.5972222222222222 0.44479166666666664 0.6037037037037037 0.44427083333333334 0.6314814814814815 0.44583333333333336 0.6342592592592593 0.4552083333333333 0.6342592592592593 0.45208333333333334 0.5990740740740741
4 0.7104166666666667 0.6148148148148148 0.70625 0.6055555555555555 0.6989583333333333 0.6101851851851852 0.6989583333333333 0.6342592592592593 0.7010416666666667 0.6435185185185185 0.7057291666666666 0.6398148148148148 0.7104166666666667 0.6148148148148148
4 0.8072916666666666 0.7314814814814815 0.8057291666666667 0.7175925925925926 0.8020833333333334 0.7092592592592593 0.7984375 0.7129629629629629 0.7979166666666667 0.7277777777777777 0.7953125 0.7361111111111112 0.7932291666666667 0.7675925925925926 0.80625 0.7685185185185185 0.8083333333333333 0.7574074074074074 0.8072916666666666 0.7314814814814815
4 0.3729166666666667 0.6537037037037037 0.37447916666666664 0.649074074074074 0.37395833333333334 0.6148148148148148 0.36875 0.6138888888888889 0.3671875 0.6185185185185185 0.365625 0.637962962962963 0.3614583333333333 0.6537037037037037 0.36822916666666666 0.6509259259259259 0.3729166666666667 0.6537037037037037
4 0.353125 0.7509259259259259 0.35625 0.7129629629629629 0.3614583333333333 0.7074074074074074 0.35885416666666664 0.700925925925926 0.3494791666666667 0.6916666666666667 0.3453125 0.6990740740740741 0.34322916666666664 0.7101851851851851 0.34270833333333334 0.7203703703703703 0.3463541666666667 0.7472222222222222 0.3494791666666667 0.7518518518518519 0.353125 0.7509259259259259
4 0.3796875 0.6148148148148148 0.3770833333333333 0.5990740740740741 0.3734375 0.612037037037037 0.371875 0.6259259259259259 0.3729166666666667 0.6518518518518519 0.37916666666666665 0.6453703703703704 0.3796875 0.6148148148148148
4 0.5640625 0.6361111111111111 0.5666666666666667 0.6324074074074074 0.5651041666666666 0.5990740740740741 0.5583333333333333 0.6 0.5572916666666666 0.612037037037037 0.5588541666666667 0.6231481481481481 0.5609375 0.6333333333333333 0.5640625 0.6361111111111111
3 0.8651041666666667 0.9435185185185185 0.8651041666666667 0.9481481481481482 0.8723958333333334 0.9490740740740741 0.8744791666666667 0.9333333333333333 0.8651041666666667 0.9435185185185185
3 0.8921875 0.9287037037037037 0.8942708333333333 0.9027777777777778 0.8869791666666667 0.8796296296296297 0.884375 0.8777777777777778 0.8817708333333333 0.8814814814814815 0.8760416666666667 0.9157407407407407 0.8760416666666667 0.9287037037037037 0.8828125 0.9361111111111111 0.8885416666666667 0.937037037037037 0.8921875 0.9287037037037037
4 0.7557291666666667 0.6370370370370371 0.7583333333333333 0.6305555555555555 0.7557291666666667 0.5990740740740741 0.746875 0.5972222222222222 0.7453125 0.5990740740740741 0.7494791666666667 0.6194444444444445 0.75 0.6342592592592593 0.7557291666666667 0.6370370370370371
5 0.7302083333333333 0.6148148148148148 0.7244791666666667 0.6018518518518519 0.7197916666666667 0.612037037037037 0.7213541666666666 0.6361111111111111 0.7244791666666667 0.6444444444444445 0.7307291666666667 0.6370370370370371 0.7302083333333333 0.6148148148148148
5 0.5302083333333333 0.5944444444444444 0.5260416666666666 0.5990740740740741 0.5286458333333334 0.6305555555555555 0.5328125 0.6324074074074074 0.534375 0.5990740740740741 0.5302083333333333 0.5944444444444444
4 0.3645833333333333 0.7240740740740741 0.36354166666666665 0.674074074074074 0.35989583333333336 0.6722222222222223 0.3567708333333333 0.6824074074074075 0.3546875 0.6962962962962963 0.35572916666666665 0.7185185185185186 0.3578125 0.7231481481481481 0.3645833333333333 0.7240740740740741