5 0.18697916666666667 0.6296296296296297 0.1875 0.6407407407407407 0.18489583333333334 0.6518518518518519 0.19322916666666667 0.6564814814814814 0.19479166666666667 0.6546296296296297 0.19635416666666666 0.6148148148148148 0.19322916666666667 0.6055555555555555 0.18958333333333333 0.6037037037037037 0.18541666666666667 0.6129629629629629 0.18385416666666668 0.6203703703703703 0.18697916666666667 0.6296296296296297
4 0.3296875 0.7240740740740741 0.334375 0.725925925925926 0.3380208333333333 0.7203703703703703 0.340625 0.6944444444444444 0.340625 0.6694444444444444 0.33489583333333334 0.6574074074074074 0.3302083333333333 0.6601851851851852 0.3265625 0.6805555555555556 0.3260416666666667 0.6925925925925925 0.3296875 0.7240740740740741
4 0.6036458333333333 0.8888888888888888 0.6088541666666667 0.8916666666666667 0.6125 0.8888888888888888 0.6161458333333333 0.8731481481481481 0.6203125 0.875 0.6229166666666667 0.8824074074074074 0.6270833333333333 0.8759259259259259 0.6208333333333333 0.8638888888888889 0.6223958333333334 0.8231481481481482 0.6130208333333333 0.7981481481481482 0.6104166666666667 0.7962962962962963 0.6072916666666667 0.8009259259259259 0.6078125 0.8240740740740741 0.6036458333333333 0.8888888888888888
4 0.15364583333333334 0.6537037037037037 0.17083333333333334 0.6537037037037037 0.16770833333333332 0.6324074074074074 0.16979166666666667 0.6222222222222222 0.16614583333333333 0.6138888888888889 0.165625 0.6027777777777777 0.16145833333333334 0.6018518518518519 0.15833333333333333 0.6148148148148148 0.15729166666666666 0.6361111111111111 0.15364583333333334 0.6537037037037037
4 0.453125 0.7638888888888888 0.45625 0.7731481481481481 0.4588541666666667 0.8037037037037037 0.4666666666666667 0.8064814814814815 0.46875 0.799074074074074 0.46822916666666664 0.7810185185185186 0.47239583333333335 0.7657407407407407 0.4708333333333333 0.7388888888888889 0.4625 0.7231481481481481 0.459375 0.725925925925926 0.45364583333333336 0.7435185185185185 0.44947916666666665 0.7611111111111111 0.453125 0.7638888888888888
4 0.11041666666666666 0.7287037037037037 0.11302083333333333 0.7675925925925926 0.11458333333333333 0.7722222222222223 0.11875 0.7731481481481481 0.12083333333333333 0.7685185185185185 0.12291666666666666 0.7185185185185186 0.12083333333333333 0.6962962962962963 0.11927083333333334 0.6935185185185185 0.1125 0.6962962962962963 0.10729166666666666 0.712037037037037 0.10677083333333333 0.7166666666666667 0.11041666666666666 0.7287037037037037
5 0.5609375 0.6444444444444445 0.5671875 0.6361111111111111 0.5692708333333333 0.6425925925925926 0.5729166666666666 0.6435185185185185 0.5661458333333333 0.5944444444444444 0.5630208333333333 0.5935185185185186 0.5604166666666667 0.6027777777777777 0.5567708333333333 0.6425925925925926 0.5609375 0.6444444444444445
5 0.721875 0.8546296296296296 0.7197916666666667 0.8574074074074074 0.7234375 0.862037037037037 0.7302083333333333 0.8574074074074074 0.7395833333333334 0.8629629629629629 0.7416666666666667 0.8574074074074074 0.7375 0.8037037037037037 0.7322916666666667 0.7814814814814814 0.728125 0.7777777777777778 0.7260416666666667 0.7824074074074074 0.7276041666666667 0.8194444444444444 0.721875 0.8546296296296296
5 0.403125 0.7833333333333333 0.4015625 0.7944444444444444 0.4078125 0.8009259259259259 0.41041666666666665 0.7972222222222223 0.4125 0.7388888888888889 0.40625 0.7175925925925926 0.40260416666666665 0.7194444444444444 0.4005208333333333 0.7314814814814815 0.39895833333333336 0.7592592592592593 0.403125 0.7833333333333333
5 0.7244791666666667 0.7361111111111112 0.7265625 0.7398148148148148 0.7380208333333333 0.737037037037037 0.7411458333333333 0.7407407407407407 0.74375 0.7351851851851852 0.7416666666666667 0.6851851851851852 0.7375 0.6694444444444444 0.7322916666666667 0.6731481481481482 0.73125 0.7055555555555556 0.7244791666666667 0.7361111111111112
4 0.4546875 0.6342592592592593 0.45989583333333334 0.6083333333333333 0.4588541666666667 0.5898148148148148 0.4546875 0.5787037037037037 0.4515625 0.5796296296296296 0.4473958333333333 0.5935185185185186 0.44947916666666665 0.6305555555555555 0.4546875 0.6342592592592593
5 0.9473958333333333 0.6685185185185185 0.9520833333333333 0.6759259259259259 0.95 0.7231481481481481 0.9645833333333333 0.7240740740740741 0.965625 0.712037037037037 0.9635416666666666 0.6962962962962963 0.9666666666666667 0.6861111111111111 0.9666666666666667 0.675 0.9588541666666667 0.6537037037037037 0.9546875 0.6518518518518519 0.9526041666666667 0.6583333333333333 0.9395833333333333 0.6638888888888889 0.9395833333333333 0.6685185185185185 0.9473958333333333 0.6685185185185185
3 0.10416666666666667 0.5916666666666667 0.1078125 0.5935185185185186 0.11145833333333334 0.5768518518518518 0.11510416666666666 0.5722222222222222 0.11510416666666666 0.5564814814814815 0.1078125 0.5453703703703704 0.1015625 0.5546296296296296 0.10052083333333334 0.5601851851851852 0.10416666666666667 0.5916666666666667
4 0.06822916666666666 0.7166666666666667 0.07291666666666667 0.712037037037037 0.07552083333333333 0.6925925925925925 0.07135416666666666 0.6805555555555556 0.06458333333333334 0.6833333333333333 0.0609375 0.6935185185185185 0.0625 0.7129629629629629 0.06822916666666666 0.7166666666666667
5 0.7833333333333333 0.6722222222222223 0.7854166666666667 0.6592592592592592 0.7848958333333333 0.6416666666666667 0.7885416666666667 0.6259259259259259 0.7833333333333333 0.6083333333333333 0.7791666666666667 0.6101851851851852 0.7760416666666666 0.6240740740740741 0.7776041666666667 0.6675925925925926 0.7833333333333333 0.6722222222222223
0 0.5697916666666667 0.9083333333333333 0.5692708333333333 0.8925925925925926 0.5635416666666667 0.8861111111111111 0.5604166666666667 0.8842592592592593 0.5536458333333333 0.8962962962962963 0.5557291666666667 0.9083333333333333 0.5697916666666667 0.9083333333333333
4 0.55625 0.8824074074074074 0.55625 0.8870370370370371 0.5510416666666667 0.8972222222222223 0.5515625 0.9027777777777778 0.5552083333333333 0.9083333333333333 0.5692708333333333 0.9092592592592592 0.5723958333333333 0.8759259259259259 0.578125 0.8592592592592593 0.5770833333333333 0.8527777777777777 0.5625 0.8490740740740741 0.55625 0.8518518518518519 0.5510416666666667 0.8592592592592593 0.5505208333333333 0.8722222222222222 0.55625 0.8824074074074074
3 0.0515625 0.5972222222222222 0.06041666666666667 0.600925925925926 0.06197916666666667 0.5990740740740741 0.06041666666666667 0.5694444444444444 0.05677083333333333 0.5583333333333333 0.052083333333333336 0.562037037037037 0.050520833333333334 0.5685185185185185 0.0515625 0.5972222222222222
5 0.515625 0.8611111111111112 0.5161458333333333 0.8657407407407407 0.5203125 0.8694444444444445 0.53125 0.8675925925925926 0.5338541666666666 0.8648148148148148 0.5328125 0.8481481481481481 0.534375 0.8351851851851851 0.5333333333333333 0.812037037037037 0.5286458333333334 0.7805555555555556 0.5234375 0.7814814814814814 0.5208333333333334 0.8009259259259259 0.5213541666666667 0.8425925925925926 0.515625 0.8611111111111112
5 0.07708333333333334 0.7046296296296296 0.08385416666666666 0.7092592592592593 0.08645833333333333 0.7046296296296296 0.08489583333333334 0.687037037037037 0.08802083333333334 0.6675925925925926 0.08697916666666666 0.6555555555555556 0.08125 0.6416666666666667 0.078125 0.6425925925925926 0.0734375 0.6648148148148149 0.07291666666666667 0.6814814814814815 0.07708333333333334 0.7046296296296296
5 0.359375 0.6962962962962963 0.35989583333333336 0.7037037037037037 0.3625 0.7055555555555556 0.365625 0.700925925925926 0.37083333333333335 0.700925925925926 0.3770833333333333 0.7074074074074074 0.378125 0.7018518518518518 0.37395833333333334 0.6935185185185185 0.3723958333333333 0.6814814814814815 0.375 0.6648148148148149 0.3697916666666667 0.6398148148148148 0.3671875 0.6416666666666667 0.3619791666666667 0.6601851851851852 0.3645833333333333 0.6814814814814815 0.359375 0.6962962962962963
3 0.44375 0.7148148148148148 0.446875 0.7175925925925926 0.4515625 0.7101851851851851 0.4546875 0.7203703703703703 0.459375 0.7212962962962963 0.4578125 0.7092592592592593 0.4588541666666667 0.65 0.4546875 0.6481481481481481 0.45 0.6620370370370371 0.4505208333333333 0.6939814814814815 0.44375 0.7148148148148148
4 0.7817708333333333 0.6898148148148148 0.7895833333333333 0.6953703703703704 0.7932291666666667 0.6944444444444444 0.7979166666666667 0.6388888888888888 0.7927083333333333 0.6259259259259259 0.7869791666666667 0.6203703703703703 0.7786458333333334 0.6222222222222222 0.7791666666666667 0.6666666666666666 0.7817708333333333 0.6898148148148148