4 0.0921875 0.7018518518518518 0.10364583333333334 0.687962962962963 0.1078125 0.7018518518518518 0.11197916666666667 0.7018518518518518 0.11302083333333333 0.6842592592592592 0.1109375 0.6722222222222223 0.11302083333333333 0.6620370370370371 0.11875 0.6574074074074074 0.12552083333333333 0.6583333333333333 0.12291666666666666 0.649074074074074 0.1203125 0.6453703703703704 0.1109375 0.6472222222222223 0.10572916666666667 0.6537037037037037 0.09791666666666667 0.6814814814814815 0.09010416666666667 0.6925925925925925 0.09010416666666667 0.700925925925926 0.0921875 0.7018518518518518
5 0.6036458333333333 0.6083333333333333 0.6078125 0.6101851851851852 0.6114583333333333 0.6074074074074074 0.6109375 0.5953703703703703 0.60625 0.5944444444444444 0.6036458333333333 0.5981481481481481 0.6052083333333333 0.6027777777777777 0.6036458333333333 0.6083333333333333
5 0.5755208333333334 0.6342592592592593 0.58125 0.6342592592592593 0.5833333333333334 0.6407407407407407 0.5880208333333333 0.6388888888888888 0.5859375 0.6175925925925926 0.5885416666666666 0.6074074074074074 0.5854166666666667 0.5898148148148148 0.5828125 0.5888888888888889 0.5765625 0.6018518518518519 0.5776041666666667 0.6148148148148148 0.5697916666666667 0.6342592592592593 0.5713541666666667 0.6416666666666667 0.5755208333333334 0.6342592592592593
5 0.7588541666666667 0.7305555555555555 0.7677083333333333 0.7342592592592593 0.7703125 0.6916666666666667 0.7661458333333333 0.6777777777777778 0.7609375 0.6694444444444444 0.7557291666666667 0.6694444444444444 0.7541666666666667 0.6777777777777778 0.7552083333333334 0.712037037037037 0.7588541666666667 0.7305555555555555
5 0.6041666666666666 0.6083333333333333 0.6098958333333333 0.6101851851851852 0.6130208333333333 0.6037037037037037 0.6098958333333333 0.5685185185185185 0.6067708333333334 0.5638888888888889 0.6041666666666666 0.5648148148148148 0.6015625 0.5722222222222222 0.6015625 0.5944444444444444 0.6041666666666666 0.6083333333333333
5 0.1265625 0.6574074074074074 0.13020833333333334 0.6574074074074074 0.1328125 0.6416666666666667 0.13072916666666667 0.5972222222222222 0.12708333333333333 0.5981481481481481 0.12395833333333334 0.6064814814814815 0.1234375 0.65 0.1265625 0.6574074074074074
5 0.3098958333333333 0.6861111111111111 0.31354166666666666 0.6842592592592592 0.315625 0.6638888888888889 0.3182291666666667 0.6574074074074074 0.315625 0.6351851851851852 0.3104166666666667 0.6416666666666667 0.30416666666666664 0.6712962962962963 0.30104166666666665 0.6768518518518518 0.3020833333333333 0.6824074074074075 0.3098958333333333 0.6861111111111111
4 0.5317708333333333 0.6518518518518519 0.5385416666666667 0.6583333333333333 0.5416666666666666 0.6574074074074074 0.5338541666666666 0.6148148148148148 0.5296875 0.6166666666666667 0.5276041666666667 0.6351851851851852 0.5213541666666667 0.6537037037037037 0.5229166666666667 0.6601851851851852 0.5317708333333333 0.6518518518518519
4 0.11041666666666666 0.65 0.12239583333333333 0.6592592592592592 0.12708333333333333 0.6583333333333333 0.13072916666666667 0.65 0.13072916666666667 0.6185185185185185 0.128125 0.612037037037037 0.128125 0.6046296296296296 0.12291666666666666 0.6027777777777777 0.11875 0.6064814814814815 0.11666666666666667 0.6425925925925926 0.11041666666666666 0.65
3 0.20572916666666666 0.6888888888888889 0.20052083333333334 0.7018518518518518 0.20052083333333334 0.7101851851851851 0.20520833333333333 0.712037037037037 0.2078125 0.6972222222222222 0.21197916666666666 0.6944444444444444 0.21458333333333332 0.7101851851851851 0.21875 0.712037037037037 0.225 0.7046296296296296 0.21822916666666667 0.6990740740740741 0.21770833333333334 0.6731481481481482 0.22135416666666666 0.6694444444444444 0.21822916666666667 0.6425925925925926 0.21354166666666666 0.6416666666666667 0.20572916666666666 0.6611111111111111 0.20833333333333334 0.6694444444444444 0.20572916666666666 0.6888888888888889
4 0.3333333333333333 0.6175925925925926 0.33645833333333336 0.6138888888888889 0.3385416666666667 0.575925925925926 0.33697916666666666 0.5685185185185185 0.33125 0.5694444444444444 0.3265625 0.5962962962962963 0.321875 0.600925925925926 0.3223958333333333 0.6083333333333333 0.3333333333333333 0.6175925925925926
4 0.4317708333333333 0.7574074074074074 0.4276041666666667 0.7592592592592593 0.4276041666666667 0.7694444444444445 0.42916666666666664 0.775 0.4354166666666667 0.7768518518518519 0.4427083333333333 0.7527777777777778 0.44166666666666665 0.7037037037037037 0.4401041666666667 0.700925925925926 0.43645833333333334 0.7046296296296296 0.43125 0.7314814814814815 0.43385416666666665 0.75 0.4317708333333333 0.7574074074074074
2 0.7197916666666667 0.6259259259259259 0.7317708333333334 0.6296296296296297 0.7411458333333333 0.6 0.740625 0.5888888888888889 0.7359375 0.5805555555555556 0.725 0.5953703703703703 0.7229166666666667 0.6027777777777777 0.725 0.6148148148148148 0.7197916666666667 0.6259259259259259
5 0.37135416666666665 0.8101851851851852 0.3770833333333333 0.8138888888888889 0.3807291666666667 0.8101851851851852 0.38697916666666665 0.7925925925925926 0.3875 0.7518518518518519 0.3859375 0.7444444444444445 0.3802083333333333 0.7518518518518519 0.37552083333333336 0.7648148148148148 0.37447916666666664 0.7972222222222223 0.37135416666666665 0.8101851851851852
5 0.03333333333333333 0.7305555555555555 0.04583333333333333 0.7046296296296296 0.04479166666666667 0.6962962962962963 0.040625 0.6981481481481482 0.03802083333333333 0.6935185185185185 0.03697916666666667 0.6888888888888889 0.03854166666666667 0.6851851851851852 0.035416666666666666 0.6685185185185185 0.028645833333333332 0.674074074074074 0.025520833333333333 0.6953703703703704 0.023958333333333335 0.7287037037037037 0.03333333333333333 0.7305555555555555
4 0.6536458333333334 0.6203703703703703 0.6510416666666666 0.6185185185185185 0.65625 0.6240740740740741 0.6578125 0.6342592592592593 0.675 0.6305555555555555 0.6697916666666667 0.625 0.6671875 0.6125 0.6677083333333333 0.5916666666666667 0.6640625 0.587037037037037 0.6588541666666666 0.5916666666666667 0.6588541666666666 0.6111111111111112 0.6536458333333334 0.6203703703703703
0 0.715625 0.6537037037037037 0.7166666666666667 0.65 0.7135416666666666 0.6453703703703704 0.7088541666666667 0.6453703703703704 0.7109375 0.6564814814814814 0.715625 0.6537037037037037