5 0.8208333333333333 0.6861111111111111 0.8296875 0.6888888888888889 0.8338541666666667 0.65 0.8302083333333333 0.637962962962963 0.8265625 0.6351851851851852 0.821875 0.65 0.8213541666666667 0.6620370370370371 0.8161458333333333 0.6861111111111111 0.8177083333333334 0.6888888888888889 0.8208333333333333 0.6861111111111111
5 0.5026041666666666 0.6083333333333333 0.4973958333333333 0.6111111111111112 0.4942708333333333 0.625 0.49375 0.6583333333333333 0.5015625 0.6611111111111111 0.5041666666666667 0.6574074074074074 0.5026041666666666 0.6083333333333333
4 0.21822916666666667 0.6601851851851852 0.21927083333333333 0.6351851851851852 0.22291666666666668 0.6268518518518519 0.21510416666666668 0.6222222222222222 0.20885416666666667 0.6481481481481481 0.20989583333333334 0.6601851851851852 0.20729166666666668 0.6731481481481482 0.21302083333333333 0.6777777777777778 0.21822916666666667 0.6601851851851852
4 0.6661458333333333 0.712037037037037 0.6682291666666667 0.7018518518518518 0.6661458333333333 0.6574074074074074 0.6609375 0.6555555555555556 0.65625 0.6731481481481482 0.6552083333333333 0.7129629629629629 0.6578125 0.7175925925925926 0.6625 0.7175925925925926 0.6661458333333333 0.712037037037037
4 0.25677083333333334 0.775 0.2625 0.775 0.2630208333333333 0.7407407407407407 0.265625 0.725925925925926 0.2703125 0.7203703703703703 0.2635416666666667 0.7148148148148148 0.2609375 0.700925925925926 0.25885416666666666 0.7 0.2552083333333333 0.7055555555555556 0.2526041666666667 0.7240740740740741 0.2520833333333333 0.7324074074074074 0.2557291666666667 0.7509259259259259 0.25416666666666665 0.7712962962962963 0.25677083333333334 0.775
5 0.8463541666666666 0.7537037037037037 0.8416666666666667 0.7592592592592593 0.8411458333333334 0.7694444444444445 0.8505208333333333 0.7592592592592593 0.8536458333333333 0.7685185185185185 0.8572916666666667 0.7712962962962963 0.8588541666666667 0.7685185185185185 0.8583333333333333 0.7425925925925926 0.8635416666666667 0.7277777777777777 0.8609375 0.7083333333333334 0.8567708333333334 0.7037037037037037 0.8494791666666667 0.7166666666666667 0.8411458333333334 0.7166666666666667 0.8416666666666667 0.7212962962962963 0.8479166666666667 0.7277777777777777 0.8494791666666667 0.7416666666666667 0.8463541666666666 0.7537037037037037
5 0.6130208333333333 0.7 0.6161458333333333 0.6972222222222222 0.6166666666666667 0.6851851851851852 0.6151041666666667 0.6462962962962963 0.6109375 0.6314814814814815 0.6072916666666667 0.6314814814814815 0.60625 0.6351851851851852 0.6052083333333333 0.6537037037037037 0.6072916666666667 0.6645064814814815 0.6072916666666667 0.6972222222222222 0.6130208333333333 0.7
4 0.4296875 0.6148148148148148 0.42552083333333335 0.6138888888888889 0.4197916666666667 0.6314814814814815 0.4192708333333333 0.6620370370370371 0.425 0.6648148148148149 0.4317708333333333 0.6398148148148148 0.4296875 0.6148148148148148
4 0.286515625 0.6324861111111112 0.286515625 0.6047083333333334 0.27766145833333333 0.5935972222222222 0.27193229166666666 0.6010046296296296 0.2729739583333333 0.634337962962963 0.27714062500000003 0.6482268518518519 0.280265625 0.6473009259259259 0.286515625 0.6324861111111112
3 0.3963541666666667 0.7240740740740741 0.4010416666666667 0.7240740740740741 0.403125 0.7203703703703703 0.4046875 0.6842592592592592 0.40260416666666665 0.6564814814814814 0.39895833333333336 0.6546296296296297 0.3932291666666667 0.6675925925925926 0.3921875 0.687037037037037 0.39427083333333335 0.6962962962962963 0.39479166666666665 0.7203703703703703 0.3963541666666667 0.7240740740740741
4 0.4859375 0.6731481481481482 0.4817708333333333 0.6722222222222223 0.47708333333333336 0.6842592592592592 0.4796875 0.7361111111111112 0.48541666666666666 0.737037037037037 0.48854166666666665 0.7185185185185186 0.4859375 0.6731481481481482
3 0.2942708333333333 0.6 0.29270833333333335 0.5898148148148148 0.2942708333333333 0.575925925925926 0.29010416666666666 0.5703703703703704 0.28541666666666665 0.5703703703703704 0.2828125 0.575925925925926 0.2838541666666667 0.5842592592592593 0.2796875 0.5953703703703703 0.28020833333333334 0.5990740740740741 0.2942708333333333 0.6
4 0.4161458333333333 0.8231481481481482 0.41510416666666666 0.7509259259259259 0.41354166666666664 0.7481481481481481 0.4109375 0.7481481481481481 0.40520833333333334 0.7592592592592593 0.4015625 0.7824074074074074 0.403125 0.825 0.4046875 0.8305555555555556 0.4078125 0.8314814814814815 0.4161458333333333 0.8231481481481482
4 0.5895833333333333 0.7555555555555555 0.5885416666666666 0.7185185185185186 0.584375 0.6925925925925925 0.5802083333333333 0.6925925925925925 0.5760416666666667 0.7037037037037037 0.5760416666666667 0.7518518518518519 0.5791666666666667 0.7583333333333333 0.5880208333333333 0.7574074074074074 0.5895833333333333 0.7555555555555555
5 0.4239583333333333 0.9157407407407407 0.42604166666666665 0.9083333333333333 0.42135416666666664 0.9 0.41458333333333336 0.8629629629629629 0.4166666666666667 0.8527777777777777 0.4078125 0.8277777777777777 0.4041666666666667 0.8287037037037037 0.40208333333333335 0.8472222222222222 0.4015625 0.9120370370370371 0.4192708333333333 0.9120370370370371 0.4197916666666667 0.9157407407407407 0.4239583333333333 0.9157407407407407
4 0.6161458333333333 0.6444444444444445 0.6109375 0.6259259259259259 0.6072916666666667 0.6185185185185185 0.6020833333333333 0.6175925925925926 0.603125 0.6537037037037037 0.6072916666666667 0.6601851851851852 0.6151041666666667 0.6583333333333333 0.6161458333333333 0.6444444444444445
5 0.4296875 0.7314814814814815 0.4234375 0.7092592592592593 0.4197916666666667 0.7092592592592593 0.4171875 0.7166666666666667 0.41770833333333335 0.7675925925925926 0.42135416666666664 0.7768518518518519 0.4276041666666667 0.7777777777777778 0.4296875 0.7314814814814815
3 0.5791666666666667 0.5601851851851852 0.5760416666666667 0.5537037037037037 0.5703125 0.5592592592592592 0.5713541666666667 0.5972222222222222 0.5760416666666667 0.6027777777777777 0.578125 0.5944444444444444 0.5791666666666667 0.5601851851851852
5 0.6354166666666666 0.7435185185185185 0.6348958333333333 0.725925925925926 0.6380208333333334 0.7157407407407408 0.6359375 0.687037037037037 0.6307291666666667 0.6814814814814815 0.625 0.6944444444444444 0.628125 0.7277777777777777 0.6276041666666666 0.7435185185185185 0.6322916666666667 0.7472222222222222 0.6354166666666666 0.7435185185185185
5 0.47604166666666664 0.5916666666666667 0.46979166666666666 0.5916666666666667 0.46979166666666666 0.6268518518518519 0.478125 0.6287037037037037 0.48020833333333335 0.625 0.47604166666666664 0.5916666666666667
0 0.846875 0.7148148148148148 0.8421875 0.7138888888888889 0.840625 0.7166666666666667 0.8421875 0.7231481481481481 0.8494791666666667 0.7231481481481481 0.846875 0.7148148148148148
5 0.2703125 0.5907407407407408 0.265625 0.6 0.26666666666666666 0.6333333333333333 0.2713541666666667 0.6361111111111111 0.27447916666666666 0.5981481481481481 0.2703125 0.5907407407407408
4 0.15625 0.7175925925925926 0.15364583333333334 0.6712962962962963 0.15 0.6685185185185185 0.14635416666666667 0.6787037037037037 0.14635416666666667 0.7435185185185185 0.15 0.7435185185185185 0.15416666666666667 0.7351851851851852 0.15625 0.7175925925925926
5 0.15104166666666666 0.7361111111111112 0.15 0.7092592592592593 0.15260416666666668 0.6972222222222222 0.15260416666666668 0.6805555555555556 0.15052083333333333 0.6694444444444444 0.13854166666666667 0.6925925925925925 0.1421875 0.7407407407407407 0.14322916666666666 0.7444444444444445 0.14739583333333334 0.7453703703703703 0.15104166666666666 0.7361111111111112