4 0.7046875 0.5981481481481481 0.7088541666666667 0.5935185185185186 0.7098958333333333 0.5509259259259259 0.7046875 0.5407407407407407 0.6958333333333333 0.5425925925925926 0.6953125 0.5574074074074075 0.6994791666666667 0.5796296296296296 0.7 0.5944444444444444 0.7046875 0.5981481481481481
5 0.4703125 0.6611111111111111 0.46927083333333336 0.6509259259259259 0.471875 0.637962962962963 0.46927083333333336 0.6222222222222222 0.4666666666666667 0.6185185185185185 0.4625 0.6222222222222222 0.46041666666666664 0.6453703703703704 0.46145833333333336 0.6620370370370371 0.459375 0.6814814814814815 0.4661458333333333 0.6833333333333333 0.4703125 0.6611111111111111
4 0.5755208333333334 0.5879629629629629 0.5723958333333333 0.5796296296296296 0.5682291666666667 0.5768518518518518 0.565625 0.5796296296296296 0.5645833333333333 0.5888888888888889 0.565625 0.6027777777777777 0.5619791666666667 0.6370370370370371 0.5760416666666667 0.6407407407407407 0.5755208333333334 0.5879629629629629
5 0.6984375 0.5712962962962963 0.6989583333333333 0.5555555555555556 0.6942708333333333 0.5407407407407407 0.690625 0.5416666666666666 0.6869791666666667 0.5509259259259259 0.6885416666666667 0.5916666666666667 0.6932291666666667 0.5944444444444444 0.6953125 0.5916666666666667 0.6984375 0.5712962962962963
5 0.5411458333333333 0.6620370370370371 0.540625 0.6694444444444444 0.5494791666666666 0.6712962962962963 0.5515625 0.6768518518518518 0.5546875 0.6768518518518518 0.5567708333333333 0.674074074074074 0.5546875 0.6638888888888889 0.5567708333333333 0.6370370370370371 0.5541666666666667 0.6296296296296297 0.5536458333333333 0.6064814814814815 0.5484375 0.6064814814814815 0.5463541666666667 0.6287037037037037 0.5479166666666667 0.65 0.5463541666666667 0.6564814814814814 0.5411458333333333 0.6620370370370371
5 0.32760416666666664 0.5953703703703703 0.321875 0.5712962962962963 0.3182291666666667 0.5722222222222222 0.315625 0.5916666666666667 0.3151041666666667 0.6268518518518519 0.3182291666666667 0.6314814814814815 0.3234375 0.6305555555555555 0.32760416666666664 0.5953703703703703
4 0.5234375 0.6083333333333333 0.5223958333333333 0.5768518518518518 0.525 0.5685185185185185 0.5291666666666667 0.5675925925925925 0.5171875 0.5518518518518518 0.5130208333333334 0.5555555555555556 0.5114583333333333 0.575 0.509375 0.6111111111111112 0.5119791666666667 0.6138888888888889 0.521875 0.6129629629629629 0.5234375 0.6083333333333333
5 0.46875 0.55 0.4640625 0.549074074074074 0.46197916666666666 0.5574074074074075 0.46145833333333336 0.5796296296296296 0.4666666666666667 0.587037037037037 0.4713541666666667 0.5796296296296296 0.46875 0.55
4 0.33697916666666666 0.6222222222222222 0.33697916666666666 0.6296296296296297 0.3484375 0.6314814814814815 0.35208333333333336 0.5972222222222222 0.35 0.575925925925926 0.3463541666666667 0.5666666666666667 0.34270833333333334 0.5675925925925925 0.3380208333333333 0.5888888888888889 0.33645833333333336 0.5990740740740741 0.34010416666666665 0.6027777777777777 0.3416666666666667 0.6101851851851852 0.33697916666666666 0.6222222222222222
5 0.4734375 0.6240740740740741 0.4765625 0.5953703703703703 0.4708333333333333 0.575925925925926 0.46458333333333335 0.5768518518518518 0.4635416666666667 0.5814814814814815 0.4609375 0.6046296296296296 0.4640625 0.6212962962962963 0.4703125 0.6314814814814815 0.4734375 0.6240740740740741
4 0.85 0.6574074074074074 0.8583333333333333 0.6592592592592592 0.8598958333333333 0.6583333333333333 0.8598958333333333 0.6333333333333333 0.8619791666666666 0.6222222222222222 0.8609375 0.600925925925926 0.8583333333333333 0.5916666666666667 0.85 0.5796296296296296 0.8458333333333333 0.5833333333333334 0.8463541666666666 0.6148148148148148 0.8489583333333334 0.6259259259259259 0.8447916666666667 0.6472222222222223 0.85 0.6574074074074074
4 0.8729166666666667 0.6564814814814814 0.8713541666666667 0.6601851851851852 0.8744791666666667 0.6657407407407407 0.8854166666666666 0.662962962962963 0.8885416666666667 0.6675925925925926 0.8901041666666667 0.6620370370370371 0.8890625 0.6111111111111112 0.8817708333333333 0.5953703703703703 0.8765625 0.5907407407407408 0.8734375 0.6027777777777777 0.8729166666666667 0.6148148148148148 0.8692708333333333 0.6222222222222222 0.8723958333333334 0.6268518518518519 0.8729166666666667 0.6564814814814814
0 0.4875 0.6083333333333333 0.48802083333333335 0.6027777777777777 0.4817708333333333 0.5944444444444444 0.478125 0.5981481481481481 0.478125 0.6074074074074074 0.48125 0.6101851851851852 0.4875 0.6083333333333333
4 0.7619791666666667 0.6027777777777777 0.7619791666666667 0.5879629629629629 0.7604166666666666 0.5787037037037037 0.7557291666666667 0.5694444444444444 0.7515625 0.5685185185185185 0.7494791666666667 0.5740740740740741 0.7479166666666667 0.6037037037037037 0.7515625 0.6305555555555555 0.7557291666666667 0.6333333333333333 0.7619791666666667 0.6027777777777777
5 0.6010416666666667 0.6361111111111111 0.5994791666666667 0.5907407407407408 0.5953125 0.5888888888888889 0.5921875 0.6 0.5911458333333334 0.6509259259259259 0.5921875 0.6537037037037037 0.5994791666666667 0.6537037037037037 0.6010416666666667 0.6361111111111111
3 0.4822916666666667 0.5944444444444444 0.4791666666666667 0.5481481481481482 0.4739583333333333 0.5462962962962963 0.4708333333333333 0.5546296296296296 0.4744791666666667 0.6111111111111112 0.4859375 0.6083333333333333 0.4869791666666667 0.6027777777777777 0.4822916666666667 0.5944444444444444
3 0.13541666666666666 0.5370370370370371 0.13072916666666667 0.5055555555555555 0.125 0.5046296296296297 0.12239583333333333 0.5185185185185185 0.121875 0.5333333333333333 0.12604166666666666 0.5555555555555556 0.13072916666666667 0.5583333333333333 0.13541666666666666 0.5370370370370371
5 0.8765625 0.6027777777777777 0.875 0.5990740740740741 0.8760416666666667 0.5916666666666667 0.8729166666666667 0.5814814814814815 0.8708333333333333 0.5833333333333334 0.8692708333333333 0.5953703703703703 0.8635416666666667 0.5972222222222222 0.8614583333333333 0.6055555555555555 0.8609375 0.6666666666666666 0.865625 0.6694444444444444 0.8755208333333333 0.6620370370370371 0.8765625 0.6027777777777777
3 0.20052083333333334 0.5416666666666666 0.20052083333333334 0.5018518518518519 0.19270833333333334 0.49074074074074076 0.18958333333333333 0.49722222222222223 0.1921875 0.5425925925925926 0.19895833333333332 0.5453703703703704 0.20052083333333334 0.5416666666666666
5 0.3645833333333333 0.6537037037037037 0.36354166666666665 0.6361111111111111 0.3572916666666667 0.6138888888888889 0.35 0.6259259259259259 0.3489583333333333 0.6342592592592593 0.353125 0.6814814814814815 0.3572916666666667 0.6842592592592592 0.3645833333333333 0.6537037037037037
5 0.8791666666666667 0.5953703703703703 0.8744791666666667 0.5787037037037037 0.8703125 0.5796296296296296 0.8661458333333333 0.600925925925926 0.865625 0.6111111111111112 0.8682291666666667 0.6166666666666667 0.875 0.6185185185185185 0.8791666666666667 0.5953703703703703
4 0.8010416666666667 0.6916666666666667 0.8067708333333333 0.6953703703703704 0.809375 0.6925925925925925 0.8098958333333334 0.6398148148148148 0.8026041666666667 0.6222222222222222 0.79375 0.6370370370370371 0.7963541666666667 0.6574074074074074 0.7932291666666667 0.6925925925925925 0.7947916666666667 0.6962962962962963 0.8010416666666667 0.6916666666666667