5 0.20520833333333333 0.6546296296296297 0.20625 0.6138888888888889 0.20052083333333334 0.6101851851851852 0.1984375 0.6148148148148148 0.19739583333333333 0.65 0.20520833333333333 0.6546296296296297
5 0.05364583333333333 0.8018518518518518 0.06927083333333334 0.7981481481481482 0.06979166666666667 0.7898148148148149 0.0640625 0.7814814814814814 0.06510416666666667 0.7583333333333333 0.06041666666666667 0.7342592592592593 0.057291666666666664 0.7388888888888889 0.0546875 0.7620370370370371 0.05572916666666667 0.7916666666666666 0.05364583333333333 0.8018518518518518
4 0.4203125 0.8138888888888889 0.43125 0.8166666666666667 0.4390625 0.7509259259259259 0.4322916666666667 0.7388888888888889 0.4276041666666667 0.7379629629629629 0.42135416666666664 0.7583333333333333 0.42239583333333336 0.7814814814814814 0.4203125 0.8138888888888889
4 0.28125 0.6388888888888888 0.28020833333333334 0.6620370370370371 0.28177083333333336 0.6648148148148149 0.2916666666666667 0.662962962962963 0.29322916666666665 0.6574074074074074 0.2890625 0.6472222222222223 0.28802083333333334 0.6222222222222222 0.2838541666666667 0.6157407407407407 0.28177083333333336 0.6175925925925926 0.27708333333333335 0.6305555555555555 0.28125 0.6388888888888888
4 0.25677083333333334 0.7398148148148148 0.2604166666666667 0.7277777777777777 0.26614583333333336 0.7277777777777777 0.2671875 0.7379629629629629 0.27239583333333334 0.737037037037037 0.27239583333333334 0.6861111111111111 0.2671875 0.687037037037037 0.25833333333333336 0.7055555555555556 0.253125 0.7388888888888889 0.25677083333333334 0.7398148148148148
5 0.6890625 0.674074074074074 0.690625 0.6314814814814815 0.6880208333333333 0.6240740740740741 0.68125 0.6222222222222222 0.6807291666666667 0.6694444444444444 0.6890625 0.674074074074074
2 0.8213541666666667 0.6972222222222222 0.8364583333333333 0.6990740740740741 0.8348958333333333 0.6824074074074075 0.8359375 0.6648148148148149 0.8270833333333333 0.6453703703703704 0.8229166666666666 0.65 0.8244791666666667 0.6851851851851852 0.8213541666666667 0.6972222222222222
4 0.559375 0.6851851851851852 0.56875 0.6833333333333333 0.5703125 0.6814814814814815 0.5661458333333333 0.6314814814814815 0.5640625 0.6296296296296297 0.5598958333333334 0.6398148148148148 0.5578125 0.6824074074074075 0.559375 0.6851851851851852
3 0.2833333333333333 0.7398148148148148 0.2984375 0.7398148148148148 0.2984375 0.6888888888888889 0.2942708333333333 0.6731481481481482 0.290625 0.6712962962962963 0.28854166666666664 0.674074074074074 0.28541666666666665 0.687037037037037 0.28541666666666665 0.7203703703703703 0.2833333333333333 0.7398148148148148
4 0.7005208333333334 0.7018518518518518 0.7057291666666666 0.7101851851851851 0.7046875 0.7435185185185185 0.7083333333333334 0.7481481481481481 0.7166666666666667 0.7481481481481481 0.7171875 0.6981481481481482 0.7088541666666667 0.687037037037037 0.7072916666666667 0.6907407407407408 0.6963541666666667 0.6962962962962963 0.6963541666666667 0.700925925925926 0.7005208333333334 0.7018518518518518
5 0.7713541666666667 0.8027777777777778 0.7854166666666667 0.8101851851851852 0.7854166666666667 0.7592592592592593 0.78125 0.7425925925925926 0.7776041666666667 0.7435185185185185 0.775 0.7574074074074074 0.775 0.7805555555555556 0.7713541666666667 0.8027777777777778
5 0.4088541666666667 0.7527777777777778 0.4109375 0.7509259259259259 0.4140625 0.7324074074074074 0.4114583333333333 0.6898148148148148 0.40729166666666666 0.6916666666666667 0.4041666666666667 0.7046296296296296 0.4036458333333333 0.7481481481481481 0.4088541666666667 0.7527777777777778
5 0.2984375 0.7231481481481481 0.303125 0.7185185185185186 0.3026041666666667 0.6620370370370371 0.29739583333333336 0.6601851851851852 0.2947916666666667 0.6722222222222223 0.2942708333333333 0.7166666666666667 0.2984375 0.7231481481481481
4 0.13802083333333334 0.7342592592592593 0.1421875 0.7324074074074074 0.14479166666666668 0.7240740740740741 0.1453125 0.6962962962962963 0.14270833333333333 0.6768518518518518 0.1390625 0.6685185185185185 0.13489583333333333 0.6722222222222223 0.13125 0.6962962962962963 0.13020833333333334 0.7240740740740741 0.13802083333333334 0.7342592592592593
5 0.9286458333333333 0.7277777777777777 0.93125 0.725 0.93125 0.6990740740740741 0.9364583333333333 0.6805555555555556 0.9369791666666667 0.6694444444444444 0.9348958333333334 0.6648148148148149 0.9270833333333334 0.662962962962963 0.9234375 0.6648148148148149 0.9213541666666667 0.6712962962962963 0.921875 0.725 0.9286458333333333 0.7277777777777777