4 0.6421875 0.6990740740740741 0.6385416666666667 0.687037037037037 0.6338541666666667 0.6833333333333333 0.6265625 0.7046296296296296 0.6265625 0.737037037037037 0.6307291666666667 0.7472222222222222 0.6369791666666667 0.7361111111111112 0.6421875 0.6990740740740741
4 0.48072916666666665 0.7527777777777778 0.48541666666666666 0.725 0.4828125 0.7175925925925926 0.4822916666666667 0.6972222222222222 0.47604166666666664 0.6981481481481482 0.4708333333333333 0.7194444444444444 0.4713541666666667 0.7324074074074074 0.4671875 0.7472222222222222 0.4786458333333333 0.7555555555555555 0.48072916666666665 0.7527777777777778
5 0.38645833333333335 0.6453703703703704 0.38229166666666664 0.6472222222222223 0.3765625 0.6666666666666666 0.3734375 0.6851851851851852 0.37604166666666666 0.6888888888888889 0.38697916666666665 0.6898148148148148 0.38645833333333335 0.6453703703703704
4 0.6067708333333334 0.8009259259259259 0.6052083333333333 0.7768518518518519 0.6078125 0.7648148148148148 0.6109375 0.7601851851851852 0.6046875 0.7398148148148148 0.6005208333333333 0.7361111111111112 0.5916666666666667 0.75 0.5911458333333334 0.762962962962963 0.5994791666666667 0.8 0.6041666666666666 0.8046296296296296 0.6067708333333334 0.8009259259259259
3 0.4375 0.712037037037037 0.43125 0.6972222222222222 0.42291666666666666 0.712037037037037 0.42239583333333336 0.762962962962963 0.4296875 0.7620370370370371 0.4348958333333333 0.7657407407407407 0.4375 0.712037037037037
4 0.45989583333333334 0.6074074074074074 0.45677083333333335 0.6037037037037037 0.4510416666666667 0.6037037037037037 0.44583333333333336 0.6101851851851852 0.44635416666666666 0.6416666666666667 0.4552083333333333 0.6435185185185185 0.46041666666666664 0.6148148148148148 0.45989583333333334 0.6074074074074074
5 0.5364583333333334 0.6990740740740741 0.5369791666666667 0.6944444444444444 0.5333333333333333 0.6824074074074075 0.5442708333333334 0.675 0.5447916666666667 0.6694444444444444 0.5380208333333333 0.6564814814814814 0.5296875 0.6527777777777778 0.5260416666666666 0.6537037037037037 0.521875 0.662962962962963 0.525 0.7 0.5302083333333333 0.6925925925925925 0.5317708333333333 0.6972222222222222 0.5364583333333334 0.6990740740740741
4 0.15208333333333332 0.9 0.15416666666666667 0.9027777777777778 0.159375 0.8953703703703704 0.16041666666666668 0.8759259259259259 0.16458333333333333 0.8527777777777777 0.16822916666666668 0.8453703703703703 0.16822916666666668 0.837037037037037 0.16197916666666667 0.8138888888888889 0.16041666666666668 0.8138888888888889 0.1578125 0.8157407407407408 0.14947916666666666 0.8379629629629629 0.15104166666666666 0.8546296296296296 0.1484375 0.8685185185185185 0.15260416666666668 0.8898148148148148 0.15208333333333332 0.9
4 0.45416666666666666 0.6546296296296297 0.45 0.6527777777777778 0.4453125 0.6666666666666666 0.44427083333333334 0.700925925925926 0.4546875 0.7027777777777777 0.45677083333333335 0.6796296296296296 0.45416666666666666 0.6546296296296297
5 0.6135416666666667 0.725 0.6130208333333333 0.7148148148148148 0.6088541666666667 0.7018518518518518 0.6052083333333333 0.7027777777777777 0.6005208333333333 0.7203703703703703 0.6015625 0.7287037037037037 0.5989583333333334 0.7398148148148148 0.6072916666666667 0.75 0.6135416666666667 0.725
5 0.19739583333333333 0.8101851851851852 0.19791666666666666 0.7981481481481482 0.20625 0.7703703703703704 0.20104166666666667 0.7462962962962963 0.19739583333333333 0.7462962962962963 0.1890625 0.762962962962963 0.190625 0.7833333333333333 0.1890625 0.812037037037037 0.19375 0.8166666666666667 0.19739583333333333 0.8101851851851852
5 0.29583333333333334 0.7296296296296296 0.296875 0.6796296296296296 0.2947916666666667 0.6768518518518518 0.2916666666666667 0.6787037037037037 0.28541666666666665 0.6935185185185185 0.28489583333333335 0.7083333333333334 0.28020833333333334 0.7277777777777777 0.2942708333333333 0.7333333333333333 0.29583333333333334 0.7296296296296296
4 0.31979166666666664 0.7092592592592593 0.32083333333333336 0.6824074074074075 0.3182291666666667 0.6648148148148149 0.3140625 0.6657407407407407 0.3104166666666667 0.687962962962963 0.30885416666666665 0.725 0.31927083333333334 0.7277777777777777 0.32135416666666666 0.7240740740740741 0.31979166666666664 0.7092592592592593
5 0.5895833333333333 0.7324074074074074 0.5828125 0.7037037037037037 0.5838541666666667 0.6888888888888889 0.5786458333333333 0.687962962962963 0.575 0.6972222222222222 0.5739583333333333 0.712037037037037 0.5796875 0.7398148148148148 0.5880208333333333 0.7398148148148148 0.5895833333333333 0.7324074074074074
4 0.28541666666666665 0.7898148148148149 0.2859375 0.7509259259259259 0.28802083333333334 0.7398148148148148 0.2828125 0.725925925925926 0.27239583333333334 0.7416666666666667 0.2713541666666667 0.7592592592592593 0.2734375 0.7870370370370371 0.2833333333333333 0.7925925925925926 0.28541666666666665 0.7898148148148149
5 0.5369791666666667 0.6620370370370371 0.540625 0.674074074074074 0.5447916666666667 0.6731481481481482 0.5411458333333333 0.6444444444444445 0.5364583333333334 0.6277777777777778 0.5333333333333333 0.6259259259259259 0.525 0.6444444444444445 0.5276041666666667 0.6592592592592592 0.5328125 0.6712962962962963 0.5333333333333333 0.6657407407407407 0.5369791666666667 0.6620370370370371
4 0.8375 0.7018518518518518 0.8364583333333333 0.6842592592592592 0.83125 0.6731481481481482 0.8291666666666667 0.6731481481481482 0.8276041666666667 0.6787037037037037 0.825 0.7166666666666667 0.828125 0.7277777777777777 0.8338541666666667 0.7296296296296296 0.8375 0.7018518518518518
5 0.275 0.7379629629629629 0.27395833333333336 0.7166666666666667 0.26979166666666665 0.7138888888888889 0.2640625 0.7222222222222222 0.26197916666666665 0.7305555555555555 0.25885416666666666 0.7712962962962963 0.2625 0.7759259259259259 0.271875 0.775 0.275 0.7379629629629629
5 0.39166666666666666 0.7398148148148148 0.39479166666666665 0.7407407407407407 0.39791666666666664 0.75 0.40208333333333335 0.7481481481481481 0.4005208333333333 0.7305555555555555 0.40208333333333335 0.7203703703703703 0.39791666666666664 0.7166666666666667 0.396875 0.7018518518518518 0.3921875 0.7055555555555556 0.38697916666666665 0.7324074074074074 0.3796875 0.75 0.3807291666666667 0.7537037037037037 0.39166666666666666 0.7398148148148148
5 0.3265625 0.725925925925926 0.3296875 0.7240740740740741 0.32916666666666666 0.6685185185185185 0.3265625 0.662962962962963 0.3203125 0.6787037037037037 0.31875 0.6972222222222222 0.31979166666666664 0.7212962962962963 0.321875 0.7268518518518519 0.3265625 0.725925925925926
4 0.828125 0.7675925925925926 0.8307291666666666 0.7518518518518519 0.8307291666666666 0.7314814814814815 0.825 0.7222222222222222 0.821875 0.7212962962962963 0.8203125 0.7268518518518519 0.8192708333333333 0.7907407407407407 0.8265625 0.7935185185185185 0.8286458333333333 0.7907407407407407 0.828125 0.7675925925925926
3 0.44479166666666664 0.5925925925925926 0.4432291666666667 0.5879629629629629 0.4359375 0.5916666666666667 0.43697916666666664 0.6231481481481481 0.4390625 0.6268518518518519 0.44375 0.6268518518518519 0.44479166666666664 0.5925925925925926
3 0.8765625 0.9990740740740741 0.8770833333333333 0.9851851851851852 0.8822916666666667 0.9694444444444444 0.8890625 0.9712962962962963 0.8921875 0.9842592592592593 0.8953125 0.9675925925925926 0.8958333333333334 0.937962962962963 0.8880208333333334 0.9148148148148149 0.8833333333333333 0.9157407407407407 0.875 0.937962962962963 0.8729166666666667 0.9722222222222222 0.8677083333333333 0.9814814814814815 0.86875 0.9990740740740741 0.8765625 0.9990740740740741