5 0.3692708333333333 0.6583333333333333 0.37135416666666665 0.6555555555555556 0.3723958333333333 0.6416666666666667 0.37864583333333335 0.6296296296296297 0.37083333333333335 0.6222222222222222 0.3609375 0.625 0.35989583333333336 0.6314814814814815 0.36302083333333335 0.6416666666666667 0.3619791666666667 0.6564814814814814 0.3692708333333333 0.6583333333333333
5 0.9822916666666667 0.6351851851851852 0.9854166666666667 0.6222222222222222 0.9848958333333333 0.5944444444444444 0.9817708333333334 0.5851851851851851 0.9770833333333333 0.5842592592592593 0.9739583333333334 0.5972222222222222 0.9739583333333334 0.6231481481481481 0.971875 0.6342592592592593 0.9744791666666667 0.6370370370370371 0.9822916666666667 0.6351851851851852
3 0.4666666666666667 0.5916666666666667 0.46875 0.5601851851851852 0.4666666666666667 0.5453703703703704 0.45989583333333334 0.5462962962962963 0.45729166666666665 0.562037037037037 0.45989583333333334 0.5953703703703703 0.4630208333333333 0.5953703703703703 0.4666666666666667 0.5916666666666667
5 0.6505208333333333 0.6527777777777778 0.653125 0.6305555555555555 0.65 0.6203703703703703 0.6458333333333334 0.6157407407407407 0.6416666666666667 0.6324074074074074 0.6421875 0.6777777777777778 0.6484375 0.6833333333333333 0.6505208333333333 0.6814814814814815 0.6505208333333333 0.6527777777777778
4 0.915625 0.6703703703703704 0.9182291666666667 0.637962962962963 0.9177083333333333 0.6175925925925926 0.9119791666666667 0.6074074074074074 0.9083333333333333 0.6129629629629629 0.9 0.6129629629629629 0.9 0.6185185185185185 0.9078125 0.6287037037037037 0.9036458333333334 0.6694444444444444 0.915625 0.6703703703703704
5 0.5317708333333333 0.6194444444444445 0.5291666666666667 0.5962962962962963 0.53125 0.5722222222222222 0.5270833333333333 0.5703703703703704 0.5229166666666667 0.5787037037037037 0.5213541666666667 0.6027777777777777 0.5166666666666667 0.6185185185185185 0.5291666666666667 0.6231481481481481 0.5317708333333333 0.6194444444444445
4 0.7421875 0.5777777777777777 0.7427083333333333 0.5601851851851852 0.7401041666666667 0.5481481481481482 0.7359375 0.549074074074074 0.7322916666666667 0.5638888888888889 0.7322916666666667 0.5916666666666667 0.7359375 0.5981481481481481 0.7395833333333334 0.5916666666666667 0.7421875 0.5777777777777777
5 0.9791666666666666 0.7129629629629629 0.9807291666666667 0.6453703703703704 0.9734375 0.6444444444444445 0.9713541666666666 0.6601851851851852 0.971875 0.700925925925926 0.96875 0.7157407407407408 0.9755208333333333 0.7175925925925926 0.9791666666666666 0.7129629629629629
5 0.5244791666666667 0.525 0.5213541666666667 0.5157407407407407 0.5177083333333333 0.5166666666666667 0.5151041666666667 0.5231481481481481 0.5151041666666667 0.5453703703703704 0.5177083333333333 0.5601851851851852 0.5213541666666667 0.5648148148148148 0.5244791666666667 0.525
5 0.7119791666666667 0.6694444444444444 0.7182291666666667 0.6694444444444444 0.7197916666666667 0.6814814814814815 0.7239583333333334 0.6814814814814815 0.7192708333333333 0.6518518518518519 0.7208333333333333 0.6351851851851852 0.7192708333333333 0.6222222222222222 0.7161458333333334 0.6194444444444445 0.7083333333333334 0.6388888888888888 0.7083333333333334 0.6611111111111111 0.7046875 0.6814814814814815 0.7088541666666667 0.6833333333333333 0.7119791666666667 0.6694444444444444
2 0.28958333333333336 0.6074074074074074 0.2890625 0.5953703703703703 0.29270833333333335 0.562037037037037 0.29270833333333335 0.5527777777777778 0.290625 0.5481481481481482 0.2869791666666667 0.549074074074074 0.28229166666666666 0.5703703703703704 0.28177083333333336 0.6083333333333333 0.2828125 0.6148148148148148 0.2869791666666667 0.6148148148148148 0.28958333333333336 0.6074074074074074
4 0.9901041666666667 0.6842592592592592 0.99375 0.675 0.9947916666666666 0.6574074074074074 0.9973958333333334 0.6472222222222223 0.9994791666666667 0.6462962962962963 0.9994791666666667 0.6277777777777778 0.9927083333333333 0.6175925925925926 0.9895833333333334 0.6175925925925926 0.9854166666666667 0.6268518518518519 0.9828125 0.6342592592592593 0.9838541666666667 0.6592592592592592 0.9869791666666666 0.6814814814814815 0.9901041666666667 0.6842592592592592
3 0.9427083333333334 0.5796296296296296 0.9401041666666666 0.5657407407407408 0.9421875 0.5601851851851852 0.9421875 0.5361111111111111 0.9395833333333333 0.5305555555555556 0.9364583333333333 0.5305555555555556 0.9322916666666666 0.537962962962963 0.9307291666666667 0.5481481481481482 0.9354166666666667 0.5796296296296296 0.940625 0.5814814814814815 0.9427083333333334 0.5796296296296296
5 0.5442708333333334 0.5407407407407407 0.5421875 0.5101851851851852 0.5395833333333333 0.5092592592592593 0.5338541666666666 0.5222222222222223 0.5328125 0.5564814814814815 0.5395833333333333 0.5583333333333333 0.5421875 0.5564814814814815 0.5442708333333334 0.5407407407407407
5 0.4703125 0.6240740740740741 0.4666666666666667 0.5888888888888889 0.4625 0.587037037037037 0.4609375 0.5907407407407408 0.46041666666666664 0.6462962962962963 0.4635416666666667 0.65 0.46770833333333334 0.6462962962962963 0.4703125 0.6240740740740741
4 0.8432291666666667 0.6546296296296297 0.853125 0.6453703703703704 0.8552083333333333 0.6462962962962963 0.8598958333333333 0.6620370370370371 0.8640625 0.6611111111111111 0.8651041666666667 0.6574074074074074 0.859375 0.6342592592592593 0.8609375 0.612037037037037 0.8572916666666667 0.6018518518518519 0.8541666666666666 0.6018518518518519 0.8494791666666667 0.6138888888888889 0.8489583333333334 0.6361111111111111 0.8411458333333334 0.6462962962962963 0.840625 0.6537037037037037 0.8432291666666667 0.6546296296296297
4 0.9338541666666667 0.6657407407407407 0.9395833333333333 0.6685185185185185 0.9421875 0.6620370370370371 0.9375 0.649074074074074 0.940625 0.6268518518518519 0.9395833333333333 0.6148148148148148 0.9348958333333334 0.6055555555555555 0.9291666666666667 0.6175925925925926 0.93125 0.6361111111111111 0.9286458333333333 0.6694444444444444 0.9328125 0.6694444444444444 0.9338541666666667 0.6657407407407407