4 0.27395833333333336 0.637962962962963 0.2765625 0.6407407407407407 0.28177083333333336 0.6388888888888888 0.28020833333333334 0.5981481481481481 0.27395833333333336 0.5888888888888889 0.2708333333333333 0.5916666666666667 0.26875 0.6 0.2682291666666667 0.6064814814814815 0.27395833333333336 0.637962962962963
3 0.4078125 0.6148148148148148 0.415625 0.6296296296296297 0.4203125 0.6222222222222222 0.41510416666666666 0.6101851851851852 0.415625 0.5907407407407408 0.40989583333333335 0.5814814814814815 0.40520833333333334 0.5833333333333334 0.4041666666666667 0.5953703703703703 0.4078125 0.6148148148148148
4 0.09895833333333333 0.6925925925925925 0.103125 0.6953703703703704 0.10520833333333333 0.6925925925925925 0.10572916666666667 0.6703703703703704 0.1078125 0.6620370370370371 0.10364583333333334 0.6305555555555555 0.09895833333333333 0.6296296296296297 0.0953125 0.6398148148148148 0.0953125 0.662962962962963 0.09895833333333333 0.6925925925925925
3 0.0875 0.5833333333333334 0.0890625 0.5648148148148148 0.0875 0.5435185185185185 0.08020833333333334 0.5444444444444444 0.07760416666666667 0.5546296296296296 0.07916666666666666 0.5833333333333334 0.0875 0.5833333333333334
5 0.49895833333333334 0.6185185185185185 0.5015625 0.6231481481481481 0.5041666666666667 0.6222222222222222 0.5046875 0.5953703703703703 0.5072916666666667 0.5833333333333334 0.49947916666666664 0.5712962962962963 0.4973958333333333 0.5712962962962963 0.49583333333333335 0.5777777777777777 0.4953125 0.5925925925925926 0.49895833333333334 0.6185185185185185
5 0.5213541666666667 0.6 0.5239583333333333 0.5962962962962963 0.525 0.5685185185185185 0.5213541666666667 0.5601851851851852 0.51875 0.5601851851851852 0.5151041666666667 0.5712962962962963 0.5140625 0.5879629629629629 0.5213541666666667 0.6
4 0.36614583333333334 0.7851851851851852 0.3734375 0.775 0.3770833333333333 0.7861111111111111 0.3807291666666667 0.7870370370370371 0.3807291666666667 0.7787037037037037 0.3729166666666667 0.7546296296296297 0.3697916666666667 0.7277777777777777 0.3614583333333333 0.7148148148148148 0.3567708333333333 0.7148148148148148 0.3609375 0.7833333333333333 0.36614583333333334 0.7851851851851852
4 0.5385416666666667 0.6185185185185185 0.5401041666666667 0.6231481481481481 0.5447916666666667 0.6222222222222222 0.5473958333333333 0.6129629629629629 0.5458333333333333 0.587037037037037 0.5395833333333333 0.5787037037037037 0.5359375 0.5814814814814815 0.5354166666666667 0.5944444444444444 0.5385416666666667 0.6185185185185185
5 0.23177083333333334 0.7055555555555556 0.23958333333333334 0.7101851851851851 0.24114583333333334 0.7083333333333334 0.2390625 0.6898148148148148 0.240625 0.6787037037037037 0.23958333333333334 0.6537037037037037 0.23385416666666667 0.6407407407407407 0.23177083333333334 0.6407407407407407 0.2265625 0.6537037037037037 0.225 0.6703703703703704 0.23177083333333334 0.7055555555555556
4 0.0453125 0.6481481481481481 0.0484375 0.6462962962962963 0.049479166666666664 0.6370370370370371 0.049479166666666664 0.6027777777777777 0.0453125 0.5916666666666667 0.042708333333333334 0.5925925925925926 0.03854166666666667 0.6027777777777777 0.040625 0.6453703703703704 0.0453125 0.6481481481481481
5 0.4166666666666667 0.6935185185185185 0.41770833333333335 0.7018518518518518 0.42552083333333335 0.7203703703703703 0.43125 0.7203703703703703 0.43125 0.7092592592592593 0.42552083333333335 0.6962962962962963 0.425 0.6759259259259259 0.4161458333333333 0.662962962962963 0.41302083333333334 0.6657407407407407 0.4125 0.6888888888888889 0.4166666666666667 0.6935185185185185
4 0.3453125 0.6648148148148149 0.3494791666666667 0.6675925925925926 0.3515625 0.6555555555555556 0.35208333333333336 0.6222222222222222 0.346875 0.6101851851851852 0.34479166666666666 0.6101851851851852 0.3416666666666667 0.6194444444444445 0.3416666666666667 0.6435185185185185 0.3453125 0.6648148148148149
5 0.23541666666666666 0.6277777777777778 0.23385416666666667 0.6453703703703704 0.24375 0.6472222222222223 0.24947916666666667 0.6407407407407407 0.24947916666666667 0.6351851851851852 0.24635416666666668 0.6305555555555555 0.24427083333333333 0.6064814814814815 0.23958333333333334 0.5972222222222222 0.234375 0.5990740740740741 0.23333333333333334 0.6111111111111112 0.23541666666666666 0.6277777777777778
4 0.5953125 0.6037037037037037 0.5953125 0.6074074074074074 0.5984375 0.6092592592592593 0.6010416666666667 0.6212962962962963 0.60625 0.6305555555555555 0.6109375 0.6305555555555555 0.6119791666666666 0.5944444444444444 0.6072916666666667 0.5851851851851851 0.6026041666666667 0.5842592592592593 0.6 0.5981481481481481 0.5953125 0.6037037037037037
5 0.3182291666666667 0.6046296296296296 0.32083333333333336 0.6037037037037037 0.3229166666666667 0.5953703703703703 0.31979166666666664 0.5666666666666667 0.3177083333333333 0.562037037037037 0.31354166666666666 0.5694444444444444 0.31302083333333336 0.5990740740740741 0.3182291666666667 0.6046296296296296
5 0.6588541666666666 0.6240740740740741 0.6604166666666667 0.6222222222222222 0.6604166666666667 0.5879629629629629 0.6578125 0.575925925925926 0.6536458333333334 0.5740740740740741 0.65 0.587037037037037 0.6541666666666667 0.6222222222222222 0.6588541666666666 0.6240740740740741
5 0.7713541666666667 0.725925925925926 0.7755208333333333 0.725925925925926 0.7786458333333334 0.7212962962962963 0.7791666666666667 0.6888888888888889 0.7744791666666667 0.6648148148148149 0.7723958333333333 0.6620370370370371 0.76875 0.6648148148148149 0.76875 0.7212962962962963 0.7713541666666667 0.725925925925926
5 0.7125 0.662962962962963 0.7151041666666667 0.662962962962963 0.7166666666666667 0.6611111111111111 0.7161458333333334 0.649074074074074 0.7192708333333333 0.6277777777777778 0.7130208333333333 0.6064814814814815 0.7104166666666667 0.6101851851851852 0.7078125 0.6305555555555555 0.709375 0.65 0.7125 0.662962962962963
4 0.728125 0.6601851851851852 0.7307291666666667 0.6425925925925926 0.7286458333333333 0.625 0.7239583333333334 0.625 0.7213541666666666 0.637962962962963 0.7208333333333333 0.6574074074074074 0.728125 0.6601851851851852
3 0.19375 0.5796296296296296 0.19895833333333332 0.5601851851851852 0.2 0.5425925925925926 0.19322916666666667 0.5277777777777778 0.19114583333333332 0.537962962962963 0.1875 0.5425925925925926 0.18854166666666666 0.5777777777777777 0.19375 0.5796296296296296
5 0.59375 0.6351851851851852 0.5973958333333333 0.6537037037037037 0.6020833333333333 0.6537037037037037 0.6041666666666666 0.6064814814814815 0.596875 0.6 0.5932291666666667 0.6027777777777777 0.5921875 0.6222222222222222 0.59375 0.6351851851851852
4 0.3651041666666667 0.5638888888888889 0.3703125 0.5638888888888889 0.3729166666666667 0.5777777777777777 0.3765625 0.5787037037037037 0.3807291666666667 0.5740740740740741 0.37916666666666665 0.5518518518518518 0.3734375 0.5351851851851852 0.3697916666666667 0.5361111111111111 0.3640625 0.5472222222222223 0.36354166666666665 0.5592592592592592 0.3651041666666667 0.5638888888888889
0 0.5109375 0.5907407407407408 0.5135416666666667 0.5861111111111111 0.5145833333333333 0.575925925925926 0.5098958333333333 0.5740740740740741 0.50625 0.5777777777777777 0.5057291666666667 0.5879629629629629 0.5109375 0.5907407407407408
4 0.7192708333333333 0.6981481481481482 0.7192708333333333 0.7175925925925926 0.728125 0.7222222222222222 0.7302083333333333 0.7166666666666667 0.7317708333333334 0.6694444444444444 0.728125 0.6555555555555556 0.7151041666666667 0.6592592592592592 0.7161458333333334 0.6898148148148148 0.7192708333333333 0.6981481481481482