5 0.46822916666666664 0.6537037037037037 0.4828125 0.6555555555555556 0.4828125 0.6037037037037037 0.4786458333333333 0.5851851851851851 0.4744791666666667 0.5861111111111111 0.4708333333333333 0.6018518518518519 0.471875 0.6175925925925926 0.46822916666666664 0.6537037037037037
5 0.9859375 0.6444444444444445 0.9963541666666667 0.6425925925925926 0.9994791666666667 0.6398148148148148 0.9994791666666667 0.6351851851851852 0.9963541666666667 0.6212962962962963 0.9953125 0.5787037037037037 0.9901041666666667 0.5796296296296296 0.9859375 0.5972222222222222 0.9822916666666667 0.6416666666666667 0.9859375 0.6444444444444445
4 0.5864583333333333 0.6416666666666667 0.5916666666666667 0.6407407407407407 0.5942708333333333 0.612037037037037 0.59375 0.5898148148148148 0.5895833333333333 0.5796296296296296 0.5864583333333333 0.5787037037037037 0.5796875 0.5935185185185186 0.5822916666666667 0.637962962962963 0.5864583333333333 0.6416666666666667
4 0.9572916666666667 0.6222222222222222 0.9645833333333333 0.6259259259259259 0.9671875 0.6222222222222222 0.9682291666666667 0.5805555555555556 0.9645833333333333 0.5648148148148148 0.9614583333333333 0.5638888888888889 0.9588541666666667 0.5703703703703704 0.95625 0.5981481481481481 0.9572916666666667 0.6222222222222222
2 0.08697916666666666 0.600925925925926 0.0890625 0.6018518518518519 0.09322916666666667 0.5990740740740741 0.0921875 0.5916666666666667 0.09635416666666667 0.5685185185185185 0.10104166666666667 0.5638888888888889 0.09427083333333333 0.5361111111111111 0.09166666666666666 0.5351851851851852 0.0890625 0.5398148148148149 0.0859375 0.5518518518518518 0.08645833333333333 0.5953703703703703 0.08697916666666666 0.600925925925926
5 0.28072916666666664 0.65 0.28125 0.6694444444444444 0.2838541666666667 0.6796296296296296 0.2833333333333333 0.687037037037037 0.2869791666666667 0.6888888888888889 0.290625 0.6842592592592592 0.29270833333333335 0.637962962962963 0.2911458333333333 0.6166666666666667 0.2864583333333333 0.6166666666666667 0.284375 0.6222222222222222 0.28489583333333335 0.6324074074074074 0.28072916666666664 0.65
4 0.5630208333333333 0.5879629629629629 0.565625 0.5833333333333334 0.5635416666666667 0.5731481481481482 0.565625 0.5435185185185185 0.5614583333333333 0.5324074074074074 0.5583333333333333 0.5361111111111111 0.5567708333333333 0.5861111111111111 0.5630208333333333 0.5879629629629629
5 0.2640625 0.5509259259259259 0.26875 0.5444444444444444 0.271875 0.5212962962962963 0.2708333333333333 0.5092592592592593 0.2671875 0.5009259259259259 0.2635416666666667 0.5009259259259259 0.2604166666666667 0.5092592592592593 0.26197916666666665 0.5435185185185185 0.2640625 0.5509259259259259
4 0.4552083333333333 0.6731481481481482 0.46041666666666664 0.6509259259259259 0.45989583333333334 0.6361111111111111 0.4630208333333333 0.6175925925925926 0.4583333333333333 0.6111111111111112 0.4552083333333333 0.6 0.45 0.6101851851851852 0.4505208333333333 0.6666666666666666 0.4552083333333333 0.6731481481481482
5 0.8963541666666667 0.6333333333333333 0.8973958333333333 0.6296296296296297 0.8901041666666667 0.5787037037037037 0.8885416666666667 0.575 0.8859375 0.575925925925926 0.884375 0.5824074074074074 0.8796875 0.6305555555555555 0.8963541666666667 0.6333333333333333
5 0.696875 0.7074074074074074 0.7026041666666667 0.7046296296296296 0.709375 0.7083333333333334 0.70625 0.6472222222222223 0.7015625 0.6333333333333333 0.696875 0.6342592592592593 0.6947916666666667 0.6435185185185185 0.69375 0.7037037037037037 0.696875 0.7074074074074074
4 0.8911458333333333 0.7324074074074074 0.8953125 0.7416666666666667 0.8963541666666667 0.7546296296296297 0.8947916666666667 0.7796296296296297 0.9005208333333333 0.7824074074074074 0.90625 0.7787037037037037 0.9057291666666667 0.7583333333333333 0.9109375 0.7388888888888889 0.9098958333333333 0.7166666666666667 0.9041666666666667 0.6990740740740741 0.9 0.6953703703703704 0.896875 0.700925925925926 0.8953125 0.7203703703703703 0.8911458333333333 0.7324074074074074
5 0.2109375 0.7895064814814815 0.21458333333333332 0.8435185185185186 0.2171875 0.8453703703703703 0.22083333333333333 0.8407407407407408 0.22447916666666667 0.8092592592592592 0.22552083333333334 0.7675925925925926 0.22083333333333333 0.7472222222222222 0.21666666666666667 0.7444444444444445 0.20885416666666667 0.7657407407407407 0.20833333333333334 0.7787037037037037 0.2109375 0.7895064814814815
4 0.8197916666666667 0.637962962962963 0.8223958333333333 0.6398148148148148 0.8255208333333334 0.6524074074074074 0.8260416666666667 0.687962962962963 0.8244791666666667 0.6935185185185185 0.8302083333333333 0.6962962962962963 0.834375 0.6907407407407408 0.8348958333333333 0.6361111111111111 0.8302083333333333 0.6194444444444445 0.8255208333333334 0.6212962962962963 0.825 0.6342592592592593 0.8197916666666667 0.637962962962963
0 0.0984375 0.5685185185185185 0.10260416666666666 0.5638888888888889 0.09947916666666666 0.5574074074074075 0.09583333333333334 0.5601851851851852 0.09479166666666666 0.5638888888888889 0.0984375 0.5685185185185185
5 0.3723958333333333 0.6518518518518519 0.3776041666666667 0.6509259259259259 0.3796875 0.6481481481481481 0.38229166666666664 0.6166666666666667 0.38229166666666664 0.6027777777777777 0.37864583333333335 0.587037037037037 0.37552083333333336 0.5861111111111111 0.3692708333333333 0.6018518518518519 0.3697916666666667 0.6462962962962963 0.3723958333333333 0.6518518518518519
4 0.7130208333333333 0.6648148148148149 0.7166666666666667 0.6648148148148149 0.7203125 0.6574074074074074 0.7203125 0.6148148148148148 0.7166666666666667 0.5981481481481481 0.7130208333333333 0.5981481481481481 0.7114583333333333 0.6027777777777777 0.7083333333333334 0.6425925925925926 0.7130208333333333 0.6648148148148149
5 0.6234375 0.562037037037037 0.6260416666666667 0.5601851851851852 0.628125 0.5305555555555556 0.6234375 0.5138888888888888 0.6203125 0.5148148148148148 0.6182291666666667 0.524074074074074 0.6192708333333333 0.5601851851851852 0.6234375 0.562037037037037
5 0.041666666666666664 0.6574074074074074 0.044270833333333336 0.6546296296296297 0.0453125 0.6222222222222222 0.0421875 0.5898148148148148 0.03697916666666667 0.587037037037037 0.03333333333333333 0.5990740740740741 0.034375 0.6546296296296297 0.041666666666666664 0.6574074074074074
4 0.3921875 0.6953703703703704 0.3932291666666667 0.7092592592592593 0.39166666666666666 0.7435185185185185 0.3963541666666667 0.7444444444444445 0.3984375 0.7398148148148148 0.4041666666666667 0.7435185185185185 0.4078125 0.7324074074074074 0.40625 0.7083333333333334 0.40989583333333335 0.700925925925926 0.4083333333333333 0.6777777777777778 0.40208333333333335 0.662962962962963 0.39895833333333336 0.6620370370370371 0.3921875 0.6805555555555556 0.3890625 0.6925925925925925 0.3921875 0.6953703703703704
3 0.35833333333333334 0.5148148148148148 0.3619791666666667 0.49722222222222223 0.3619791666666667 0.47962962962962963 0.35625 0.4675925925925926 0.353125 0.46574074074074073 0.35208333333333336 0.47129629629629627 0.35104166666666664 0.5027777777777778 0.35833333333333334 0.5148148148148148
3 0.5067708333333333 0.6416666666666667 0.5057291666666667 0.6462962962962963 0.5109375 0.6481481481481481 0.5135416666666667 0.6462962962962963 0.5114583333333333 0.5935185185185186 0.50625 0.5768518518518518 0.5020833333333333 0.5796296296296296 0.503125 0.6268518518518519 0.5067708333333333 0.6416666666666667
4 0.3177083333333333 0.612037037037037 0.3260416666666667 0.6148148148148148 0.3307291666666667 0.6092592592592593 0.3333333333333333 0.5648148148148148 0.3296875 0.5527777777777778 0.3265625 0.55 0.321875 0.5601851851851852 0.3203125 0.5990740740740741 0.3177083333333333 0.612037037037037