4 0.346875 0.5972222222222222 0.3463541666666667 0.5833333333333334 0.3411458333333333 0.5712962962962963 0.33645833333333336 0.5842592592592593 0.3359375 0.6148148148148148 0.3375 0.6185185185185185 0.34270833333333334 0.6194444444444445 0.346875 0.5972222222222222
3 0.30572916666666666 0.549074074074074 0.30572916666666666 0.5425925925925926 0.31666666666666665 0.525 0.3098958333333333 0.5268518518518519 0.303125 0.5185185185185185 0.3 0.5185185185185185 0.29583333333333334 0.5277777777777778 0.296875 0.537962962962963 0.2953125 0.5453703703703704 0.303125 0.5537037037037037 0.30572916666666666 0.549074074074074
5 0.6578125 0.6694444444444444 0.6526041666666667 0.6509259259259259 0.6526041666666667 0.637962962962963 0.6505208333333333 0.6305555555555555 0.6463541666666667 0.6212962962962963 0.6432291666666666 0.6240740740740741 0.64375 0.6425925925925926 0.640625 0.6537037037037037 0.6411458333333333 0.6685185185185185 0.6578125 0.6694444444444444
4 0.28541666666666665 0.6962962962962963 0.2911458333333333 0.7 0.29791666666666666 0.687962962962963 0.29635416666666664 0.6527777777777778 0.2947916666666667 0.649074074074074 0.2911458333333333 0.65 0.2828125 0.687037037037037 0.275 0.6953703703703704 0.275 0.700925925925926 0.28541666666666665 0.6962962962962963
5 0.06822916666666666 0.7472222222222222 0.071875 0.7481481481481481 0.07447916666666667 0.7407407407407407 0.08020833333333334 0.7361111111111112 0.084375 0.7490740740740741 0.090625 0.7481481481481481 0.08697916666666666 0.7222222222222222 0.08802083333333334 0.7129629629629629 0.09114583333333333 0.7083333333333334 0.08802083333333334 0.6851851851851852 0.08333333333333333 0.6833333333333333 0.07604166666666666 0.7018518518518518 0.07760416666666667 0.7175925925925926 0.07291666666666667 0.7324074074074074 0.06822916666666666 0.7379629629629629 0.06822916666666666 0.7472222222222222
3 0.7682291666666666 0.8814814814814815 0.771875 0.8722222222222222 0.7770833333333333 0.8712962962962963 0.7776041666666667 0.8888888888888888 0.7828125 0.8888888888888888 0.7822916666666667 0.875 0.7864583333333334 0.862037037037037 0.7864583333333334 0.8527777777777777 0.7833333333333333 0.825925925925926 0.7760416666666666 0.8092592592592592 0.7723958333333333 0.8101851851851852 0.7671875 0.825 0.7640625 0.862037037037037 0.7546875 0.8666666666666667 0.7552083333333334 0.8722222222222222 0.7635416666666667 0.8768518518518519 0.765625 0.8814814814814815 0.7682291666666666 0.8814814814814815
4 0.49166666666666664 0.6425925925925926 0.4890625 0.6157407407407407 0.4859375 0.6064814814814815 0.4828125 0.6037037037037037 0.4796875 0.6064814814814815 0.47708333333333336 0.65 0.4869791666666667 0.649074074074074 0.4901041666666667 0.6527777777777778 0.49166666666666664 0.6425925925925926
5 0.259375 0.7777777777777778 0.2635416666666667 0.7833333333333333 0.2671875 0.7814814814814814 0.26979166666666665 0.7685185185185185 0.2682291666666667 0.7592592592592593 0.2708333333333333 0.7490740740740741 0.275 0.7453703703703703 0.2677083333333333 0.7231481481481481 0.2635416666666667 0.725925925925926 0.25677083333333334 0.7435185185185185 0.25677083333333334 0.762962962962963 0.24739583333333334 0.7861111111111111 0.2515625 0.7916666666666666 0.259375 0.7777777777777778
4 0.41822916666666665 0.5527777777777778 0.41354166666666664 0.5685185185185185 0.4119791666666667 0.5935185185185186 0.42239583333333336 0.5953703703703703 0.4234375 0.5564814814814815 0.41822916666666665 0.5527777777777778
5 0.7302083333333333 0.7175925925925926 0.7328125 0.7231481481481481 0.7385416666666667 0.725 0.7375 0.6962962962962963 0.7411458333333333 0.6768518518518518 0.7354166666666667 0.6601851851851852 0.7317708333333334 0.6583333333333333 0.7302083333333333 0.6620370370370371 0.7260416666666667 0.6814814814814815 0.7296875 0.687962962962963 0.7307291666666667 0.6962962962962963 0.7302083333333333 0.7175925925925926
4 0.6927083333333334 0.5703703703703704 0.6880208333333333 0.5601851851851852 0.6833333333333333 0.5601851851851852 0.6802083333333333 0.5740740740740741 0.6822916666666666 0.6 0.6864583333333333 0.600925925925926 0.6932291666666667 0.5916666666666667 0.6927083333333334 0.5703703703703704
5 0.45364583333333336 0.6962962962962963 0.4625 0.6935185185185185 0.4630208333333333 0.6888888888888889 0.4588541666666667 0.6805555555555556 0.4552083333333333 0.6462962962962963 0.44479166666666664 0.6453703703703704 0.4432291666666667 0.6574074074074074 0.44635416666666666 0.6703703703703704 0.44635416666666666 0.6842592592592592 0.45364583333333336 0.6962962962962963
4 0.10729166666666666 0.6898148148148148 0.1125 0.6944444444444444 0.11458333333333333 0.6925925925925925 0.11510416666666666 0.6666666666666666 0.11354166666666667 0.6333333333333333 0.1109375 0.6296296296296297 0.10625 0.6388888888888888 0.10416666666666667 0.6722222222222223 0.09947916666666666 0.6851851851851852 0.103125 0.6935185185185185 0.10729166666666666 0.6898148148148148
0 0.3098958333333333 0.6787037037037037 0.3098958333333333 0.6851851851851852 0.315625 0.6824074074074075 0.3145833333333333 0.6768518518518518 0.3098958333333333 0.6787037037037037
4 0.490625 0.700925925925926 0.4953125 0.6768518518518518 0.49375 0.674074074074074 0.4744791666666667 0.6842592592592592 0.4708333333333333 0.6925925925925925 0.4703125 0.6972222222222222 0.475 0.7046296296296296 0.4869791666666667 0.7046296296296296 0.490625 0.700925925925926
5 0.5244791666666667 0.7083333333333334 0.5197916666666667 0.6972222222222222 0.5114583333333333 0.6888888888888889 0.5052083333333334 0.6861111111111111 0.503125 0.6907407407407408 0.5020833333333333 0.7027777777777777 0.5052083333333334 0.7092592592592593 0.5177083333333333 0.7148148148148148 0.5244791666666667 0.7083333333333334
5 0.4708333333333333 0.5611111111111111 0.46770833333333334 0.5638888888888889 0.4661458333333333 0.5712962962962963 0.46875 0.6018518518518519 0.47604166666666664 0.6027777777777777 0.478125 0.5740740740740741 0.4708333333333333 0.5611111111111111
3 0.65 0.5222222222222223 0.6453125 0.5305555555555556 0.6458333333333334 0.5601851851851852 0.6510416666666666 0.562962962962963 0.6536458333333334 0.5324074074074074 0.65 0.5222222222222223
4 0.1703125 0.6314814814814815 0.17447916666666666 0.6166666666666667 0.17447916666666666 0.5916666666666667 0.16979166666666667 0.5787037037037037 0.165625 0.5796296296296296 0.16354166666666667 0.5898148148148148 0.16197916666666667 0.5990740740740741 0.16302083333333334 0.6259259259259259 0.16614583333333333 0.6314814814814815 0.1703125 0.6314814814814815
5 0.3697916666666667 0.7222222222222222 0.36822916666666666 0.7018518518518518 0.37135416666666665 0.6972222222222222 0.3776041666666667 0.6972222222222222 0.37395833333333334 0.6944444444444444 0.37135416666666665 0.6768518518518518 0.3671875 0.6787037037037037 0.35885416666666664 0.7055555555555556 0.359375 0.7157407407407408 0.35572916666666665 0.7398148148148148 0.36614583333333334 0.7398148148148148 0.3697916666666667 0.7222222222222222
4 0.21614583333333334 0.7944444444444444 0.22291666666666668 0.7935185185185185 0.22395833333333334 0.7907407407407407 0.21927083333333333 0.7722222222222223 0.2203125 0.7314814814814815 0.21875 0.7166666666666667 0.21458333333333332 0.7166666666666667 0.20677083333333332 0.7351851851851852 0.20833333333333334 0.7533953703703704 0.20572916666666666 0.7666666666666667 0.19635416666666666 0.7712962962962963 0.196875 0.7805555555555556 0.21145833333333333 0.775 0.215625 0.7856481481481481 0.21614583333333334 0.7944444444444444
4 0.026041666666666668 0.7388888888888889 0.028645833333333332 0.7435185185185185 0.0453125 0.7453703703703703 0.04791666666666667 0.7398148148148148 0.04479166666666667 0.7175925925925926 0.04739583333333333 0.6962962962962963 0.04375 0.6787037037037037 0.0390625 0.6768518518518518 0.03333333333333333 0.6925925925925925 0.035416666666666666 0.712037037037037 0.034375 0.7240740740740741 0.028125 0.7296296296296296 0.026041666666666668 0.7388888888888889
5 0.71875 0.6129629629629629 0.7192708333333333 0.5907407407407408 0.7166666666666667 0.5805555555555556 0.7125 0.5824074074074074 0.7114583333333333 0.5944444444444444 0.7104166666666667 0.6268518518518519 0.7166666666666667 0.6277777777777778 0.7208333333333333 0.6231481481481481 0.71875 0.6129629629629629
3 0.4552083333333333 0.6564814814814814 0.45729166666666665 0.6305555555555555 0.4510416666666667 0.6185185185185185 0.44583333333333336 0.6287037037037037 0.4432291666666667 0.6407407407407407 0.4453125 0.6546296296296297 0.446875 0.6574074074074074 0.4552083333333333 0.6564814814814814