4 0.7375 0.8379629629629629 0.746875 0.8712962962962963 0.7515625 0.8666666666666667 0.7609375 0.8694444444444445 0.7598958333333333 0.8611111111111112 0.753125 0.8444444444444444 0.7572916666666667 0.8333333333333334 0.7604166666666666 0.8351851851851851 0.7619791666666667 0.8296296296296296 0.7572916666666667 0.8138888888888889 0.7479166666666667 0.8 0.7453125 0.7870370370370371 0.7411458333333333 0.7870370370370371 0.7390625 0.7907407407407407 0.7317708333333334 0.8194444444444444 0.7317708333333334 0.8361111111111111 0.7375 0.8379629629629629
5 0.22447916666666667 0.7157407407407408 0.22604166666666667 0.7305555555555555 0.22864583333333333 0.7333333333333333 0.2359375 0.7148148148148148 0.23541666666666666 0.6990740740740741 0.24270833333333333 0.6898148148148148 0.24375 0.6916666666666667 0.24427083333333333 0.6842592592592592 0.240625 0.674074074074074 0.228125 0.6583333333333333 0.22395833333333334 0.6722222222222223 0.22239583333333332 0.6851851851851852 0.22447916666666667 0.7157407407407408
4 0.29010416666666666 0.7037037037037037 0.2942708333333333 0.700925925925926 0.296875 0.6907407407407408 0.296875 0.6657407407407407 0.2942708333333333 0.6462962962962963 0.29010416666666666 0.6435185185185185 0.28020833333333334 0.6648148148148149 0.28177083333333336 0.7018518518518518 0.29010416666666666 0.7037037037037037
4 0.9348958333333334 0.7685185185185185 0.9395833333333333 0.7703703703703704 0.9421875 0.7666666666666667 0.946875 0.7453703703703703 0.9526041666666667 0.7518518518518519 0.9546875 0.7712962962962963 0.9614583333333333 0.7712962962962963 0.9583333333333334 0.7354935185185185 0.9625 0.7212962962962963 0.9625 0.7138888888888889 0.9572916666666667 0.6925925925925925 0.9546875 0.6888888888888889 0.9510416666666667 0.6898148148148148 0.9390625 0.7212962962962963 0.9427083333333334 0.7305555555555555 0.9348958333333334 0.7685185185185185
3 0.5760416666666667 0.6018518518518519 0.5776041666666667 0.5685185185185185 0.5755208333333334 0.5546296296296296 0.5713541666666667 0.5537037037037037 0.5666666666666667 0.5638888888888889 0.5625 0.587037037037037 0.5572916666666666 0.5990740740740741 0.5567708333333333 0.6027777777777777 0.5760416666666667 0.6018518518518519
5 0.2526041666666667 0.7240740740740741 0.2526041666666667 0.7324074074074074 0.25416666666666665 0.7425925925925926 0.259375 0.7453703703703703 0.26197916666666665 0.7435185185185185 0.26197916666666665 0.7314814814814815 0.26927083333333335 0.7203703703703703 0.26979166666666665 0.6953703703703704 0.2734375 0.6925925925925925 0.27291666666666664 0.6620370370370371 0.2682291666666667 0.6611111111111111 0.25833333333333336 0.6842592592592592 0.259375 0.7101851851851851 0.2526041666666667 0.7240740740740741
4 0.34479166666666666 0.6694444444444444 0.3463541666666667 0.6777777777777778 0.35260416666666666 0.6916666666666667 0.35625 0.7092592592592593 0.3619791666666667 0.7111111111111111 0.365625 0.7046296296296296 0.3625 0.6861111111111111 0.3645833333333333 0.662962962962963 0.3619791666666667 0.6388888888888888 0.3572916666666667 0.6259259259259259 0.353125 0.6268518518518519 0.3453125 0.637962962962963 0.3463541666666667 0.6550925925925926 0.34479166666666666 0.6694444444444444
5 0.33541666666666664 0.6888888888888889 0.3375 0.7027777777777777 0.3359375 0.7203703703703703 0.3416666666666667 0.7416666666666667 0.3494791666666667 0.7444444444444445 0.35208333333333336 0.737037037037037 0.3463541666666667 0.7166666666666667 0.3515625 0.6833333333333333 0.3453125 0.6657407407407407 0.3411458333333333 0.6648148148148149 0.3328125 0.6851851851851852 0.33541666666666664 0.6888888888888889
5 0.4869791666666667 0.8675925925925926 0.4895833333333333 0.8648148148148148 0.4921875 0.8518518518518519 0.5010416666666667 0.8435185185185186 0.5072916666666667 0.8472222222222222 0.5052083333333334 0.8518518518518519 0.5072916666666667 0.8601851851851852 0.509375 0.8629629629629629 0.5130208333333334 0.8601851851851852 0.5109375 0.85 0.51875 0.8342592592592593 0.5140625 0.8222222222222222 0.5151041666666667 0.8111111111111111 0.5182291666666666 0.8055555555555556 0.5203125 0.8064814814814815 0.515625 0.8037037037037037 0.5140625 0.7972222222222223 0.5161458333333333 0.7870370370370371 0.5145833333333333 0.774074074074074 0.5083333333333333 0.775 0.5072916666666667 0.7861111111111111 0.5015625 0.7944444444444444 0.5020833333333333 0.8046296296296296 0.4942708333333333 0.8398148148148148 0.4828125 0.8537037037037037 0.48333333333333334 0.8648148148148148 0.4869791666666667 0.8675925925925926
5 0.20364583333333333 0.7462962962962963 0.19166666666666668 0.7583333333333333 0.19166666666666668 0.7694444444444445 0.19479166666666667 0.7703703703703704 0.19739583333333333 0.7620370370370371 0.21302083333333333 0.7481481481481481 0.215625 0.7537037037037037 0.215625 0.775 0.21875 0.7777777777777778 0.225 0.775 0.22083333333333333 0.7675925925925926 0.21666666666666667 0.7185185185185186 0.21666666666666667 0.6888888888888889 0.20625 0.6935185185185185 0.2 0.7064814814814815 0.20364583333333333 0.7166666666666667 0.20364583333333333 0.7462962962962963
0 0.6515625 0.899074074074074 0.65625 0.9 0.6604166666666667 0.8962962962962963 0.6609375 0.8898148148148148 0.6588541666666666 0.8851851851851852 0.6536458333333334 0.8824074074074074 0.65 0.8870370370370371 0.6494791666666667 0.8953703703703704 0.6515625 0.899074074074074
5 0.25416666666666665 0.8287037037037037 0.25104166666666666 0.8435185185185186 0.2526041666666667 0.8537037037037037 0.25052083333333336 0.8666666666666667 0.2390625 0.8768518518518519 0.2375 0.8870370370370371 0.24010416666666667 0.8935185185185185 0.246875 0.8805555555555555 0.25625 0.8740740740740741 0.2578125 0.8824074074074074 0.2552083333333333 0.9018518518518519 0.26145833333333335 0.9055555555555556 0.265625 0.9037037037037037 0.2625 0.8833333333333333 0.26666666666666666 0.8416666666666667 0.26927083333333335 0.8379629629629629 0.26614583333333336 0.8305555555555556 0.2682291666666667 0.8175925925925925 0.26458333333333334 0.8064814814814815 0.2635416666666667 0.7916666666666666 0.259375 0.7898148148148149 0.25677083333333334 0.7944444444444444 0.25364583333333335 0.8166666666666667 0.25416666666666665 0.8287037037037037
4 0.2875 0.8685185185185185 0.2869791666666667 0.8972222222222223 0.29010416666666666 0.9009259259259259 0.2942708333333333 0.9 0.296875 0.8722222222222222 0.3020833333333333 0.8694444444444445 0.30364583333333334 0.8648148148148148 0.30104166666666665 0.8462962962962963 0.3026041666666667 0.8351851851851851 0.2989583333333333 0.825925925925926 0.2942708333333333 0.7916666666666666 0.290625 0.7907407407407407 0.28802083333333334 0.7944444444444444 0.28125 0.8212962962962963 0.28072916666666664 0.8342592592592593 0.2875 0.8685185185185185
2 0.08854166666666667 0.6796296296296296 0.09010416666666667 0.687962962962963 0.084375 0.7018518518518518 0.08489583333333334 0.7083333333333334 0.08854166666666667 0.7138888888888889 0.0984375 0.7148148148148148 0.1 0.7111111111111111 0.09791666666666667 0.6953703703703704 0.10208333333333333 0.6703703703703704 0.10208333333333333 0.6564814814814814 0.10104166666666667 0.6416666666666667 0.0953125 0.6212962962962963 0.08958333333333333 0.6287037037037037 0.08958333333333333 0.6351851851851852 0.08333333333333333 0.6564814814814814 0.08333333333333333 0.675 0.08854166666666667 0.6796296296296296
4 0.20364583333333333 0.6907407407407408 0.20260416666666667 0.6972222222222222 0.19635416666666666 0.7046296296296296 0.19739583333333333 0.7148148148148148 0.20208333333333334 0.7129629629629629 0.20572916666666666 0.7037037037037037 0.2125 0.700925925925926 0.21666666666666667 0.6935185185185185 0.21458333333333332 0.6663583333333334 0.215625 0.6425925925925926 0.2140625 0.6388888888888888 0.21145833333333333 0.637962962962963 0.209375 0.6416666666666667 0.20260416666666667 0.6620370370370371 0.2015625 0.6805555555555556 0.20364583333333333 0.6907407407407408
3 0.43697916666666664 0.774074074074074 0.4390625 0.8018518518518518 0.4432291666666667 0.8092592592592592 0.44479166666666664 0.8064814814814815 0.4453125 0.7805555555555556 0.4546875 0.7407407407407407 0.4510416666666667 0.7064814814814815 0.44583333333333336 0.7083333333333334 0.4359375 0.7277777777777777 0.43385416666666665 0.7388888888888889 0.43072916666666666 0.7712962962962963 0.43697916666666664 0.774074074074074
5 0.3182291666666667 0.6953703703703704 0.3234375 0.6925925925925925 0.32916666666666666 0.6777777777777778 0.32760416666666664 0.6675925925925926 0.334375 0.6611111111111111 0.3328125 0.6555555555555556 0.33489583333333334 0.6407407407407407 0.3338541666666667 0.6351851851851852 0.3296875 0.6351851851851852 0.321875 0.6425925925925926 0.31614583333333335 0.6564814814814814 0.315625 0.6861111111111111 0.3182291666666667 0.6953703703703704
5 0.3302083333333333 0.6925925925925925 0.3385416666666667 0.6851851851851852 0.3375 0.6722222222222223 0.33177083333333335 0.6851851851851852 0.32864583333333336 0.687037037037037 0.328125 0.6925925925925925 0.3302083333333333 0.6925925925925925
4 0.2947916666666667 0.7055555555555556 0.3046875 0.7175925925925926 0.3067708333333333 0.7240740740740741 0.3109375 0.725 0.31614583333333335 0.6935185185185185 0.31614583333333335 0.6574074074074074 0.3140625 0.6435185185185185 0.3098958333333333 0.6398148148148148 0.29791666666666666 0.6657407407407407 0.29791666666666666 0.6898148148148148 0.2947916666666667 0.7055555555555556
4 0.934375 0.8351851851851851 0.9307291666666667 0.8546296296296296 0.9307291666666667 0.8712962962962963 0.9354166666666667 0.8907407407407407 0.9333333333333333 0.9009259259259259 0.9359375 0.9027777777777778 0.94375 0.899074074074074 0.95 0.887962962962963 0.9505208333333334 0.8805555555555555 0.9432291666666667 0.8694444444444445 0.9494791666666667 0.8333333333333334 0.946875 0.8185185185185185 0.9359375 0.7953703703703704 0.9302083333333333 0.7944444444444444 0.9286458333333333 0.8046296296296296 0.934375 0.8351851851851851