4 0.2328125 0.6055555555555555 0.23333333333333334 0.5861111111111111 0.23541666666666666 0.575925925925926 0.240625 0.5675925925925925 0.234375 0.5648148148148148 0.23229166666666667 0.5564814814814815 0.22916666666666666 0.5546296296296296 0.22447916666666667 0.5657407407407408 0.22395833333333334 0.6185185185185185 0.22447916666666667 0.6222222222222222 0.2296875 0.6231481481481481 0.2328125 0.6055555555555555
4 0.0578125 0.5962962962962963 0.06666666666666667 0.5972222222222222 0.06458333333333334 0.5638888888888889 0.059895833333333336 0.5342592592592592 0.05625 0.5361111111111111 0.05364583333333333 0.5481481481481482 0.0546875 0.5768518518518518 0.052083333333333336 0.5953703703703703 0.05625 0.5990740740740741 0.0578125 0.5962962962962963
2 0.8619791666666666 0.5879629629629629 0.8614583333333333 0.5435185185185185 0.8578125 0.5314814814814814 0.8520833333333333 0.5342592592592592 0.8526041666666667 0.5953703703703703 0.8572916666666667 0.5981481481481481 0.8609375 0.5944444444444444 0.8619791666666666 0.5879629629629629
4 0.10833333333333334 0.587037037037037 0.10729166666666666 0.5842592592592593 0.10572916666666667 0.5861111111111111 0.10416666666666667 0.5953703703703703 0.10729166666666666 0.5990740740740741 0.10885416666666667 0.5962962962962963 0.10833333333333334 0.587037037037037
4 0.0921875 0.5990740740740741 0.096875 0.5953703703703703 0.09739583333333333 0.5796296296296296 0.1015625 0.575 0.103125 0.5592592592592592 0.1015625 0.55 0.09583333333333334 0.5388888888888889 0.09166666666666666 0.5407407407407407 0.08489583333333334 0.5564814814814815 0.08958333333333333 0.5638888888888889 0.090625 0.5962962962962963 0.0921875 0.5990740740740741
5 0.73125 0.6212962962962963 0.7338541666666667 0.6074074074074074 0.7302083333333333 0.5796296296296296 0.728125 0.5768518518518518 0.725 0.5796296296296296 0.7229166666666667 0.5981481481481481 0.7234375 0.6388888888888888 0.728125 0.6416666666666667 0.7333333333333333 0.6361111111111111 0.73125 0.6212962962962963
5 0.453125 0.5777777777777777 0.45416666666666666 0.575 0.44947916666666665 0.5537037037037037 0.4479166666666667 0.5287037037037037 0.4432291666666667 0.5194444444444445 0.43854166666666666 0.5444444444444444 0.43854166666666666 0.5685185185185185 0.4359375 0.575925925925926 0.43802083333333336 0.5796296296296296 0.453125 0.5777777777777777
4 0.4890625 0.5944444444444444 0.4973958333333333 0.5990740740740741 0.4942708333333333 0.55 0.4901041666666667 0.537962962962963 0.4859375 0.5407407407407407 0.4828125 0.5601851851851852 0.48333333333333334 0.5916666666666667 0.4796875 0.5962962962962963 0.4859375 0.6 0.4890625 0.5944444444444444
3 0.3796875 0.5583333333333333 0.3807291666666667 0.562962962962963 0.3854166666666667 0.5638888888888889 0.38125 0.5425925925925926 0.37864583333333335 0.5083333333333333 0.37604166666666666 0.5055555555555555 0.371875 0.5166666666666667 0.371875 0.5481481481481482 0.36875 0.5638888888888889 0.3729166666666667 0.5648148148148148 0.3796875 0.5583333333333333
4 0.6875 0.5981481481481481 0.6859375 0.5509259259259259 0.6817708333333333 0.5398148148148149 0.6739583333333333 0.5444444444444444 0.671875 0.5481481481481482 0.6755208333333333 0.6074074074074074 0.6822916666666666 0.6148148148148148 0.6875 0.5981481481481481
5 0.7046875 0.5574074074074075 0.7078125 0.5518518518518518 0.7067708333333333 0.5055555555555555 0.7020833333333333 0.5018518518518519 0.6979166666666666 0.5055555555555555 0.6994791666666667 0.5222222222222223 0.6963541666666667 0.537962962962963 0.6989583333333333 0.5527777777777778 0.7046875 0.5574074074074075
5 0.1078125 0.6 0.11041666666666666 0.5944444444444444 0.1125 0.5527777777777778 0.10625 0.5370370370370371 0.103125 0.5370370370370371 0.10052083333333334 0.5472222222222223 0.1 0.5657407407407408 0.10364583333333334 0.5805555555555556 0.10416666666666667 0.5972222222222222 0.1078125 0.6
4 0.4197916666666667 0.5370370370370371 0.42291666666666666 0.5259259259259259 0.4265625 0.5212962962962963 0.4317708333333333 0.5222222222222223 0.4322916666666667 0.5185185185185185 0.4171875 0.5083333333333333 0.41041666666666665 0.5138888888888888 0.40989583333333335 0.5555555555555556 0.4197916666666667 0.5583333333333333 0.42239583333333336 0.5555555555555556 0.4197916666666667 0.5370370370370371
5 0.18802083333333333 0.6907407407407408 0.18854166666666666 0.6796296296296296 0.19270833333333334 0.6666666666666666 0.2015625 0.6574074074074074 0.20052083333333334 0.6481481481481481 0.18958333333333333 0.6388888888888888 0.175 0.6509259259259259 0.17447916666666666 0.6564814814814814 0.18229166666666666 0.6787037037037037 0.18229166666666666 0.6925925925925925 0.18802083333333333 0.6907407407407408
5 0.5651041666666666 0.4888888888888889 0.5598958333333334 0.4842592592592593 0.5572916666666666 0.4898148148148148 0.5578125 0.5111111111111111 0.5557291666666667 0.5287037037037037 0.5671875 0.5305555555555556 0.5651041666666666 0.4888888888888889
5 0.7526041666666666 0.5657407407407408 0.7479166666666667 0.5472222222222223 0.7447916666666666 0.5518518518518518 0.7416666666666667 0.5768518518518518 0.7401041666666667 0.6111111111111112 0.7515625 0.6175925925925926 0.7541666666666667 0.6148148148148148 0.7526041666666666 0.5657407407407408
5 0.478125 0.6111111111111112 0.478125 0.5675925925925925 0.4739583333333333 0.5537037037037037 0.46979166666666666 0.5592592592592592 0.46979166666666666 0.5796296296296296 0.4666666666666667 0.5925925925925926 0.46822916666666664 0.6 0.4666666666666667 0.612037037037037 0.4744791666666667 0.6138888888888889 0.478125 0.6111111111111112
4 0.4322916666666667 0.5212962962962963 0.4328125 0.5166666666666667 0.42864583333333334 0.5074074074074074 0.4276041666666667 0.475 0.42239583333333336 0.47129629629629627 0.41875 0.47962962962962963 0.415625 0.4925925925925926 0.4161458333333333 0.5120370370370371 0.4203125 0.5194444444444445 0.4322916666666667 0.5212962962962963
4 0.5546875 0.5212962962962963 0.5520833333333334 0.5101851851851852 0.5541666666666667 0.4898148148148148 0.5484375 0.4703703703703704 0.5432291666666667 0.4740740740740741 0.5421875 0.4898148148148148 0.5473958333333333 0.5259259259259259 0.5526041666666667 0.5296296296296297 0.5546875 0.5212962962962963
4 0.17447916666666666 0.7240740740740741 0.16979166666666667 0.6972222222222222 0.17604166666666668 0.6731481481481482 0.17552083333333332 0.6620370370370371 0.16927083333333334 0.6527777777777778 0.16666666666666666 0.6435185185185185 0.1625 0.6462962962962963 0.15833333333333333 0.6620370370370371 0.1640625 0.725 0.16875 0.7305555555555555 0.1734375 0.7287037037037037 0.17447916666666666 0.7240740740740741