4 0.3932291666666667 0.6768518518518518 0.3984375 0.6694444444444444 0.4010416666666667 0.6324074074074074 0.3958333333333333 0.6203703703703703 0.3921875 0.6212962962962963 0.390625 0.6314814814814815 0.3880208333333333 0.6703703703703704 0.3932291666666667 0.6768518518518518
5 0.6197916666666666 0.7027777777777777 0.61875 0.712037037037037 0.6229166666666667 0.7175925925925926 0.6291666666666667 0.6805555555555556 0.6260416666666667 0.6638888888888889 0.6229166666666667 0.6583333333333333 0.6171875 0.6722222222222223 0.6166666666666667 0.687962962962963 0.6197916666666666 0.7027777777777777
5 0.640625 0.6898148148148148 0.646875 0.6935185185185185 0.6515625 0.6694444444444444 0.65 0.6620370370370371 0.6442708333333333 0.6592592592592592 0.6375 0.6638888888888889 0.6421875 0.6833333333333333 0.640625 0.6898148148148148
4 0.4546875 0.762962962962963 0.459375 0.7648148148148148 0.4625 0.7555555555555555 0.46458333333333335 0.7129629629629629 0.4588541666666667 0.6981481481481482 0.453125 0.7 0.44895833333333335 0.7287037037037037 0.4546875 0.762962962962963
4 0.16979166666666667 0.6805555555555556 0.1734375 0.6805555555555556 0.17760416666666667 0.6694444444444444 0.1796875 0.637962962962963 0.17760416666666667 0.6277777777777778 0.171875 0.6287037037037037 0.1703125 0.6324074074074074 0.16927083333333334 0.6759259259259259 0.16979166666666667 0.6805555555555556
4 0.5958333333333333 0.7129629629629629 0.6078125 0.7166666666666667 0.6104166666666667 0.712037037037037 0.6083333333333333 0.6972222222222222 0.609375 0.6722222222222223 0.6036458333333333 0.6601851851851852 0.6 0.6611111111111111 0.5989583333333334 0.6648148148148149 0.5984375 0.700925925925926 0.5958333333333333 0.7129629629629629
4 0.7161458333333334 0.6944444444444444 0.71875 0.687962962962963 0.7166666666666667 0.6805555555555556 0.7166666666666667 0.6574074074074074 0.7130208333333333 0.6425925925925926 0.7088541666666667 0.6435185185185185 0.7078125 0.6546296296296297 0.7072916666666667 0.6925925925925925 0.7161458333333334 0.6944444444444444
5 0.25677083333333334 0.6935185185185185 0.2609375 0.6962962962962963 0.26666666666666666 0.6925925925925925 0.26458333333333334 0.6814814814814815 0.26614583333333336 0.6537037037037037 0.2635416666666667 0.6425925925925926 0.259375 0.6416666666666667 0.25833333333333336 0.6462962962962963 0.25625 0.6611111111111111 0.25677083333333334 0.6935185185185185
4 0.6270833333333333 0.7212962962962963 0.6270833333333333 0.7342592592592593 0.6307291666666667 0.7379629629629629 0.6338541666666667 0.7324074074074074 0.6380208333333334 0.7046296296296296 0.6317708333333333 0.6990740740740741 0.6223958333333334 0.7027777777777777 0.6213541666666667 0.7157407407407408 0.6270833333333333 0.7212962962962963
5 0.17083333333333334 0.6833333333333333 0.175 0.674074074074074 0.17239583333333333 0.6305555555555555 0.16770833333333332 0.6305555555555555 0.1625 0.6435185185185185 0.16354166666666667 0.6814814814814815 0.17083333333333334 0.6833333333333333
5 0.225 0.6851851851851852 0.228125 0.6814814814814815 0.22552083333333334 0.6666666666666666 0.225 0.6398148148148148 0.2203125 0.6268518518518519 0.21614583333333334 0.6333333333333333 0.21510416666666668 0.6814814814814815 0.225 0.6851851851851852
5 0.16197916666666667 0.6768518518518518 0.16354166666666667 0.675 0.16302083333333334 0.6287037037037037 0.15677083333333333 0.6259259259259259 0.15416666666666667 0.6370370370370371 0.15364583333333334 0.674074074074074 0.16197916666666667 0.6768518518518518
5 0.20208333333333334 0.6888888888888889 0.20677083333333332 0.6907407407407408 0.209375 0.6888888888888889 0.21145833333333333 0.6759259259259259 0.2109375 0.6342592592592593 0.20520833333333333 0.6361111111111111 0.20208333333333334 0.6462962962962963 0.20052083333333334 0.6620370370370371 0.20208333333333334 0.6888888888888889
3 0.4 0.5990740740740741 0.4015625 0.5962962962962963 0.40260416666666665 0.5601851851851852 0.4 0.5546296296296296 0.39427083333333335 0.5638888888888889 0.3953125 0.5953703703703703 0.4 0.5990740740740741
4 0.21666666666666667 0.6851851851851852 0.21927083333333333 0.6712962962962963 0.21875 0.6370370370370371 0.21302083333333333 0.625 0.209375 0.6333333333333333 0.20885416666666667 0.6851851851851852 0.21666666666666667 0.6851851851851852
5 0.13645833333333332 0.6851851851851852 0.13958333333333334 0.6851851851851852 0.146875 0.674074074074074 0.146875 0.6574074074074074 0.14375 0.65 0.1421875 0.6361111111111111 0.13854166666666667 0.6351851851851852 0.13541666666666666 0.6388888888888888 0.13333333333333333 0.675 0.13645833333333332 0.6851851851851852
5 0.12916666666666668 0.6777777777777778 0.134375 0.6805555555555556 0.1359375 0.6296296296296297 0.134375 0.6231481481481481 0.13125 0.6287037037037037 0.12916666666666668 0.6388888888888888 0.12916666666666668 0.6777777777777778
4 0.08385416666666666 0.8101851851851852 0.09270833333333334 0.8027777777777778 0.09583333333333334 0.7796296296296297 0.09635416666666667 0.7694444444444445 0.09114583333333333 0.7351851851851852 0.0875 0.7361111111111112 0.08333333333333333 0.7472222222222222 0.08229166666666667 0.7611111111111111 0.08177083333333333 0.8064814814814815 0.08385416666666666 0.8101851851851852
4 0.58125 0.7175925925925926 0.5869791666666667 0.7175925925925926 0.5901041666666667 0.6907407407407408 0.5901041666666667 0.6712962962962963 0.5859375 0.662962962962963 0.5833333333333334 0.662962962962963 0.5791666666666667 0.6703703703703704 0.5786458333333333 0.7129629629629629 0.58125 0.7175925925925926
3 0.853125 0.6351851851851852 0.8520833333333333 0.6212962962962963 0.8541666666666666 0.6046296296296296 0.8526041666666667 0.5935185185185186 0.8489583333333334 0.5925925925925926 0.8458333333333333 0.6092592592592593 0.8453125 0.6342592592592593 0.853125 0.6351851851851852