4 0.3859375 0.6 0.39375 0.6092592592592593 0.3953125 0.6027777777777777 0.3927083333333333 0.5833333333333334 0.3885416666666667 0.5740740740740741 0.38385416666666666 0.5740740740740741 0.38177083333333334 0.5768518518518518 0.3859375 0.6
3 0.36614583333333334 0.6277777777777778 0.36875 0.6472222222222223 0.37916666666666665 0.6462962962962963 0.3807291666666667 0.6518518518518519 0.384375 0.65 0.37447916666666664 0.6166666666666667 0.36770833333333336 0.6083333333333333 0.36614583333333334 0.6111111111111112 0.36614583333333334 0.6277777777777778
4 0.3125 0.649074074074074 0.3177083333333333 0.6722222222222223 0.3255208333333333 0.674074074074074 0.32708333333333334 0.6694444444444444 0.32395833333333335 0.6601851851851852 0.32447916666666665 0.65 0.32135416666666666 0.6351851851851852 0.3140625 0.6240740740740741 0.3104166666666667 0.6240740740740741 0.30833333333333335 0.6296296296296297 0.3078125 0.6453703703703704 0.3125 0.649074074074074
4 0.7 0.6388888888888888 0.6989583333333333 0.6064814814814815 0.6932291666666667 0.5953703703703703 0.6895833333333333 0.6194444444444445 0.6880208333333333 0.637962962962963 0.7 0.6388888888888888
5 0.21614583333333334 0.6175925925925926 0.22708333333333333 0.6101851851851852 0.2265625 0.5981481481481481 0.2203125 0.5851851851851851 0.21614583333333334 0.5925925925925926 0.21458333333333332 0.6129629629629629 0.21614583333333334 0.6175925925925926
4 0.415625 0.6296296296296297 0.4166666666666667 0.625 0.4119791666666667 0.5916666666666667 0.4083333333333333 0.587037037037037 0.4041666666666667 0.5907407407407408 0.4046875 0.6222222222222222 0.415625 0.6296296296296297
5 0.29739583333333336 0.6277777777777778 0.3026041666666667 0.6277777777777778 0.30364583333333334 0.6222222222222222 0.30052083333333335 0.6 0.2953125 0.5916666666666667 0.2911458333333333 0.5925925925925926 0.29375 0.6212962962962963 0.29739583333333336 0.6277777777777778
4 0.22447916666666667 0.6111111111111112 0.23229166666666667 0.6166666666666667 0.23489583333333333 0.612037037037037 0.23697916666666666 0.5953703703703703 0.23229166666666667 0.5805555555555556 0.228125 0.5842592592592593 0.22447916666666667 0.5953703703703703 0.22447916666666667 0.6111111111111112
5 0.19479166666666667 0.6611111111111111 0.19791666666666666 0.6638888888888889 0.20416666666666666 0.6592592592592592 0.1984375 0.6268518518518519 0.1921875 0.6185185185185185 0.18854166666666666 0.6287037037037037 0.18854166666666666 0.6370370370370371 0.19479166666666667 0.6611111111111111
4 0.8067708333333333 0.7129629629629629 0.8140625 0.7148148148148148 0.8166666666666667 0.7083333333333334 0.8140625 0.7 0.8161458333333333 0.6694444444444444 0.8109375 0.6574074074074074 0.8088541666666667 0.6592592592592592 0.8072916666666666 0.687962962962963 0.8083333333333333 0.7046296296296296 0.8067708333333333 0.7129629629629629
4 0.15989583333333332 0.7203703703703703 0.16197916666666667 0.7453703703703703 0.17395833333333333 0.7416666666666667 0.175 0.7361111111111112 0.16979166666666667 0.7189814814814814 0.17083333333333334 0.700925925925926 0.16197916666666667 0.6861111111111111 0.1546875 0.700925925925926 0.15416666666666667 0.7092592592592593 0.15989583333333332 0.7203703703703703
5 0.5916666666666667 0.6601851851851852 0.5875 0.6222222222222222 0.5848958333333333 0.6148148148148148 0.5817708333333333 0.6157407407407407 0.5796875 0.6296296296296297 0.578125 0.6620370370370371 0.5916666666666667 0.6601851851851852
5 0.1703125 0.6361111111111111 0.17604166666666668 0.6037037037037037 0.16770833333333332 0.5944444444444444 0.16197916666666667 0.6055555555555555 0.15885416666666666 0.6333333333333333 0.1703125 0.6361111111111111
4 0.5552083333333333 0.6546296296296297 0.5536458333333333 0.6657407407407407 0.5567708333333333 0.6675925925925926 0.5609375 0.6611111111111111 0.5640625 0.6666666666666666 0.5682291666666667 0.6675925925925926 0.5619791666666667 0.6240740740740741 0.559375 0.6212962962962963 0.5567708333333333 0.625 0.5526041666666667 0.6407407407407407 0.5552083333333333 0.6546296296296297
3 0.8625 0.9592592592592593 0.8625 0.9657407407407408 0.8645833333333334 0.9685185185185186 0.8671875 0.9666666666666667 0.86875 0.9555555555555556 0.8765625 0.950925925925926 0.884375 0.9611111111111111 0.8864583333333333 0.9518518518518518 0.8859375 0.9416666666666667 0.8791666666666667 0.9342592592592592 0.88125 0.9 0.8770833333333333 0.8805555555555555 0.8729166666666667 0.8759259259259259 0.8692708333333333 0.8861111111111111 0.86875 0.9388888888888889 0.8625 0.9592592592592593
4 0.39791666666666664 0.775 0.4 0.7592592592592593 0.4041666666666667 0.7592592592592593 0.40989583333333335 0.7768518518518519 0.41354166666666664 0.775 0.4046875 0.7222222222222222 0.4 0.7111111111111111 0.396875 0.7138888888888889 0.3927083333333333 0.7537037037037037 0.39166666666666666 0.7768518518518519 0.39791666666666664 0.775
5 0.6098958333333333 0.6351851851851852 0.6161458333333333 0.6351851851851852 0.6177083333333333 0.6324074074074074 0.6177083333333333 0.5981481481481481 0.6151041666666667 0.5944444444444444 0.6109375 0.5953703703703703 0.6072916666666667 0.6305555555555555 0.6098958333333333 0.6351851851851852
3 0.2630208333333333 0.5981481481481481 0.2677083333333333 0.5981481481481481 0.26614583333333336 0.5675925925925925 0.2635416666666667 0.5638888888888889 0.259375 0.5712962962962963 0.2598958333333333 0.5916666666666667 0.2630208333333333 0.5981481481481481
5 0.3072916666666667 0.6314814814814815 0.3078125 0.6453703703703704 0.3140625 0.6472222222222223 0.3177083333333333 0.6333333333333333 0.3151041666666667 0.6138888888888889 0.30885416666666665 0.6018518518518519 0.30625 0.600925925925926 0.3046875 0.6055555555555555 0.30416666666666664 0.6222222222222222 0.3072916666666667 0.6314814814814815
5 0.14479166666666668 0.6787037037037037 0.14375 0.6888888888888889 0.14635416666666667 0.6925925925925925 0.15208333333333332 0.6851851851851852 0.14895833333333333 0.637962962962963 0.14479166666666668 0.637962962962963 0.1421875 0.649074074074074 0.1421875 0.6694444444444444 0.14479166666666668 0.6787037037037037
5 0.41822916666666665 0.6777777777777778 0.42239583333333336 0.6777777777777778 0.4270833333333333 0.6694444444444444 0.4244791666666667 0.6638888888888889 0.4197916666666667 0.6342592592592593 0.4140625 0.6287037037037037 0.4161458333333333 0.674074074074074 0.41822916666666665 0.6777777777777778
3 0.7140625 0.6157407407407407 0.7166666666666667 0.6138888888888889 0.71875 0.575925925925926 0.715625 0.5712962962962963 0.7109375 0.5814814814814815 0.7104166666666667 0.612037037037037 0.7140625 0.6157407407407407