4 0.0828125 0.6046296296296296 0.0828125 0.6148148148148148 0.08802083333333334 0.6175925925925926 0.08958333333333333 0.612037037037037 0.0890625 0.5888888888888889 0.09270833333333334 0.5805555555555556 0.09739583333333333 0.5796296296296296 0.09635416666666667 0.5712962962962963 0.0875 0.5388888888888889 0.08385416666666666 0.5370370370370371 0.08125 0.5398148148148149 0.07604166666666666 0.5574074074074075 0.07552083333333333 0.5685185185185185 0.0828125 0.6046296296296296
2 0.7255208333333333 0.5768518518518518 0.7244791666666667 0.5944444444444444 0.721875 0.6037037037037037 0.7333333333333333 0.6064814814814815 0.7359375 0.6027777777777777 0.740625 0.5564814814814815 0.7333333333333333 0.5314814814814814 0.7265625 0.5287037037037037 0.7223958333333333 0.5361111111111111 0.7255208333333333 0.5583333333333333 0.7255208333333333 0.5768518518518518
4 0.04375 0.6574074074074074 0.046875 0.6759259259259259 0.04791666666666667 0.6851851851851852 0.044270833333333336 0.6925925925925925 0.049479166666666664 0.6962962962962963 0.053125 0.6944444444444444 0.05625 0.6851851851851852 0.05260416666666667 0.6583333333333333 0.05625 0.6212962962962963 0.04895833333333333 0.5981481481481481 0.04479166666666667 0.5990740740740741 0.04375 0.6064814814814815 0.0390625 0.6472222222222223 0.04375 0.6574074074074074
5 0.14947916666666666 0.562037037037037 0.153125 0.5601851851851852 0.153125 0.5537037037037037 0.15729166666666666 0.5518518518518518 0.16145833333333334 0.5592592592592592 0.165625 0.5564814814814815 0.16614583333333333 0.5324074074074074 0.1640625 0.5259259259259259 0.16458333333333333 0.5055555555555555 0.16197916666666667 0.49166666666666664 0.1578125 0.49444444444444446 0.14791666666666667 0.549074074074074 0.14739583333333334 0.5574074074074075 0.14947916666666666 0.562037037037037
4 0.68125 0.5824074074074074 0.68125 0.5935185185185186 0.6854166666666667 0.5953703703703703 0.6875 0.5916666666666667 0.6901041666666666 0.5287037037037037 0.684375 0.5120370370370371 0.6796875 0.512962962962963 0.6786458333333333 0.5287037037037037 0.6765625 0.5333333333333333 0.6760416666666667 0.5685185185185185 0.68125 0.5824074074074074
4 0.4708333333333333 0.5527777777777778 0.475 0.5574074074074075 0.47760416666666666 0.5518518518518518 0.4744791666666667 0.5287037037037037 0.4791666666666667 0.5074074074074074 0.4786458333333333 0.49722222222222223 0.46979166666666666 0.48333333333333334 0.4635416666666667 0.4981481481481482 0.4630208333333333 0.5064814814814815 0.4708333333333333 0.5527777777777778
4 0.23177083333333334 0.6564814814814814 0.24010416666666667 0.6546296296296297 0.24322916666666666 0.6194444444444445 0.23958333333333334 0.5666666666666667 0.23541666666666666 0.5648148148148148 0.23020833333333332 0.587037037037037 0.22916666666666666 0.6537037037037037 0.23177083333333334 0.6564814814814814
5 0.328125 0.6305555555555555 0.3338541666666667 0.6342592592592593 0.33697916666666666 0.6296296296296297 0.3390625 0.5972222222222222 0.3380208333333333 0.5722222222222222 0.3338541666666667 0.5527777777777778 0.328125 0.5537037037037037 0.321875 0.5833333333333334 0.32864583333333336 0.6212962962962963 0.328125 0.6305555555555555
5 0.36666666666666664 0.6185185185185185 0.36875 0.6240740740740741 0.37447916666666664 0.6231481481481481 0.37604166666666666 0.5916666666666667 0.3807291666666667 0.5722222222222222 0.37864583333333335 0.5666666666666667 0.37864583333333335 0.5444444444444444 0.3765625 0.5407407407407407 0.3729166666666667 0.5425925925925926 0.36666666666666664 0.5648148148148148 0.3651041666666667 0.5990740740740741 0.3567708333333333 0.6064814814814815 0.3567708333333333 0.6148148148148148 0.36666666666666664 0.6185185185185185
4 0.1890625 0.5944444444444444 0.196875 0.5972222222222222 0.19895833333333332 0.587037037037037 0.20520833333333333 0.5814814814814815 0.196875 0.5425925925925926 0.19166666666666668 0.5435185185185185 0.18541666666666667 0.5638888888888889 0.18385416666666668 0.5814814814814815 0.1890625 0.5944444444444444
0 0.4036458333333333 0.5 0.4083333333333333 0.49722222222222223 0.40729166666666666 0.49166666666666664 0.40260416666666665 0.49074074074074076 0.4015625 0.49537037037037035 0.4036458333333333 0.5
4 0.13020833333333334 0.6527777777777778 0.12395833333333334 0.6759259259259259 0.125 0.6842592592592592 0.13177083333333334 0.6814814814814815 0.13020833333333334 0.6759259259259259 0.1328125 0.6685185185185185 0.14114583333333333 0.6685185185185185 0.1453125 0.6805555555555556 0.1515625 0.6777777777777778 0.14270833333333333 0.6462962962962963 0.14427083333333332 0.6314814814814815 0.14739583333333334 0.6268518518518519 0.1421875 0.6129629629629629 0.14375 0.5990740740740741 0.1421875 0.5916666666666667 0.13697916666666668 0.5925925925925926 0.13125 0.6074074074074074 0.12916666666666668 0.6222222222222222 0.12395833333333334 0.637962962962963 0.12604166666666666 0.6388888888888888 0.13020833333333334 0.6527777777777778
4 0.37864583333333335 0.4935185185185185 0.38125 0.4962962962962963 0.38697916666666665 0.49166666666666664 0.39375 0.4981481481481482 0.3963541666666667 0.49444444444444446 0.39427083333333335 0.4759259259259259 0.3963541666666667 0.4638888888888889 0.3958333333333333 0.44537037037037036 0.390625 0.44074074074074077 0.3854166666666667 0.45 0.38645833333333335 0.4685185185185185 0.37864583333333335 0.4935185185185185
5 0.5322916666666667 0.5990740740740741 0.5411458333333333 0.6046296296296296 0.5427083333333333 0.5287037037037037 0.5401041666666667 0.5277777777777778 0.5395833333333333 0.5212962962962963 0.5369791666666667 0.5185185185185185 0.5296875 0.5351851851851852 0.5291666666666667 0.5638888888888889 0.5322916666666667 0.5990740740740741
3 0.271875 0.5435185185185185 0.2708333333333333 0.5694444444444444 0.2755208333333333 0.5722222222222222 0.28072916666666664 0.5370370370370371 0.2796875 0.49722222222222223 0.275 0.49166666666666664 0.2703125 0.49907407407407406 0.26875 0.5194444444444445 0.271875 0.5435185185185185
4 0.18333333333333332 0.6342592592592593 0.19791666666666666 0.6351851851851852 0.2015625 0.6305555555555555 0.19791666666666666 0.6129629629629629 0.19791666666666666 0.5981481481481481 0.20208333333333334 0.575925925925926 0.19739583333333333 0.5444444444444444 0.19166666666666668 0.5444444444444444 0.18645833333333334 0.5611111111111111 0.1828125 0.575925925925926 0.18333333333333332 0.6342592592592593
5 0.5927083333333333 0.6129629629629629 0.5916666666666667 0.6268518518518519 0.5963541666666666 0.6305555555555555 0.5984375 0.6277777777777778 0.6010416666666667 0.575 0.5994791666666667 0.562037037037037 0.5947916666666667 0.5509259259259259 0.5916666666666667 0.5462962962962963 0.5890625 0.55 0.5880208333333333 0.5935185185185186 0.5927083333333333 0.6129629629629629
5 0.659375 0.6111111111111112 0.659375 0.6194444444444445 0.6671875 0.6259259259259259 0.66875 0.6111111111111112 0.6661458333333333 0.5583333333333333 0.6614583333333334 0.5462962962962963 0.6541666666666667 0.562037037037037 0.6541666666666667 0.5907407407407408 0.659375 0.6111111111111112
5 0.5411458333333333 0.5416666666666666 0.5453125 0.5212962962962963 0.5411458333333333 0.4981481481481482 0.5369791666666667 0.5009259259259259 0.5338541666666666 0.5166666666666667 0.5333333333333333 0.5324074074074074 0.5411458333333333 0.5416666666666666
5 0.6489583333333333 0.5564814814814815 0.6541666666666667 0.5638888888888889 0.6598958333333333 0.5638888888888889 0.6645833333333333 0.5583333333333333 0.6630208333333333 0.5407407407407407 0.6567708333333333 0.5231481481481481 0.6536458333333334 0.5222222222222223 0.6515625 0.5287037037037037 0.6515625 0.5453703703703704 0.6489583333333333 0.5564814814814815
5 0.61875 0.575925925925926 0.6216145833333333 0.575925925925926 0.6265625 0.5861111111111111 0.6255208333333333 0.6148148148148148 0.634375 0.6175925925925926 0.6369791666666667 0.5555555555555556 0.6317708333333333 0.5370370370370371 0.6265625 0.5370370370370371 0.6265625 0.549074074074074 0.61875 0.575925925925926