4 0.6598958333333333 0.6462962962962963 0.6604166666666667 0.65 0.6734375 0.6564814814814814 0.6765625 0.6185185185185185 0.6713541666666667 0.6018518518518519 0.66875 0.600925925925926 0.6651041666666667 0.6064814814814815 0.6619791666666667 0.6259259259259259 0.6640625 0.6361111111111111 0.6598958333333333 0.6462962962962963
4 0.38697916666666665 0.6064814814814815 0.3828125 0.5685185185185185 0.3807291666666667 0.5638888888888889 0.3765625 0.562962962962963 0.37395833333333334 0.5712962962962963 0.37447916666666664 0.6064814814814815 0.38697916666666665 0.6064814814814815
5 0.44583333333333336 0.6777777777777778 0.4479166666666667 0.6370370370370371 0.4432291666666667 0.6222222222222222 0.4390625 0.6222222222222222 0.43385416666666665 0.637962962962963 0.43385416666666665 0.6768518518518518 0.44583333333333336 0.6777777777777778
5 0.6546875 0.6861111111111111 0.6567708333333333 0.6962962962962963 0.6546875 0.7129629629629629 0.6567708333333333 0.7166666666666667 0.6666666666666666 0.7166666666666667 0.6729166666666667 0.6537037037037037 0.6609375 0.6472222222222223 0.6526041666666667 0.6694444444444444 0.6510416666666666 0.6833333333333333 0.6546875 0.6861111111111111
4 0.0140625 0.6222222222222222 0.016666666666666666 0.6268518518518519 0.023958333333333335 0.6268518518518519 0.026041666666666668 0.6231481481481481 0.027083333333333334 0.5851851851851851 0.0203125 0.575925925925926 0.0140625 0.587037037037037 0.0140625 0.6222222222222222
4 0.48541666666666666 0.862037037037037 0.48802083333333335 0.8611111111111112 0.48854166666666665 0.8518518518518519 0.4953125 0.8379629629629629 0.5020833333333333 0.8435185185185186 0.5078125 0.862037037037037 0.5119791666666667 0.8629629629629629 0.5119791666666667 0.8564814814814815 0.5057291666666667 0.8361111111111111 0.5046875 0.8268518518518518 0.50625 0.8222222222222222 0.5026041666666666 0.8064814814814815 0.49375 0.7870370370370371 0.4901041666666667 0.7842592592592592 0.4822916666666667 0.812962962962963 0.4817708333333333 0.8379629629629629 0.48541666666666666 0.862037037037037
5 0.04114583333333333 0.6611111111111111 0.04479166666666667 0.6648148148148149 0.0484375 0.662962962962963 0.05260416666666667 0.6361111111111111 0.052083333333333336 0.6259259259259259 0.04895833333333333 0.6148148148148148 0.04479166666666667 0.6092592592592593 0.03854166666666667 0.6222222222222222 0.036458333333333336 0.6388888888888888 0.04114583333333333 0.6611111111111111
4 0.7307291666666667 0.7907407407407407 0.7359375 0.7907407407407407 0.7395833333333334 0.7861111111111111 0.7458333333333333 0.7907407407407407 0.74375 0.7453703703703703 0.734375 0.7175925925925926 0.7296875 0.7157407407407408 0.7291666666666666 0.7870370370370371 0.7307291666666667 0.7907407407407407
4 0.052083333333333336 0.7731481481481481 0.05 0.7907407407407407 0.05572916666666667 0.7962962962962963 0.06041666666666667 0.7953703703703704 0.06041666666666667 0.7692129629629629 0.06458333333333334 0.7546296296296297 0.06197916666666667 0.7481481481481481 0.059375 0.7203703703703703 0.057291666666666664 0.7175925925925926 0.05364583333333333 0.7194444444444444 0.04479166666666667 0.7388888888888889 0.04739583333333333 0.7620370370370371 0.052083333333333336 0.7731481481481481
5 0.06979166666666667 0.7148148148148148 0.0796875 0.7203703703703703 0.075 0.6546296296296297 0.0703125 0.6537037037037037 0.06510416666666667 0.6694444444444444 0.06302083333333333 0.7166666666666667 0.06979166666666667 0.7148148148148148
4 0.16458333333333333 0.6962962962962963 0.17395833333333333 0.7027777777777777 0.1765625 0.6990740740740741 0.17604166666666668 0.6805555555555556 0.178125 0.6685185185185185 0.1734375 0.637962962962963 0.16927083333333334 0.637962962962963 0.16510416666666666 0.6509259259259259 0.1671875 0.6824074074074075 0.16458333333333333 0.6962962962962963
3 0.3375 0.7268518518518519 0.33645833333333336 0.7518518518518519 0.3489583333333333 0.7518518518518519 0.34739583333333335 0.7287037037037037 0.3494791666666667 0.712037037037037 0.35104166666666664 0.7046296296296296 0.3578125 0.6981481481481482 0.3572916666666667 0.687962962962963 0.3411458333333333 0.675 0.33541666666666664 0.6907407407407408 0.3338541666666667 0.7018518518518518 0.3333333333333333 0.7148148148148148 0.3375 0.7268518518518519
5 0.828125 0.775 0.8338541666666667 0.7787037037037037 0.8364583333333333 0.7657407407407407 0.8416666666666667 0.7685185185185185 0.8453125 0.762962962962963 0.8369791666666667 0.7490740740740741 0.8348958333333333 0.7268518518518519 0.8296875 0.7111111111111111 0.8265625 0.7074074074074074 0.8244791666666667 0.7092592592592593 0.8244791666666667 0.7416666666666667 0.828125 0.775