5 0.27447916666666666 0.6259259259259259 0.2833333333333333 0.6305555555555555 0.28802083333333334 0.6268518518518519 0.2875 0.6111111111111112 0.29010416666666666 0.6027777777777777 0.28541666666666665 0.5768518518518518 0.28125 0.5787037037037037 0.2791666666666667 0.5888888888888889 0.2786458333333333 0.6064814814814815 0.27447916666666666 0.6259259259259259
2 0.0921875 0.65 0.1 0.6444444444444445 0.103125 0.6527777777777778 0.10833333333333334 0.65 0.103125 0.6222222222222222 0.1046875 0.6101851851851852 0.10052083333333334 0.6027777777777777 0.09635416666666667 0.6027777777777777 0.0921875 0.6111111111111112 0.08802083333333334 0.6351851851851852 0.08333333333333333 0.6416666666666667 0.08385416666666666 0.649074074074074 0.0921875 0.65
4 0.6588541666666666 0.6296296296296297 0.6604166666666667 0.6268518518518519 0.6609375 0.587037037037037 0.6578125 0.5712962962962963 0.653125 0.5722222222222222 0.6473958333333333 0.5953703703703703 0.6453125 0.6268518518518519 0.6588541666666666 0.6296296296296297
5 0.240625 0.687037037037037 0.2453125 0.6814814814814815 0.24427083333333333 0.6731481481481482 0.24947916666666667 0.6481481481481481 0.24895833333333334 0.637962962962963 0.24375 0.6203703703703703 0.2390625 0.6222222222222222 0.234375 0.637962962962963 0.23697916666666666 0.6814814814814815 0.240625 0.687037037037037
5 0.85 0.6537037037037037 0.8526041666666667 0.6574074074074074 0.8614583333333333 0.6592592592592592 0.8635416666666667 0.6564814814814814 0.8619791666666666 0.6333333333333333 0.8651041666666667 0.625 0.8630208333333333 0.6101851851851852 0.8567708333333334 0.5990740740740741 0.8510416666666667 0.612037037037037 0.8489583333333334 0.6231481481481481 0.85 0.6537037037037037
4 0.18958333333333333 0.6509259259259259 0.19270833333333334 0.637962962962963 0.19739583333333333 0.6416666666666667 0.19947916666666668 0.649074074074074 0.20416666666666666 0.6481481481481481 0.20520833333333333 0.6462962962962963 0.1984375 0.6157407407407407 0.19635416666666666 0.5842592592592593 0.19322916666666667 0.5833333333333334 0.19114583333333332 0.587037037037037 0.18854166666666666 0.6 0.18541666666666667 0.65 0.18958333333333333 0.6509259259259259
4 0.4197916666666667 0.7333333333333333 0.434375 0.7351851851851852 0.4359375 0.725925925925926 0.434375 0.6694444444444444 0.43125 0.6583333333333333 0.4244791666666667 0.6620370370370371 0.42239583333333336 0.6777777777777778 0.41822916666666665 0.7296296296296296 0.4197916666666667 0.7333333333333333
4 0.8067708333333333 0.6666666666666666 0.809375 0.674074074074074 0.8145833333333333 0.674074074074074 0.8104166666666667 0.6129629629629629 0.80625 0.6101851851851852 0.8015625 0.6222222222222222 0.7973958333333333 0.6694444444444444 0.8067708333333333 0.6666666666666666
5 0.030208333333333334 0.6731481481481482 0.03229166666666667 0.6768518518518518 0.0453125 0.674074074074074 0.04895833333333333 0.6694444444444444 0.046875 0.6583333333333333 0.046875 0.6305555555555555 0.04114583333333333 0.6305555555555555 0.03697916666666667 0.6370370370370371 0.0359375 0.6527777777777778 0.030208333333333334 0.6731481481481482
5 0.16979166666666667 0.6259259259259259 0.17708333333333334 0.5953703703703703 0.16979166666666667 0.5805555555555556 0.165625 0.5824074074074074 0.15885416666666666 0.5953703703703703 0.16041666666666668 0.6185185185185185 0.16979166666666667 0.6259259259259259
3 0.47708333333333336 0.7037037037037037 0.47552083333333334 0.7129629629629629 0.47708333333333336 0.7175925925925926 0.4796875 0.7175925925925926 0.48072916666666665 0.7111111111111111 0.48854166666666665 0.6990740740740741 0.4921875 0.7064814814814815 0.49322916666666666 0.7185185185185186 0.4973958333333333 0.7194444444444444 0.4942708333333333 0.6453703703703704 0.4890625 0.6416666666666667 0.48385416666666664 0.6574074074074074 0.48385416666666664 0.687962962962963 0.47708333333333336 0.7037037037037037
4 0.7677083333333333 0.7916666666666666 0.765625 0.8027777777777778 0.7744791666666667 0.8 0.7796875 0.8069444444444445 0.7802083333333333 0.8138888888888889 0.7869791666666667 0.8148148148148148 0.790625 0.7898148148148149 0.7885416666666667 0.7324074074074074 0.7848958333333333 0.7314814814814815 0.7796875 0.7435185185185185 0.7760416666666666 0.7888888888888889 0.7677083333333333 0.7916666666666666
4 0.7510416666666667 0.7240740740740741 0.7557291666666667 0.7240740740740741 0.7625 0.6907407407407408 0.7588541666666667 0.6546296296296297 0.7557291666666667 0.6509259259259259 0.7520833333333333 0.6537037037037037 0.7479166666666667 0.6648148148148149 0.7489583333333333 0.7138888888888889 0.7510416666666667 0.7240740740740741
5 0.7604166666666666 0.7435185185185185 0.7708333333333334 0.7462962962962963 0.7755208333333333 0.7398148148148148 0.7765625 0.700925925925926 0.7744791666666667 0.6796296296296296 0.7697916666666667 0.6796296296296296 0.7661458333333333 0.6981481481481482 0.765625 0.725 0.7604166666666666 0.7435185185185185
3 0.43854166666666666 0.5435185185185185 0.4432291666666667 0.549074074074074 0.4484375 0.549074074074074 0.4510416666666667 0.5212962962962963 0.45 0.5138888888888888 0.44479166666666664 0.5074074074074074 0.4390625 0.512962962962963 0.4354166666666667 0.5120370370370371 0.4348958333333333 0.5305555555555556 0.43854166666666666 0.5435185185185185
5 0.16614583333333333 0.6666666666666666 0.16979166666666667 0.6611111111111111 0.17239583333333333 0.5990740740740741 0.16927083333333334 0.5898148148148148 0.16354166666666667 0.5916666666666667 0.1609375 0.5981481481481481 0.1609375 0.6657407407407407 0.16614583333333333 0.6666666666666666
5 0.1390625 0.687037037037037 0.15 0.6787037037037037 0.146875 0.6608796296296297 0.14739583333333334 0.6351851851851852 0.1421875 0.6175925925925926 0.13802083333333334 0.6185185185185185 0.13645833333333332 0.6361111111111111 0.13645833333333332 0.6851851851851852 0.1390625 0.687037037037037
4 0.12447916666666667 0.6731481481481482 0.12604166666666666 0.6796296296296296 0.13385416666666666 0.6805555555555556 0.13854166666666667 0.687962962962963 0.14322916666666666 0.6768518518518518 0.15 0.6796296296296296 0.14635416666666667 0.6620370370370371 0.14739583333333334 0.6351851851851852 0.14270833333333333 0.6185185185185185 0.13072916666666667 0.6166666666666667 0.12708333333333333 0.6296296296296297 0.12604166666666666 0.6453703703703704 0.12864583333333332 0.6564814814814814 0.12447916666666667 0.6731481481481482