4 0.9682291666666667 0.7537037037037037 0.9666666666666667 0.7611111111111111 0.9739583333333334 0.762962962962963 0.9760416666666667 0.7592592592592593 0.9770833333333333 0.7 0.9739583333333334 0.6842592592592592 0.9703125 0.6824074074074075 0.9677083333333333 0.6851851851851852 0.9645833333333333 0.7194444444444444 0.9682291666666667 0.7537037037037037
4 0.6458333333333334 0.8027777777777778 0.646875 0.8305555555555556 0.6526041666666667 0.8361111111111111 0.6552083333333333 0.8333333333333334 0.65625 0.8046296296296296 0.6614583333333334 0.7870370370370371 0.6619791666666667 0.7601851851851852 0.6546875 0.7361111111111112 0.6505208333333333 0.7314814814814815 0.6421875 0.7712962962962963 0.640625 0.7870370370370371 0.6458333333333334 0.8027777777777778
4 0.7145833333333333 0.6620370370370371 0.7171875 0.6685185185185185 0.7161458333333334 0.7129629629629629 0.7208333333333333 0.7166666666666667 0.7213541666666666 0.7129629629629629 0.7265625 0.7111111111111111 0.7286458333333333 0.7175925925925926 0.7286458333333333 0.6759259259259259 0.7307291666666667 0.6694444444444444 0.7291666666666666 0.6564814814814814 0.7239583333333334 0.6453703703703704 0.7208333333333333 0.6453703703703704 0.7171875 0.6527777777777778 0.7088541666666667 0.6592592592592592 0.7041666666666667 0.6555555555555556 0.7020833333333333 0.6574074074074074 0.7145833333333333 0.6620370370370371
4 0.7057291666666666 0.6574074074074074 0.7083333333333334 0.6129629629629629 0.7015625 0.5962962962962963 0.6979166666666666 0.5972222222222222 0.6963541666666667 0.6037037037037037 0.6953125 0.6537037037037037 0.7057291666666666 0.6574074074074074
4 0.5401041666666667 0.7203703703703703 0.5416666666666666 0.7157407407407408 0.5489583333333333 0.7231481481481481 0.5510416666666667 0.7101851851851851 0.5505208333333333 0.6861111111111111 0.553125 0.674074074074074 0.5494791666666666 0.6527777777777778 0.5447916666666667 0.6435185185185185 0.5411458333333333 0.6462962962962963 0.5354166666666667 0.6657407407407407 0.5354166666666667 0.7194444444444444 0.5401041666666667 0.7203703703703703
4 0.6354166666666666 0.7953703703703704 0.6395833333333333 0.8 0.6463541666666667 0.7944444444444444 0.646875 0.7620370370370371 0.6541666666666667 0.7435185185185185 0.6536458333333334 0.712037037037037 0.6505208333333333 0.7092592592592593 0.6453125 0.712037037037037 0.6364583333333333 0.7509259259259259 0.6401041666666667 0.775 0.6354166666666666 0.7953703703703704
4 0.6401041666666667 0.6675925925925926 0.6453125 0.6685185185185185 0.6473958333333333 0.6638888888888889 0.646875 0.6185185185185185 0.6421875 0.6064814814814815 0.6385416666666667 0.6055555555555555 0.6348958333333333 0.6111111111111112 0.634375 0.6537037037037037 0.6401041666666667 0.6675925925925926
5 0.6484375 0.6537037037037037 0.6526041666666667 0.6620370370370371 0.6578125 0.662962962962963 0.6598958333333333 0.637962962962963 0.6588541666666666 0.6111111111111112 0.6578125 0.6074074074074074 0.6536458333333334 0.6092592592592593 0.6473958333333333 0.6259259259259259 0.6484375 0.6537037037037037
3 0.6463541666666667 0.687962962962963 0.6473958333333333 0.6972222222222222 0.6453125 0.7148148148148148 0.6473958333333333 0.7194444444444444 0.6520833333333333 0.7212962962962963 0.6583333333333333 0.7046296296296296 0.6578125 0.6888888888888889 0.65 0.6648148148148149 0.64375 0.6675925925925926 0.6432291666666666 0.6842592592592592 0.6463541666666667 0.687962962962963
4 0.5786458333333333 0.6953703703703704 0.58125 0.6833333333333333 0.5817708333333333 0.6416666666666667 0.5765625 0.6240740740740741 0.5703125 0.6342592592592593 0.5682291666666667 0.65 0.5677083333333334 0.6953703703703704 0.5786458333333333 0.6953703703703704
4 0.534375 0.7194444444444444 0.5380208333333333 0.7212962962962963 0.5421875 0.7055555555555556 0.5401041666666667 0.6981481481481482 0.5416666666666666 0.6851851851851852 0.5401041666666667 0.6648148148148149 0.5427083333333333 0.6546296296296297 0.5411458333333333 0.6407407407407407 0.5364583333333334 0.637962962962963 0.53125 0.6509259259259259 0.5302083333333333 0.6777777777777778 0.534375 0.7194444444444444
4 0.4901041666666667 0.7018518518518518 0.49635416666666665 0.6972222222222222 0.496875 0.6731481481481482 0.4942708333333333 0.6601851851851852 0.4895833333333333 0.6620370370370371 0.48541666666666666 0.6805555555555556 0.4859375 0.6990740740740741 0.4901041666666667 0.7018518518518518
3 0.7583333333333333 0.6037037037037037 0.7645833333333333 0.6046296296296296 0.7682291666666666 0.6111111111111112 0.7671875 0.575925925925926 0.7630208333333334 0.5675925925925925 0.759375 0.5657407407407408 0.7552083333333334 0.5796296296296296 0.7546875 0.6074074074074074 0.7583333333333333 0.6037037037037037
5 0.49583333333333335 0.7481481481481481 0.49583333333333335 0.7592592592592593 0.4973958333333333 0.762962962962963 0.5015625 0.762962962962963 0.5052083333333334 0.7592592592592593 0.5046875 0.6953703703703704 0.5020833333333333 0.6777777777777778 0.496875 0.6805555555555556 0.49114583333333334 0.7037037037037037 0.49166666666666664 0.7305555555555555 0.49583333333333335 0.7481481481481481
5 0.4786458333333333 0.7685185185185185 0.4864583333333333 0.7620370370370371 0.4890625 0.7435185185185185 0.4890625 0.712037037037037 0.48541666666666666 0.6907407407407408 0.4822916666666667 0.6888888888888889 0.478125 0.7 0.47552083333333334 0.7222222222222222 0.47552083333333334 0.7657407407407407 0.4786458333333333 0.7685185185185185
5 0.5859375 0.6925925925925925 0.590625 0.6944444444444444 0.5927083333333333 0.6898148148148148 0.5911458333333334 0.6675925925925926 0.5932291666666667 0.65 0.5859375 0.6305555555555555 0.5833333333333334 0.6287037037037037 0.5807291666666666 0.6370370370370371 0.5817708333333333 0.6787037037037037 0.5859375 0.6925925925925925
0 0.6380208333333334 0.8018518518518518 0.6442708333333333 0.7962962962962963 0.64375 0.7898148148148149 0.6390625 0.7842592592592592 0.6359375 0.7907407407407407 0.6354166666666666 0.7953703703703704 0.6380208333333334 0.8018518518518518
5 0.5161458333333333 0.7018518518518518 0.515625 0.7185185185185186 0.5177083333333333 0.7212962962962963 0.5286458333333334 0.7157407407407408 0.5270833333333333 0.6888888888888889 0.5286458333333334 0.6694444444444444 0.525 0.65 0.5203125 0.6462962962962963 0.5140625 0.6620370370370371 0.5130208333333334 0.6842592592592592 0.5161458333333333 0.7018518518518518
5 0.4864583333333333 0.7388888888888889 0.4828125 0.7518518518518519 0.4859375 0.7601851851851852 0.4901041666666667 0.7620370370370371 0.4947916666666667 0.7361111111111112 0.49375 0.6861111111111111 0.48802083333333335 0.6851851851851852 0.484375 0.7 0.48385416666666664 0.7203703703703703 0.4864583333333333 0.7388888888888889
2 0.2515625 0.6814814814814815 0.2640625 0.674074074074074 0.2635416666666667 0.6222222222222222 0.2609375 0.6083333333333333 0.2557291666666667 0.6037037037037037 0.25052083333333336 0.6222222222222222 0.2515625 0.6814814814814815
5 0.6265625 0.6472222222222223 0.625 0.6666666666666666 0.6265625 0.6703703703703704 0.6302083333333334 0.6703703703703704 0.6348958333333333 0.6592592592592592 0.6359375 0.6111111111111112 0.6317708333333333 0.6101851851851852 0.6265625 0.6194444444444445 0.625 0.6259259259259259 0.6265625 0.6472222222222223
5 0.5046875 0.7611111111111111 0.5067708333333333 0.7592592592592593 0.5052083333333334 0.7425925925925926 0.50625 0.6907407407407408 0.5015625 0.6768518518518518 0.49895833333333334 0.6814814814814815 0.4953125 0.7046296296296296 0.4973958333333333 0.7611111111111111 0.5046875 0.7611111111111111
4 0.5015625 0.6925925925925925 0.5057291666666667 0.6888888888888889 0.5072916666666667 0.6648148148148149 0.5057291666666667 0.6601851851851852 0.503125 0.6601851851851852 0.49895833333333334 0.6657407407407407 0.496875 0.6842592592592592 0.5015625 0.6925925925925925