4 0.84375 0.47962962962962963 0.8453125 0.5037037037037037 0.8520833333333333 0.5120370370370371 0.8625 0.5157407407407407 0.8630208333333333 0.5092592592592593 0.85625 0.49722222222222223 0.8552083333333333 0.4842592592592593 0.85 0.4703703703703704 0.8453125 0.46296296296296297 0.840625 0.4666666666666667 0.8401041666666667 0.475 0.84375 0.47962962962962963
5 0.6817708333333333 0.512962962962963 0.6859375 0.5157407407407407 0.69375 0.5111111111111111 0.696875 0.5194444444444445 0.7010416666666667 0.5194444444444445 0.7015625 0.5148148148148148 0.6963541666666667 0.4962962962962963 0.6963541666666667 0.4787037037037037 0.6927083333333334 0.4601851851851852 0.6890625 0.45925925925925926 0.6854166666666667 0.47685185185185186 0.6880208333333333 0.4925925925925926 0.6817708333333333 0.512962962962963
5 0.6234375 0.49074074074074076 0.6302083333333334 0.5018518518518519 0.634375 0.4981481481481482 0.6348958333333333 0.45925925925925926 0.6307291666666667 0.44907407407407407 0.6265625 0.44907407407407407 0.6223958333333334 0.45555555555555555 0.61875 0.46574074074074073 0.6197916666666666 0.47685185185185186 0.6135416666666667 0.4898148148148148 0.6135416666666667 0.49722222222222223 0.6234375 0.49074074074074076
5 0.3229166666666667 0.6370370370370371 0.32083333333333336 0.6546296296296297 0.3307291666666667 0.6638888888888889 0.3328125 0.6620370370370371 0.3333333333333333 0.6259259259259259 0.33645833333333336 0.6203703703703703 0.3307291666666667 0.5805555555555556 0.3255208333333333 0.5805555555555556 0.3203125 0.6055555555555555 0.31979166666666664 0.6185185185185185 0.3229166666666667 0.6370370370370371
3 0.7635416666666667 0.5925925925925926 0.7677083333333333 0.5953703703703703 0.7697916666666667 0.5916666666666667 0.775 0.5953703703703703 0.7776041666666667 0.5907407407407408 0.771875 0.5675925925925925 0.771875 0.5407407407407407 0.7625 0.5212962962962963 0.7583333333333333 0.5222222222222223 0.7541666666666667 0.5407407407407407 0.7635416666666667 0.5925925925925926
4 0.29010416666666666 0.6046296296296296 0.2890625 0.6157407407407407 0.2911458333333333 0.6175925925925926 0.2942708333333333 0.6101851851851852 0.303125 0.6027777777777777 0.30572916666666666 0.6083333333333333 0.3067708333333333 0.6222222222222222 0.31197916666666664 0.6222222222222222 0.31302083333333336 0.6185185185185185 0.3072916666666667 0.575925925925926 0.3072916666666667 0.5398148148148149 0.3 0.5416666666666666 0.2947916666666667 0.5592592592592592 0.296875 0.5953703703703703 0.29010416666666666 0.6046296296296296
5 0.5442708333333334 0.5398148148148149 0.54375 0.5601851851851852 0.5442708333333334 0.5638888888888889 0.5489583333333333 0.5648148148148148 0.5526041666666667 0.5601851851851852 0.5567708333333333 0.5296296296296297 0.5541666666666667 0.4935185185185185 0.55 0.4935185185185185 0.5416666666666666 0.512962962962963 0.540625 0.5287037037037037 0.5442708333333334 0.5398148148148149
5 0.7958333333333333 0.5953703703703703 0.7984375 0.600925925925926 0.8015625 0.5972222222222222 0.80625 0.6037037037037037 0.8083333333333333 0.6027777777777777 0.8098958333333334 0.6 0.8109375 0.5564814814814815 0.8057291666666667 0.5324074074074074 0.8010416666666667 0.5305555555555556 0.7942708333333334 0.549074074074074 0.7973958333333333 0.5675925925925925 0.7958333333333333 0.5953703703703703
3 0.7171875 0.4546296296296296 0.7203125 0.45740740740740743 0.7244791666666667 0.44907407407407407 0.7296875 0.45185185185185184 0.7322916666666667 0.45925925925925926 0.7354166666666667 0.4583333333333333 0.73125 0.4287037037037037 0.728125 0.41944444444444445 0.7229166666666667 0.4166666666666667 0.7171875 0.4287037037037037 0.7151041666666667 0.44722222222222224 0.7171875 0.4546296296296296
4 0.8109375 0.5694444444444444 0.81875 0.575925925925926 0.821875 0.5833333333333334 0.8244791666666667 0.5796296296296296 0.8223958333333333 0.5518518518518518 0.8234375 0.524074074074074 0.8177083333333334 0.5092592592592593 0.8145833333333333 0.5092592592592593 0.8088541666666667 0.5268518518518519 0.8078125 0.5444444444444444 0.8109375 0.5694444444444444
4 0.4666666666666667 0.5555555555555556 0.46822916666666664 0.5675925925925925 0.4708333333333333 0.5694444444444444 0.471875 0.5611111111111111 0.4786458333333333 0.5555555555555556 0.48020833333333335 0.5675925925925925 0.4822916666666667 0.5694444444444444 0.48385416666666664 0.5666666666666667 0.4822916666666667 0.5398148148148149 0.484375 0.5203703703703704 0.478125 0.5018518518518519 0.46822916666666664 0.512962962962963 0.4703125 0.524074074074074 0.4666666666666667 0.5555555555555556
5 0.6515625 0.5333333333333333 0.6541666666666667 0.524074074074074 0.6598958333333333 0.5175925925925926 0.665625 0.5342592592592592 0.66875 0.5324074074074074 0.6671875 0.4722222222222222 0.6640625 0.4722222222222222 0.6598958333333333 0.48148148148148145 0.6536458333333334 0.5138888888888888 0.6484375 0.525 0.6494791666666667 0.5333333333333333 0.6515625 0.5333333333333333
4 0.8494791666666667 0.6472222222222223 0.853125 0.6555555555555556 0.85625 0.6861111111111111 0.8614583333333333 0.6888888888888889 0.8651041666666667 0.6722222222222223 0.8682291666666667 0.637962962962963 0.8677083333333333 0.6212962962962963 0.8614583333333333 0.5981481481481481 0.85625 0.6 0.8453125 0.6398148148148148 0.8447916666666667 0.6462962962962963 0.8494791666666667 0.6472222222222223
4 0.4473958333333333 0.5685185185185185 0.4515625 0.5564814814814815 0.4625 0.5685185185185185 0.45989583333333334 0.5277777777777778 0.46145833333333336 0.5166666666666667 0.4588541666666667 0.5009259259259259 0.4552083333333333 0.4898148148148148 0.4510416666666667 0.4898148148148148 0.4427083333333333 0.4981481481481482 0.4427083333333333 0.5611111111111111 0.4473958333333333 0.5685185185185185
0 0.8026041666666667 0.5111111111111111 0.8057291666666667 0.4981481481481482 0.8026041666666667 0.49444444444444446 0.7984375 0.49537037037037035 0.7979166666666667 0.5083333333333333 0.8026041666666667 0.5111111111111111
4 0.4083333333333333 0.5703703703703704 0.4140625 0.5638888888888889 0.415625 0.5675925925925925 0.4197916666666667 0.5675925925925925 0.421875 0.549074074074074 0.4197916666666667 0.5157407407407407 0.415625 0.49722222222222223 0.4119791666666667 0.49537037037037035 0.40520833333333334 0.5092592592592593 0.40572916666666664 0.5675925925925925 0.4083333333333333 0.5703703703703704
4 0.9895833333333334 0.5879629629629629 0.9942708333333333 0.5916666666666667 0.9994791666666667 0.5888888888888889 0.9994791666666667 0.5148148148148148 0.99375 0.5148148148148148 0.9895833333333334 0.5296296296296297 0.9880208333333333 0.5472222222222223 0.9895833333333334 0.5879629629629629
4 0 0.5138888888888888 0.008854166666666666 0.5138888888888888 0.011979166666666667 0.5092592592592593 0.011979166666666667 0.49722222222222223 0.008854166666666666 0.4861111111111111 0.004166666666666667 0.4861111111111111 0 0.4981481481481482 0 0.5138888888888888
4 0.5255208333333333 0.65 0.5286458333333334 0.7333333333333333 0.54375 0.7277777777777777 0.5427083333333333 0.6546296296296297 0.5369791666666667 0.6314814814814815 0.53125 0.6324074074074074 0.5307291666666667 0.6416666666666667 0.5255208333333333 0.65
5 0.3885416666666667 0.5425925925925926 0.38958333333333334 0.5638888888888889 0.3984375 0.5675925925925925 0.39947916666666666 0.5509259259259259 0.39739583333333334 0.5222222222222223 0.39895833333333336 0.512962962962963 0.3958333333333333 0.5018518518518519 0.39166666666666666 0.4981481481481482 0.38333333333333336 0.5185185185185185 0.3828125 0.5296296296296297 0.3885416666666667 0.5425925925925926
5 0.421875 0.5472222222222223 0.4234375 0.5592592592592592 0.42864583333333334 0.5564814814814815 0.43333333333333335 0.5342592592592592 0.43385416666666665 0.512962962962963 0.43854166666666666 0.5027777777777778 0.4317708333333333 0.4861111111111111 0.428125 0.4888888888888889 0.4244791666666667 0.5166666666666667 0.4244791666666667 0.5361111111111111 0.421875 0.5472222222222223
5 0.5104166666666666 0.5370370370370371 0.5140625 0.5407407407407407 0.5197916666666667 0.5287037037037037 0.5276041666666667 0.5222222222222223 0.5302083333333333 0.5277777777777778 0.5291666666666667 0.5444444444444444 0.5338541666666666 0.5444444444444444 0.5354166666666667 0.5407407407407407 0.5333333333333333 0.5185185185185185 0.5302083333333333 0.5064814814814815 0.5307291666666667 0.47685185185185186 0.5260416666666666 0.475 0.5223958333333333 0.48703703703703705 0.51875 0.5203703703703704 0.5104166666666666 0.5370370370370371
4 0.6255208333333333 0.48703703703703705 0.6276041666666666 0.4962962962962963 0.63125 0.5009259259259259 0.6354166666666666 0.49444444444444446 0.6338541666666667 0.45092592592592595 0.6302083333333334 0.44351851851851853 0.6265625 0.4425925925925926 0.6239583333333333 0.4527777777777778 0.6234375 0.47129629629629627 0.6255208333333333 0.48703703703703705
2 0.33645833333333336 0.5342592592592592 0.3375 0.5370370370370371 0.3494791666666667 0.5370370370370371 0.353125 0.5185185185185185 0.35052083333333334 0.4685185185185185 0.3453125 0.4675925925925926 0.3416666666666667 0.4898148148148148 0.3416666666666667 0.5175925925925926 0.33645833333333336 0.5342592592592592
5 0.44583333333333336 0.5638888888888889 0.446875 0.5666666666666667 0.44895833333333335 0.5648148148148148 0.4515625 0.5555555555555556 0.4557291666666667 0.5518518518518518 0.4583333333333333 0.5555555555555556 0.4588541666666667 0.5638888888888889 0.4625 0.5675925925925925 0.4609375 0.5314814814814814 0.4625 0.5175925925925926 0.4588541666666667 0.5018518518518519 0.4552083333333333 0.4962962962962963 0.45208333333333334 0.49722222222222223 0.45 0.5404324074074074 0.44583333333333336 0.5638888888888889