5 0.9114583333333334 0.6657407407407407 0.9234375 0.6685185185185185 0.925 0.6657407407407407 0.9239583333333333 0.625 0.9192708333333334 0.6138888888888889 0.9166666666666666 0.6148148148148148 0.9151041666666667 0.6212962962962963 0.9145833333333333 0.6527777777777778 0.9114583333333334 0.6657407407407407
4 0.27447916666666666 0.6481481481481481 0.2869791666666667 0.6472222222222223 0.2833333333333333 0.5925925925925926 0.2791666666666667 0.5962962962962963 0.27760416666666665 0.6046296296296296 0.27239583333333334 0.6444444444444445 0.27447916666666666 0.6481481481481481
4 0.6307291666666667 0.6101851851851852 0.6385416666666667 0.6092592592592593 0.6395833333333333 0.5981481481481481 0.6364583333333333 0.5796296296296296 0.6322916666666667 0.5787037037037037 0.6307291666666667 0.5833333333333334 0.6291666666666667 0.6074074074074074 0.6307291666666667 0.6101851851851852
5 0.5484375 0.6685185185185185 0.5484375 0.674074074074074 0.5510416666666667 0.6722222222222223 0.5604166666666667 0.6777777777777778 0.5625 0.6472222222222223 0.5609375 0.6212962962962963 0.55625 0.6231481481481481 0.5526041666666667 0.6425925925925926 0.5526041666666667 0.6592592592592592 0.5484375 0.6685185185185185
4 0.7046875 0.7509259259259259 0.7098958333333333 0.7518518518518519 0.7197916666666667 0.7435185185185185 0.7145833333333333 0.7268518518518519 0.7182291666666667 0.7 0.7161458333333334 0.6851851851851852 0.7135416666666666 0.6824074074074075 0.7104166666666667 0.6851851851851852 0.7067708333333333 0.7194444444444444 0.7067708333333333 0.7416666666666667 0.7046875 0.7509259259259259
4 0.8552083333333333 0.6787037037037037 0.8546875 0.6851851851851852 0.8572916666666667 0.687962962962963 0.8614583333333333 0.6842592592592592 0.8651041666666667 0.6435185185185185 0.8598958333333333 0.6287037037037037 0.8567708333333334 0.6268518518518519 0.8557291666666667 0.6296296296296297 0.8505208333333333 0.6546296296296297 0.8552083333333333 0.6787037037037037
5 0.6255208333333333 0.6268518518518519 0.6260416666666667 0.6370370370370371 0.6270833333333333 0.6388888888888888 0.6333333333333333 0.6305555555555555 0.6390625 0.6388888888888888 0.6395833333333333 0.6018518518518519 0.6359375 0.5879629629629629 0.6322916666666667 0.5898148148148148 0.6296875 0.6018518518518519 0.6291666666666667 0.6138888888888889 0.6255208333333333 0.6268518518518519
5 0.4197916666666667 0.7435185185185185 0.4192708333333333 0.7509259259259259 0.4234375 0.7537037037037037 0.425 0.75 0.4354166666666667 0.7555555555555555 0.4354166666666667 0.7231481481481481 0.4395833333333333 0.7092592592592593 0.4375 0.687962962962963 0.43333333333333335 0.687037037037037 0.42604166666666665 0.7046296296296296 0.4270833333333333 0.7277777777777777 0.4197916666666667 0.7435185185185185
2 0.18125 0.6083333333333333 0.1859375 0.6037037037037037 0.18854166666666666 0.5638888888888889 0.18385416666666668 0.5564814814814815 0.17864583333333334 0.5657407407407408 0.17760416666666667 0.5731481481481482 0.18125 0.6083333333333333
5 0.375 0.6648148148148149 0.37552083333333336 0.6694444444444444 0.3796875 0.6712962962962963 0.39010416666666664 0.6546296296296297 0.390625 0.6185185185185185 0.38645833333333335 0.6166666666666667 0.3807291666666667 0.6305555555555555 0.37864583333333335 0.6564814814814814 0.375 0.6648148148148149
4 0.6541666666666667 0.6574074074074074 0.6578125 0.6601851851851852 0.665625 0.6537037037037037 0.6677083333333333 0.6592592592592592 0.6713541666666667 0.6592592592592592 0.6723958333333333 0.6546296296296297 0.665625 0.6046296296296296 0.6619791666666667 0.6037037037037037 0.6609375 0.6185185185185185 0.6572916666666667 0.6305555555555555 0.6578125 0.6425925925925926 0.6541666666666667 0.6574074074074074
3 0.8671875 0.5796296296296296 0.8708333333333333 0.5842592592592593 0.8729166666666667 0.5814814814814815 0.8739583333333333 0.5583333333333333 0.8770833333333333 0.5435185185185185 0.8723958333333334 0.5398148148148149 0.8661458333333333 0.5444444444444444 0.8651041666666667 0.5537037037037037 0.8671875 0.5796296296296296
5 0.784375 0.6888888888888889 0.7817708333333333 0.6981481481481482 0.7869791666666667 0.7037037037037037 0.790625 0.7027777777777777 0.7916666666666666 0.6824074074074075 0.7953125 0.6694444444444444 0.790625 0.6462962962962963 0.7864583333333334 0.6462962962962963 0.78125 0.6657407407407407 0.7807291666666667 0.6731481481481482 0.784375 0.6888888888888889
3 0.4546875 0.5685185185185185 0.4630208333333333 0.5685185185185185 0.465625 0.5564814814814815 0.4640625 0.5351851851851852 0.4588541666666667 0.5361111111111111 0.45677083333333335 0.5444444444444444 0.4578125 0.5527777777777778 0.4546875 0.5685185185185185
3 0.61875 0.6509259259259259 0.6234375 0.6537037037037037 0.6255208333333333 0.649074074074074 0.6276041666666666 0.6101851851851852 0.6197916666666666 0.5833333333333334 0.6171875 0.5916666666666667 0.6161458333333333 0.6148148148148148 0.61875 0.6509259259259259
4 0.484375 0.6314814814814815 0.48802083333333335 0.6305555555555555 0.4901041666666667 0.6064814814814815 0.48854166666666665 0.587037037037037 0.4822916666666667 0.575 0.4786458333333333 0.6018518518518519 0.4744791666666667 0.6129629629629629 0.4744791666666667 0.6212962962962963 0.484375 0.6314814814814815
0 0.2125 0.6111111111111112 0.21458333333333332 0.6074074074074074 0.21302083333333333 0.5990740740740741 0.20833333333333334 0.600925925925926 0.20885416666666667 0.6101851851851852 0.2125 0.6111111111111112
5 0.61875 0.6064814814814815 0.6239583333333333 0.6027777777777777 0.625 0.5953703703703703 0.6229166666666667 0.5796296296296296 0.6203125 0.5768518518518518 0.6171875 0.5796296296296296 0.6161458333333333 0.6 0.61875 0.6064814814814815