0 0.2375 0.7796296296296297 0.23125 0.7814814814814814 0.23020833333333332 0.7907407407407407 0.23697916666666666 0.7944444444444444 0.23854166666666668 0.7907407407407407 0.2375 0.7796296296296297
4 0.45989583333333334 0.8138888888888889 0.46458333333333335 0.8157407407407408 0.46875 0.8101851851851852 0.47239583333333335 0.7768518518518519 0.47239583333333335 0.7564814814814815 0.4666666666666667 0.7388888888888889 0.4640625 0.737037037037037 0.46041666666666664 0.7388888888888889 0.4583333333333333 0.7555555555555555 0.4609375 0.7666666666666667 0.4578125 0.775 0.46145833333333336 0.8074074074074075 0.45989583333333334 0.8138888888888889
4 0.4661458333333333 0.7351851851851852 0.46875 0.7240740740740741 0.46875 0.7064814814814815 0.4661458333333333 0.6962962962962963 0.4625 0.6935185185185185 0.46041666666666664 0.6972222222222222 0.4588541666666667 0.7083333333333334 0.453125 0.7203703703703703 0.4588541666666667 0.7444444444444445 0.4661458333333333 0.7351851851851852
4 0.615625 0.5907407407407408 0.6104166666666667 0.5925925925925926 0.6083333333333333 0.6074074074074074 0.6072916666666667 0.6268518518518519 0.6140625 0.6324074074074074 0.6166666666666667 0.6231481481481481 0.615625 0.5907407407407408
4 0.23854166666666668 0.7861111111111111 0.2453125 0.7796296296296297 0.24947916666666667 0.7861111111111111 0.25052083333333336 0.7981481481481482 0.2557291666666667 0.799074074074074 0.2557291666666667 0.7805555555555556 0.2520833333333333 0.7657407407407407 0.2546875 0.7592592592592593 0.2604166666666667 0.7555555555555555 0.2609375 0.7509259259259259 0.2515625 0.7425925925925926 0.24791666666666667 0.7453703703703703 0.22447916666666667 0.787962962962963 0.22447916666666667 0.7944444444444444 0.228125 0.7916666666666666 0.23645833333333333 0.7935185185185185 0.23854166666666668 0.7861111111111111
4 0.35885416666666664 0.6916666666666667 0.3625 0.649074074074074 0.3572916666666667 0.6416666666666667 0.353125 0.6416666666666667 0.34791666666666665 0.65 0.35052083333333334 0.6671296296296296 0.3494791666666667 0.6962962962962963 0.3546875 0.7018518518518518 0.35885416666666664 0.6916666666666667
4 0.7625 0.6768518518518518 0.7651041666666667 0.6546296296296297 0.765625 0.6388888888888888 0.7625 0.6268518518518519 0.759375 0.6259259259259259 0.75625 0.6333333333333333 0.7546875 0.6481481481481481 0.7541666666666667 0.6759259259259259 0.7557291666666667 0.6814814814814815 0.7598958333333333 0.6833333333333333 0.7625 0.6768518518518518
4 0.9083333333333333 0.674074074074074 0.9072916666666667 0.6648148148148149 0.909375 0.6444444444444445 0.9041666666666667 0.6314814814814815 0.9005208333333333 0.6342592592592593 0.8994791666666667 0.674074074074074 0.9005208333333333 0.6777777777777778 0.9052083333333333 0.6787037037037037 0.9083333333333333 0.674074074074074
5 0.4505208333333333 0.6083333333333333 0.4479166666666667 0.5907407407407408 0.44479166666666664 0.5925925925925926 0.4427083333333333 0.6055555555555555 0.4432291666666667 0.6287037037037037 0.4479166666666667 0.6314814814814815 0.45 0.6259259259259259 0.4505208333333333 0.6083333333333333
4 0.41302083333333334 0.6546296296296297 0.41041666666666665 0.6425925925925926 0.4119791666666667 0.6287037037037037 0.4078125 0.6175925925925926 0.4036458333333333 0.6240740740740741 0.40208333333333335 0.649074074074074 0.4036458333333333 0.6611111111111111 0.4078125 0.6620370370370371 0.41302083333333334 0.6546296296296297
4 0.5640625 0.5916666666666667 0.5604166666666667 0.5990740740740741 0.5588541666666667 0.6324074074074074 0.571875 0.6305555555555555 0.5677083333333334 0.5925925925925926 0.5640625 0.5916666666666667
5 0.4270833333333333 0.6342592592592593 0.42291666666666666 0.6324074074074074 0.41822916666666665 0.65 0.4203125 0.6805555555555556 0.4239583333333333 0.6833333333333333 0.42916666666666664 0.6509259259259259 0.4270833333333333 0.6342592592592593
5 0.5484375 0.6064814814814815 0.5447916666666667 0.5972222222222222 0.5411458333333333 0.6055555555555555 0.5395833333333333 0.637962962962963 0.5479166666666667 0.6407407407407407 0.5494791666666666 0.6388888888888888 0.5484375 0.6064814814814815
5 0.27708333333333335 0.7324074074074074 0.27447916666666666 0.7129629629629629 0.275 0.6935185185185185 0.26927083333333335 0.6796296296296296 0.26614583333333336 0.6805555555555556 0.2635416666666667 0.6916666666666667 0.2640625 0.7361111111111112 0.2671875 0.7388888888888889 0.275 0.7351851851851852 0.27708333333333335 0.7324074074074074
5 0.7505208333333333 0.7175925925925926 0.7526041666666666 0.7157407407407408 0.7526041666666666 0.6938268518518518 0.7552083333333334 0.6824074074074075 0.759375 0.6768518518518518 0.75 0.6620370370370371 0.7479166666666667 0.6611111111111111 0.7442708333333333 0.6694444444444444 0.7411458333333333 0.6814814814814815 0.7453125 0.6888888888888889 0.7458333333333333 0.7148148148148148 0.7505208333333333 0.7175925925925926
5 0.3645833333333333 0.7759259259259259 0.3645833333333333 0.7712962962962963 0.3609375 0.7657407407407407 0.3489583333333333 0.7685185185185185 0.33125 0.7592592592592593 0.3260416666666667 0.762962962962963 0.3255208333333333 0.7759259259259259 0.32760416666666664 0.7787037037037037 0.3619791666666667 0.7796296296296297 0.3645833333333333 0.7759259259259259
5 0.5708333333333333 0.6462962962962963 0.5682291666666667 0.6435185185185185 0.5630208333333333 0.6574074074074074 0.5635416666666667 0.6935185185185185 0.5682291666666667 0.6962962962962963 0.5744791666666667 0.6648148148148149 0.5708333333333333 0.6462962962962963
2 0.12291666666666666 0.65 0.12135416666666667 0.6148148148148148 0.11875 0.6046296296296296 0.11041666666666666 0.6074074074074074 0.10989583333333333 0.625 0.1125 0.649074074074074 0.11510416666666666 0.6518518518518519 0.12291666666666666 0.65
3 0.5708333333333333 0.7074074074074074 0.5703125 0.7203703703703703 0.5723958333333333 0.7240740740740741 0.5796875 0.7194444444444444 0.5802083333333333 0.7129629629629629 0.5776041666666667 0.700925925925926 0.5786458333333333 0.6722222222222223 0.5760416666666667 0.6648148148148149 0.5713541666666667 0.6620370370370371 0.5708333333333333 0.6694444444444444 0.5682291666666667 0.6731481481481482 0.5682291666666667 0.6925925925925925 0.5708333333333333 0.7074074074074074
3 0.49166666666666664 0.5833333333333334 0.4921875 0.562037037037037 0.4869791666666667 0.5555555555555556 0.4828125 0.5592592592592592 0.4817708333333333 0.5638888888888889 0.48489583333333336 0.5814814814814815 0.4901041666666667 0.5861111111111111 0.49166666666666664 0.5833333333333334
5 0.3171875 0.6638888888888889 0.3109375 0.6435185185185185 0.30625 0.6537037037037037 0.30572916666666666 0.6712962962962963 0.3104166666666667 0.700925925925926 0.3171875 0.6962962962962963 0.3171875 0.6638888888888889
4 0.9994791666666667 0.7842592592592592 0.9994791666666667 0.7222222222222222 0.9942708333333333 0.7148148148148148 0.9901041666666667 0.7166666666666667 0.9880208333333333 0.762962962962963 0.9828125 0.7814814814814814 0.9848958333333333 0.7842592592592592 0.9994791666666667 0.7842592592592592
0 0.3921875 0.6583333333333333 0.39010416666666664 0.6481481481481481 0.390625 0.6296296296296297 0.38645833333333335 0.6157407407407407 0.384375 0.6148148148148148 0.38229166666666664 0.6194444444444445 0.37916666666666665 0.6361111111111111 0.38177083333333334 0.6601851851851852 0.3885416666666667 0.6675925925925926 0.3921875 0.6583333333333333
5 0.5046875 0.6796296296296296 0.5015625 0.6685185185185185 0.4979166666666667 0.6703703703703704 0.49635416666666665 0.6759259259259259 0.49635416666666665 0.7212962962962963 0.4973958333333333 0.725 0.5052083333333334 0.725925925925926 0.5046875 0.6796296296296296
3 0.8380208333333333 0.5935185185185186 0.8447916666666667 0.5833333333333334 0.8442708333333333 0.5648148148148148 0.8421875 0.5527777777777778 0.8338541666666667 0.5537037037037037 0.8317708333333333 0.5648148148148148 0.8317708333333333 0.5851851851851851 0.834375 0.5925925925925926 0.8380208333333333 0.5935185185185186