5 0.5072916666666667 0.7638888888888888 0.5140625 0.7666666666666667 0.515625 0.7620370370370371 0.5114583333333333 0.7481481481481481 0.50625 0.7074074074074074 0.5046875 0.7046296296296296 0.5010416666666667 0.7083333333333334 0.5005208333333333 0.7490740740740741 0.49635416666666665 0.7638888888888888 0.5015625 0.7675925925925926 0.5072916666666667 0.7638888888888888
4 0.5760416666666667 0.7805555555555556 0.5791666666666667 0.7833333333333333 0.5864583333333333 0.7787037037037037 0.5916666666666667 0.7814814814814814 0.5921875 0.774074074074074 0.5859375 0.7574074074074074 0.5875 0.7490740740740741 0.5859375 0.7287037037037037 0.5802083333333333 0.7138888888888889 0.5755208333333334 0.7166666666666667 0.5739583333333333 0.7481481481481481 0.5776041666666667 0.7555555555555555 0.578125 0.7712962962962963 0.5760416666666667 0.7805555555555556
4 0.27447916666666666 0.7037037037037037 0.27395833333333336 0.6694444444444444 0.2671875 0.6601851851851852 0.26510416666666664 0.6620370370370371 0.2625 0.6768518518518518 0.2630208333333333 0.7 0.26614583333333336 0.712037037037037 0.271875 0.7166666666666667 0.27447916666666666 0.7037037037037037
5 0.041666666666666664 0.7814814814814814 0.04375 0.7787037037037037 0.042708333333333334 0.7643518518518518 0.04635416666666667 0.75 0.0453125 0.7314814814814815 0.03697916666666667 0.7101851851851851 0.0328125 0.7129629629629629 0.028645833333333332 0.7268518518518519 0.028125 0.7481481481481481 0.03177083333333333 0.7601851851851852 0.03229166666666667 0.7814814814814814 0.041666666666666664 0.7814814814814814
5 0.6427083333333333 0.7527777777777778 0.6473958333333333 0.7564814814814815 0.6494791666666667 0.7537037037037037 0.6510416666666666 0.7398148148148148 0.6489583333333333 0.7055555555555556 0.6453125 0.6944444444444444 0.6416666666666667 0.6925925925925925 0.6390625 0.6962962962962963 0.6385416666666667 0.7083333333333334 0.634375 0.7166666666666667 0.6385416666666667 0.7175925925925926 0.6427083333333333 0.7527777777777778
3 0.4666666666666667 0.7046296296296296 0.4708333333333333 0.700925925925926 0.4713541666666667 0.6694444444444444 0.47604166666666664 0.6574074074074074 0.4703125 0.6435185185185185 0.4625 0.65 0.46197916666666666 0.6638888888888889 0.46458333333333335 0.6768518518518518 0.4625 0.7018518518518518 0.4666666666666667 0.7046296296296296
4 0.6145833333333334 0.8333333333333334 0.6130208333333333 0.837037037037037 0.6166666666666667 0.8388888888888889 0.6203125 0.8324074074074074 0.625 0.8324074074074074 0.6265625 0.8398148148148148 0.6307291666666667 0.8398148148148148 0.6317708333333333 0.8324074074074074 0.625 0.8148148148148148 0.6234375 0.775 0.6177083333333333 0.7638888888888888 0.6135416666666667 0.7666666666666667 0.6140625 0.7768518518518519 0.6104166666666667 0.7833333333333333 0.6151041666666667 0.7962962962962963 0.6145833333333334 0.8333333333333334
4 0.29739583333333336 0.6574074074074074 0.29375 0.6222222222222222 0.28802083333333334 0.6157407407407407 0.28489583333333335 0.6222222222222222 0.28489583333333335 0.6509259259259259 0.28177083333333336 0.6620370370370371 0.2947916666666667 0.6638888888888889 0.29739583333333336 0.6574074074074074
5 0.3140625 0.6481481481481481 0.3104166666666667 0.6453703703703704 0.30572916666666666 0.6574074074074074 0.30833333333333335 0.6962962962962963 0.3182291666666667 0.6990740740740741 0.3171875 0.6675925925925926 0.3140625 0.6481481481481481
5 0.4395833333333333 0.7148148148148148 0.4421875 0.7092592592592593 0.4432291666666667 0.6675925925925926 0.4395833333333333 0.6574074074074074 0.4354166666666667 0.6620370370370371 0.43333333333333335 0.6694444444444444 0.43333333333333335 0.6851851851851852 0.43697916666666664 0.712037037037037 0.4395833333333333 0.7148148148148148
5 0.6072916666666667 0.6888888888888889 0.6098958333333333 0.6851851851851852 0.6078125 0.6712962962962963 0.6083333333333333 0.6518518518518519 0.6057291666666667 0.6407407407407407 0.603125 0.6388888888888888 0.6010416666666667 0.6425925925925926 0.5984375 0.6537037037037037 0.6 0.6851851851851852 0.6010416666666667 0.6888888888888889 0.6072916666666667 0.6888888888888889
4 0.013020833333333334 0.7 0.0140625 0.6796296296296296 0.023958333333333335 0.6694444444444444 0.021875 0.6657407407407407 0.0140625 0.6685185185185185 0.009375 0.6620370370370371 0.0046875 0.6712962962962963 0.004166666666666667 0.7203703703703703 0.00625 0.7240740740740741 0.015104166666666667 0.7240740740740741 0.013020833333333334 0.7
4 0.7567708333333333 0.7333333333333333 0.7588541666666667 0.7398148148148148 0.7635416666666667 0.7425925925925926 0.7651041666666667 0.7314814814814815 0.7604166666666666 0.6962962962962963 0.7552083333333334 0.6842592592592592 0.7510416666666667 0.6842592592592592 0.7479166666666667 0.7046296296296296 0.75 0.7111111111111111 0.7473958333333334 0.7361111111111112 0.7520833333333333 0.7407407407407407 0.7567708333333333 0.7333333333333333
5 0.7291666666666666 0.7277777777777777 0.73125 0.7240740740740741 0.73125 0.6833333333333333 0.7286458333333333 0.6657407407407407 0.7244791666666667 0.6657407407407407 0.7234375 0.6694444444444444 0.721875 0.6796296296296296 0.7239583333333334 0.7092592592592593 0.7229166666666667 0.7240740740740741 0.7291666666666666 0.7277777777777777
4 0.5265625 0 0.5213541666666667 0.012962962962962963 0.5229166666666667 0.021296296296296296 0.5203125 0.026851851851851852 0.5614583333333333 0.025 0.553125 0 0.5265625 0
4 0.6932291666666667 0.6861111111111111 0.6963541666666667 0.6444444444444445 0.6901041666666666 0.6324074074074074 0.684375 0.6416666666666667 0.6838541666666667 0.6546296296296297 0.6880208333333333 0.6814814814814815 0.6890625 0.6851851851851852 0.6932291666666667 0.6861111111111111
2 0.7828125 0.6833333333333333 0.7854166666666667 0.675 0.7916666666666666 0.6240740740740741 0.7833333333333333 0.6212962962962963 0.778125 0.6342592592592593 0.7802083333333333 0.6462962962962963 0.7776041666666667 0.6777777777777778 0.7786458333333334 0.6824074074074075 0.7828125 0.6833333333333333
4 0.5328125 0.7324074074074074 0.5348958333333333 0.6851851851851852 0.5291666666666667 0.6694444444444444 0.5255208333333333 0.6694444444444444 0.5229166666666667 0.6851851851851852 0.5135416666666667 0.6962962962962963 0.5145833333333333 0.7037037037037037 0.5229166666666667 0.712037037037037 0.5276041666666667 0.7314814814814815 0.5328125 0.7324074074074074
5 0.7432291666666667 0.7592592592592593 0.7442708333333333 0.7444444444444445 0.746875 0.737037037037037 0.7463541666666667 0.7157407407407408 0.7401041666666667 0.700925925925926 0.734375 0.7138888888888889 0.7328125 0.7203703703703703 0.7338541666666667 0.7361111111111112 0.7395833333333334 0.7592592592592593 0.7432291666666667 0.7592592592592593
5 0.6734375 0.700925925925926 0.6723958333333333 0.6592592592592592 0.6677083333333333 0.6472222222222223 0.6614583333333334 0.65 0.6604166666666667 0.6620370370370371 0.6640625 0.7046296296296296 0.6692708333333334 0.7046296296296296 0.6734375 0.700925925925926
4 0.6682291666666667 0.65 0.6619791666666667 0.649074074074074 0.6583333333333333 0.6574074074074074 0.6588541666666666 0.7046296296296296 0.6661458333333333 0.7083333333333334 0.6677083333333333 0.7055555555555556 0.6682291666666667 0.65