4 0.5505208333333333 0.6277777777777778 0.5552083333333333 0.5916666666666667 0.5479166666666667 0.5833333333333334 0.5427083333333333 0.5916666666666667 0.5416666666666666 0.5990740740740741 0.5427083333333333 0.6351851851851852 0.5447916666666667 0.6398148148148148 0.5484375 0.6361111111111111 0.5505208333333333 0.6277777777777778
4 0.8458333333333333 0.6277777777777778 0.8479166666666667 0.6222222222222222 0.8484375 0.587037037037037 0.8458333333333333 0.575925925925926 0.8401041666666667 0.575 0.8375 0.6046296296296296 0.8385416666666666 0.6231481481481481 0.8416666666666667 0.6277777777777778 0.8458333333333333 0.6277777777777778
4 0.64375 0.6611111111111111 0.6416666666666667 0.6518518518518519 0.6432291666666666 0.6231481481481481 0.6421875 0.6138888888888889 0.6385416666666667 0.6092592592592593 0.634375 0.6166666666666667 0.6307291666666667 0.6425925925925926 0.6307291666666667 0.6685185185185185 0.6375 0.6694444444444444 0.6416666666666667 0.6657407407407407 0.64375 0.6611111111111111
5 0.7401041666666667 0.6277777777777778 0.7416666666666667 0.6231481481481481 0.7390625 0.6157407407407407 0.7401041666666667 0.5925925925925926 0.7333333333333333 0.5768518518518518 0.7291666666666666 0.5768518518518518 0.7276041666666667 0.5805555555555556 0.7265625 0.5990740740740741 0.7296875 0.6037037037037037 0.7338541666666667 0.6259259259259259 0.7401041666666667 0.6277777777777778
5 0.36666666666666664 0.700925925925926 0.3651041666666667 0.6518518518518519 0.3609375 0.65 0.35625 0.6666666666666666 0.35572916666666665 0.7138888888888889 0.3567708333333333 0.7166666666666667 0.3645833333333333 0.7166666666666667 0.36666666666666664 0.700925925925926
5 0.3546875 0.5796296296296296 0.3536458333333333 0.549074074074074 0.3484375 0.5435185185185185 0.34375 0.5537037037037037 0.34479166666666666 0.5851851851851851 0.3484375 0.5907407407407408 0.3515625 0.5898148148148148 0.3546875 0.5796296296296296
3 0.3875 0.5287037037037037 0.3859375 0.5120370370370371 0.3807291666666667 0.5092592592592593 0.378125 0.5203703703703704 0.37604166666666666 0.5407407407407407 0.3796875 0.5462962962962963 0.3854166666666667 0.5462962962962963 0.3875 0.5287037037037037
4 0.7984375 0.7462962962962963 0.8067708333333333 0.75 0.8161458333333333 0.7138888888888889 0.8161458333333333 0.6925925925925925 0.8109375 0.6768518518518518 0.7958333333333333 0.6888888888888889 0.7953125 0.6925925925925925 0.8005208333333333 0.6972222222222222 0.8015625 0.7101851851851851 0.7984375 0.7462962962962963
5 0.3104166666666667 0.6425925925925926 0.30885416666666665 0.6083333333333333 0.30572916666666666 0.6074074074074074 0.30364583333333334 0.6111111111111112 0.3 0.6361111111111111 0.2984375 0.6657407407407407 0.3145833333333333 0.6666666666666666 0.31614583333333335 0.6620370370370371 0.3104166666666667 0.6425925925925926
4 0.4390625 0.7518518518518519 0.4427083333333333 0.7333333333333333 0.4390625 0.6787037037037037 0.4348958333333333 0.6796296296296296 0.43125 0.6972222222222222 0.43072916666666666 0.7481481481481481 0.4322916666666667 0.7537037037037037 0.43645833333333334 0.7555555555555555 0.4390625 0.7518518518518519
5 0.10833333333333334 0.6703703703703704 0.11041666666666666 0.6601851851851852 0.11354166666666667 0.6574074074074074 0.11875 0.6666666666666666 0.12239583333333333 0.6657407407407407 0.11979166666666667 0.6527777777777778 0.12135416666666667 0.637962962962963 0.1171875 0.6092592592592593 0.11302083333333333 0.6101851851851852 0.1078125 0.6305555555555555 0.10729166666666666 0.6472222222222223 0.10260416666666666 0.6648148148148149 0.103125 0.6694444444444444 0.10833333333333334 0.6703703703703704
5 0.6166666666666667 0.5444444444444444 0.6145833333333334 0.5407407407407407 0.60625 0.5444444444444444 0.6057291666666667 0.5796296296296296 0.6119791666666666 0.5824074074074074 0.6151041666666667 0.575925925925926 0.6166666666666667 0.5444444444444444
5 0.46770833333333334 0.6074074074074074 0.46770833333333334 0.5935185185185186 0.4625 0.5787037037037037 0.4588541666666667 0.5814814814814815 0.4552083333333333 0.5953703703703703 0.45677083333333335 0.6342592592592593 0.4588541666666667 0.637962962962963 0.4625 0.6370370370370371 0.46770833333333334 0.6074074074074074
5 0.6072916666666667 0.6935185185185185 0.6098958333333333 0.6537037037037037 0.6067708333333334 0.6314814814814815 0.6026041666666667 0.6305555555555555 0.6005208333333333 0.6342592592592593 0.5953125 0.6574074074074074 0.5973958333333333 0.675 0.5947916666666667 0.6851851851851852 0.5953125 0.6944444444444444 0.6072916666666667 0.6935185185185185
5 0.9567708333333333 0.6564814814814814 0.9515625 0.6407407407407407 0.9479166666666666 0.637962962962963 0.9447916666666667 0.6416666666666667 0.9416666666666667 0.6537037037037037 0.9458333333333333 0.700925925925926 0.9510416666666667 0.7037037037037037 0.9578125 0.6703703703703704 0.9567708333333333 0.6564814814814814
4 0.99375 0.637962962962963 0.9927083333333333 0.6222222222222222 0.9901041666666667 0.6157407407407407 0.9859375 0.612037037037037 0.9833333333333333 0.6166666666666667 0.98125 0.6527777777777778 0.9822916666666667 0.6666666666666666 0.9916666666666667 0.6601851851851852 0.99375 0.637962962962963
3 0.16197916666666667 0.6111111111111112 0.15833333333333333 0.5925925925925926 0.15833333333333333 0.5675925925925925 0.15416666666666667 0.5648148148148148 0.15052083333333333 0.575925925925926 0.15052083333333333 0.6064814814814815 0.1484375 0.6231481481481481 0.15885416666666666 0.625 0.16197916666666667 0.6111111111111112
3 0.6651041666666667 0.6074074074074074 0.6619791666666667 0.6018518518518519 0.6541666666666667 0.6111111111111112 0.6520833333333333 0.6407407407407407 0.6453125 0.6546296296296297 0.6463541666666667 0.6620370370370371 0.659375 0.6611111111111111 0.665625 0.6277777777777778 0.6651041666666667 0.6074074074074074
4 0.5348958333333333 0.5935185185185186 0.5338541666666666 0.5574074074074075 0.5296875 0.5472222222222223 0.5265625 0.5518518518518518 0.5270833333333333 0.5787037037037037 0.5244791666666667 0.5953703703703703 0.53125 0.5962962962962963 0.5348958333333333 0.5935185185185186
4 0.165625 0.6472222222222223 0.16979166666666667 0.6351851851851852 0.17083333333333334 0.6203703703703703 0.17708333333333334 0.6157407407407407 0.17447916666666666 0.6074074074074074 0.1734375 0.5907407407407408 0.16927083333333334 0.5907407407407408 0.16302083333333334 0.6037037037037037 0.1578125 0.6222222222222222 0.15833333333333333 0.6388888888888888 0.16197916666666667 0.6481481481481481 0.165625 0.6472222222222223
5 0.9927083333333333 0.6657407407407407 0.9901041666666667 0.6425925925925926 0.9828125 0.6444444444444445 0.9776041666666667 0.6620370370370371 0.9765625 0.712037037037037 0.9895833333333334 0.7157407407407408 0.9890625 0.6953703703703704 0.9927083333333333 0.6657407407407407
4 0.421875 0.6796296296296296 0.425 0.6759259259259259 0.4239583333333333 0.6611111111111111 0.42916666666666664 0.6416666666666667 0.42552083333333335 0.6222222222222222 0.4234375 0.6194444444444445 0.4197916666666667 0.6212962962962963 0.4140625 0.6407407407407407 0.41354166666666664 0.65 0.415625 0.6583333333333333 0.4140625 0.6777777777777778 0.421875 0.6796296296296296
4 0.9791666666666666 0.6657407407407407 0.9744791666666667 0.6453703703703704 0.9661458333333334 0.637962962962963 0.9651041666666667 0.7092592592592593 0.975 0.7129629629629629 0.9786458333333333 0.7083333333333334 0.9791666666666666 0.6657407407407407