4 0.7109375 0.6231481481481481 0.7026041666666667 0.6462962962962963 0.7046875 0.65 0.7088541666666667 0.65 0.709375 0.6425925925925926 0.715625 0.6305555555555555 0.7223958333333333 0.6407407407407407 0.7213541666666666 0.6472222222222223 0.7229166666666667 0.65 0.728125 0.65 0.7302083333333333 0.625 0.7260416666666667 0.6092592592592593 0.728125 0.5935185185185186 0.7260416666666667 0.5777777777777777 0.7234375 0.575925925925926 0.7161458333333334 0.5898148148148148 0.715625 0.6018518518518519 0.7109375 0.6231481481481481
5 0.43333333333333335 0.6175925925925926 0.4484375 0.6212962962962963 0.44947916666666665 0.6185185185185185 0.44635416666666666 0.6083333333333333 0.44479166666666664 0.5888888888888889 0.44583333333333336 0.5564814814814815 0.4432291666666667 0.5481481481481482 0.4390625 0.5518518518518518 0.4354166666666667 0.5712962962962963 0.43645833333333334 0.5990740740740741 0.43333333333333335 0.6175925925925926
4 0.5151041666666667 0.637962962962963 0.5197916666666667 0.6509259259259259 0.5151041666666667 0.6648148148148149 0.5145833333333333 0.674074074074074 0.5213541666666667 0.6787037037037037 0.525 0.674074074074074 0.5239583333333333 0.6694444444444444 0.5291666666666667 0.6555555555555556 0.5322916666666667 0.6342592592592593 0.5265625 0.5944444444444444 0.5255208333333333 0.5916666666666667 0.51875 0.5944444444444444 0.5135416666666667 0.6037037037037037 0.5151041666666667 0.637962962962963
5 0.3645833333333333 0.637962962962963 0.3614583333333333 0.65 0.3651041666666667 0.6555555555555556 0.375 0.6583333333333333 0.3729166666666667 0.6851851851851852 0.38177083333333334 0.6907407407407408 0.3848958333333333 0.6888888888888889 0.39010416666666664 0.6462962962962963 0.3880208333333333 0.6324074074074074 0.390625 0.6231481481481481 0.38645833333333335 0.6185185185185185 0.38333333333333336 0.600925925925926 0.38125 0.5981481481481481 0.378125 0.600925925925926 0.3723958333333333 0.6324074074074074 0.3645833333333333 0.637962962962963
5 0.5744791666666667 0.5166666666666667 0.5802083333333333 0.5342592592592592 0.5796875 0.5425925925925926 0.5963541666666666 0.5462962962962963 0.5880208333333333 0.5 0.5828125 0.5009259259259259 0.5807291666666666 0.5092592592592593 0.5744791666666667 0.5166666666666667
5 0.16354166666666667 0.7046296296296296 0.15625 0.7203703703703703 0.15625 0.7287037037037037 0.171875 0.7277777777777777 0.1703125 0.7166666666666667 0.17135416666666667 0.6842592592592592 0.1734375 0.6796296296296296 0.178125 0.6814814814814815 0.178125 0.6777777777777778 0.17291666666666666 0.6675925925925926 0.171875 0.6435185185185185 0.16979166666666667 0.6388888888888888 0.16510416666666666 0.6416666666666667 0.15677083333333333 0.6694444444444444 0.15677083333333333 0.6861111111111111 0.16354166666666667 0.7046296296296296
5 0.33125 0.5879629629629629 0.3333333333333333 0.5925925925925926 0.3453125 0.5925925925925926 0.3458333333333333 0.5675925925925925 0.3390625 0.5212962962962963 0.334375 0.525 0.33229166666666665 0.5398148148148149 0.3338541666666667 0.5731481481481482 0.33125 0.5879629629629629
4 0.6473958333333333 0.5481481481481482 0.6515625 0.5518518518518518 0.6572916666666667 0.5722222222222222 0.6583333333333333 0.5916666666666667 0.6619791666666667 0.5990740740740741 0.665625 0.5907407407407408 0.665625 0.5537037037037037 0.66875 0.5444444444444444 0.6671875 0.5370370370370371 0.6598958333333333 0.5277777777777778 0.6526041666666667 0.5314814814814814 0.6505208333333333 0.5444444444444444 0.6473958333333333 0.5481481481481482
4 0.034895833333333334 0.5814814814814815 0.03697916666666667 0.5851851851851851 0.04635416666666667 0.5842592592592593 0.0453125 0.5291666666666667 0.049479166666666664 0.5212962962962963 0.057291666666666664 0.5212962962962963 0.06041666666666667 0.5175925925925926 0.05625 0.5138888888888888 0.040625 0.5138888888888888 0.03854166666666667 0.5166666666666667 0.035416666666666666 0.5370370370370371 0.036458333333333336 0.5694444444444444 0.034895833333333334 0.5814814814814815
5 0.6380208333333334 0.5768518518518518 0.6385416666666667 0.5935185185185186 0.6442708333333333 0.5953703703703703 0.6484375 0.575925925925926 0.6442708333333333 0.5564814814814815 0.6458333333333334 0.55 0.6401041666666667 0.5314814814814814 0.6354166666666666 0.5333333333333333 0.6307291666666667 0.5555555555555556 0.6380208333333334 0.5768518518518518
5 0.49375 0.20277777777777778 0.5041666666666667 0.18611111111111112 0.4979166666666667 0.1648148148148148 0.4895833333333333 0.17314814814814813 0.4864583333333333 0.18055555555555555 0.4864583333333333 0.20092592592592592 0.49375 0.20277777777777778
4 0.016145833333333335 0.6703703703703704 0.014583333333333334 0.6888888888888889 0.022916666666666665 0.6925925925925925 0.025 0.6898148148148148 0.025 0.6638888888888889 0.0296875 0.6537037037037037 0.030208333333333334 0.6472222222222223 0.021354166666666667 0.6027777777777777 0.016666666666666666 0.6055555555555555 0.0109375 0.6268518518518519 0.011458333333333333 0.6472222222222223 0.016145833333333335 0.6703703703703704
3 0.3098958333333333 0.5675925925925925 0.3098958333333333 0.5879629629629629 0.3140625 0.5962962962962963 0.3171875 0.5925925925925926 0.31927083333333334 0.5203703703703704 0.3140625 0.5175925925925926 0.30885416666666665 0.5305555555555556 0.3067708333333333 0.5444444444444444 0.3098958333333333 0.5675925925925925
4 0.5057291666666667 0.5722222222222222 0.5088541666666667 0.5842592592592593 0.5046875 0.6027777777777777 0.5135416666666667 0.6083333333333333 0.5171875 0.5990740740740741 0.5197916666666667 0.5685185185185185 0.5161458333333333 0.5407407407407407 0.5135416666666667 0.5361111111111111 0.509375 0.5361111111111111 0.5041666666666667 0.5435185185185185 0.5020833333333333 0.5675925925925925 0.5057291666666667 0.5722222222222222
4 0.5020833333333333 0.549074074074074 0.5057291666666667 0.5527777777777778 0.5135416666666667 0.5462962962962963 0.5151041666666667 0.5407407407407407 0.5057291666666667 0.5074074074074074 0.5015625 0.5064814814814815 0.49895833333333334 0.5166666666666667 0.4984375 0.5287037037037037 0.5020833333333333 0.549074074074074
1 0.7682291666666666 0.6111111111111112 0.7802083333333333 0.6064814814814815 0.7828125 0.5537037037037037 0.7723958333333333 0.5462962962962963 0.7666666666666667 0.5546296296296296 0.7645833333333333 0.5638888888888889 0.7645833333333333 0.6074074074074074 0.7682291666666666 0.6111111111111112
4 0.5614583333333333 0.5592592592592592 0.5916666666666667 0.5574074074074075 0.5984375 0.549074074074074 0.5838541666666667 0.5416666666666666 0.5770833333333333 0.5435185185185185 0.5677083333333334 0.5398148148148149 0.5635416666666667 0.5425925925925926 0.5598958333333334 0.5555555555555556 0.5614583333333333 0.5592592592592592
4 0.6953125 0.612037037037037 0.7046875 0.612037037037037 0.7067708333333333 0.6046296296296296 0.7041666666666667 0.5916666666666667 0.7041666666666667 0.5796296296296296 0.7067708333333333 0.5703703703703704 0.7046875 0.5472222222222223 0.7005208333333334 0.5462962962962963 0.6932291666666667 0.5574074074074075 0.6895833333333333 0.575925925925926 0.6880208333333333 0.6074074074074074 0.6953125 0.612037037037037