4 0.029166666666666667 0.8935185185185185 0.03697916666666667 0.8925925925925926 0.0421875 0.8796296296296297 0.04635416666666667 0.8638888888888889 0.04583333333333333 0.8527777777777777 0.0484375 0.8425925925925926 0.059895833333333336 0.8453703703703703 0.053125 0.8342592592592593 0.04739583333333333 0.8101851851851852 0.04375 0.8101851851851852 0.0328125 0.8324074074074074 0.03229166666666667 0.8648148148148148 0.025 0.8851851851851852 0.025 0.8888888888888888 0.029166666666666667 0.8935185185185185
4 0.3489583333333333 0.8064814814814815 0.3453125 0.7925925925925926 0.3453125 0.7638888888888888 0.3375 0.7509259259259259 0.3333333333333333 0.7509259259259259 0.33229166666666665 0.7546296296296297 0.3296875 0.7805555555555556 0.3380208333333333 0.8175925925925925 0.34270833333333334 0.8185185185185185 0.3489583333333333 0.8064814814814815
4 0.15104166666666666 0.7472222222222222 0.15260416666666668 0.7203703703703703 0.15 0.700925925925926 0.14583333333333334 0.6907407407407408 0.1421875 0.687962962962963 0.13697916666666668 0.700925925925926 0.13489583333333333 0.7472222222222222 0.1421875 0.7527777777777778 0.1484375 0.7527777777777778 0.15104166666666666 0.7472222222222222
4 0.6421875 0.675 0.6390625 0.6620370370370371 0.6354166666666666 0.6620370370370371 0.6338541666666667 0.6685185185185185 0.6322916666666667 0.712037037037037 0.6385416666666667 0.7175925925925926 0.6442708333333333 0.7101851851851851 0.6421875 0.675
3 0.9947916666666666 0.9898148148148148 0.9994791666666667 0.9814814814814815 0.9994791666666667 0.937962962962963 0.9979166666666667 0.937962962962963 0.99375 0.9222222222222223 0.9895833333333334 0.9203703703703704 0.9859375 0.9361111111111111 0.9817708333333334 0.9435185185185185 0.9838541666666667 0.9740740740740741 0.9807291666666667 0.9990740740740741 0.9958333333333333 0.9990740740740741 0.9947916666666666 0.9898148148148148
5 0.24322916666666666 0.8805555555555555 0.25104166666666666 0.8796296296296297 0.25625 0.8842592592592593 0.2625 0.8768518518518519 0.2552083333333333 0.8527777777777777 0.25729166666666664 0.8194444444444444 0.2552083333333333 0.8092592592592592 0.24791666666666667 0.8092592592592592 0.246875 0.812962962962963 0.24583333333333332 0.825 0.24322916666666666 0.8296296296296296 0.24479166666666666 0.8342592592592593 0.24322916666666666 0.8805555555555555
5 0.6578125 0.9351851851851852 0.6640625 0.9361111111111111 0.6671875 0.9324074074074075 0.6651041666666667 0.9138888888888889 0.6666666666666666 0.8648148148148148 0.6619791666666667 0.8481481481481481 0.6578125 0.8462962962962963 0.6552083333333333 0.8518518518518519 0.6541666666666667 0.9074074074074074 0.6572916666666667 0.9194444444444444 0.65625 0.9314814814814815 0.6578125 0.9351851851851852
4 0.8135416666666667 0.8064814814814815 0.8203125 0.8092592592592592 0.8244791666666667 0.7981481481481482 0.8296875 0.8 0.8328125 0.8111111111111111 0.8359375 0.8101851851851852 0.8375 0.8018518518518518 0.83125 0.7791666666666667 0.8322916666666667 0.7555555555555555 0.8286458333333333 0.7388888888888889 0.8234375 0.7361111111111112 0.821875 0.7490740740740741 0.8177083333333334 0.7546296296296297 0.8208333333333333 0.7657407407407407 0.8203125 0.775 0.8182291666666667 0.7935185185185185 0.8135416666666667 0.8064814814814815
4 0.55625 0.6657407407407407 0.5578125 0.6305555555555555 0.5567708333333333 0.625 0.5526041666666667 0.6222222222222222 0.5484375 0.6222222222222222 0.5489583333333333 0.6537037037037037 0.5520833333333334 0.6694444444444444 0.55625 0.6657407407407407
5 0.6723958333333333 0.7509259259259259 0.6708333333333333 0.7166666666666667 0.665625 0.7018518518518518 0.6614583333333334 0.7027777777777777 0.6635416666666667 0.7638888888888888 0.6734375 0.7666666666666667 0.6760416666666667 0.7574074074074074 0.6723958333333333 0.7509259259259259
5 0.7625 0.7342592592592593 0.7671875 0.7518518518518519 0.7708333333333334 0.7527777777777778 0.7729166666666667 0.7481481481481481 0.7713541666666667 0.7351851851851852 0.7734375 0.7083333333333334 0.7708333333333334 0.6962962962962963 0.7671875 0.6935185185185185 0.7630208333333334 0.7037037037037037 0.7572916666666667 0.7092592592592593 0.7640625 0.712037037037037 0.7625 0.7342592592592593
3 0.64375 0.7870370370370371 0.6411458333333333 0.7759259259259259 0.64375 0.7361111111111112 0.6401041666666667 0.7222222222222222 0.6375 0.7212962962962963 0.634375 0.7268518518518519 0.6317708333333333 0.7722222222222223 0.6354166666666666 0.7935185185185185 0.6390625 0.7953703703703704 0.64375 0.7870370370370371
5 0.4744791666666667 0.8074074074074075 0.4786458333333333 0.8018518518518518 0.47708333333333336 0.7944444444444444 0.47708333333333336 0.7555555555555555 0.4739583333333333 0.7416666666666667 0.4703125 0.7398148148148148 0.46875 0.7462962962962963 0.4666666666666667 0.7907407407407407 0.46875 0.7944444444444444 0.46822916666666664 0.8064814814814815 0.4744791666666667 0.8074074074074075
5 0.7770833333333333 0.8 0.7869791666666667 0.8046296296296296 0.7890625 0.8027777777777778 0.7895833333333333 0.7953703703703704 0.784375 0.7916666666666666 0.7822916666666667 0.7842592592592592 0.7833333333333333 0.7685185185185185 0.7859375 0.762962962962963 0.7828125 0.7444444444444445 0.7786458333333334 0.7416666666666667 0.7755208333333333 0.7527777777777778 0.7708333333333334 0.7509259259259259 0.7739583333333333 0.7694444444444445 0.7703125 0.8064814814814815 0.775 0.8083333333333333 0.7770833333333333 0.8
5 0.43645833333333334 0.7092592592592593 0.44114583333333335 0.7064814814814815 0.4432291666666667 0.7 0.43802083333333336 0.687962962962963 0.43854166666666666 0.6537037037037037 0.4354166666666667 0.65 0.4328125 0.6537037037037037 0.43072916666666666 0.6888888888888889 0.4328125 0.700925925925926 0.43125 0.7046296296296296 0.43645833333333334 0.7092592592592593
4 0.759375 0.675 0.759375 0.6694444444444444 0.7536458333333333 0.6564814814814814 0.7536458333333333 0.637962962962963 0.7479166666666667 0.6314814814814815 0.7458333333333333 0.637962962962963 0.746875 0.6518518518518519 0.7421875 0.6712962962962963 0.74375 0.6805555555555556 0.759375 0.675
4 0.8114583333333333 0.9703703703703703 0.8104166666666667 0.9805555555555555 0.8182291666666667 0.9851851851851852 0.8213541666666667 0.9824074074074074 0.8203125 0.9027777777777778 0.815625 0.8842592592592593 0.8098958333333334 0.8805555555555555 0.8078125 0.8870370370370371 0.8098958333333334 0.9185185185185185 0.80625 0.9388888888888889 0.80625 0.9518518518518518 0.8114583333333333 0.9703703703703703
0 0.059375 0.8731481481481481 0.0578125 0.8759259259259259 0.058333333333333334 0.8861111111111111 0.06614583333333333 0.8842592592592593 0.06458333333333334 0.875 0.059375 0.8731481481481481
4 0.6057291666666667 0.9018518518518519 0.6088541666666667 0.8981481481481481 0.6072916666666667 0.8314814814814815 0.6026041666666667 0.812962962962963 0.5989583333333334 0.8111111111111111 0.5963541666666666 0.8157407407407408 0.596875 0.8444444444444444 0.5947916666666667 0.8722222222222222 0.5880208333333333 0.8972222222222223 0.6057291666666667 0.9018518518518519
5 0.7994791666666666 0.8842592592592593 0.8020833333333334 0.887962962962963 0.8104166666666667 0.8851851851851852 0.8052083333333333 0.825925925925926 0.7994791666666666 0.812037037037037 0.7947916666666667 0.8138888888888889 0.7942708333333334 0.8175925925925925 0.7953125 0.8305555555555556 0.7932291666666667 0.8490740740740741 0.7973958333333333 0.861574074074074 0.7994791666666666 0.8842592592592593
5 0.7536458333333333 0.7101851851851851 0.7541666666666667 0.7055555555555556 0.7489583333333333 0.6990740740740741 0.7484375 0.6842592592592592 0.7526041666666666 0.674074074074074 0.7578125 0.6694444444444444 0.7520833333333333 0.6592592592592592 0.7479166666666667 0.6583333333333333 0.7421875 0.6666666666666666 0.7401041666666667 0.6805555555555556 0.7395833333333334 0.7129629629629629 0.74375 0.7157407407407408 0.7463541666666667 0.7092592592592593 0.7536458333333333 0.7101851851851851
5 0.2557291666666667 0.8018518518518518 0.25729166666666664 0.7620370370370371 0.24947916666666667 0.7416666666666667 0.24739583333333334 0.7407407407407407 0.24479166666666666 0.7481481481481481 0.24270833333333333 0.787962962962963 0.24375 0.8018518518518518 0.24791666666666667 0.8092592592592592 0.2557291666666667 0.8018518518518518
4 0.4119791666666667 0.7287037037037037 0.4088541666666667 0.7194444444444444 0.41041666666666665 0.6962962962962963 0.40625 0.6796296296296296 0.4036458333333333 0.6787037037037037 0.4015625 0.6851851851851852 0.4010416666666667 0.7166666666666667 0.403125 0.7351851851851852 0.40572916666666664 0.7361111111111112 0.4119791666666667 0.7287037037037037