4 0.21614583333333334 0.6703703703703704 0.21666666666666667 0.6342592592592593 0.21354166666666666 0.6222222222222222 0.20416666666666666 0.6111111111111112 0.20052083333333334 0.625 0.19895833333333332 0.6425925925925926 0.20260416666666667 0.6481481481481481 0.20260416666666667 0.6694444444444444 0.21614583333333334 0.6703703703703704
5 0.2421875 0.6324074074074074 0.24791666666666667 0.6305555555555555 0.246875 0.5981481481481481 0.24010416666666667 0.5833333333333334 0.23541666666666666 0.5851851851851851 0.23489583333333333 0.6064814814814815 0.2390625 0.6185185185185185 0.23854166666666668 0.6287037037037037 0.2421875 0.6324074074074074
5 0.27395833333333336 0.612037037037037 0.2671875 0.5981481481481481 0.2630208333333333 0.6138888888888889 0.26614583333333336 0.6555555555555556 0.271875 0.6583333333333333 0.27395833333333336 0.6537037037037037 0.27395833333333336 0.612037037037037
4 0.6848958333333334 0.5990740740740741 0.68125 0.5990740740740741 0.6817708333333333 0.6148148148148148 0.6791666666666667 0.6333333333333333 0.678125 0.6574074074074074 0.6890625 0.6574074074074074 0.6916666666666667 0.6194444444444445 0.6848958333333334 0.5990740740740741
5 0.7130208333333333 0.6157407407407407 0.7088541666666667 0.6018518518518519 0.7046875 0.600925925925926 0.7020833333333333 0.6092592592592593 0.7020833333333333 0.6277777777777778 0.7072916666666667 0.6361111111111111 0.7125 0.6342592592592593 0.7130208333333333 0.6157407407407407
4 0.5864583333333333 0.6111111111111112 0.590625 0.5925925925925926 0.5880208333333333 0.575 0.5833333333333334 0.5694444444444444 0.5765625 0.587037037037037 0.5791666666666667 0.6222222222222222 0.5838541666666667 0.6259259259259259 0.5864583333333333 0.6222222222222222 0.5864583333333333 0.6111111111111112
5 0.421875 0.6694444444444444 0.42135416666666664 0.649074074074074 0.4239583333333333 0.6277777777777778 0.41822916666666665 0.6111111111111112 0.415625 0.6101851851851852 0.4125 0.6212962962962963 0.41354166666666664 0.6657407407407407 0.415625 0.674074074074074 0.4197916666666667 0.674074074074074 0.421875 0.6694444444444444
4 0.7057291666666666 0.6805555555555556 0.7125 0.6842592592592592 0.7109375 0.6222222222222222 0.7046875 0.6212962962962963 0.6994791666666667 0.6425925925925926 0.7005208333333334 0.6620370370370371 0.6973958333333333 0.6814814814814815 0.7015625 0.6842592592592592 0.7057291666666666 0.6805555555555556
4 0.7854166666666667 0.7703703703703704 0.790625 0.774074074074074 0.7942708333333334 0.7694444444444445 0.7963541666666667 0.7435185185185185 0.7994791666666666 0.7361111111111112 0.7984375 0.7212962962962963 0.790625 0.6962962962962963 0.7859375 0.6944444444444444 0.784375 0.6990740740740741 0.7848958333333333 0.7055555555555556 0.7802083333333333 0.7296296296296296 0.7864583333333334 0.75 0.7854166666666667 0.7703703703703704
4 0.4864583333333333 0.7638888888888888 0.4875 0.7592592592592593 0.48385416666666664 0.7388888888888889 0.48802083333333335 0.7240740740740741 0.48802083333333335 0.7046296296296296 0.4817708333333333 0.687962962962963 0.47760416666666666 0.6898148148148148 0.475 0.700925925925926 0.47239583333333335 0.7129629629629629 0.47604166666666664 0.7490740740740741 0.4734375 0.7592592592592593 0.4864583333333333 0.7638888888888888
4 0.540625 0.6851851851851852 0.5380208333333333 0.6916666666666667 0.540625 0.6953703703703704 0.5536458333333333 0.6907407407407408 0.5510416666666667 0.6722222222222223 0.5526041666666667 0.6564814814814814 0.5510416666666667 0.6259259259259259 0.5489583333333333 0.6194444444444445 0.5447916666666667 0.6185185185185185 0.5421875 0.6268518518518519 0.5390625 0.6518518518518519 0.5369791666666667 0.6527777777777778 0.5421875 0.6620370370370371 0.540625 0.6851851851851852
5 0.22760416666666666 0.8064814814814815 0.23072916666666668 0.8027777777777778 0.23697916666666666 0.8064814814814815 0.2390625 0.8027777777777778 0.2375 0.7805555555555556 0.23854166666666668 0.7472222222222222 0.23177083333333334 0.725 0.228125 0.725 0.22239583333333332 0.7472222222222222 0.2203125 0.7638888888888888 0.22395833333333334 0.7777777777777778 0.22552083333333334 0.8018518518518518 0.22760416666666666 0.8064814814814815
5 0.5447916666666667 0.6046296296296296 0.5416666666666666 0.5824074074074074 0.5369791666666667 0.5740740740740741 0.5328125 0.587037037037037 0.5291666666666667 0.6222222222222222 0.5322916666666667 0.625 0.5411458333333333 0.6222222222222222 0.5447916666666667 0.6046296296296296
4 0.38385416666666666 0.6222222222222222 0.3848958333333333 0.5861111111111111 0.3807291666666667 0.5731481481481482 0.37552083333333336 0.575925925925926 0.3734375 0.5833333333333334 0.37552083333333336 0.6194444444444445 0.38125 0.6259259259259259 0.38385416666666666 0.6222222222222222
5 0.8197916666666667 0.8212962962962963 0.8286458333333333 0.8222222222222222 0.83125 0.8185185185185185 0.8296875 0.8049379629629629 0.8338541666666667 0.7703703703703704 0.8375 0.7666666666666667 0.8291666666666667 0.7398148148148148 0.8265625 0.7379629629629629 0.8161458333333333 0.7611111111111111 0.815625 0.7666666666666667 0.8197916666666667 0.7731481481481481 0.8229166666666666 0.7972222222222223 0.8197916666666667 0.8212962962962963
0 0.24479166666666666 0.6212962962962963 0.24010416666666667 0.6222222222222222 0.23854166666666668 0.625 0.24010416666666667 0.6324074074074074 0.24739583333333334 0.6305555555555555 0.24479166666666666 0.6212962962962963
4 0.3 0.6435185185185185 0.3072916666666667 0.6435185185185185 0.309375 0.637962962962963 0.30572916666666666 0.6305555555555555 0.3020833333333333 0.6046296296296296 0.2984375 0.5925925925925926 0.2947916666666667 0.5925925925925926 0.29270833333333335 0.6092592592592593 0.2869791666666667 0.6148148148148148 0.290625 0.6175925925925926 0.3 0.6435185185185185
3 0.5364583333333334 0.6574074074074074 0.5458333333333333 0.6537037037037037 0.5494791666666666 0.6574074074074074 0.5520833333333334 0.65 0.5510416666666667 0.6185185185185185 0.5489583333333333 0.6074074074074074 0.54375 0.6 0.5369791666666667 0.5777777777777777 0.534375 0.5833333333333334 0.5322916666666667 0.6037037037037037 0.5317708333333333 0.6240740740740741 0.5359375 0.6398148148148148 0.5348958333333333 0.65 0.5364583333333334 0.6574074074074074
4 0.5526041666666667 0.6546296296296297 0.5520833333333334 0.6222222222222222 0.5494791666666666 0.6083333333333333 0.5458333333333333 0.600925925925926 0.5427083333333333 0.6 0.5421875 0.6518518518518519 0.54375 0.6583333333333333 0.5489583333333333 0.6601851851851852 0.5526041666666667 0.6546296296296297
3 0.32447916666666665 0.5787037037037037 0.3302083333333333 0.5805555555555556 0.33489583333333334 0.5638888888888889 0.33645833333333336 0.5444444444444444 0.3296875 0.5333333333333333 0.32135416666666666 0.5361111111111111 0.31927083333333334 0.5472222222222223 0.31979166666666664 0.5611111111111111 0.32395833333333335 0.5712962962962963 0.32447916666666665 0.5787037037037037
4 0.5708333333333333 0.700925925925926 0.5692708333333333 0.6916666666666667 0.5713541666666667 0.6675925925925926 0.5651041666666666 0.6444444444444445 0.5619791666666667 0.6453703703703704 0.5604166666666667 0.6518518518518519 0.5598958333333334 0.6796296296296296 0.5619791666666667 0.7055555555555556 0.5645833333333333 0.7092592592592593 0.5708333333333333 0.700925925925926