4 0.8541666666666666 0.7481481481481481 0.8583333333333333 0.7398148148148148 0.8630208333333333 0.7083333333333334 0.8546875 0.6907407407407408 0.8494791666666667 0.6962962962962963 0.8479166666666667 0.7083333333333334 0.85 0.7435185185185185 0.8541666666666666 0.7481481481481481
4 0.39114583333333336 0.6824074074074075 0.39739583333333334 0.6898148148148148 0.40677083333333336 0.674074074074074 0.4083333333333333 0.6462962962962963 0.40260416666666665 0.6370370370370371 0.38958333333333334 0.65 0.3885416666666667 0.6657407407407407 0.39114583333333336 0.6824074074074075
4 0.7197916666666667 0.6851851851851852 0.7239583333333334 0.687037037037037 0.7276041666666667 0.6527777777777778 0.7208333333333333 0.6398148148148148 0.7161458333333334 0.6462962962962963 0.7151041666666667 0.6675925925925926 0.7197916666666667 0.6851851851851852
4 0.18854166666666666 0.6657407407407407 0.19322916666666667 0.6685185185185185 0.19479166666666667 0.6657407407407407 0.19635416666666666 0.6305555555555555 0.19375 0.6231481481481481 0.18958333333333333 0.6231481481481481 0.1859375 0.6342592592592593 0.18541666666666667 0.6444444444444445 0.18854166666666666 0.6657407407407407
5 0.5802083333333333 0.7083333333333334 0.58125 0.7055555555555556 0.58125 0.6694444444444444 0.5760416666666667 0.6564814814814814 0.5713541666666667 0.6685185185185185 0.571875 0.6925925925925925 0.5671875 0.7 0.5682291666666667 0.7092592592592593 0.5802083333333333 0.7083333333333334
4 0.5901041666666667 0.7592592592592593 0.596875 0.7620370370370371 0.5989583333333334 0.7601851851851852 0.5994791666666667 0.7425925925925926 0.6026041666666667 0.7314814814814815 0.6010416666666667 0.7194444444444444 0.5932291666666667 0.7055555555555556 0.5880208333333333 0.7157407407407408 0.5875 0.7333333333333333 0.5901041666666667 0.7592592592592593
3 0.3619791666666667 0.7277777777777777 0.3619791666666667 0.7472222222222222 0.3640625 0.7509259259259259 0.36875 0.7509259259259259 0.37135416666666665 0.7388888888888889 0.37395833333333334 0.700925925925926 0.3692708333333333 0.6898148148148148 0.3651041666666667 0.6898148148148148 0.36041666666666666 0.700925925925926 0.359375 0.7092592592592593 0.3619791666666667 0.7277777777777777
4 0.328125 0.6388888888888888 0.3385416666666667 0.6407407407407407 0.340625 0.637962962962963 0.3380208333333333 0.6064814814814815 0.3338541666666667 0.600925925925926 0.33125 0.6074074074074074 0.328125 0.625 0.328125 0.6388888888888888
5 0.30572916666666666 0.7092592592592593 0.3104166666666667 0.712037037037037 0.31302083333333336 0.7083333333333334 0.3104166666666667 0.6648148148148149 0.30572916666666666 0.6583333333333333 0.30052083333333335 0.6694444444444444 0.30104166666666665 0.6861111111111111 0.30572916666666666 0.7092592592592593
5 0.34791666666666665 0.8675925925925926 0.35260416666666666 0.8851851851851852 0.35833333333333334 0.8842592592592593 0.359375 0.8601851851851852 0.3572916666666667 0.8537037037037037 0.3609375 0.8490740740740741 0.3609375 0.825 0.35885416666666664 0.8194444444444444 0.35572916666666665 0.8194444444444444 0.34479166666666666 0.8333333333333334 0.34375 0.8490740740740741 0.33645833333333336 0.8694444444444445 0.3375 0.8805555555555555 0.34791666666666665 0.8675925925925926
5 0.68125 0.8185185185185185 0.6854166666666667 0.8203703703703704 0.6885416666666667 0.8064814814814815 0.69375 0.8101851851851852 0.696875 0.8185185185185185 0.7005208333333334 0.8185185185185185 0.6942708333333333 0.7981481481481482 0.7 0.7944444444444444 0.6932291666666667 0.7824074074074074 0.6942708333333333 0.7675925925925926 0.6927083333333334 0.762962962962963 0.6854166666666667 0.7518518518518519 0.68125 0.7518518518518519 0.6744791666666666 0.7703703703703704 0.6739583333333333 0.7787037037037037 0.68125 0.8185185185185185
5 0.16979166666666667 0.6722222222222223 0.1734375 0.6574074074074074 0.17864583333333334 0.65 0.1734375 0.6305555555555555 0.16979166666666667 0.6296296296296297 0.16666666666666666 0.6425925925925926 0.16614583333333333 0.6601851851851852 0.16979166666666667 0.6722222222222223
4 0.6854166666666667 0.7981481481481482 0.6890625 0.8009259259259259 0.6953125 0.7972222222222223 0.7010416666666667 0.799074074074074 0.7005208333333334 0.7907407407407407 0.6963541666666667 0.7870370370370371 0.6947916666666667 0.7685185185185185 0.6911458333333333 0.7592592592592593 0.6838541666666667 0.7518518518518519 0.68125 0.7546296296296297 0.6786458333333333 0.7666666666666667 0.678125 0.7712962962962963 0.6854166666666667 0.7981481481481482
4 0.15 0.8092592592592592 0.16197916666666667 0.8009259259259259 0.1640625 0.7962962962962963 0.16666666666666666 0.7574074074074074 0.16197916666666667 0.7398148148148148 0.15416666666666667 0.7527777777777778 0.15104166666666666 0.7657407407407407 0.15208333333333332 0.7824074074074074 0.15 0.8092592592592592
5 0.4869791666666667 0.7907407407407407 0.4901041666666667 0.7935185185185185 0.4942708333333333 0.7787037037037037 0.49947916666666664 0.7851851851851852 0.5015625 0.7925925925925926 0.503125 0.7916666666666666 0.5036458333333333 0.7870370370370371 0.49375 0.7490740740740741 0.48854166666666665 0.7416666666666667 0.48385416666666664 0.7444444444444445 0.4822916666666667 0.7518518518518519 0.4869791666666667 0.7907407407407407
4 0.4109375 0.9009259259259259 0.40572916666666664 0.9092592592592592 0.40729166666666666 0.9203703703703704 0.415625 0.9064814814814814 0.42239583333333336 0.9074074074074074 0.42135416666666664 0.9157407407407407 0.42291666666666666 0.9175925925925926 0.43020833333333336 0.9157407407407407 0.42864583333333334 0.9092592592592592 0.43125 0.887962962962963 0.4270833333333333 0.8740740740740741 0.4322916666666667 0.8611111111111112 0.428125 0.8574074074074074 0.4265625 0.8407407407407408 0.4244791666666667 0.8388888888888889 0.42083333333333334 0.8416666666666667 0.4166666666666667 0.8564814814814815 0.41458333333333336 0.8851851851851852 0.4109375 0.9009259259259259
5 0.39166666666666666 0.6611111111111111 0.39791666666666664 0.674074074074074 0.3953125 0.6814814814814815 0.4078125 0.6768518518518518 0.4088541666666667 0.65 0.40572916666666664 0.6388888888888888 0.4010416666666667 0.6370370370370371 0.39895833333333336 0.6435185185185185 0.39479166666666665 0.6462962962962963 0.39166666666666666 0.6527777777777778 0.39166666666666666 0.6611111111111111
4 0.175 0.6953703703703704 0.17760416666666667 0.7 0.18177083333333333 0.6953703703703704 0.1828125 0.6601851851851852 0.17708333333333334 0.6453703703703704 0.17239583333333333 0.6546296296296297 0.171875 0.674074074074074 0.175 0.6953703703703704
5 0.7338541666666667 0.7703703703703704 0.7359375 0.7685185185185185 0.7348958333333333 0.7425925925925926 0.7364583333333333 0.725925925925926 0.7286458333333333 0.7083333333333334 0.7255208333333333 0.7092592592592593 0.7234375 0.7175925925925926 0.7260416666666667 0.7666666666666667 0.7338541666666667 0.7703703703703704
5 0.15572916666666667 0.7166666666666667 0.15572916666666667 0.6962962962962963 0.15729166666666666 0.6925925925925925 0.15260416666666668 0.6694444444444444 0.14739583333333334 0.6703703703703704 0.14114583333333333 0.7046296296296296 0.1421875 0.7175925925925926 0.15572916666666667 0.7166666666666667
0 0.634375 0.8648148148148148 0.6380208333333334 0.8601851851851852 0.6375 0.8537037037037037 0.6307291666666667 0.8481481481481481 0.628125 0.8564814814814815 0.634375 0.8648148148148148
3 0.20833333333333334 0.6231481481481481 0.21145833333333333 0.5990740740740741 0.20833333333333334 0.5879629629629629 0.20364583333333333 0.587037037037037 0.20052083333333334 0.5925925925925926 0.20104166666666667 0.6231481481481481 0.20833333333333334 0.6231481481481481