4 0.1671875 0.5916666666666667 0.16770833333333332 0.5574074074074075 0.16354166666666667 0.5453703703703704 0.1609375 0.5453703703703704 0.15729166666666666 0.5527777777777778 0.15677083333333333 0.575925925925926 0.15885416666666666 0.5953703703703703 0.1625 0.5990740740740741 0.1671875 0.5916666666666667
4 0.49166666666666664 0.6212962962962963 0.4895833333333333 0.6 0.4864583333333333 0.5916666666666667 0.48333333333333334 0.5962962962962963 0.4817708333333333 0.6092592592592593 0.4817708333333333 0.6481481481481481 0.4901041666666667 0.6509259259259259 0.4921875 0.6472222222222223 0.49166666666666664 0.6212962962962963
5 0.6036458333333333 0.6370370370370371 0.6052083333333333 0.6342592592592593 0.6005208333333333 0.5990740740740741 0.6015625 0.5833333333333334 0.6 0.5796296296296296 0.5947916666666667 0.5888888888888889 0.5916666666666667 0.6037037037037037 0.5911458333333334 0.6194444444444445 0.5875 0.6342592592592593 0.5911458333333334 0.637962962962963 0.6036458333333333 0.6370370370370371
4 0.2677083333333333 0.6962962962962963 0.2640625 0.6657407407407407 0.2671875 0.6537037037037037 0.25885416666666666 0.6462962962962963 0.2546875 0.6555555555555556 0.2515625 0.7083333333333334 0.2552083333333333 0.7129629629629629 0.2671875 0.7111111111111111 0.2677083333333333 0.6962962962962963
5 0.365625 0.5518518518518518 0.3609375 0.549074074074074 0.35833333333333334 0.5574074074074075 0.3567708333333333 0.5916666666666667 0.365625 0.5944444444444444 0.36770833333333336 0.5916666666666667 0.365625 0.5518518518518518
5 0.5338541666666666 0.6638888888888889 0.5364583333333334 0.6546296296296297 0.5333333333333333 0.6287037037037037 0.5286458333333334 0.6259259259259259 0.5239583333333333 0.6416666666666667 0.525 0.6888888888888889 0.5302083333333333 0.6907407407407408 0.5328125 0.6851851851851852 0.5338541666666666 0.6638888888888889
5 0.19322916666666667 0.7157407407407408 0.1984375 0.7166666666666667 0.2015625 0.6925925925925925 0.20260416666666667 0.6537037037037037 0.20104166666666667 0.649074074074074 0.196875 0.65 0.19270833333333334 0.6601851851851852 0.19114583333333332 0.6657407407407407 0.19322916666666667 0.6898148148148148 0.19166666666666668 0.712037037037037 0.19322916666666667 0.7157407407407408
4 0.36770833333333336 0.5481481481481482 0.36875 0.5259259259259259 0.36770833333333336 0.5222222222222223 0.3614583333333333 0.5194444444444445 0.35833333333333334 0.5277777777777778 0.35833333333333334 0.5481481481481482 0.36041666666666666 0.5564814814814815 0.36302083333333335 0.5574074074074075 0.36770833333333336 0.5481481481481482
5 0.7786458333333334 0.6981481481481482 0.778125 0.6703703703703704 0.7859375 0.6638888888888889 0.7807291666666667 0.6481481481481481 0.7807291666666667 0.6388888888888888 0.7791666666666667 0.6361111111111111 0.7760416666666666 0.637962962962963 0.7666666666666667 0.6564814814814814 0.7661458333333333 0.6620370370370371 0.771875 0.6768518518518518 0.7729166666666667 0.6962962962962963 0.7786458333333334 0.6981481481481482
3 0.23697916666666666 0.6916666666666667 0.24166666666666667 0.6564814814814814 0.24010416666666667 0.6240740740740741 0.234375 0.6203703703703703 0.22916666666666666 0.6370370370370371 0.22864583333333333 0.6462962962962963 0.23177083333333334 0.6657407407407407 0.23125 0.687037037037037 0.23697916666666666 0.6916666666666667
4 0.8875 0.6851851851851852 0.8963541666666667 0.6842592592592592 0.8973958333333333 0.6342592592592593 0.8890625 0.6185185185185185 0.8838541666666667 0.6259259259259259 0.8802083333333334 0.6481481481481481 0.884375 0.6645833333333333 0.884375 0.6805555555555556 0.8875 0.6851851851851852
0 0.925 0.6453703703703704 0.9197916666666667 0.6472222222222223 0.921875 0.6555555555555556 0.9276041666666667 0.6574074074074074 0.928125 0.6527777777777778 0.925 0.6453703703703704
4 0.22239583333333332 0.5898148148148148 0.21979166666666666 0.5833333333333334 0.21614583333333334 0.5814814814814815 0.2109375 0.5925925925925926 0.21041666666666667 0.6074074074074074 0.2125 0.6111111111111112 0.2234375 0.6083333333333333 0.22239583333333332 0.5898148148148148
5 0.22447916666666667 0.6453703703703704 0.22552083333333334 0.6388888888888888 0.22447916666666667 0.6037037037037037 0.21822916666666667 0.5861111111111111 0.21197916666666666 0.5916666666666667 0.20989583333333334 0.6101851851851852 0.21666666666666667 0.649074074074074 0.22083333333333333 0.65 0.22447916666666667 0.6453703703703704
0 0.9598958333333333 0.6083333333333333 0.9546875 0.5935185185185186 0.9510416666666667 0.5944444444444444 0.9489583333333333 0.6064814814814815 0.9484375 0.6537037037037037 0.95625 0.6555555555555556 0.9604166666666667 0.6314814814814815 0.9598958333333333 0.6083333333333333
4 0.696875 0.8148148148148148 0.7010416666666667 0.8101851851851852 0.7020833333333333 0.8018518518518518 0.703125 0.7472222222222222 0.6984375 0.7296296296296296 0.6927083333333334 0.7305555555555555 0.6890625 0.7861111111111111 0.69375 0.8 0.6921875 0.8138888888888889 0.696875 0.8148148148148148
4 0.7833333333333333 0.5527777777777778 0.775 0.549074074074074 0.7734375 0.5555555555555556 0.7739583333333333 0.5944444444444444 0.7833333333333333 0.5990740740740741 0.7854166666666667 0.5935185185185186 0.7833333333333333 0.5527777777777778
4 0.028645833333333332 0.9231481481481482 0.030208333333333334 0.9185185185185185 0.0234375 0.8833333333333333 0.020833333333333332 0.8453703703703703 0.013541666666666667 0.8203703703703704 0.009375 0.8240740740740741 0.003125 0.8425925925925926 0.005208333333333333 0.9009259259259259 0.018229166666666668 0.9092592592592592 0.021354166666666667 0.924074074074074 0.028645833333333332 0.9231481481481482