5 0.3927083333333333 0.7694444444444445 0.38958333333333334 0.7537037037037037 0.39010416666666664 0.7268518518518519 0.384375 0.7148148148148148 0.37916666666666665 0.7296296296296296 0.3796875 0.7481481481481481 0.38385416666666666 0.7722222222222223 0.3885416666666667 0.7759259259259259 0.3927083333333333 0.7694444444444445
5 0.6666666666666666 0.6583333333333333 0.6640625 0.6592592592592592 0.6604166666666667 0.6694444444444444 0.6619791666666667 0.700925925925926 0.6666666666666666 0.7074074074074074 0.6708333333333333 0.6694444444444444 0.6666666666666666 0.6583333333333333
4 0.7885416666666667 0.6842592592592592 0.7854166666666667 0.675 0.7864583333333334 0.6555555555555556 0.7817708333333333 0.6462962962962963 0.7786458333333334 0.6444444444444445 0.7770833333333333 0.6472222222222223 0.7770833333333333 0.6777777777777778 0.7791666666666667 0.6842592592592592 0.7869791666666667 0.6888888888888889 0.7885416666666667 0.6842592592592592
5 0.284375 0.6907407407407408 0.2791666666666667 0.6935185185185185 0.27708333333333335 0.7064814814814815 0.27760416666666665 0.7407407407407407 0.2828125 0.7472222222222222 0.2864583333333333 0.7101851851851851 0.284375 0.6907407407407408
3 0.490625 0.6777777777777778 0.4859375 0.6694444444444444 0.48125 0.6694444444444444 0.48020833333333335 0.6907407407407408 0.4817708333333333 0.7037037037037037 0.4901041666666667 0.7018518518518518 0.490625 0.6777777777777778
4 0.3333333333333333 0.674074074074074 0.3296875 0.6546296296296297 0.3260416666666667 0.6537037037037037 0.32135416666666666 0.6694444444444444 0.3229166666666667 0.7027777777777777 0.3296875 0.7074074074074074 0.33177083333333335 0.7018518518518518 0.3333333333333333 0.674074074074074
4 0.8776041666666666 0.8046296296296296 0.875 0.7898148148148149 0.8802083333333334 0.7768518518518519 0.8791666666666667 0.7620370370370371 0.8723958333333334 0.7407407407407407 0.8677083333333333 0.7462962962962963 0.8640625 0.7759259259259259 0.8677083333333333 0.8101851851851852 0.8739583333333333 0.8111111111111111 0.8776041666666666 0.8046296296296296
4 0.5026041666666666 0.687037037037037 0.5057291666666667 0.6833333333333333 0.5104166666666666 0.6518518518518519 0.5052083333333334 0.6407407407407407 0.5020833333333333 0.6416666666666667 0.49947916666666664 0.649074074074074 0.5 0.6537037037037037 0.4979166666666667 0.6574074074074074 0.49895833333333334 0.6842592592592592 0.5026041666666666 0.687037037037037
4 0.2635416666666667 0.8342592592592593 0.265625 0.8296296296296296 0.2625 0.8222222222222222 0.2609375 0.8074074074074075 0.2635416666666667 0.7861111111111111 0.259375 0.7638888888888888 0.2546875 0.762962962962963 0.25052083333333336 0.7759259259259259 0.25 0.7935185185185185 0.2526041666666667 0.8111111111111111 0.25052083333333336 0.8342592592592593 0.2635416666666667 0.8342592592592593
5 0.38645833333333335 0.6361111111111111 0.3828125 0.6240740740740741 0.3807291666666667 0.6222222222222222 0.37864583333333335 0.6268518518518519 0.37916666666666665 0.6592592592592592 0.3848958333333333 0.6685185185185185 0.3875 0.6657407407407407 0.38645833333333335 0.6361111111111111
4 0.546875 0.7796296296296297 0.5447916666666667 0.7648148148148148 0.5473958333333333 0.7388888888888889 0.5427083333333333 0.725 0.5411458333333333 0.7240740740740741 0.5375 0.7314814814814815 0.5328125 0.7472222222222222 0.5390625 0.7814814814814814 0.5432291666666667 0.7833333333333333 0.546875 0.7796296296296297
4 0.3848958333333333 0.8675925925925926 0.38697916666666665 0.8574074074074074 0.39010416666666664 0.8092592592592592 0.3854166666666667 0.7944444444444444 0.3807291666666667 0.7916666666666666 0.37447916666666664 0.8138888888888889 0.3734375 0.8361111111111111 0.37552083333333336 0.8685185185185185 0.38125 0.8722222222222222 0.3848958333333333 0.8675925925925926
5 0.2994791666666667 0.6611111111111111 0.2953125 0.6638888888888889 0.29270833333333335 0.6768518518518518 0.2921875 0.7083333333333334 0.30364583333333334 0.712037037037037 0.3015625 0.6675925925925926 0.2994791666666667 0.6611111111111111
0 0.759375 0.6787037037037037 0.7583333333333333 0.687962962962963 0.7630208333333334 0.687962962962963 0.7635416666666667 0.6814814814814815 0.759375 0.6787037037037037
4 0.7177083333333333 0.7157407407407408 0.7145833333333333 0.6861111111111111 0.7109375 0.675 0.7088541666666667 0.6731481481481482 0.7067708333333333 0.6768518518518518 0.703125 0.6972222222222222 0.7026041666666667 0.7203703703703703 0.7046875 0.7240740740740741 0.7161458333333334 0.725925925925926 0.7177083333333333 0.7157407407407408
4 0.5822916666666667 0.6083333333333333 0.5802083333333333 0.5925925925925926 0.5755208333333334 0.5925925925925926 0.5729166666666666 0.5981481481481481 0.5723958333333333 0.6222222222222222 0.5755208333333334 0.6287037037037037 0.5796875 0.6287037037037037 0.5822916666666667 0.6083333333333333
3 0.4192708333333333 0.5851851851851851 0.41510416666666666 0.5842592592592593 0.4125 0.6 0.4119791666666667 0.6166666666666667 0.4197916666666667 0.6175925925925926 0.421875 0.5935185185185186 0.4192708333333333 0.5851851851851851
0 0.5760416666666667 0.6194444444444445 0.5755208333333334 0.6296296296296297 0.5796875 0.6314814814814815 0.5802083333333333 0.6185185185185185 0.5760416666666667 0.6194444444444445
5 0.5708333333333333 0.6537037037037037 0.5661458333333333 0.6240740740740741 0.5630208333333333 0.6222222222222222 0.5598958333333334 0.6259259259259259 0.5598958333333334 0.6370370370370371 0.5635416666666667 0.6537037037037037 0.56875 0.6564814814814814 0.5708333333333333 0.6537037037037037
4 0.3848958333333333 0.6648148148148149 0.384375 0.6370370370370371 0.3807291666666667 0.625 0.3729166666666667 0.6296296296296297 0.3692708333333333 0.6444444444444445 0.36770833333333336 0.6666666666666666 0.3776041666666667 0.6555555555555556 0.3807291666666667 0.6638888888888889 0.3848958333333333 0.6648148148148149
5 0.3494791666666667 0.649074074074074 0.34375 0.6583333333333333 0.34322916666666664 0.6657407407407407 0.3421875 0.6925925925925925 0.35 0.6972222222222222 0.3536458333333333 0.675 0.3494791666666667 0.649074074074074
5 0.49166666666666664 0.7166666666666667 0.4895833333333333 0.6824074074074075 0.4869791666666667 0.675 0.4822916666666667 0.674074074074074 0.4791666666666667 0.6981481481481482 0.4796875 0.7240740740740741 0.48385416666666664 0.7398148148148148 0.4864583333333333 0.7416666666666667 0.49166666666666664 0.7166666666666667
5 0.5041666666666667 0.6842592592592592 0.5046875 0.649074074074074 0.5015625 0.6388888888888888 0.4973958333333333 0.6407407407407407 0.4953125 0.65 0.4973958333333333 0.6824074074074075 0.5015625 0.687962962962963 0.5041666666666667 0.6842592592592592