4 0.7984375 0.6453703703703704 0.7947916666666667 0.6305555555555555 0.7953125 0.612037037037037 0.7916666666666666 0.6037037037037037 0.7875 0.6055555555555555 0.7869791666666667 0.6175925925925926 0.7864583333333334 0.6462962962962963 0.7984375 0.6453703703703704
4 0.5026041666666666 0.6092592592592593 0.5041666666666667 0.6027777777777777 0.5015625 0.5833333333333334 0.4979166666666667 0.575 0.4947916666666667 0.5777777777777777 0.49270833333333336 0.5953703703703703 0.49322916666666666 0.6157407407407407 0.5026041666666666 0.6092592592592593
5 0.2078125 0.6351851851851852 0.2125 0.6351851851851852 0.2140625 0.6259259259259259 0.21145833333333333 0.5916666666666667 0.2078125 0.5898148148148148 0.203125 0.5944444444444444 0.2046875 0.6305555555555555 0.2078125 0.6351851851851852
5 0.5869791666666667 0.6694444444444444 0.5864583333333333 0.6925925925925925 0.5875 0.6953703703703704 0.5984375 0.6935185185185185 0.5942708333333333 0.6777777777777778 0.5921875 0.6564814814814814 0.5869791666666667 0.6462962962962963 0.5848958333333333 0.65 0.5869791666666667 0.6694444444444444
4 0.2421875 0.6453703703703704 0.24427083333333333 0.6416666666666667 0.24583333333333332 0.6064814814814815 0.24114583333333334 0.5935185185185186 0.23541666666666666 0.6037037037037037 0.23489583333333333 0.6407407407407407 0.2421875 0.6453703703703704
4 0.6578125 0.6712962962962963 0.6567708333333333 0.6370370370370371 0.6541666666666667 0.6259259259259259 0.6489583333333333 0.6259259259259259 0.6463541666666667 0.6453703703703704 0.6447916666666667 0.6685185185185185 0.6578125 0.6712962962962963
4 0.390625 0.6694444444444444 0.4005208333333333 0.6694444444444444 0.403125 0.6648148148148149 0.39947916666666666 0.6314814814814815 0.3963541666666667 0.6240740740740741 0.3927083333333333 0.625 0.39166666666666666 0.6287037037037037 0.3890625 0.6453703703703704 0.390625 0.6694444444444444
5 0.3515625 0.6231481481481481 0.35520833333333335 0.6111111111111112 0.3536458333333333 0.5833333333333334 0.35 0.5842592592592593 0.34739583333333335 0.5916666666666667 0.346875 0.6212962962962963 0.3515625 0.6231481481481481
4 0.9046875 0.7305555555555555 0.9072916666666667 0.725 0.9125 0.7240740740740741 0.9161458333333333 0.7314814814814815 0.9182291666666667 0.7287037037037037 0.9182291666666667 0.7157407407407408 0.9140625 0.6842592592592592 0.9104166666666667 0.6731481481481482 0.9072916666666667 0.6731481481481482 0.9041666666666667 0.6907407407407408 0.9005208333333333 0.7287037037037037 0.9046875 0.7305555555555555
3 0.4432291666666667 0.6574074074074074 0.4453125 0.6240740740740741 0.4432291666666667 0.6083333333333333 0.4395833333333333 0.6064814814814815 0.4375 0.6101851851851852 0.434375 0.6333333333333333 0.434375 0.6564814814814814 0.4432291666666667 0.6574074074074074
4 0.2953125 0.6083333333333333 0.29791666666666666 0.6018518518518519 0.2953125 0.5898148148148148 0.2947916666666667 0.5694444444444444 0.290625 0.5648148148148148 0.28854166666666664 0.5712962962962963 0.2875 0.6027777777777777 0.2953125 0.6083333333333333
5 0.24114583333333334 0.6027777777777777 0.2453125 0.5953703703703703 0.24375 0.5731481481481482 0.24010416666666667 0.5722222222222222 0.23697916666666666 0.5898148148148148 0.23645833333333333 0.6027777777777777 0.24114583333333334 0.6027777777777777
5 0.6734375 0.6324074074074074 0.678125 0.6259259259259259 0.6770833333333334 0.6203703703703703 0.6791666666666667 0.6064814814814815 0.6734375 0.5805555555555556 0.6697916666666667 0.5787037037037037 0.6682291666666667 0.5833333333333334 0.6697916666666667 0.6305555555555555 0.6734375 0.6324074074074074
4 0.4666666666666667 0.6277777777777778 0.4734375 0.6314814814814815 0.47604166666666664 0.5990740740740741 0.4713541666666667 0.5898148148148148 0.4671875 0.5944444444444444 0.465625 0.6 0.4666666666666667 0.6277777777777778
5 0.428125 0.6546296296296297 0.4265625 0.6148148148148148 0.4234375 0.6046296296296296 0.4197916666666667 0.6074074074074074 0.4171875 0.6287037037037037 0.4166666666666667 0.6527777777777778 0.428125 0.6546296296296297
3 0.2640625 0.562037037037037 0.26666666666666666 0.5712962962962963 0.26614583333333336 0.5833333333333334 0.275 0.5962962962962963 0.278125 0.5675925925925925 0.2713541666666667 0.5509259259259259 0.2630208333333333 0.55 0.2604166666666667 0.5537037037037037 0.2598958333333333 0.5592592592592592 0.2640625 0.562037037037037
5 0.17604166666666668 0.7175925925925926 0.178125 0.7129629629629629 0.18125 0.6694444444444444 0.17552083333333332 0.6583333333333333 0.1734375 0.6583333333333333 0.16927083333333334 0.6694444444444444 0.17291666666666666 0.7166666666666667 0.17604166666666668 0.7175925925925926
5 0.515625 0.6333333333333333 0.5229166666666667 0.6342592592592593 0.5213541666666667 0.6064814814814815 0.5171875 0.5935185185185186 0.5151041666666667 0.5972222222222222 0.5125 0.6027777777777777 0.515625 0.6333333333333333
4 0.22708333333333333 0.7462962962962963 0.22760416666666666 0.7638888888888888 0.2328125 0.7685185185185185 0.2359375 0.7555555555555555 0.23802083333333332 0.712037037037037 0.23125 0.6972222222222222 0.228125 0.700925925925926 0.22447916666666667 0.7157407407407408 0.22395833333333334 0.7333333333333333 0.22708333333333333 0.7462962962962963
3 0.7192708333333333 0.612037037037037 0.7213541666666666 0.6148148148148148 0.7229166666666667 0.612037037037037 0.7244791666666667 0.575 0.7203125 0.5703703703703704 0.7161458333333334 0.5740740740740741 0.7161458333333334 0.5925925925925926 0.7192708333333333 0.612037037037037
4 0.7166666666666667 0.6518518518518519 0.7276041666666667 0.65 0.7260416666666667 0.6185185185185185 0.7203125 0.6055555555555555 0.7171875 0.6259259259259259 0.71875 0.6370370370370371 0.7166666666666667 0.6518518518518519
4 0.528125 0.8018518518518518 0.5333333333333333 0.8055555555555556 0.5354166666666667 0.8027777777777778 0.5338541666666666 0.7805555555555556 0.5375 0.7703703703703704 0.5369791666666667 0.7509259259259259 0.5291666666666667 0.7314814814814815 0.5260416666666666 0.7342592592592593 0.5223958333333333 0.7472222222222222 0.5213541666666667 0.7675925925925926 0.528125 0.8018518518518518