4 0.33958333333333335 0.6388888888888888 0.34427083333333336 0.6407407407407407 0.3463541666666667 0.6370370370370371 0.34791666666666665 0.6055555555555555 0.3463541666666667 0.5907407407407408 0.3421875 0.5833333333333334 0.3390625 0.5879629629629629 0.33958333333333335 0.6 0.3375 0.6083333333333333 0.340625 0.6259259259259259 0.33958333333333335 0.6388888888888888
4 0.4317708333333333 0.5666666666666667 0.42604166666666665 0.5657407407407408 0.4234375 0.5888888888888889 0.42291666666666666 0.6148148148148148 0.4354166666666667 0.6129629629629629 0.434375 0.575 0.4317708333333333 0.5666666666666667
5 0.2796875 0.637962962962963 0.2765625 0.6 0.2713541666666667 0.5972222222222222 0.26927083333333335 0.6092592592592593 0.2682291666666667 0.6537037037037037 0.2755208333333333 0.6564814814814814 0.278125 0.6537037037037037 0.2796875 0.637962962962963
4 0.4796875 0.7398148148148148 0.4765625 0.7287037037037037 0.4828125 0.7083333333333334 0.4817708333333333 0.6953703703703704 0.4744791666666667 0.6731481481481482 0.46875 0.6768518518518518 0.4625 0.700925925925926 0.46875 0.7435185185185185 0.475 0.7462962962962963 0.4796875 0.7398148148148148
5 0.24427083333333333 0.6324074074074074 0.246875 0.6268518518518519 0.24427083333333333 0.6138888888888889 0.24583333333333332 0.5879629629629629 0.24010416666666667 0.575 0.23645833333333333 0.5768518518518518 0.23385416666666667 0.5851851851851851 0.2328125 0.5972222222222222 0.23541666666666666 0.6231481481481481 0.2390625 0.6305555555555555 0.24427083333333333 0.6324074074074074
4 0.7015625 0.6138888888888889 0.7 0.6027777777777777 0.6953125 0.5935185185185186 0.6916666666666667 0.5944444444444444 0.6885416666666667 0.6222222222222222 0.6875 0.65 0.6916666666666667 0.6546296296296297 0.6994791666666667 0.6527777777777778 0.7015625 0.6138888888888889
5 0.15 0.7240740740740741 0.15729166666666666 0.7092592592592593 0.16145833333333334 0.7101851851851851 0.16302083333333334 0.7194444444444444 0.16197916666666667 0.7314814814814815 0.16510416666666666 0.7472222222222222 0.1734375 0.7481481481481481 0.17447916666666666 0.712037037037037 0.18177083333333333 0.7046296296296296 0.17083333333333334 0.675 0.16875 0.675 0.16197916666666667 0.6888888888888889 0.15052083333333333 0.6925925925925925 0.14010416666666667 0.700925925925926 0.13697916666666668 0.7046296296296296 0.1375 0.7157407407407408 0.14635416666666667 0.725 0.15 0.7240740740740741
5 0.3932291666666667 0.5990740740740741 0.3880208333333333 0.5833333333333334 0.3828125 0.5842592592592593 0.37916666666666665 0.6342592592592593 0.3885416666666667 0.637962962962963 0.3921875 0.6305555555555555 0.3932291666666667 0.5990740740740741
4 0.6583333333333333 0.5694444444444444 0.6541666666666667 0.562962962962963 0.6515625 0.5638888888888889 0.6473958333333333 0.5787037037037037 0.646875 0.6092592592592593 0.6598958333333333 0.612037037037037 0.6604166666666667 0.5824074074074074 0.6583333333333333 0.5694444444444444
4 0.18802083333333333 0.6324074074074074 0.190625 0.6240740740740741 0.19427083333333334 0.6222222222222222 0.18541666666666667 0.6027777777777777 0.18020833333333333 0.6175925925925926 0.1796875 0.6638888888888889 0.1890625 0.6685185185185185 0.190625 0.6648148148148149 0.18802083333333333 0.6324074074074074
3 0.5265625 0.6101851851851852 0.521875 0.5916666666666667 0.515625 0.5925925925925926 0.5109375 0.6166666666666667 0.5104166666666666 0.6222222222222222 0.5166666666666667 0.6361111111111111 0.525 0.625 0.5265625 0.6101851851851852
5 0.5807291666666666 0.7907407407407407 0.5958333333333333 0.7907407407407407 0.5984375 0.7398148148148148 0.5953125 0.7129629629629629 0.5916666666666667 0.7129629629629629 0.584375 0.7342592592592593 0.5859375 0.7444444444444445 0.5838541666666667 0.7648148148148148 0.5786458333333333 0.7870370370370371 0.5807291666666666 0.7907407407407407
5 0 0.6398148148148148 0.009375 0.637962962962963 0.007291666666666667 0.6259259259259259 0.0067708333333333336 0.587037037037037 0.005208333333333333 0.5842592592592593 0 0.5842592592592593 0 0.6398148148148148
4 0.5619791666666667 0.6527777777777778 0.565625 0.649074074074074 0.565625 0.6296296296296297 0.5682291666666667 0.6222222222222222 0.5677083333333334 0.6027777777777777 0.5619791666666667 0.5944444444444444 0.559375 0.5944444444444444 0.5583333333333333 0.5990740740740741 0.5557291666666667 0.6240740740740741 0.5583333333333333 0.6324074074074074 0.5578125 0.65 0.5619791666666667 0.6527777777777778
3 0.07291666666666667 0.5453703703703704 0.06875 0.5398148148148149 0.06458333333333334 0.5435185185185185 0.06354166666666666 0.5842592592592593 0.07291666666666667 0.587037037037037 0.07447916666666667 0.5601851851851852 0.07291666666666667 0.5453703703703704
4 0.4666666666666667 0.6777777777777778 0.4739583333333333 0.6777777777777778 0.47708333333333336 0.6287037037037037 0.4744791666666667 0.6185185185185185 0.471875 0.6166666666666667 0.4661458333333333 0.6268518518518519 0.4630208333333333 0.6425925925925926 0.4666666666666667 0.6555555555555556 0.46458333333333335 0.6731481481481482 0.4666666666666667 0.6777777777777778
5 0 0.6703703703703704 0.003125 0.6824074074074075 0.0026041666666666665 0.6972222222222222 0.005729166666666666 0.7 0.009375 0.6972222222222222 0.009375 0.6824074074074075 0.015104166666666667 0.6611111111111111 0.009895833333333333 0.6361111111111111 0.0046875 0.6268518518518519 0 0.6305555555555555 0 0.6703703703703704
5 0.6046875 0.5685185185185185 0.5989583333333334 0.5648148148148148 0.596875 0.5703703703703704 0.5979166666666667 0.6074074074074074 0.603125 0.6111111111111112 0.6057291666666667 0.6074074074074074 0.6046875 0.5685185185185185
5 0.7598958333333333 0.6805555555555556 0.7614583333333333 0.6777777777777778 0.7604166666666666 0.6351851851851852 0.759375 0.6231481481481481 0.7557291666666667 0.6129629629629629 0.7520833333333333 0.6175925925925926 0.7520833333333333 0.6351851851851852 0.7484375 0.6462962962962963 0.75 0.6592592592592592 0.7458333333333333 0.6777777777777778 0.7515625 0.6814814814814815 0.7598958333333333 0.6805555555555556
5 0.5255208333333333 0.6907407407407408 0.525 0.637962962962963 0.5213541666666667 0.6333333333333333 0.5171875 0.6361111111111111 0.5135416666666667 0.6537037037037037 0.5151041666666667 0.6620370370370371 0.5109375 0.6851851851851852 0.5135416666666667 0.6888888888888889 0.5255208333333333 0.6907407407407408
3 0.3734375 0.5333333333333333 0.37083333333333335 0.5444444444444444 0.371875 0.5796296296296296 0.38177083333333334 0.5787037037037037 0.37916666666666665 0.5351851851851852 0.3734375 0.5333333333333333
4 0.7229166666666667 0.6731481481481482 0.7286458333333333 0.6731481481481482 0.7270833333333333 0.6675925925925926 0.7291666666666666 0.6546296296296297 0.728125 0.6324074074074074 0.7239583333333334 0.6194444444444445 0.7203125 0.6185185185185185 0.71875 0.6222222222222222 0.7161458333333334 0.637962962962963 0.71875 0.6462962962962963 0.7197916666666667 0.6675925925925926 0.7229166666666667 0.6731481481481482
4 0.728125 0.7416666666666667 0.734375 0.7361111111111112 0.7302083333333333 0.7222222222222222 0.7322916666666667 0.7055555555555556 0.73125 0.6851851851851852 0.7244791666666667 0.6675925925925926 0.7213541666666666 0.6694444444444444 0.7208333333333333 0.7185185185185186 0.7234375 0.7287037037037037 0.7229166666666667 0.7398148148148148 0.728125 0.7416666666666667