5 0.3515625 0.637962962962963 0.35 0.625 0.359375 0.6 0.3578125 0.5972222222222222 0.3489583333333333 0.5990740740740741 0.3416666666666667 0.6064814814814815 0.3411458333333333 0.6148148148148148 0.34479166666666666 0.637962962962963 0.3494791666666667 0.6407407407407407 0.3515625 0.637962962962963
4 0.7213541666666666 0.5296296296296297 0.7145833333333333 0.5287037037037037 0.7104166666666667 0.5435185185185185 0.7119791666666667 0.5796296296296296 0.7244791666666667 0.5796296296296296 0.7244791666666667 0.5416666666666666 0.7213541666666666 0.5296296296296297
4 0.4203125 0.637962962962963 0.42291666666666666 0.6259259259259259 0.42604166666666665 0.625 0.43125 0.637962962962963 0.4348958333333333 0.637962962962963 0.4296875 0.6046296296296296 0.43072916666666666 0.5833333333333334 0.42291666666666666 0.5712962962962963 0.415625 0.5888888888888889 0.4192708333333333 0.6069444444444444 0.4192708333333333 0.6194444444444445 0.4161458333333333 0.6361111111111111 0.4203125 0.637962962962963
5 0.8234375 0.6648148148148149 0.8265625 0.6592592592592592 0.8255208333333334 0.6509259259259259 0.828125 0.6453703703703704 0.8265625 0.6268518518518519 0.81875 0.6268518518518519 0.8125 0.6407407407407407 0.8088541666666667 0.6898148148148148 0.8104166666666667 0.6935185185185185 0.8260416666666667 0.6935185185185185 0.8234375 0.6648148148148149
5 0.6541666666666667 0.5546296296296296 0.6583333333333333 0.5444444444444444 0.6536458333333334 0.5305555555555556 0.6494791666666667 0.5296296296296297 0.6453125 0.5342592592592592 0.6473958333333333 0.55 0.6458333333333334 0.5694444444444444 0.6515625 0.5722222222222222 0.6541666666666667 0.5546296296296296
5 0.4734375 0.6240740740740741 0.4765625 0.5916666666666667 0.4744791666666667 0.575925925925926 0.4703125 0.5768518518518518 0.46770833333333334 0.5944444444444444 0.46770833333333334 0.6370370370370371 0.47291666666666665 0.6388888888888888 0.4744791666666667 0.6370370370370371 0.4734375 0.6240740740740741
4 0.6458333333333334 0.6509259259259259 0.65625 0.65 0.6536458333333334 0.6263888888888889 0.6552083333333333 0.6166666666666667 0.6583333333333333 0.6148148148148148 0.6588541666666666 0.6101851851851852 0.6505208333333333 0.5842592592592593 0.6463541666666667 0.5879629629629629 0.6421875 0.6111111111111112 0.6421875 0.6222222222222222 0.6447916666666667 0.6324074074074074 0.6427083333333333 0.6481481481481481 0.6458333333333334 0.6509259259259259
3 0.6239583333333333 0.6194444444444445 0.6265625 0.6314814814814815 0.6302083333333334 0.6333333333333333 0.628125 0.6148148148148148 0.6307291666666667 0.5944444444444444 0.6270833333333333 0.5657407407407408 0.6223958333333334 0.5648148148148148 0.6151041666666667 0.5907407407407408 0.6192708333333333 0.6074074074074074 0.6135416666666667 0.6287037037037037 0.6151041666666667 0.6314814814814815 0.6239583333333333 0.6194444444444445
4 0.8276041666666667 0.6444444444444445 0.8375 0.6425925925925926 0.8317708333333333 0.5907407407407408 0.8265625 0.5796296296296296 0.8234375 0.5833333333333334 0.8239583333333333 0.5944444444444444 0.8213541666666667 0.6074074074074074 0.8239583333333333 0.6416666666666667 0.8276041666666667 0.6444444444444445
4 0.9354166666666667 0.6888888888888889 0.9338541666666667 0.6666666666666666 0.9369791666666667 0.6453703703703704 0.9354166666666667 0.6185185185185185 0.9270833333333334 0.6259259259259259 0.9244791666666666 0.6407407407407407 0.9229166666666667 0.6898148148148148 0.9255208333333333 0.6944444444444444 0.9328125 0.6935185185185185 0.9354166666666667 0.6888888888888889
4 0.8895833333333333 0.6611111111111111 0.8880208333333334 0.6518518518518519 0.8895833333333333 0.6185185185185185 0.8838541666666667 0.6037037037037037 0.8786458333333333 0.6027777777777777 0.8734375 0.6342592592592593 0.8734375 0.6712962962962963 0.8765625 0.6777777777777778 0.8859375 0.6731481481481482 0.8895833333333333 0.6611111111111111
5 0.8802083333333334 0.700925925925926 0.8791666666666667 0.6898148148148148 0.884375 0.6703703703703704 0.8854166666666666 0.649074074074074 0.8822916666666667 0.6425925925925926 0.8817708333333333 0.6305555555555555 0.8791666666666667 0.6287037037037037 0.8729166666666667 0.6342592592592593 0.8723958333333334 0.6435185185185185 0.8739583333333333 0.6768518518518518 0.8708333333333333 0.6925925925925925 0.878125 0.7018518518518518 0.8802083333333334 0.700925925925926
4 0.6713541666666667 0.5712962962962963 0.6666666666666666 0.5722222222222222 0.6640625 0.5861111111111111 0.6619791666666667 0.625 0.6734375 0.6296296296296297 0.675 0.5990740740740741 0.6713541666666667 0.5712962962962963
4 0.9 0.6222222222222222 0.8963541666666667 0.6092592592592593 0.8901041666666667 0.6111111111111112 0.8885416666666667 0.6259259259259259 0.8880208333333334 0.674074074074074 0.8963541666666667 0.6814814814814815 0.9005208333333333 0.6462962962962963 0.9 0.6222222222222222
4 0.9135416666666667 0.6694444444444444 0.9119791666666667 0.674074074074074 0.9130208333333333 0.6796296296296296 0.9197916666666667 0.6824074074074075 0.925 0.6694444444444444 0.9255208333333333 0.6583333333333333 0.9234375 0.6509259259259259 0.9244791666666666 0.6305555555555555 0.9166666666666666 0.6092592592592593 0.9114583333333334 0.6129629629629629 0.9098958333333333 0.6342592592592593 0.9052083333333333 0.6425925925925926 0.9052083333333333 0.6472222222222223 0.9135416666666667 0.6694444444444444
5 0.8078125 0.6129629629629629 0.80625 0.5842592592592593 0.8020833333333334 0.5796296296296296 0.7958333333333333 0.5925925925925926 0.796875 0.6287037037037037 0.7953125 0.6370370370370371 0.8036458333333333 0.6416666666666667 0.8078125 0.6129629629629629
5 0.9458333333333333 0.6407407407407407 0.940625 0.6231481481481481 0.9364583333333333 0.6175925925925926 0.9333333333333333 0.6203703703703703 0.9348958333333334 0.6916666666666667 0.940625 0.6916666666666667 0.9447916666666667 0.6861111111111111 0.9458333333333333 0.6407407407407407
5 0.9479166666666666 0.6888888888888889 0.9484375 0.6592592592592592 0.953125 0.6537037037037037 0.9536458333333333 0.6453703703703704 0.9510416666666667 0.6268518518518519 0.9463541666666667 0.6129629629629629 0.9432291666666667 0.6111111111111112 0.9375 0.6268518518518519 0.9375 0.6703703703703704 0.9401041666666666 0.6898148148148148 0.9447916666666667 0.6925925925925925 0.9479166666666666 0.6888888888888889
5 0.4036458333333333 0.6111111111111112 0.39947916666666666 0.6305555555555555 0.3953125 0.6768518518518518 0.4083333333333333 0.6796296296296296 0.4078125 0.612037037037037 0.4036458333333333 0.6111111111111112
0 0.4859375 0.6018518518518519 0.4822916666666667 0.6018518518518519 0.48125 0.6111111111111112 0.4859375 0.6148148148148148 0.4875 0.6055555555555555 0.4859375 0.6018518518518519
5 0.45208333333333334 0.6055555555555555 0.45 0.5527777777777778 0.44583333333333336 0.5537037037037037 0.4432291666666667 0.5657407407407408 0.440625 0.5879629629629629 0.4432291666666667 0.6055555555555555 0.4473958333333333 0.612037037037037 0.45208333333333334 0.6055555555555555
4 0.603125 0.5666666666666667 0.5994791666666667 0.5527777777777778 0.5947916666666667 0.5546296296296296 0.5942708333333333 0.5675925925925925 0.5911458333333334 0.5796296296296296 0.5916666666666667 0.5962962962962963 0.5880208333333333 0.6101851851851852 0.603125 0.6101851851851852 0.603125 0.5666666666666667