4 0.7640625 0.9120370370370371 0.771875 0.9138888888888889 0.7734375 0.9111111111111111 0.7713541666666667 0.8925925925925926 0.7729166666666667 0.8851851851851852 0.7791666666666667 0.8768518518518519 0.7739583333333333 0.8296296296296296 0.7692708333333333 0.8268518518518518 0.7619791666666667 0.8481481481481481 0.7640625 0.8824074074074074 0.7588541666666667 0.9 0.759375 0.9046296296296297 0.7640625 0.9120370370370371
4 0.5260416666666666 0.725925925925926 0.528125 0.712037037037037 0.5260416666666666 0.7037037037037037 0.5213541666666667 0.7037037037037037 0.5119791666666667 0.7185185185185186 0.5151041666666667 0.7333333333333333 0.5114583333333333 0.7481481481481481 0.5171875 0.7518518518518519 0.5260416666666666 0.725925925925926
5 0.9453125 0.8 0.9432291666666667 0.7490740740740741 0.9390625 0.7379629629629629 0.9348958333333334 0.7379629629629629 0.9328125 0.7416666666666667 0.9317708333333333 0.7648148148148148 0.9338541666666667 0.7981481481481482 0.9385416666666667 0.8018518518518518 0.9453125 0.8
4 0.6421875 0.8444444444444444 0.646875 0.8462962962962963 0.6484375 0.8685185185185185 0.6546875 0.8685185185185185 0.6515625 0.8231481481481482 0.6520833333333333 0.7925925925925926 0.646875 0.7925925925925926 0.6421875 0.8074074074074075 0.6364583333333333 0.8398148148148148 0.6265625 0.8537037037037037 0.6270833333333333 0.8638888888888889 0.6307291666666667 0.8666666666666667 0.6317708333333333 0.8592592592592593 0.6421875 0.8444444444444444
3 0.5567708333333333 0.7861111111111111 0.5604166666666667 0.7675925925925926 0.5598958333333334 0.7398148148148148 0.55625 0.7379629629629629 0.55 0.7481481481481481 0.540625 0.7907407407407407 0.5395833333333333 0.8018518518518518 0.5411458333333333 0.8046296296296296 0.55 0.7981481481481482 0.5567708333333333 0.7861111111111111
4 0.4192708333333333 0.8333333333333334 0.4317708333333333 0.8342592592592593 0.434375 0.8305555555555556 0.4375 0.8018518518518518 0.43645833333333334 0.7648148148148148 0.4317708333333333 0.7648148148148148 0.42604166666666665 0.7805555555555556 0.4239583333333333 0.8092592592592592 0.4192708333333333 0.8212962962962963 0.41875 0.8296296296296296 0.4192708333333333 0.8333333333333334
4 0.4901041666666667 0.6731481481481482 0.4859375 0.6564814814814814 0.4828125 0.6564814814814814 0.478125 0.6694444444444444 0.47760416666666666 0.7018518518518518 0.4822916666666667 0.7027777777777777 0.4869791666666667 0.6907407407407408 0.4901041666666667 0.6731481481481482
5 0.13125 0.7388888888888889 0.13385416666666666 0.7416666666666667 0.13697916666666668 0.737037037037037 0.14270833333333333 0.7398148148148148 0.14479166666666668 0.7361111111111112 0.14895833333333333 0.7101851851851851 0.15260416666666668 0.7055555555555556 0.15208333333333332 0.6861111111111111 0.1484375 0.6851851851851852 0.14010416666666667 0.6981481481481482 0.13958333333333334 0.712037037037037 0.13645833333333332 0.7240740740740741 0.13072916666666667 0.7324074074074074 0.13125 0.7388888888888889
3 0.3963541666666667 0.649074074074074 0.4 0.6388888888888888 0.4010416666666667 0.6166666666666667 0.3953125 0.612037037037037 0.39114583333333336 0.6212962962962963 0.3885416666666667 0.6333333333333333 0.3890625 0.6425925925925926 0.3921875 0.649074074074074 0.3963541666666667 0.649074074074074
5 0.32447916666666665 0.8342592592592593 0.3260416666666667 0.7675925925925926 0.321875 0.7675925925925926 0.3182291666666667 0.775 0.30572916666666666 0.8268518518518518 0.30625 0.8351851851851851 0.3177083333333333 0.8333333333333334 0.321875 0.8388888888888889 0.32447916666666665 0.8342592592592593
4 0.8645833333333334 0.6648148148148149 0.8609375 0.6555555555555556 0.8572916666666667 0.6555555555555556 0.8541666666666666 0.6666666666666666 0.8557291666666667 0.7 0.8614583333333333 0.7027777777777777 0.8635416666666667 0.6990740740740741 0.8645833333333334 0.6648148148148149
5 0.8739583333333333 0.924074074074074 0.8739583333333333 0.9046296296296297 0.8807291666666667 0.8740740740740741 0.8776041666666666 0.8490740740740741 0.8723958333333334 0.8472222222222222 0.8640625 0.8648148148148148 0.8661458333333333 0.8925925925925926 0.8609375 0.9148148148148149 0.8609375 0.924074074074074 0.8739583333333333 0.924074074074074
5 0.61875 0.7694444444444445 0.6234375 0.7361111111111112 0.6213541666666667 0.7166666666666667 0.6171875 0.7157407407407408 0.6098958333333333 0.7324074074074074 0.6072916666666667 0.7657407407407407 0.6098958333333333 0.7712962962962963 0.615625 0.774074074074074 0.61875 0.7694444444444445
4 0.24479166666666666 0.8685185185185185 0.24791666666666667 0.8425925925925926 0.24479166666666666 0.8018518518518518 0.2390625 0.8037037037037037 0.23541666666666666 0.8175925925925925 0.23385416666666667 0.8361111111111111 0.23229166666666667 0.8833333333333333 0.23802083333333332 0.8851851851851852 0.24583333333333332 0.8777777777777778 0.24479166666666666 0.8685185185185185
5 0.2328125 0.7787037037037037 0.23489583333333333 0.7398148148148148 0.23385416666666667 0.725 0.23229166666666667 0.7222222222222222 0.2296875 0.7240740740740741 0.22604166666666667 0.7351851851851852 0.22447916666666667 0.7490740740740741 0.21666666666666667 0.775 0.2203125 0.7814814814814814 0.2328125 0.7787037037037037
4 0.2609375 0.7453703703703703 0.265625 0.7333333333333333 0.26614583333333336 0.6907407407407408 0.2630208333333333 0.687962962962963 0.25625 0.7046296296296296 0.2557291666666667 0.7194444444444444 0.25052083333333336 0.737037037037037 0.25052083333333336 0.7435185185185185 0.2609375 0.7453703703703703