4 0.9197916666666667 0.7240740740740741 0.9255208333333333 0.7194444444444444 0.93125 0.6842592592592592 0.9276041666666667 0.675 0.9234375 0.674074074074074 0.9177083333333333 0.6851851851851852 0.9171875 0.7203703703703703 0.9197916666666667 0.7240740740740741
4 0.8260416666666667 0.6944444444444444 0.8328125 0.6925925925925925 0.8364583333333333 0.6712962962962963 0.8364583333333333 0.6518518518518519 0.8333333333333334 0.65 0.8291666666666667 0.6555555555555556 0.8223958333333333 0.6814814814814815 0.821875 0.6851851851851852 0.8260416666666667 0.6944444444444444
4 0.5880208333333333 0.6611111111111111 0.5890625 0.6222222222222222 0.5838541666666667 0.6212962962962963 0.5817708333333333 0.625 0.571875 0.6555555555555556 0.571875 0.662962962962963 0.5880208333333333 0.6611111111111111
5 0.28802083333333334 0.6601851851851852 0.28802083333333334 0.6648148148148149 0.290625 0.6675925925925926 0.29583333333333334 0.6638888888888889 0.30052083333333335 0.6546296296296297 0.30416666666666664 0.637962962962963 0.30052083333333335 0.6222222222222222 0.29635416666666664 0.6240740740740741 0.2921875 0.6342592592592593 0.290625 0.6537037037037037 0.28802083333333334 0.6601851851851852
4 0.28177083333333336 0.7518518518518519 0.2828125 0.7601851851851852 0.2947916666666667 0.7574074074074074 0.29791666666666666 0.7416666666666667 0.2989583333333333 0.7194444444444444 0.296875 0.700925925925926 0.29322916666666665 0.700925925925926 0.28854166666666664 0.7129629629629629 0.2869791666666667 0.7314814814814815 0.28177083333333336 0.7518518518518519
4 0.44583333333333336 0.7129629629629629 0.44635416666666666 0.7203703703703703 0.4588541666666667 0.7175925925925926 0.4635416666666667 0.7074074074074074 0.46197916666666666 0.6703703703703704 0.4588541666666667 0.6685185185185185 0.45364583333333336 0.6833333333333333 0.4505208333333333 0.700925925925926 0.44583333333333336 0.7129629629629629
5 0.8864583333333333 0.6851851851851852 0.8890625 0.6944444444444444 0.8953125 0.6944444444444444 0.8979166666666667 0.6518518518518519 0.8953125 0.65 0.8901041666666667 0.6555555555555556 0.8854166666666666 0.6666666666666666 0.878125 0.674074074074074 0.8770833333333333 0.6777777777777778 0.8864583333333333 0.6851851851851852
5 0.32916666666666666 0.7203703703703703 0.3302083333333333 0.7240740740740741 0.3390625 0.7231481481481481 0.3453125 0.7092592592592593 0.34739583333333335 0.6759259259259259 0.3416666666666667 0.6731481481481482 0.33697916666666666 0.687962962962963 0.33489583333333334 0.7037037037037037 0.32916666666666666 0.7203703703703703
4 0.5947916666666667 0.7759259259259259 0.5994791666666667 0.775 0.6078125 0.7472222222222222 0.6067708333333334 0.7342592592592593 0.6083333333333333 0.7231481481481481 0.6057291666666667 0.7138888888888889 0.6026041666666667 0.7129629629629629 0.5973958333333333 0.7212962962962963 0.5927083333333333 0.7425925925925926 0.5921875 0.7722222222222223 0.5947916666666667 0.7759259259259259
5 0.6796875 0.6990740740740741 0.6828125 0.6861111111111111 0.6833333333333333 0.6564814814814814 0.6786458333333333 0.6546296296296297 0.6729166666666667 0.6703703703703704 0.6671875 0.6962962962962963 0.6796875 0.6990740740740741
5 0.6989583333333333 0.837037037037037 0.7026041666666667 0.8407407407407408 0.7166666666666667 0.837037037037037 0.7177083333333333 0.8324074074074074 0.7145833333333333 0.8046296296296296 0.7166666666666667 0.7972222222222223 0.7223958333333333 0.7944444444444444 0.7182291666666667 0.7888888888888889 0.715625 0.7703703703703704 0.7125 0.7675925925925926 0.709375 0.7703703703703704 0.7020833333333333 0.7935185185185185 0.703125 0.8194444444444444 0.6989583333333333 0.837037037037037
5 0.5229166666666667 0.6435185185185185 0.5276041666666667 0.6537037037037037 0.5333333333333333 0.6546296296296297 0.5380208333333333 0.6240740740740741 0.5369791666666667 0.6148148148148148 0.5328125 0.6148148148148148 0.528125 0.625 0.5265625 0.6361111111111111 0.5229166666666667 0.6435185185185185
4 0.915625 0.7916666666666666 0.9244791666666666 0.7777777777777778 0.9307291666666667 0.7827157407407407 0.9307291666666667 0.7944444444444444 0.9369791666666667 0.7944444444444444 0.9369791666666667 0.7546296296296297 0.9333333333333333 0.7314814814814815 0.9286458333333333 0.7333333333333333 0.91875 0.7703703703703704 0.9135416666666667 0.7805555555555556 0.9130208333333333 0.7861111111111111 0.915625 0.7916666666666666
4 0.9552083333333333 0.8564814814814815 0.9572916666666667 0.8601851851851852 0.9630208333333333 0.8601851851851852 0.9692708333333333 0.8361111111111111 0.9692708333333333 0.825 0.975 0.8138888888888889 0.975 0.8092592592592592 0.9682291666666667 0.7861111111111111 0.965625 0.7861111111111111 0.9557291666666666 0.8064814814814815 0.9541666666666667 0.8138888888888889 0.9552083333333333 0.8564814814814815
5 0.4125 0.8722222222222222 0.4166666666666667 0.8740740740740741 0.4276041666666667 0.8527777777777777 0.43072916666666666 0.8324074074074074 0.4359375 0.8296296296296296 0.4328125 0.8268518518518518 0.43333333333333335 0.8027777777777778 0.4317708333333333 0.8 0.4276041666666667 0.8018518518518518 0.41822916666666665 0.8148148148148148 0.415625 0.825 0.41822916666666665 0.8435185185185186 0.4125 0.8722222222222222
3 0.6109375 0.7453703703703703 0.6130208333333333 0.7379629629629629 0.6166666666666667 0.7379629629629629 0.61875 0.7472222222222222 0.6229166666666667 0.7472222222222222 0.6260416666666667 0.7314814814814815 0.6244791666666667 0.7185185185185186 0.6291666666666667 0.7092592592592593 0.6296875 0.6925925925925925 0.6265625 0.6898148148148148 0.6197916666666666 0.6972222222222222 0.6161458333333333 0.7055555555555556 0.6125 0.725 0.609375 0.7287037037037037 0.6078125 0.7435185185185185 0.6109375 0.7453703703703703
2 0.009375 0.7333333333333333 0.014583333333333334 0.7277777777777777 0.013020833333333334 0.7148148148148148 0.019791666666666666 0.6851851851851852 0.019270833333333334 0.6592592592592592 0.013541666666666667 0.6574074074074074 0.007291666666666667 0.6657407407407407 0.005208333333333333 0.675 0.0036458333333333334 0.7240740740740741 0.009375 0.7333333333333333
4 0.49635416666666665 0.8222222222222222 0.5015625 0.8240740740740741 0.5057291666666667 0.8111111111111111 0.5104166666666666 0.812037037037037 0.5125 0.8240740740740741 0.5177083333333333 0.8268518518518518 0.5197916666666667 0.8240740740740741 0.515625 0.8018518518518518 0.515625 0.787962962962963 0.5177083333333333 0.7842592592592592 0.5135416666666667 0.7722222222222223 0.5130208333333334 0.7555555555555555 0.5088541666666667 0.7546296296296297 0.5041666666666667 0.7703703703703704 0.503125 0.787962962962963 0.49635416666666665 0.8222222222222222
5 0.15 0.762962962962963 0.153125 0.7509259259259259 0.16041666666666668 0.7435185185185185 0.15885416666666666 0.7296296296296296 0.16302083333333334 0.7240740740740741 0.16145833333333334 0.7046296296296296 0.15729166666666666 0.7046296296296296 0.15052083333333333 0.7203703703703703 0.14583333333333334 0.7472222222222222 0.14479166666666668 0.7601851851851852 0.15 0.762962962962963
3 0.3223958333333333 0.6148148148148148 0.32760416666666664 0.6129629629629629 0.33177083333333335 0.6064814814814815 0.33125 0.5990740740740741 0.3380208333333333 0.5925925925925926 0.3375 0.5842592592592593 0.32447916666666665 0.5861111111111111 0.32083333333333336 0.5907407407407408 0.3223958333333333 0.6148148148148148
4 0.13072916666666667 0.7240740740740741 0.13541666666666666 0.7305555555555555 0.13854166666666667 0.7277777777777777 0.14895833333333333 0.6925925925925925 0.14635416666666667 0.6731481481481482 0.1421875 0.6731481481481482 0.13697916666666668 0.6796296296296296 0.13333333333333333 0.6907407407407408 0.13385416666666666 0.7111111111111111 0.13072916666666667 0.7240740740740741
5 0.9489583333333333 0.8861111111111111 0.95 0.8888888888888888 0.9541666666666667 0.887962962962963 0.9572916666666667 0.8722222222222222 0.9583333333333334 0.8462962962962963 0.9609375 0.8416666666666667 0.9598958333333333 0.825925925925926 0.9546875 0.8138888888888889 0.9505208333333334 0.812962962962963 0.9432291666666667 0.8287037037037037 0.9380208333333333 0.875 0.9390625 0.8925925925925926 0.9489583333333333 0.8861111111111111
5 0.6354166666666666 0.7583333333333333 0.6453125 0.7398148148148148 0.6473958333333333 0.7166666666666667 0.6463541666666667 0.7 0.6411458333333333 0.7018518518518518 0.6322916666666667 0.7379629629629629 0.6307291666666667 0.7555555555555555 0.6354166666666666 0.7583333333333333