4 0.6072916666666667 0.5990740740740741 0.603125 0.6018518518518519 0.6005208333333333 0.6092592592592593 0.5989583333333334 0.6546296296296297 0.6109375 0.6555555555555556 0.6130208333333333 0.6138888888888889 0.6072916666666667 0.5990740740740741
4 0.6296875 0.5768518518518518 0.6307291666666667 0.55 0.6270833333333333 0.5398148148148149 0.6208333333333333 0.5398148148148149 0.6197916666666666 0.5453703703703704 0.6223958333333334 0.5722222222222222 0.6265625 0.5805555555555556 0.6296875 0.5768518518518518
4 0.7234375 0.5694444444444444 0.7203125 0.5592592592592592 0.7166666666666667 0.5583333333333333 0.7151041666666667 0.562037037037037 0.7145833333333333 0.6111111111111112 0.7166666666666667 0.6138888888888889 0.7213541666666666 0.6064814814814815 0.7234375 0.5694444444444444
4 0.6557291666666667 0.5592592592592592 0.6479166666666667 0.5583333333333333 0.6447916666666667 0.5638888888888889 0.6453125 0.5814814814814815 0.6520833333333333 0.5833333333333334 0.6557291666666667 0.5787037037037037 0.6557291666666667 0.5592592592592592
4 0.5802083333333333 0.5425925925925926 0.5765625 0.5342592592592592 0.5723958333333333 0.5416666666666666 0.5734375 0.5703703703703704 0.5796875 0.5787037037037037 0.5817708333333333 0.5731481481481482 0.5802083333333333 0.5425925925925926
4 0.2796875 0.6064814814814815 0.27760416666666665 0.5685185185185185 0.275 0.5601851851851852 0.26979166666666665 0.5601851851851852 0.2708333333333333 0.6129629629629629 0.2791666666666667 0.6166666666666667 0.28177083333333336 0.6148148148148148 0.2796875 0.6064814814814815
5 0.5541666666666667 0.6527777777777778 0.5526041666666667 0.6101851851851852 0.5484375 0.6 0.5432291666666667 0.6092592592592593 0.540625 0.6185185185185185 0.5427083333333333 0.6574074074074074 0.5526041666666667 0.6564814814814814 0.5541666666666667 0.6527777777777778
4 0.390625 0.600925925925926 0.38645833333333335 0.5611111111111111 0.384375 0.5564814814814815 0.38125 0.5574074074074075 0.37916666666666665 0.5638888888888889 0.37916666666666665 0.6027777777777777 0.3807291666666667 0.6074074074074074 0.3885416666666667 0.6074074074074074 0.390625 0.600925925925926
3 0.540625 0.6296296296296297 0.5427083333333333 0.600925925925926 0.5411458333333333 0.5768518518518518 0.5364583333333334 0.5712962962962963 0.5317708333333333 0.5833333333333334 0.5307291666666667 0.6037037037037037 0.5338541666666666 0.6111111111111112 0.5328125 0.6296296296296297 0.540625 0.6296296296296297
5 0.5479166666666667 0.5796296296296296 0.5567708333333333 0.5861111111111111 0.5583333333333333 0.5731481481481482 0.5567708333333333 0.5435185185185185 0.5526041666666667 0.5351851851851852 0.5484375 0.5370370370370371 0.546875 0.5537037037037037 0.5489583333333333 0.5574074074074075 0.55 0.5703703703703704 0.5479166666666667 0.5796296296296296
4 0.534375 0.5842592592592593 0.5369791666666667 0.5703703703703704 0.5333333333333333 0.5592592592592592 0.5302083333333333 0.5611111111111111 0.528125 0.5685185185185185 0.5276041666666667 0.6 0.5291666666666667 0.6074074074074074 0.5338541666666666 0.6092592592592593 0.534375 0.5842592592592593
5 0.15208333333333332 0.6194444444444445 0.1515625 0.5953703703703703 0.14895833333333333 0.5768518518518518 0.14635416666666667 0.5703703703703704 0.14322916666666666 0.575925925925926 0.14375 0.6046296296296296 0.14010416666666667 0.6185185185185185 0.15052083333333333 0.6212962962962963 0.15208333333333332 0.6194444444444445
5 0.6416666666666667 0.5527777777777778 0.6385416666666667 0.5416666666666666 0.634375 0.5425925925925926 0.6317708333333333 0.5481481481481482 0.63125 0.5611111111111111 0.6348958333333333 0.5796296296296296 0.6421875 0.5805555555555556 0.6416666666666667 0.5527777777777778
5 0.6890625 0.6148148148148148 0.6911458333333333 0.6111111111111112 0.6932291666666667 0.5787037037037037 0.6890625 0.562037037037037 0.6859375 0.562037037037037 0.6828125 0.5694444444444444 0.6822916666666666 0.5842592592592593 0.6854166666666667 0.5990740740740741 0.6833333333333333 0.6074074074074074 0.6890625 0.6148148148148148
1 0.9744791666666667 0.6537037037037037 0.9744791666666667 0.6388888888888888 0.978125 0.6222222222222222 0.9760416666666667 0.6027777777777777 0.9729166666666667 0.5981481481481481 0.96875 0.5981481481481481 0.9614583333333333 0.6175925925925926 0.9609375 0.6222222222222222 0.9661458333333334 0.6277777777777778 0.9692708333333333 0.6509259259259259 0.9744791666666667 0.6537037037037037
4 0.7125 0.6268518518518519 0.7135416666666666 0.5842592592592593 0.7104166666666667 0.5768518518518518 0.7057291666666666 0.5740740740740741 0.7015625 0.5805555555555556 0.7015625 0.6240740740740741 0.7046875 0.6296296296296297 0.7098958333333333 0.6296296296296297 0.7125 0.6268518518518519
4 0.7723958333333333 0.6157407407407407 0.7671875 0.6 0.7625 0.6046296296296296 0.759375 0.6148148148148148 0.7578125 0.6277777777777778 0.7598958333333333 0.6574074074074074 0.7677083333333333 0.6620370370370371 0.7723958333333333 0.6157407407407407
5 0.36354166666666665 0.6314814814814815 0.36302083333333335 0.5953703703703703 0.3614583333333333 0.5925925925925926 0.3572916666666667 0.5944444444444444 0.35520833333333335 0.6111111111111112 0.35260416666666666 0.6462962962962963 0.365625 0.6462962962962963 0.36666666666666664 0.6416666666666667 0.36354166666666665 0.6314814814814815
5 0.309375 0.7083333333333334 0.3140625 0.7083333333333334 0.3182291666666667 0.7046296296296296 0.3177083333333333 0.6796296296296296 0.31979166666666664 0.6694444444444444 0.3177083333333333 0.6462962962962963 0.3140625 0.6425925925925926 0.30833333333333335 0.6574074074074074 0.30625 0.6731481481481482 0.3104166666666667 0.6944444444444444 0.3078125 0.7046296296296296 0.309375 0.7083333333333334
5 0.5692708333333333 0.6027777777777777 0.5713541666666667 0.5990740740740741 0.571875 0.5833333333333334 0.5682291666666667 0.5574074074074075 0.5640625 0.5601851851851852 0.5625 0.5666666666666667 0.5619791666666667 0.5740740740740741 0.5651041666666666 0.5861111111111111 0.5640625 0.5990740740740741 0.5692708333333333 0.6027777777777777
4 0.11458333333333333 0.6074074074074074 0.1109375 0.6046296296296296 0.10833333333333334 0.6175925925925926 0.1078125 0.6472222222222223 0.1046875 0.6620370370370371 0.11875 0.662962962962963 0.11458333333333333 0.6074074074074074
5 0.375 0.6148148148148148 0.37552083333333336 0.5888888888888889 0.3723958333333333 0.5675925925925925 0.36875 0.5666666666666667 0.3651041666666667 0.587037037037037 0.3645833333333333 0.5953703703703703 0.3692708333333333 0.6 0.3697916666666667 0.6138888888888889 0.375 0.6148148148148148