4 0.7109375 0.6888888888888889 0.7125 0.687037037037037 0.7125 0.65 0.7057291666666666 0.6398148148148148 0.7010416666666667 0.6472222222222223 0.7026041666666667 0.6851851851851852 0.7109375 0.6888888888888889
5 0.3963541666666667 0.6851851851851852 0.3927083333333333 0.6416666666666667 0.3890625 0.6444444444444445 0.3854166666666667 0.6657407407407407 0.384375 0.687962962962963 0.3963541666666667 0.6851851851851852
4 0.5088541666666667 0.6564814814814814 0.5130208333333334 0.6555555555555556 0.5151041666666667 0.6305555555555555 0.5140625 0.6212962962962963 0.509375 0.6203703703703703 0.5052083333333334 0.6324074074074074 0.5057291666666667 0.6527777777777778 0.5088541666666667 0.6564814814814814
5 0.5098958333333333 0.7018518518518518 0.5145833333333333 0.6722222222222223 0.5135416666666667 0.6546296296296297 0.509375 0.6527777777777778 0.5052083333333334 0.6657407407407407 0.5067708333333333 0.6972222222222222 0.5098958333333333 0.7018518518518518
5 0.3333333333333333 0.6805555555555556 0.3380208333333333 0.6787037037037037 0.340625 0.6657407407407407 0.33958333333333335 0.6537037037037037 0.3375 0.649074074074074 0.3328125 0.6472222222222223 0.3296875 0.6546296296296297 0.3296875 0.6759259259259259 0.3333333333333333 0.6805555555555556
2 0.3375 0.6722222222222223 0.34427083333333336 0.6648148148148149 0.34427083333333336 0.6324074074074074 0.3416666666666667 0.625 0.3338541666666667 0.6259259259259259 0.3328125 0.6546296296296297 0.3375 0.6722222222222223
5 0.2989583333333333 0.6777777777777778 0.30104166666666665 0.674074074074074 0.30364583333333334 0.6527777777777778 0.30364583333333334 0.637962962962963 0.2989583333333333 0.6259259259259259 0.2953125 0.6324074074074074 0.2942708333333333 0.6768518518518518 0.2989583333333333 0.6777777777777778
5 0.45729166666666665 0.6777777777777778 0.4588541666666667 0.675 0.4588541666666667 0.6370370370370371 0.4552083333333333 0.6287037037037037 0.4510416666666667 0.6351851851851852 0.4505208333333333 0.675 0.45729166666666665 0.6777777777777778
4 0.6546875 0.737037037037037 0.6541666666666667 0.7481481481481481 0.6598958333333333 0.7509259259259259 0.6640625 0.7083333333333334 0.6588541666666666 0.6935185185185185 0.6557291666666667 0.6972222222222222 0.6541666666666667 0.7055555555555556 0.6520833333333333 0.7222222222222222 0.6546875 0.737037037037037
4 0.4630208333333333 0.6787037037037037 0.465625 0.674074074074074 0.4661458333333333 0.6416666666666667 0.4635416666666667 0.6305555555555555 0.4583333333333333 0.6370370370370371 0.4583333333333333 0.675 0.4630208333333333 0.6787037037037037
4 0.4942708333333333 0.6731481481481482 0.5020833333333333 0.675 0.5041666666666667 0.6407407407407407 0.5026041666666666 0.6333333333333333 0.4973958333333333 0.6287037037037037 0.49322916666666666 0.6416666666666667 0.4942708333333333 0.6731481481481482
5 0.465625 0.675 0.46927083333333336 0.675 0.47239583333333335 0.6731481481481482 0.4708333333333333 0.6601851851851852 0.471875 0.6361111111111111 0.4703125 0.6277777777777778 0.4661458333333333 0.6268518518518519 0.46510416666666665 0.6296296296296297 0.4640625 0.6694444444444444 0.465625 0.675
3 0.509375 0.6046296296296296 0.5125 0.5953703703703703 0.5098958333333333 0.575925925925926 0.5067708333333333 0.5731481481481482 0.503125 0.575925925925926 0.5041666666666667 0.6027777777777777 0.509375 0.6046296296296296
5 0.4786458333333333 0.6768518518518518 0.48125 0.6703703703703704 0.48072916666666665 0.6342592592592593 0.4796875 0.6305555555555555 0.4765625 0.6305555555555555 0.4739583333333333 0.637962962962963 0.4734375 0.6731481481481482 0.4786458333333333 0.6768518518518518
5 0.43125 0.6722222222222223 0.4348958333333333 0.6666666666666666 0.43802083333333336 0.6425925925925926 0.43645833333333334 0.625 0.43333333333333335 0.625 0.4296875 0.6342592592592593 0.42864583333333334 0.6537037037037037 0.43125 0.6722222222222223
4 0.55625 0.6833333333333333 0.5588541666666667 0.675 0.5583333333333333 0.637962962962963 0.55625 0.6351851851851852 0.5515625 0.637962962962963 0.5494791666666666 0.649074074074074 0.5505208333333333 0.6805555555555556 0.55625 0.6833333333333333
4 0.484375 0.675 0.4869791666666667 0.6722222222222223 0.4890625 0.6620370370370371 0.4901041666666667 0.6425925925925926 0.4859375 0.6287037037037037 0.48020833333333335 0.6342592592592593 0.48072916666666665 0.6731481481481482 0.484375 0.675
5 0.4890625 0.6722222222222223 0.49375 0.6759259259259259 0.4947916666666667 0.6425925925925926 0.4895833333333333 0.6361111111111111 0.48802083333333335 0.637962962962963 0.4890625 0.6722222222222223
3 0.4161458333333333 0.7361111111111112 0.42083333333333334 0.7055555555555556 0.42135416666666664 0.6898148148148148 0.4161458333333333 0.6759259259259259 0.40989583333333335 0.6861111111111111 0.4078125 0.700925925925926 0.4083333333333333 0.7398148148148148 0.4161458333333333 0.7361111111111112
4 0.971875 0.674074074074074 0.975 0.6768518518518518 0.9786458333333333 0.6685185185185185 0.9828125 0.6462962962962963 0.9786458333333333 0.6333333333333333 0.975 0.6361111111111111 0.9729166666666667 0.6444444444444445 0.9739583333333334 0.662962962962963 0.971875 0.674074074074074