4 0.20572916666666666 0.8768518518518519 0.20885416666666667 0.8851851851851852 0.21770833333333334 0.8657407407407407 0.22760416666666666 0.8601851851851852 0.2328125 0.8611111111111112 0.23072916666666668 0.8472222222222222 0.23229166666666667 0.8398148148148148 0.228125 0.8222222222222222 0.22760416666666666 0.8074074074074075 0.225 0.8018518518518518 0.22135416666666666 0.8027777777777778 0.21354166666666666 0.8157407407407408 0.20989583333333334 0.8324074074074074 0.21197916666666666 0.8611111111111112 0.20572916666666666 0.8768518518518519
4 0.35104166666666664 0.6935185185185185 0.3494791666666667 0.7083333333333334 0.34427083333333336 0.7240740740740741 0.3453125 0.7268518518518519 0.3494791666666667 0.725925925925926 0.35625 0.7148148148148148 0.3651041666666667 0.7212962962962963 0.36302083333333335 0.6703703703703704 0.3572916666666667 0.6574074074074074 0.353125 0.6574074074074074 0.3463541666666667 0.6768518518518518 0.3489583333333333 0.6796296296296296 0.35104166666666664 0.6935185185185185
4 0.2 0.649074074074074 0.2046875 0.6611111111111111 0.20208333333333334 0.6851851851851852 0.20520833333333333 0.6888888888888889 0.21354166666666666 0.6722222222222223 0.2203125 0.6851851851851852 0.221875 0.6842592592592592 0.22291666666666668 0.674074074074074 0.215625 0.6648148148148149 0.21354166666666666 0.6564814814814814 0.21510416666666668 0.6462962962962963 0.21197916666666666 0.6305555555555555 0.2046875 0.6194444444444445 0.2015625 0.6240740740740741 0.19947916666666668 0.6351851851851852 0.2 0.649074074074074
5 0.8859375 0.7092592592592593 0.8895833333333333 0.6935185185185185 0.8869791666666667 0.6675925925925926 0.8807291666666667 0.6481481481481481 0.8776041666666666 0.6444444444444445 0.875 0.6462962962962963 0.8802083333333334 0.7092592592592593 0.8859375 0.7092592592592593
5 0.6557291666666667 0.7694444444444445 0.6557291666666667 0.7953703703703704 0.6630208333333333 0.8194444444444444 0.6651041666666667 0.8222222222222222 0.6708333333333333 0.8194444444444444 0.6744791666666666 0.8305555555555556 0.678125 0.8212962962962963 0.6692708333333334 0.7953703703703704 0.66875 0.7731481481481481 0.671875 0.7601851851851852 0.6635416666666667 0.7444444444444445 0.6614583333333334 0.7351851851851852 0.6578125 0.7342592592592593 0.6557291666666667 0.7398148148148148 0.653125 0.7648148148148148 0.6557291666666667 0.7694444444444445
5 0.48854166666666665 0.6231481481481481 0.49322916666666666 0.649074074074074 0.496875 0.649074074074074 0.5010416666666667 0.637962962962963 0.4973958333333333 0.6296296296296297 0.49635416666666665 0.6148148148148148 0.4901041666666667 0.6 0.48541666666666666 0.6 0.48385416666666664 0.6185185185185185 0.48854166666666665 0.6231481481481481
4 0.3932291666666667 0.600925925925926 0.3958333333333333 0.5990740740740741 0.39479166666666665 0.562962962962963 0.390625 0.5537037037037037 0.38697916666666665 0.5546296296296296 0.3854166666666667 0.587037037037037 0.3932291666666667 0.600925925925926
5 0.8322916666666667 0.6657407407407407 0.8375 0.6657407407407407 0.8390625 0.6574074074074074 0.8427083333333333 0.6555555555555556 0.8494791666666667 0.6620370370370371 0.8510416666666667 0.6574074074074074 0.846875 0.6444444444444445 0.8411458333333334 0.6111111111111112 0.8369791666666667 0.6111111111111112 0.8338541666666667 0.6305555555555555 0.8364583333333333 0.637962962962963 0.8322916666666667 0.6657407407407407
5 0.8911458333333333 0.7148148148148148 0.8942708333333333 0.7268518518518519 0.8911458333333333 0.7361111111111112 0.8916666666666667 0.7472222222222222 0.8942708333333333 0.7518518518518519 0.8953125 0.762962962962963 0.9078125 0.7648148148148148 0.9098958333333333 0.7592592592592593 0.9020833333333333 0.7398148148148148 0.90625 0.7083333333333334 0.9 0.6851851851851852 0.8916666666666667 0.6925925925925925 0.89375 0.7083333333333334 0.8911458333333333 0.7148148148148148
4 0.6932291666666667 0.5805555555555556 0.696875 0.5842592592592593 0.7010416666666667 0.5731481481481482 0.6989583333333333 0.549074074074074 0.69375 0.5370370370370371 0.6901041666666666 0.5435185185185185 0.6911458333333333 0.5685185185185185 0.6932291666666667 0.5805555555555556
4 0.853125 0.6777777777777778 0.85 0.6925925925925925 0.8541666666666666 0.6953703703703704 0.8609375 0.7231481481481481 0.8598958333333333 0.7277777777777777 0.865625 0.7305555555555555 0.8677083333333333 0.7277777777777777 0.8677083333333333 0.7203703703703703 0.865625 0.6972222222222222 0.8666666666666667 0.6851851851851852 0.8640625 0.6703703703703704 0.8572916666666667 0.6564814814814814 0.85 0.6601851851851852 0.8489583333333334 0.662962962962963 0.853125 0.6777777777777778
4 0.7416666666666667 0.6703703703703704 0.7463541666666667 0.6564814814814814 0.75 0.6537037037037037 0.746875 0.649074074074074 0.7427083333333333 0.6231481481481481 0.7385416666666667 0.6157407407407407 0.734375 0.6148148148148148 0.7380208333333333 0.6694444444444444 0.7416666666666667 0.6703703703703704
4 0.09479166666666666 0.7518518518518519 0.09166666666666666 0.7703703703703704 0.09375 0.7814814814814814 0.09947916666666666 0.7907407407407407 0.103125 0.7898148148148149 0.1046875 0.7851851851851852 0.1125 0.7861111111111111 0.11927083333333334 0.8009259259259259 0.12083333333333333 0.7898148148148149 0.11354166666666667 0.774074074074074 0.10364583333333334 0.7351851851851852 0.09635416666666667 0.725925925925926 0.0921875 0.7324074074074074 0.09166666666666666 0.7425925925925926 0.09479166666666666 0.7518518518518519
4 0.7015625 0.8944444444444445 0.7005208333333334 0.9111111111111111 0.6958333333333333 0.9268518518518518 0.7010416666666667 0.9287037037037037 0.7078125 0.9222222222222223 0.7151041666666667 0.9046296296296297 0.7192708333333333 0.8638888888888889 0.7135416666666666 0.8453703703703703 0.7083333333333334 0.8444444444444444 0.7010416666666667 0.8527777777777777 0.6984375 0.8712962962962963 0.6984375 0.8814814814814815 0.7015625 0.8944444444444445
3 0.6578125 0.6796296296296296 0.65625 0.7166666666666667 0.6541666666666667 0.7203703703703703 0.6578125 0.725 0.6645833333333333 0.7037037037037037 0.6828125 0.7037037037037037 0.68125 0.6990740740740741 0.66875 0.6907407407407408 0.66875 0.6722222222222223 0.665625 0.6601851851851852 0.6578125 0.65 0.6541666666666667 0.65 0.6536458333333334 0.6583333333333333 0.6578125 0.6796296296296296
3 0.3046875 0.5444444444444444 0.30104166666666665 0.5291666666666667 0.3026041666666667 0.5166666666666667 0.2994791666666667 0.5046296296296297 0.29322916666666665 0.5009259259259259 0.2890625 0.5092592592592593 0.2911458333333333 0.5444444444444444 0.3046875 0.5444444444444444
4 0.47708333333333336 0.8324074074074074 0.47708333333333336 0.8064814814814815 0.4828125 0.8037037037037037 0.4984375 0.8351851851851851 0.5 0.825 0.4901041666666667 0.8027777777777778 0.4859375 0.7722222222222223 0.4796875 0.7509259259259259 0.475 0.7490740740740741 0.47291666666666665 0.7537037037037037 0.46979166666666666 0.8333333333333334 0.47708333333333336 0.8324074074074074
0 0.44479166666666664 0.9055555555555556 0.4546875 0.9037037037037037 0.45364583333333336 0.8907407407407407 0.4510416666666667 0.8851851851851852 0.44375 0.8925925925925926 0.4427083333333333 0.9009259259259259 0.44479166666666664 0.9055555555555556
5 0.6395833333333333 0.7481481481481481 0.6390625 0.6944444444444444 0.6322916666666667 0.6731481481481482 0.6291666666666667 0.6768518518518518 0.6270833333333333 0.7074074074074074 0.6265625 0.7481481481481481 0.6395833333333333 0.7481481481481481
5 0.6833333333333333 0.8462962962962963 0.6875 0.8629629629629629 0.6901041666666666 0.8972222222222223 0.6921875 0.9018518518518519 0.6958333333333333 0.9018518518518519 0.6979166666666666 0.899074074074074 0.6979166666666666 0.8638888888888889 0.7026041666666667 0.8490740740740741 0.703125 0.8388888888888889 0.6932291666666667 0.8046296296296296 0.6880208333333333 0.8055555555555556 0.6822916666666666 0.8287037037037037 0.68125 0.8453703703703703 0.6833333333333333 0.8462962962962963
5 0.12447916666666667 0.7870370370370371 0.1234375 0.7962962962962963 0.1314234375 0.8114194444444445 0.134375 0.825 0.140625 0.8231481481481482 0.1453125 0.8046296296296296 0.14322916666666666 0.799074074074074 0.13697916666666668 0.7953703703703704 0.13645833333333332 0.7648148148148148 0.1265625 0.7444444444444445 0.12291666666666666 0.7453703703703703 0.12083333333333333 0.7592592592592593 0.11927083333333334 0.7787037037037037 0.12447916666666667 0.7870370370370371
5 0.5958333333333333 0.6592592592592592 0.596875 0.6805555555555556 0.6020833333333333 0.6814814814814815 0.6036458333333333 0.6759259259259259 0.6104166666666667 0.6731481481481482 0.6125 0.6814814814814815 0.615625 0.6814814814814815 0.6166666666666667 0.674074074074074 0.6020833333333333 0.6268518518518519 0.5989583333333334 0.6185185185185185 0.5947916666666667 0.6185185185185185 0.5973958333333333 0.6435185185185185 0.5958333333333333 0.6592592592592592
5 0.4484375 0.9037037037037037 0.45729166666666665 0.9 0.4671875 0.9027777777777778 0.46875 0.9 0.4635416666666667 0.8694444444444445 0.46822916666666664 0.8564814814814815 0.46927083333333336 0.8240740740740741 0.4640625 0.8009259259259259 0.459375 0.8027777777777778 0.4578125 0.8342592592592593 0.45208333333333334 0.8611111111111112 0.45 0.8842592592592593 0.44375 0.8962962962962963 0.44375 0.9009259259259259 0.4484375 0.9037037037037037
3 0.590625 0.5518518518518518 0.59375 0.5518518518518518 0.5958333333333333 0.549074074074074 0.59375 0.5398148148148149 0.5953125 0.5166666666666667 0.5916666666666667 0.5064814814814815 0.5869791666666667 0.5166666666666667 0.5890625 0.5472222222222223 0.590625 0.5518518518518518