4 0.09114583333333333 0.7722222222222223 0.09010416666666667 0.7944444444444444 0.09114583333333333 0.799074074074074 0.09375 0.799074074074074 0.096875 0.7925925925925926 0.1 0.7592592592592593 0.10520833333333333 0.7509259259259259 0.10104166666666667 0.7361111111111112 0.09947916666666666 0.7203703703703703 0.09479166666666666 0.7203703703703703 0.0890625 0.7388888888888889 0.08802083333333334 0.7592592592592593 0.09114583333333333 0.7722222222222223
5 0.19375 0.837037037037037 0.19791666666666666 0.8425925925925926 0.19947916666666668 0.85 0.19791666666666666 0.8805555555555555 0.20104166666666667 0.8842592592592593 0.2046875 0.8833333333333333 0.20677083333333332 0.8777777777777778 0.20520833333333333 0.8685185185185185 0.20677083333333332 0.85 0.2125 0.8379629629629629 0.20625 0.7962962962962963 0.2015625 0.7944444444444444 0.19427083333333334 0.8138888888888889 0.1890625 0.8379629629629629 0.19375 0.837037037037037
4 0.5838541666666667 0.8 0.5875 0.7953703703703704 0.5942708333333333 0.7388888888888889 0.5885416666666666 0.7212962962962963 0.5796875 0.7388888888888889 0.58125 0.7953703703703704 0.5838541666666667 0.8
5 0.3776041666666667 0.6407407407407407 0.384375 0.65 0.3875 0.649074074074074 0.38125 0.6314814814814815 0.378125 0.6111111111111112 0.37552083333333336 0.6111111111111112 0.36822916666666666 0.6231481481481481 0.36875 0.6481481481481481 0.3776041666666667 0.6407407407407407
5 0.7427083333333333 0.65 0.7447916666666666 0.6537037037037037 0.755428125 0.6388574074074074 0.7572916666666667 0.6527777777777778 0.765625 0.6296296296296297 0.7598958333333333 0.6092592592592593 0.7546875 0.6166666666666667 0.75 0.6361111111111111 0.7427083333333333 0.65
4 0.34375 0.6277777777777778 0.34322916666666664 0.6324074074074074 0.3453125 0.6361111111111111 0.35104166666666664 0.6333333333333333 0.353125 0.6388888888888888 0.3572916666666667 0.6407407407407407 0.3567708333333333 0.5916666666666667 0.353125 0.5907407407407408 0.35 0.5990740740740741 0.346875 0.625 0.34375 0.6277777777777778
5 0.93125 0.7175925925925926 0.9322916666666666 0.712037037037037 0.928125 0.6953703703703704 0.9276041666666667 0.6694444444444444 0.9234375 0.6564814814814814 0.9192708333333334 0.6592592592592592 0.91875 0.7166666666666667 0.93125 0.7175925925925926
4 0.24635416666666668 0.6574074074074074 0.24895833333333334 0.6620370370370371 0.2557291666666667 0.6620370370370371 0.2578125 0.6277777777777778 0.2552083333333333 0.6064814814814815 0.25104166666666666 0.6083333333333333 0.24791666666666667 0.6277777777777778 0.2484375 0.6462962962962963 0.24635416666666668 0.6574074074074074
4 0.43125 0.625 0.43385416666666665 0.6185185185185185 0.43333333333333335 0.5833333333333334 0.428125 0.5814814814814815 0.4244791666666667 0.5898148148148148 0.42135416666666664 0.6222222222222222 0.43125 0.625
5 0.8140625 0.7981481481481482 0.8197916666666667 0.7925925925925926 0.8255208333333334 0.7509259259259259 0.8192708333333333 0.7324074074074074 0.8166666666666667 0.7342592592592593 0.8119791666666667 0.7481481481481481 0.8114583333333333 0.7953703703703704 0.8140625 0.7981481481481482
4 0.6635416666666667 0.7027777777777777 0.665625 0.7064814814814815 0.6739583333333333 0.7064814814814815 0.6796875 0.6925925925925925 0.6796875 0.6592592592592592 0.6734375 0.6472222222222223 0.6661458333333333 0.6638888888888889 0.6671875 0.6842592592592592 0.6635416666666667 0.7027777777777777
4 0.6791666666666667 0.65 0.68125 0.6583333333333333 0.6864583333333333 0.6583333333333333 0.690625 0.65 0.6890625 0.6305555555555555 0.6854166666666667 0.6157407407407407 0.6807291666666667 0.6157407407407407 0.678125 0.6268518518518519 0.6791666666666667 0.65
5 0.4546875 0.6675925925925926 0.4625 0.6657407407407407 0.4630208333333333 0.6370370370370371 0.459375 0.6166666666666667 0.4546875 0.6157407407407407 0.4505208333333333 0.6314814814814815 0.45 0.6601851851851852 0.4546875 0.6675925925925926
4 0.43333333333333335 0.7194444444444444 0.4359375 0.7222222222222222 0.4390625 0.7148148148148148 0.44479166666666664 0.6768518518518518 0.4390625 0.6546296296296297 0.4348958333333333 0.6564814814814814 0.4317708333333333 0.662962962962963 0.4322916666666667 0.7083333333333334 0.43333333333333335 0.7194444444444444
4 0.17760416666666667 0.7074074074074074 0.1796875 0.7046296296296296 0.18177083333333333 0.6796296296296296 0.18072916666666666 0.6537037037037037 0.1765625 0.6453703703703704 0.1703125 0.6555555555555556 0.16979166666666667 0.7046296296296296 0.17760416666666667 0.7074074074074074
3 0.6270833333333333 0.6092592592592593 0.6338541666666667 0.5898148148148148 0.6348958333333333 0.5601851851851852 0.63125 0.5537037037037037 0.6255208333333333 0.5592592592592592 0.6229166666666667 0.5953703703703703 0.6223958333333334 0.6074074074074074 0.6270833333333333 0.6092592592592593
3 0.4078125 0.7231481481481481 0.4109375 0.7157407407407408 0.41770833333333335 0.6796296296296296 0.4125 0.6555555555555556 0.40989583333333335 0.6564814814814814 0.4041666666666667 0.6685185185185185 0.4041666666666667 0.7175925925925926 0.4078125 0.7231481481481481
5 0.4630208333333333 0.6083333333333333 0.46770833333333334 0.6101851851851852 0.471875 0.6018518518518519 0.47604166666666664 0.575925925925926 0.46927083333333336 0.5731481481481482 0.465625 0.5796296296296296 0.4661458333333333 0.5935185185185186 0.4630208333333333 0.6083333333333333
5 0.4588541666666667 0.6972222222222222 0.46197916666666666 0.7166666666666667 0.459375 0.7314814814814815 0.4625 0.7342592592592593 0.46510416666666665 0.7314814814814815 0.4734375 0.6981481481481482 0.46927083333333336 0.6712962962962963 0.4661458333333333 0.6666666666666666 0.4625 0.6694444444444444 0.4640625 0.6722222222222223 0.4588541666666667 0.6972222222222222
3 0.3182291666666667 0.600925925925926 0.3260416666666667 0.5990740740740741 0.3255208333333333 0.5685185185185185 0.3223958333333333 0.5601851851851852 0.31666666666666665 0.562037037037037 0.3171875 0.5981481481481481 0.3182291666666667 0.600925925925926
4 0.43854166666666666 0.6620370370370371 0.4432291666666667 0.6462962962962963 0.44114583333333335 0.625 0.4354166666666667 0.6194444444444445 0.43125 0.6231481481481481 0.43125 0.6611111111111111 0.43854166666666666 0.6620370370370371
5 0.19635416666666666 0.6888888888888889 0.196875 0.7055555555555556 0.2015625 0.7101851851851851 0.20729166666666668 0.6768518518518518 0.20625 0.6564814814814814 0.20364583333333333 0.6462962962962963 0.2015625 0.6425925925925926 0.19895833333333332 0.6435185185185185 0.19270833333333334 0.6611111111111111 0.1921875 0.6768518518518518 0.19635416666666666 0.6888888888888889
0 0.7479166666666667 0.6555555555555556 0.7505208333333333 0.6537037037037037 0.7515625 0.6453703703703704 0.7479166666666667 0.6425925925925926 0.7432291666666667 0.6481481481481481 0.7442708333333333 0.6537037037037037 0.7479166666666667 0.6555555555555556