5 0.9338541666666667 0.7842592592592592 0.9390625 0.7870370370370371 0.9416666666666667 0.7805555555555556 0.9546875 0.787962962962963 0.95625 0.7814814814814814 0.953125 0.725 0.9484375 0.7092592592592593 0.9458333333333333 0.7083333333333334 0.9432291666666667 0.7138888888888889 0.9385416666666667 0.7703703703703704 0.9338541666666667 0.7842592592592592
3 0.39791666666666664 0.7611111111111111 0.4 0.7592592592592593 0.4005208333333333 0.7314814814814815 0.40520833333333334 0.6962962962962963 0.3963541666666667 0.6777777777777778 0.39010416666666664 0.6916666666666667 0.39010416666666664 0.7583333333333333 0.39791666666666664 0.7611111111111111
5 0.6932291666666667 0.7916666666666666 0.6911458333333333 0.8268518518518518 0.6869791666666667 0.8342592592592593 0.6895833333333333 0.8379629629629629 0.6958333333333333 0.837037037037037 0.696875 0.8333333333333334 0.7067708333333333 0.8333333333333334 0.7088541666666667 0.8379629629629629 0.7125 0.8361111111111111 0.7145833333333333 0.8296296296296296 0.7046875 0.8 0.7046875 0.7703703703703704 0.6973958333333333 0.7472222222222222 0.6921875 0.75 0.6911458333333333 0.7824074074074074 0.6932291666666667 0.7916666666666666
5 0.4161458333333333 0.837037037037037 0.4192708333333333 0.837037037037037 0.421875 0.8324074074074074 0.42291666666666666 0.8148148148148148 0.4296875 0.7953703703703704 0.4296875 0.7824074074074074 0.4203125 0.7601851851851852 0.4171875 0.762962962962963 0.4161458333333333 0.7787037037037037 0.4125 0.7907407407407407 0.4114583333333333 0.8305555555555556 0.4161458333333333 0.837037037037037
4 0.659375 0.7833333333333333 0.6640625 0.8185185185185185 0.6619791666666667 0.825925925925926 0.6682291666666667 0.8277777777777777 0.6734375 0.8203703703703704 0.6708333333333333 0.8037037037037037 0.6734375 0.7712962962962963 0.6682291666666667 0.7472222222222222 0.6661458333333333 0.7435185185185185 0.6625 0.7435185185185185 0.6609375 0.7472222222222222 0.6614583333333334 0.7712962962962963 0.659375 0.7833333333333333
4 0.23645833333333333 0.8537037037037037 0.23958333333333334 0.8574074074074074 0.24583333333333332 0.8555555555555555 0.24791666666666667 0.8648148148148148 0.2546875 0.8648148148148148 0.25833333333333336 0.8453703703703703 0.25833333333333336 0.8277777777777777 0.2604166666666667 0.825925925925926 0.2578125 0.8166666666666667 0.25677083333333334 0.7842592592592592 0.2515625 0.7833333333333333 0.2453125 0.8046296296296296 0.2390625 0.8138888888888889 0.240625 0.8481481481481481 0.23645833333333333 0.8537037037037037
4 0.33645833333333336 0.7203703703703703 0.33697916666666666 0.7407407407407407 0.334375 0.7518518518518519 0.3390625 0.7537037037037037 0.3453125 0.7481481481481481 0.34427083333333336 0.7277777777777777 0.34739583333333335 0.7203703703703703 0.3489583333333333 0.6962962962962963 0.3416666666666667 0.6777777777777778 0.3338541666666667 0.6962962962962963 0.3296875 0.7148148148148148 0.33645833333333336 0.7203703703703703
5 0.4890625 0.7379629629629629 0.4901041666666667 0.6842592592592592 0.4859375 0.6666666666666666 0.48125 0.6657407407407407 0.47708333333333336 0.6824074074074075 0.47760416666666666 0.737037037037037 0.4890625 0.7379629629629629
5 0.334375 0.8731481481481481 0.3328125 0.912962962962963 0.33958333333333335 0.912962962962963 0.346875 0.9037037037037037 0.3494791666666667 0.9138888888888889 0.3536458333333333 0.9120370370370371 0.35572916666666665 0.9074074074074074 0.35 0.8722222222222222 0.35052083333333334 0.8527777777777777 0.3536458333333333 0.8416666666666667 0.3416666666666667 0.8055555555555556 0.3375 0.8064814814814815 0.3260416666666667 0.8490740740740741 0.3260416666666667 0.8564814814814815 0.334375 0.8731481481481481
4 0.28489583333333335 0.8888888888888888 0.2869791666666667 0.8907407407407407 0.28854166666666664 0.887962962962963 0.28958333333333336 0.875 0.28802083333333334 0.8685185185185185 0.29322916666666665 0.8611111111111112 0.29635416666666664 0.8638888888888889 0.3015625 0.8861111111111111 0.3046875 0.8861111111111111 0.30520833333333336 0.8759259259259259 0.2994791666666667 0.85 0.2994791666666667 0.8333333333333334 0.30364583333333334 0.8212962962962963 0.29739583333333336 0.8009259259259259 0.2921875 0.8037037037037037 0.2869791666666667 0.8148148148148148 0.2833333333333333 0.8305555555555556 0.28125 0.8722222222222222 0.28489583333333335 0.8888888888888888
3 0.5734375 0.5712962962962963 0.575 0.5685185185185185 0.5765625 0.5333333333333333 0.5729166666666666 0.524074074074074 0.5677083333333334 0.5314814814814814 0.5677083333333334 0.5675925925925925 0.5734375 0.5712962962962963
0 0.3151041666666667 0.8472222222222222 0.3177083333333333 0.8490740740740741 0.3223958333333333 0.8416666666666667 0.32447916666666665 0.8296296296296296 0.3182291666666667 0.8203703703703704 0.3145833333333333 0.8222222222222222 0.31354166666666666 0.8388888888888889 0.3151041666666667 0.8472222222222222
5 0.5244791666666667 0.6111111111111112 0.5276041666666667 0.6416666666666667 0.5302083333333333 0.6425925925925926 0.5348958333333333 0.6231481481481481 0.5364583333333334 0.5990740740740741 0.5328125 0.5888888888888889 0.528125 0.5916666666666667 0.5244791666666667 0.6027777777777777 0.5244791666666667 0.6111111111111112
3 0.31979166666666664 0.5638888888888889 0.32916666666666666 0.5648148148148148 0.32916666666666666 0.5361111111111111 0.3260416666666667 0.524074074074074 0.31927083333333334 0.5259259259259259 0.3182291666666667 0.5296296296296297 0.3177083333333333 0.55 0.31979166666666664 0.5638888888888889
4 0.18854166666666666 0.675 0.18958333333333333 0.7 0.20104166666666667 0.7 0.2015625 0.6611111111111111 0.19895833333333332 0.6425925925925926 0.19270833333333334 0.6324074074074074 0.18541666666666667 0.6518518518518519 0.184375 0.6666666666666666 0.18854166666666666 0.675
4 0.5171875 0.6462962962962963 0.5192708333333333 0.6435185185185185 0.5239583333333333 0.6157407407407407 0.5239583333333333 0.6018518518518519 0.5208333333333334 0.5907407407407408 0.5166666666666667 0.5898148148148148 0.5114583333333333 0.612037037037037 0.5135416666666667 0.6425925925925926 0.5171875 0.6462962962962963
4 0.09166666666666666 0.7231481481481481 0.09114583333333333 0.7555555555555555 0.09427083333333333 0.7555555555555555 0.09635416666666667 0.7490740740740741 0.10729166666666666 0.7564814814814815 0.1109375 0.7555555555555555 0.1109375 0.7398148148148148 0.10677083333333333 0.7148148148148148 0.1078125 0.6972222222222222 0.103125 0.6796296296296296 0.09895833333333333 0.6768518518518518 0.09166666666666666 0.6944444444444444 0.08958333333333333 0.712037037037037 0.09166666666666666 0.7231481481481481
4 0.3515625 0.862037037037037 0.35625 0.8861111111111111 0.3546875 0.8916666666666667 0.3572916666666667 0.8962962962962963 0.36302083333333335 0.8888888888888888 0.3619791666666667 0.8685185185185185 0.36666666666666664 0.8324074074074074 0.3651041666666667 0.8157407407407408 0.359375 0.799074074074074 0.3578125 0.7962962962962963 0.353125 0.7981481481481482 0.35052083333333334 0.8203703703703704 0.3515625 0.862037037037037
5 0.21614583333333334 0.7101851851851851 0.225 0.7092592592592593 0.22552083333333334 0.6814814814814815 0.22708333333333333 0.6777777777777778 0.225 0.6537037037037037 0.21927083333333333 0.6435185185185185 0.21354166666666666 0.6574074074074074 0.21458333333333332 0.7074074074074074 0.21614583333333334 0.7101851851851851
5 0.30364583333333334 0.8268518518518518 0.3109375 0.8361111111111111 0.31145833333333334 0.8648148148148148 0.3177083333333333 0.8666666666666667 0.3177083333333333 0.8472222222222222 0.3203125 0.8342592592592593 0.3151041666666667 0.812962962962963 0.315625 0.7972222222222223 0.3104166666666667 0.7805555555555556 0.30625 0.7824074074074074 0.29739583333333336 0.8046296296296296 0.30364583333333334 0.8268518518518518
4 0.240625 0.8092592592592592 0.2453125 0.8037037037037037 0.2520833333333333 0.7805555555555556 0.2515625 0.7490740740740741 0.25 0.7453703703703703 0.24791666666666667 0.7435185185185185 0.24479166666666666 0.7472222222222222 0.23645833333333333 0.7759259259259259 0.23645833333333333 0.8083333333333333 0.240625 0.8092592592592592