5 0.8833333333333333 0.7083333333333334 0.8890625 0.7111111111111111 0.8911458333333333 0.7092592592592593 0.89375 0.6953703703703704 0.9 0.6953703703703704 0.9057291666666667 0.7101851851851851 0.909375 0.712037037037037 0.9109375 0.700925925925926 0.9041666666666667 0.6898148148148148 0.8989583333333333 0.6546296296296297 0.8947916666666667 0.6398148148148148 0.8916666666666667 0.6370370370370371 0.8885416666666667 0.6453703703703704 0.890625 0.6601851851851852 0.8833333333333333 0.7083333333333334
4 0.5578125 0.7444444444444445 0.553125 0.7481481481481481 0.5604166666666667 0.75 0.5682291666666667 0.7361111111111112 0.5734375 0.7462962962962963 0.5723958333333333 0.7546296296296297 0.5760416666666667 0.7555555555555555 0.5817708333333333 0.7268518518518519 0.5817708333333333 0.712037037037037 0.5770833333333333 0.6972222222222222 0.571875 0.6916666666666667 0.5677083333333334 0.6944444444444444 0.5677083333333334 0.7212962962962963 0.5578125 0.7444444444444445
5 0.2234375 0.6398148148148148 0.22916666666666666 0.6037037037037037 0.22239583333333332 0.5768518518518518 0.21875 0.5787037037037037 0.21510416666666668 0.5972222222222222 0.2125 0.6398148148148148 0.2234375 0.6398148148148148
5 0.47552083333333334 0.7509259259259259 0.47708333333333336 0.7583333333333333 0.48072916666666665 0.7601851851851852 0.4864583333333333 0.7592592592592593 0.49895833333333334 0.7324074074074074 0.4947916666666667 0.7083333333333334 0.4947916666666667 0.6916666666666667 0.4901041666666667 0.6916666666666667 0.4822916666666667 0.7046296296296296 0.4796875 0.7462962962962963 0.47552083333333334 0.7509259259259259
4 0.08125 0.6768518518518518 0.08385416666666666 0.6824074074074075 0.0875 0.6833333333333333 0.09010416666666667 0.6796296296296296 0.09010416666666667 0.6703703703703704 0.09427083333333333 0.6537037037037037 0.0953125 0.6055555555555555 0.09166666666666666 0.6046296296296296 0.08645833333333333 0.6175925925925926 0.08385416666666666 0.637962962962963 0.0859375 0.6592592592592592 0.08125 0.6768518518518518
4 0.33125 0.6805555555555556 0.3333333333333333 0.6888888888888889 0.3458333333333333 0.6861111111111111 0.3515625 0.6759259259259259 0.3567708333333333 0.6472222222222223 0.3578125 0.625 0.353125 0.6240740740740741 0.3421875 0.65 0.34010416666666665 0.6675925925925926 0.33125 0.6805555555555556
5 0.5140625 0.637962962962963 0.515625 0.6638888888888889 0.5213541666666667 0.6685185185185185 0.5239583333333333 0.662962962962963 0.5234375 0.6453703703703704 0.5260416666666666 0.6222222222222222 0.5255208333333333 0.6101851851851852 0.5213541666666667 0.5972222222222222 0.5171875 0.5981481481481481 0.5114583333333333 0.6175925925925926 0.5109375 0.6277777777777778 0.5140625 0.637962962962963
5 0.28177083333333336 0.7777777777777778 0.28854166666666664 0.7935185185185185 0.28854166666666664 0.8333333333333334 0.2953125 0.8342592592592593 0.2989583333333333 0.7898148148148149 0.30625 0.7805555555555556 0.3067708333333333 0.774074074074074 0.3046875 0.7564814814814815 0.296875 0.7277777777777777 0.290625 0.725925925925926 0.2875 0.7324074074074074 0.2791666666666667 0.7675925925925926 0.2791666666666667 0.7768518518518519 0.28177083333333336 0.7777777777777778
3 0.38333333333333336 0.6592592592592592 0.38645833333333335 0.6888888888888889 0.3885416666666667 0.6916666666666667 0.390625 0.6888888888888889 0.390625 0.6777777777777778 0.3958333333333333 0.6509259259259259 0.39427083333333335 0.6231481481481481 0.39166666666666666 0.6111111111111112 0.3880208333333333 0.6083333333333333 0.3807291666666667 0.625 0.3796875 0.6537037037037037 0.38333333333333336 0.6592592592592592
4 0.1953125 0.7361111111111112 0.19895833333333332 0.7472222222222222 0.20052083333333334 0.774074074074074 0.2046875 0.7768518518518519 0.21145833333333333 0.762962962962963 0.21614583333333334 0.7314814814814815 0.20520833333333333 0.7083333333333334 0.20104166666666667 0.7083333333333334 0.190625 0.7277777777777777 0.18958333333333333 0.7324074074074074 0.1953125 0.7361111111111112
5 0.35833333333333334 0.7537037037037037 0.35260416666666666 0.7759259259259259 0.35208333333333336 0.7861111111111111 0.3572916666666667 0.7870370370370371 0.359375 0.775 0.365625 0.775 0.36614583333333334 0.7824074074074074 0.3703125 0.7833333333333333 0.371875 0.7787037037037037 0.36822916666666666 0.7601851851851852 0.36822916666666666 0.7351851851851852 0.3703125 0.7287037037037037 0.3671875 0.6972222222222222 0.3619791666666667 0.6981481481481482 0.353125 0.737037037037037 0.353125 0.7435185185185185 0.35833333333333334 0.7537037037037037
5 0.6390625 0.7722222222222223 0.6515625 0.7638888888888888 0.6463541666666667 0.7435185185185185 0.6510416666666666 0.7342592592592593 0.6520833333333333 0.7231481481481481 0.6421875 0.6916666666666667 0.6395833333333333 0.687962962962963 0.6359375 0.6907407407407408 0.6369791666666667 0.7675925925925926 0.6390625 0.7722222222222223
4 0.2755208333333333 0.7416666666666667 0.28177083333333336 0.7240740740740741 0.2911458333333333 0.725 0.29270833333333335 0.6851851851851852 0.290625 0.6574074074074074 0.2869791666666667 0.6583333333333333 0.2833333333333333 0.6694444444444444 0.2786458333333333 0.6925925925925925 0.27760416666666665 0.7129629629629629 0.2734375 0.7277777777777777 0.27291666666666664 0.7361111111111112 0.2755208333333333 0.7416666666666667
4 0.20104166666666667 0.6305555555555555 0.20416666666666666 0.6268518518518519 0.2015625 0.5638888888888889 0.196875 0.5638888888888889 0.19375 0.575925925925926 0.19270833333333334 0.6287037037037037 0.20104166666666667 0.6305555555555555
4 0.375 0.7944444444444444 0.37447916666666664 0.8083333333333333 0.38125 0.8101851851851852 0.3958333333333333 0.7592592592592593 0.39427083333333335 0.7185185185185186 0.3885416666666667 0.7175925925925926 0.3875 0.7240740740740741 0.3796875 0.7351851851851852 0.3776041666666667 0.7425925925925926 0.3807291666666667 0.775 0.375 0.7944444444444444
5 0.19479166666666667 0.837037037037037 0.20729166666666668 0.8398148148148148 0.21822916666666667 0.8018518518518518 0.2203125 0.7787037037037037 0.21666666666666667 0.7583333333333333 0.2125 0.7555555555555555 0.20833333333333334 0.7583333333333333 0.20104166666666667 0.775 0.20416666666666666 0.7953703703703704 0.19479166666666667 0.837037037037037
4 0.31354166666666666 0.7407407407407407 0.3171875 0.7638888888888888 0.321875 0.7666666666666667 0.32916666666666666 0.7638888888888888 0.31666666666666665 0.6833333333333333 0.3109375 0.6833333333333333 0.30520833333333336 0.700925925925926 0.3072916666666667 0.7277777777777777 0.31354166666666666 0.7407407407407407
4 0.5364583333333334 0.5805555555555556 0.5427083333333333 0.5694444444444444 0.5421875 0.5342592592592592 0.5364583333333334 0.5231481481481481 0.5322916666666667 0.524074074074074 0.5276041666666667 0.5342592592592592 0.5307291666666667 0.5787037037037037 0.5364583333333334 0.5805555555555556
0 0.5447916666666667 0.7722222222222223 0.5505208333333333 0.7675925925925926 0.546875 0.7574074074074074 0.5442708333333334 0.7574074074074074 0.5416666666666666 0.762962962962963 0.5411458333333333 0.7675925925925926 0.5447916666666667 0.7722222222222223
3 0.31979166666666664 0.4981481481481482 0.3260416666666667 0.5 0.32864583333333336 0.49722222222222223 0.32760416666666664 0.48703703703703705 0.3296875 0.47129629629629627 0.3255208333333333 0.45740740740740743 0.32135416666666666 0.45740740740740743 0.3182291666666667 0.4638888888888889 0.3177083333333333 0.48333333333333334 0.31979166666666664 0.4981481481481482
4 0.9322916666666666 0.7685185185185185 0.9364583333333333 0.7666666666666667 0.9395833333333333 0.7601851851851852 0.9338541666666667 0.7398148148148148 0.9359375 0.725 0.9354166666666667 0.6972222222222222 0.9317708333333333 0.6787037037037037 0.9260416666666667 0.6777777777777778 0.9270833333333334 0.7666666666666667 0.9322916666666666 0.7685185185185185
3 0.5671875 0.5018518518518519 0.5713541666666667 0.5046296296296297 0.5734375 0.5018518518518519 0.5755208333333334 0.48518518518518516 0.5755208333333334 0.46574074074074073 0.571875 0.45555555555555555 0.5666666666666667 0.46111111111111114 0.5651041666666666 0.475 0.5671875 0.5018518518518519
5 0.9109375 0.7675925925925926 0.9270833333333334 0.775 0.9307291666666667 0.7675925925925926 0.9291666666666667 0.7351851851851852 0.9270833333333334 0.7305555555555555 0.9333333333333333 0.7055555555555556 0.9302083333333333 0.6777777777777778 0.9265625 0.6768518518518518 0.9197916666666667 0.6861111111111111 0.9161458333333333 0.712037037037037 0.9177083333333333 0.7277777777777777 0.9109375 0.7675925925925926