4 0.3729166666666667 0.7685185185185185 0.38333333333333336 0.7555555555555555 0.3880208333333333 0.7675925925925926 0.3921875 0.7666666666666667 0.3953125 0.7527777777777778 0.3953125 0.7268518518518519 0.3921875 0.7138888888888889 0.3875 0.7157407407407408 0.38229166666666664 0.7240740740740741 0.3796875 0.7416666666666667 0.36822916666666666 0.7648148148148148 0.36875 0.7694444444444445 0.3729166666666667 0.7685185185185185
4 0.5692708333333333 0.8574074074074074 0.575 0.8814814814814815 0.5734375 0.887962962962963 0.5802083333333333 0.8898148148148148 0.5822916666666667 0.8861111111111111 0.5817708333333333 0.8796296296296297 0.5921875 0.8722222222222222 0.5927083333333333 0.8675925925925926 0.5880208333333333 0.862037037037037 0.5838541666666667 0.8231481481481482 0.5796875 0.8101851851851852 0.5765625 0.8046296296296296 0.5713541666666667 0.8101851851851852 0.5739583333333333 0.8425925925925926 0.5692708333333333 0.8574074074074074
5 0.7546875 0.887962962962963 0.7510416666666667 0.8953703703703704 0.7520833333333333 0.9009259259259259 0.7567708333333333 0.9018518518518519 0.7604166666666666 0.8972222222222223 0.7630208333333334 0.8740740740740741 0.7734375 0.8574074074074074 0.7713541666666667 0.8388888888888889 0.7635416666666667 0.8138888888888889 0.7588541666666667 0.8148148148148148 0.7588541666666667 0.8361111111111111 0.75625 0.8444444444444444 0.7515625 0.8490740740740741 0.7598958333333333 0.8527777777777777 0.7546875 0.887962962962963
4 0.39895833333333336 0.812962962962963 0.4041666666666667 0.8101851851851852 0.40625 0.8027777777777778 0.415625 0.812037037037037 0.4166666666666667 0.7907407407407407 0.42135416666666664 0.7814814814814814 0.42552083333333335 0.7824074074074074 0.42552083333333335 0.7768518518518519 0.41302083333333334 0.7407407407407407 0.4083333333333333 0.7444444444444445 0.4 0.7694444444444445 0.40208333333333335 0.7865740740740741 0.39895833333333336 0.812962962962963
5 0.7515625 0.6675925925925926 0.7557291666666667 0.6694444444444444 0.759375 0.6574074074074074 0.7713541666666667 0.662962962962963 0.771875 0.6546296296296297 0.7651041666666667 0.6462962962962963 0.7604166666666666 0.6166666666666667 0.7567708333333333 0.6148148148148148 0.7552083333333334 0.6203703703703703 0.7546875 0.6509259259259259 0.7515625 0.6675925925925926
4 0.7505208333333333 0.7518518518518519 0.7526041666666666 0.775 0.75625 0.7759259259259259 0.7609375 0.7657407407407407 0.7604166666666666 0.7537037037037037 0.7682291666666666 0.725 0.7630208333333334 0.7 0.7578125 0.6990740740740741 0.7494791666666667 0.7222222222222222 0.7520833333333333 0.7333333333333333 0.7505208333333333 0.7518518518518519
3 0.44375 0.700925925925926 0.4421875 0.7203703703703703 0.4510416666666667 0.7361111111111112 0.45364583333333336 0.7361111111111112 0.4578125 0.7435185185185185 0.46041666666666664 0.7425925925925926 0.4609375 0.7361111111111112 0.45364583333333336 0.7092592592592593 0.45364583333333336 0.6925925925925925 0.45625 0.6833333333333333 0.45260416666666664 0.6685185185185185 0.4510416666666667 0.6648148148148149 0.4473958333333333 0.6648148148148149 0.4390625 0.6805555555555556 0.4390625 0.6898148148148148 0.44375 0.700925925925926
5 0.35520833333333335 0.6546296296296297 0.35 0.6731481481481482 0.3515625 0.6768518518518518 0.35572916666666665 0.6759259259259259 0.35885416666666664 0.6657407407407407 0.36354166666666665 0.662962962962963 0.3729166666666667 0.6657407407407407 0.37083333333333335 0.6583333333333333 0.3651041666666667 0.6564814814814814 0.36354166666666665 0.6425925925925926 0.36614583333333334 0.6333333333333333 0.3609375 0.6194444444444445 0.3572916666666667 0.6185185185185185 0.3536458333333333 0.637962962962963 0.35572916666666665 0.6425925925925926 0.35520833333333335 0.6546296296296297
5 0.46927083333333336 0.8148148148148148 0.46822916666666664 0.825925925925926 0.4744791666666667 0.8287037037037037 0.4765625 0.825925925925926 0.47552083333333334 0.8092592592592592 0.48125 0.8046296296296296 0.4895833333333333 0.8064814814814815 0.490625 0.8009259259259259 0.48802083333333335 0.7944444444444444 0.48125 0.7953703703703704 0.4791666666666667 0.7925925925925926 0.4744791666666667 0.7657407407407407 0.4661458333333333 0.7462962962962963 0.46145833333333336 0.7453703703703703 0.4635416666666667 0.7787037037037037 0.46927083333333336 0.8148148148148148
4 0.5869791666666667 0.6796296296296296 0.5895833333333333 0.7 0.59375 0.700925925925926 0.6005208333333333 0.6925925925925925 0.596875 0.6731481481481482 0.5984375 0.6537037037037037 0.5927083333333333 0.6407407407407407 0.5895833333333333 0.6425925925925926 0.5859375 0.6574074074074074 0.5869791666666667 0.6796296296296296
5 0.39791666666666664 0.9138888888888889 0.4005208333333333 0.9175925925925926 0.4095536458333333 0.8728685185185185 0.4121463541666667 0.8820046296296297 0.4192708333333333 0.9120370370370371 0.4161458333333333 0.8574074074074074 0.4203125 0.8453703703703703 0.415625 0.812962962962963 0.4109375 0.8138888888888889 0.40260416666666665 0.8407407407407408 0.40208333333333335 0.8805555555555555 0.39791666666666664 0.9138888888888889
5 0.9833333333333333 0.8018518518518518 0.9901041666666667 0.8055555555555556 0.9932291666666667 0.8018518518518518 0.9901041666666667 0.7814814814814814 0.99375 0.7648148148148148 0.9942708333333333 0.7435185185185185 0.9901041666666667 0.7212962962962963 0.9864583333333333 0.7212962962962963 0.984375 0.7287037037037037 0.98125 0.7805555555555556 0.9833333333333333 0.8018518518518518
4 0.1875 0.700925925925926 0.196875 0.7046296296296296 0.19947916666666668 0.6944444444444444 0.19947916666666668 0.649074074074074 0.19322916666666667 0.6351851851851852 0.18958333333333333 0.637962962962963 0.18645833333333334 0.649074074074074 0.1828125 0.6657407407407407 0.1875 0.700925925925926
4 0.2630208333333333 0.8731481481481481 0.28125 0.8629629629629629 0.2833333333333333 0.8712962962962963 0.28125 0.8842592592592593 0.28541666666666665 0.8870370370370371 0.28958333333333336 0.8842592592592593 0.28802083333333334 0.8740740740740741 0.28958333333333336 0.8490740740740741 0.28541666666666665 0.8361111111111111 0.290625 0.8111111111111111 0.28958333333333336 0.8037037037037037 0.284375 0.8037037037037037 0.2786458333333333 0.8138888888888889 0.26927083333333335 0.8583333333333333 0.25885416666666666 0.8648148148148148 0.25885416666666666 0.8722222222222222 0.2630208333333333 0.8731481481481481
3 0.28020833333333334 0.5601851851851852 0.2869791666666667 0.5657407407407408 0.284375 0.5361111111111111 0.2786458333333333 0.5314814814814814 0.2755208333333333 0.5370370370370371 0.275 0.5666666666666667 0.28020833333333334 0.5601851851851852
4 0.2984375 0.6462962962962963 0.3020833333333333 0.6481481481481481 0.30572916666666666 0.6361111111111111 0.3109375 0.6305555555555555 0.30885416666666665 0.6231481481481481 0.3098958333333333 0.6046296296296296 0.30625 0.5916666666666667 0.3026041666666667 0.5916666666666667 0.2989583333333333 0.6074074074074074 0.29739583333333336 0.6342592592592593 0.2984375 0.6462962962962963
5 0.6390625 0.7898148148148149 0.6458333333333334 0.7907407407407407 0.6489583333333333 0.7759259259259259 0.6520833333333333 0.7351851851851852 0.6463541666666667 0.7148148148148148 0.6411458333333333 0.7166666666666667 0.6380208333333334 0.7305555555555555 0.6369791666666667 0.7527777777777778 0.6390625 0.7898148148148149
3 0.6385416666666667 0.5694444444444444 0.6432291666666666 0.562962962962963 0.6453125 0.5407407407407407 0.6421875 0.5287037037037037 0.6354166666666666 0.5296296296296297 0.6328125 0.5407407407407407 0.6328125 0.5518518518518518 0.6385416666666667 0.5694444444444444
5 0.5182291666666666 0.7018518518518518 0.5213541666666667 0.6962962962962963 0.5307291666666667 0.6953703703703704 0.5328125 0.7018518518518518 0.534375 0.700925925925926 0.5359375 0.6916666666666667 0.53125 0.6833333333333333 0.5197916666666667 0.637962962962963 0.5177083333333333 0.6351851851851852 0.5151041666666667 0.637962962962963 0.5135416666666667 0.700925925925926 0.5182291666666666 0.7018518518518518
5 0.8598958333333333 0.7166666666666667 0.8635416666666667 0.7194444444444444 0.8671875 0.7138888888888889 0.8713541666666667 0.6796296296296296 0.8703125 0.6620370370370371 0.8671875 0.6509259259259259 0.8630208333333333 0.6527777777777778 0.859375 0.6685185185185185 0.8578125 0.6824074074074075 0.8598958333333333 0.7166666666666667
4 0.6348958333333333 0.6129629629629629 0.6385416666666667 0.6157407407407407 0.6411458333333333 0.6083333333333333 0.6473958333333333 0.6046296296296296 0.6484375 0.5990740740740741 0.6447916666666667 0.5907407407407408 0.6463541666666667 0.5833333333333334 0.6447916666666667 0.5712962962962963 0.6385416666666667 0.562962962962963 0.6364583333333333 0.5768518518518518 0.6375 0.587037037037037 0.6348958333333333 0.6129629629629629
0 0.40520833333333334 0.9018518518518519 0.40520833333333334 0.9064814814814814 0.40572916666666664 0.9083333333333333 0.40729166666666666 0.9101851851851852 0.4119791666666667 0.9101851851851852 0.41302083333333334 0.9092592592592592 0.41510416666666666 0.9046296296296297 0.41510416666666666 0.9018518518518519 0.41354166666666664 0.8962962962962963 0.4119791666666667 0.8953703703703704 0.4088541666666667 0.8953703703703704 0.4078125 0.8944444444444445 0.40677083333333336 0.8953703703703704 0.40572916666666664 0.8981481481481481 0.40572916666666664 0.9009259259259259 0.40520833333333334 0.9018518518518519