4 0.7151041666666667 0.6861111111111111 0.7171875 0.6814814814814815 0.721875 0.6796296296296296 0.7244791666666667 0.6888888888888889 0.7270833333333333 0.6888888888888889 0.7286458333333333 0.6861111111111111 0.7265625 0.6699074074074074 0.7286458333333333 0.6546296296296297 0.7276041666666667 0.6361111111111111 0.7234375 0.6222222222222222 0.7203125 0.6203703703703703 0.71875 0.6231481481481481 0.7104166666666667 0.6851851851851852 0.7151041666666667 0.6861111111111111
4 0.8765625 0.8138888888888889 0.8770833333333333 0.8175925925925925 0.8817708333333333 0.8175925925925925 0.8875 0.7981481481481482 0.890625 0.7953703703703704 0.8963541666666667 0.8064814814814815 0.8958333333333334 0.8240740740740741 0.9015625 0.825 0.903125 0.8222222222222222 0.9015625 0.8088888888888889 0.9041666666666667 0.7574074074074074 0.89375 0.7296296296296296 0.8895833333333333 0.7314814814814815 0.884375 0.7518518518518519 0.8854166666666666 0.7842592592592592 0.8765625 0.8138888888888889
4 0.24375 0.7805555555555556 0.246875 0.7962962962962963 0.24791666666666667 0.825925925925926 0.2546875 0.8277777777777777 0.25729166666666664 0.8222222222222222 0.2578125 0.795 0.26197916666666665 0.7824074074074074 0.2625 0.7703703703703704 0.2604166666666667 0.75 0.25416666666666665 0.7314814814814815 0.25 0.7314814814814815 0.24427083333333333 0.7490740740740741 0.24114583333333334 0.7685185185185185 0.240625 0.7768518518518519 0.24375 0.7805555555555556
4 0.4479166666666667 0.6342592592592593 0.45364583333333336 0.637962962962963 0.45625 0.6342592592592593 0.45260416666666664 0.6194444444444445 0.4515625 0.5925925925925926 0.446875 0.5787037037037037 0.44375 0.5814814814814815 0.4427083333333333 0.5888888888888889 0.4432291666666667 0.6166666666666667 0.4479166666666667 0.6342592592592593
4 0.015625 0.6611111111111111 0.015625 0.6861111111111111 0.0171875 0.6916666666666667 0.0203125 0.6916666666666667 0.025520833333333333 0.6638888888888889 0.030208333333333334 0.6574074074074074 0.027604166666666666 0.6472222222222223 0.026041666666666668 0.6194444444444445 0.019791666666666666 0.6194444444444445 0.009375 0.6462962962962963 0.008854166666666666 0.6537037037037037 0.015625 0.6611111111111111
5 0.45989583333333334 0.6148148148148148 0.4630208333333333 0.6157407407407407 0.4666666666666667 0.6092592592592593 0.4703125 0.6092592592592593 0.4713541666666667 0.6148148148148148 0.47552083333333334 0.6157407407407407 0.471875 0.5611111111111111 0.4666666666666667 0.5592592592592592 0.4625 0.575925925925926 0.46458333333333335 0.5861111111111111 0.45989583333333334 0.6148148148148148
5 0.5854166666666667 0.6620370370370371 0.5958333333333333 0.6648148148148149 0.596875 0.6138888888888889 0.5911458333333334 0.6 0.5869791666666667 0.6027777777777777 0.5880208333333333 0.6305555555555555 0.5854166666666667 0.6620370370370371
5 0.9265625 0.7092592592592593 0.9265625 0.7240740740740741 0.9192708333333334 0.7361111111111112 0.9197916666666667 0.7398148148148148 0.9255208333333333 0.7407407407407407 0.9286458333333333 0.7342592592592593 0.9359375 0.7416666666666667 0.9416666666666667 0.7398148148148148 0.9380208333333333 0.7194444444444444 0.940625 0.6990740740740741 0.9317708333333333 0.6722222222222223 0.9286458333333333 0.6768518518518518 0.9276041666666667 0.6953703703703704 0.9239583333333333 0.7046296296296296 0.9239583333333333 0.7083333333333334 0.9265625 0.7092592592592593
5 0.31302083333333336 0.6425925925925926 0.31666666666666665 0.6435185185185185 0.3203125 0.637962962962963 0.32083333333333336 0.5953703703703703 0.3182291666666667 0.5824074074074074 0.3140625 0.5814814814814815 0.31197916666666664 0.5944444444444444 0.3104166666666667 0.6231481481481481 0.31302083333333336 0.6425925925925926
4 0.5828125 0.5333333333333333 0.5848958333333333 0.5416666666666666 0.5875 0.5462962962962963 0.5979166666666667 0.5462962962962963 0.5932291666666667 0.5259259259259259 0.5921875 0.5083333333333333 0.5869791666666667 0.5037037037037037 0.584375 0.5166666666666667 0.5848958333333333 0.5287037037037037 0.5828125 0.5333333333333333
5 0.8640625 0.6194444444444445 0.8697916666666666 0.6185185185185185 0.8713541666666667 0.6148148148148148 0.8692708333333333 0.5907407407407408 0.8713541666666667 0.5796296296296296 0.8692708333333333 0.5583333333333333 0.8635416666666667 0.5592592592592592 0.8604166666666667 0.5712962962962963 0.8598958333333333 0.6148148148148148 0.8640625 0.6194444444444445
3 0.290625 0.525 0.28958333333333336 0.5083333333333333 0.2911458333333333 0.4962962962962963 0.2869791666666667 0.487962962962963 0.28177083333333336 0.49444444444444446 0.28229166666666666 0.524074074074074 0.290625 0.525
5 0.4828125 0.7185185185185186 0.4864583333333333 0.7425925925925926 0.490625 0.7444444444444445 0.4942708333333333 0.7398148148148148 0.49635416666666665 0.6787037037037037 0.490625 0.6592592592592592 0.4875 0.6620370370370371 0.48541666666666666 0.675 0.4822916666666667 0.6972222222222222 0.4828125 0.7185185185185186
4 0.8265625 0.5518518518518518 0.83125 0.5555555555555556 0.8333333333333334 0.5518518518518518 0.8354166666666667 0.5203703703703704 0.8307291666666666 0.5064814814814815 0.8260416666666667 0.5101851851851852 0.8239583333333333 0.5287037037037037 0.8265625 0.5518518518518518
4 0.4703125 0.5768518518518518 0.475 0.5518518518518518 0.4744791666666667 0.5435185185185185 0.47291666666666665 0.5370370370370371 0.46979166666666666 0.5351851851851852 0.46510416666666665 0.5444444444444444 0.4661458333333333 0.5731481481481482 0.4703125 0.5768518518518518
5 0.4354166666666667 0.5935185185185186 0.440625 0.5916666666666667 0.44427083333333334 0.5796296296296296 0.44114583333333335 0.5407407407407407 0.4375 0.5416666666666666 0.434375 0.5555555555555556 0.43385416666666665 0.5898148148148148 0.4354166666666667 0.5935185185185186
5 0.5796875 0.575925925925926 0.5838541666666667 0.5722222222222222 0.5828125 0.5546296296296296 0.5848958333333333 0.5398148148148149 0.5796875 0.5277777777777778 0.575 0.5314814814814814 0.5739583333333333 0.5731481481481482 0.5796875 0.575925925925926
5 0.859375 0.6722222222222223 0.8619791666666666 0.6694444444444444 0.8598958333333333 0.6527777777777778 0.8609375 0.6185185185185185 0.8536458333333333 0.6074074074074074 0.8494791666666667 0.6111111111111112 0.8515625 0.6694444444444444 0.859375 0.6722222222222223
4 0.8526041666666667 0.612037037037037 0.8578125 0.6185185185185185 0.8619791666666666 0.6185185185185185 0.8619791666666666 0.5694444444444444 0.8578125 0.5555555555555556 0.8541666666666666 0.5601851851851852 0.8526041666666667 0.5740740740740741 0.8510416666666667 0.5898148148148148 0.8526041666666667 0.612037037037037
3 0.6421875 0.6148148148148148 0.6541666666666667 0.6157407407407407 0.6515625 0.5898148148148148 0.6546875 0.5675925925925925 0.6515625 0.5546296296296296 0.6489583333333333 0.5546296296296296 0.6463541666666667 0.5601851851851852 0.6442708333333333 0.575925925925926 0.6442708333333333 0.6037037037037037 0.6421875 0.6148148148148148
3 0.7520833333333333 0.5444444444444444 0.7552083333333334 0.5407407407407407 0.753125 0.5222222222222223 0.7572916666666667 0.5055555555555555 0.7546875 0.4962962962962963 0.7505208333333333 0.49444444444444446 0.746875 0.4981481481481482 0.7447916666666666 0.5074074074074074 0.7458333333333333 0.5416666666666666 0.7520833333333333 0.5444444444444444
4 0.25799895833333336 0.5968824074074074 0.2599682291666667 0.5995611111111111 0.2635416666666667 0.6 0.26458333333333334 0.5981481481481481 0.2640625 0.5861111111111111 0.265625 0.5787037037037037 0.265625 0.5657407407407408 0.26458333333333334 0.5527777777777778 0.2630208333333333 0.5435185185185185 0.2609375 0.5416666666666666 0.25885416666666666 0.5425925925925926 0.2557291666666667 0.5518518518518518 0.2552083333333333 0.562962962962963 0.2557291666666667 0.5925925925925926 0.25799895833333336 0.5968824074074074
0 0.25104166666666666 0.6027777777777777 0.2520833333333333 0.6037037037037037 0.253125 0.6037037037037037 0.25364583333333335 0.6027777777777777 0.25625 0.6027777777777777 0.2562614583333333 0.6014148148148148 0.256725 0.5997666666666667 0.2560296875 0.5966759259259259 0.256725 0.5962638888888889 0.2547552083333333 0.5946157407407406 0.2520833333333333 0.5944444444444444 0.2515625 0.5953703703703703 0.25104166666666666 0.5972222222222222 0.25104166666666666 0.6027777777777777