5 0.08489583333333334 0.8824074074074074 0.0875 0.9 0.0921875 0.9 0.0953125 0.8953703703703704 0.09322916666666667 0.8703703703703703 0.0953125 0.8518518518518519 0.08645833333333333 0.812962962962963 0.08125 0.812962962962963 0.07447916666666667 0.837037037037037 0.07447916666666667 0.8481481481481481 0.08489583333333334 0.8824074074074074
4 0.4765625 0.7824074074074074 0.4703125 0.7907407407407407 0.46979166666666666 0.7972222222222223 0.4744791666666667 0.8055555555555556 0.4822916666666667 0.8074074074074075 0.48541666666666666 0.7824074074074074 0.48541666666666666 0.7555555555555555 0.4822916666666667 0.7277777777777777 0.478125 0.7287037037037037 0.4744791666666667 0.7435185185185185 0.4744791666666667 0.7712962962962963 0.4765625 0.7824074074074074
5 0.5692708333333333 0.8296296296296296 0.5729166666666666 0.8342592592592593 0.5833333333333334 0.8324074074074074 0.584375 0.7981481481481482 0.5885416666666666 0.7907407407407407 0.5864583333333333 0.7592592592592593 0.5828125 0.7564814814814815 0.5729166666666666 0.7768518518518519 0.5755208333333334 0.8074074074074075 0.5692708333333333 0.8296296296296296
5 0.019791666666666666 0.6888888888888889 0.021354166666666667 0.7092592592592593 0.025520833333333333 0.7111111111111111 0.027083333333333334 0.7083333333333334 0.026041666666666668 0.6944444444444444 0.029166666666666667 0.6638888888888889 0.025520833333333333 0.6518518518518519 0.021354166666666667 0.6509259259259259 0.016145833333333335 0.6601851851851852 0.014583333333333334 0.6666666666666666 0.019791666666666666 0.6888888888888889
5 0.6427083333333333 0.637962962962963 0.6479166666666667 0.6231481481481481 0.6494791666666667 0.6074074074074074 0.6479166666666667 0.5916666666666667 0.6447916666666667 0.5916666666666667 0.6395833333333333 0.6027777777777777 0.6380208333333334 0.6231481481481481 0.6385416666666667 0.637962962962963 0.6427083333333333 0.637962962962963
2 0.8708333333333333 0.6888888888888889 0.8723958333333334 0.6925925925925925 0.88125 0.6953703703703704 0.8828125 0.6925925925925925 0.8833333333333333 0.6527777777777778 0.878125 0.6305555555555555 0.8755208333333333 0.6296296296296297 0.8729166666666667 0.6342592592592593 0.8739583333333333 0.649537037037037 0.8708333333333333 0.6888888888888889
5 0.34791666666666665 0.5935185185185186 0.3463541666666667 0.6148148148148148 0.3489583333333333 0.6166666666666667 0.3567708333333333 0.612037037037037 0.3567708333333333 0.5824074074074074 0.353125 0.575 0.3494791666666667 0.5768518518518518 0.3458333333333333 0.5833333333333334 0.34791666666666665 0.5935185185185186
5 0.8901041666666667 0.7296296296296296 0.8916666666666667 0.7416666666666667 0.8901041666666667 0.7537037037037037 0.89375 0.7712962962962963 0.9005208333333333 0.774074074074074 0.9026041666666667 0.7685185185185185 0.9005208333333333 0.7546296296296297 0.9041666666666667 0.7277777777777777 0.8989583333333333 0.7055555555555556 0.8958333333333334 0.7027777777777777 0.89375 0.7074074074074074 0.8932291666666666 0.7189814814814814 0.8901041666666667 0.7296296296296296
3 0.3697916666666667 0.6638888888888889 0.3734375 0.6527777777777778 0.3734375 0.637962962962963 0.3703125 0.6259259259259259 0.365625 0.625 0.36041666666666666 0.6388888888888888 0.3625 0.6555555555555556 0.3697916666666667 0.6638888888888889
4 0.3828125 0.6574074074074074 0.3848958333333333 0.6675925925925926 0.3885416666666667 0.6657407407407407 0.38645833333333335 0.6212962962962963 0.384375 0.6138888888888889 0.3802083333333333 0.6166666666666667 0.37552083333333336 0.6370370370370371 0.37447916666666664 0.6537037037037037 0.3828125 0.6574074074074074
3 0.017708333333333333 0.6111111111111112 0.023958333333333335 0.6111111111111112 0.025520833333333333 0.6064814814814815 0.025520833333333333 0.5787037037037037 0.021354166666666667 0.5694444444444444 0.015625 0.5768518518518518 0.016666666666666666 0.6083333333333333 0.017708333333333333 0.6111111111111112
4 0.4895833333333333 0.6148148148148148 0.48854166666666665 0.6277777777777778 0.49375 0.6333333333333333 0.49583333333333335 0.6222222222222222 0.49583333333333335 0.5972222222222222 0.4901041666666667 0.5833333333333334 0.4875 0.5916666666666667 0.4864583333333333 0.6 0.4895833333333333 0.6148148148148148
4 0.7203125 0.6546296296296297 0.7223958333333333 0.6546296296296297 0.7244791666666667 0.6527777777777778 0.7239583333333334 0.6407407407407407 0.7302083333333333 0.6231481481481481 0.7296875 0.6185185185185185 0.7244791666666667 0.6064814814814815 0.7208333333333333 0.6074074074074074 0.7166666666666667 0.6166666666666667 0.7161458333333334 0.6361111111111111 0.7203125 0.6546296296296297
4 0.016666666666666666 0.8037037037037037 0.022395833333333334 0.8046296296296296 0.025 0.8018518518518518 0.025520833333333333 0.775 0.022916666666666665 0.7277777777777777 0.021354166666666667 0.725 0.016145833333333335 0.7287037037037037 0.0140625 0.7416666666666667 0.014583333333333334 0.7981481481481482 0.016666666666666666 0.8037037037037037
0 0.8328125 0.6851851851851852 0.8322916666666667 0.6768518518518518 0.8286458333333333 0.675 0.8265625 0.6777777777777778 0.828125 0.6851851851851852 0.8328125 0.6851851851851852
5 0.45 0.7 0.4505208333333333 0.7092592592592593 0.4588541666666667 0.7055555555555556 0.46145833333333336 0.712037037037037 0.4640625 0.712037037037037 0.4640625 0.6537037037037037 0.459375 0.6481481481481481 0.45677083333333335 0.649074074074074 0.4515625 0.6685185185185185 0.45364583333333336 0.6861111111111111 0.45 0.7
4 0.35833333333333334 0.7046296296296296 0.3609375 0.7074074074074074 0.36770833333333336 0.700925925925926 0.375 0.6851851851851852 0.371875 0.6731481481481482 0.371875 0.6527777777777778 0.3651041666666667 0.6481481481481481 0.3625 0.6537037037037037 0.3578125 0.6972222222222222 0.35833333333333334 0.7046296296296296
4 0.04479166666666667 0.7018518518518518 0.053125 0.7111111111111111 0.05572916666666667 0.7027777777777777 0.0546875 0.6685185185185185 0.050520833333333334 0.6564814814814814 0.04739583333333333 0.6546296296296297 0.0453125 0.6574074074074074 0.042708333333333334 0.6694444444444444 0.04479166666666667 0.7018518518518518
5 0.45729166666666665 0.65 0.4671875 0.6648148148148149 0.46875 0.6712962962962963 0.471875 0.6722222222222223 0.4739583333333333 0.6694444444444444 0.471875 0.6222222222222222 0.4708333333333333 0.6148148148148148 0.4661458333333333 0.6166666666666667 0.4625 0.6398148148148148 0.45729166666666665 0.65
5 0.07239583333333334 0.6481481481481481 0.07552083333333333 0.6435185185185185 0.07864583333333333 0.6231481481481481 0.078125 0.6064814814814815 0.071875 0.5953703703703703 0.06614583333333333 0.6074074074074074 0.06822916666666666 0.6435185185185185 0.07239583333333334 0.6481481481481481
4 0.6651041666666667 0.7166666666666667 0.6776041666666667 0.7175925925925926 0.6786458333333333 0.6990740740740741 0.675 0.6601851851851852 0.6697916666666667 0.6638888888888889 0.6666666666666666 0.6768518518518518 0.6677083333333333 0.6916666666666667 0.6651041666666667 0.7166666666666667
5 0.19791666666666666 0.6648148148148149 0.2015625 0.6648148148148149 0.20416666666666666 0.6620370370370371 0.20520833333333333 0.6481481481481481 0.20364583333333333 0.6148148148148148 0.2015625 0.6092592592592593 0.19739583333333333 0.6111111111111112 0.1953125 0.6240740740740741 0.19479166666666667 0.6601851851851852 0.19791666666666666 0.6648148148148149
4 0.04479166666666667 0.6564814814814814 0.05 0.6564814814814814 0.0515625 0.6537037037037037 0.053125 0.6148148148148148 0.04895833333333333 0.6055555555555555 0.04479166666666667 0.6064814814814815 0.040625 0.6148148148148148 0.03958333333333333 0.6240740740740741 0.04479166666666667 0.6564814814814814
4 0.2265625 0.6111111111111112 0.23125 0.6259259259259259 0.23229166666666667 0.6407407407407407 0.23697916666666666 0.6425925925925926 0.23854166666666668 0.6388888888888888 0.23958333333333334 0.6027777777777777 0.23541666666666666 0.5944444444444444 0.23177083333333334 0.5925925925925926 0.2265625 0.6037037037037037 0.2265625 0.6111111111111112